0,999999900899374
-2,48183943400416E-10
3,39876251384244E-08
-2,22368918939691E-05
-2,71571630367861E-09
-5,95429252405553E-12
5,29756064721961E-11
-8,63784485463362E-11
4,32161389253562E-06
9,74498308711766E-12
2,19808443580874E-06
4,44777359591531E-09
9,21186211100745E-08
4,53495004186786E-08
1,29685172678535E-09
-5,99863376193521E-06
0,000240436229910272
1,0658505434385E-06
4,73385629322201E-07
-1,57914668382063E-06
3,98158484198267E-09
5,45450762695191E-08
5,87299637711788E-09
-5,09666235646914E-06
2,72111543395345E-09
2,12021577209638E-07
1,60654233553769E-07
-1,15597936483197E-07
-2,57663575052758E-06
5,4357314584708E-09
8,28782489876482E-08
2,62499687079261E-08
-7,35305542178848E-06
-5,88992593842268E-08
9,36337595065471E-08
5,00544921117929E-11
-8,76318806874279E-10
-3,36016982587163E-07
6,46799681879245E-08
-4,47234452948544E-07
7,29663321265466E-06
-9,49405673754262E-07
1,12288428317767E-07
-7,00453228224108E-05
1,95145285887843E-06
-2,71128460486381E-07
0,000263967440987262
-0,000254702019687225
8,33147743343116E-08
-1,40073526791192E-05
5,42562580742001E-07
3,3221849573916E-08
-1,53943722402757E-08
6,62719751994969E-07
5,43108014752598E-07
2,13615242666258E-06
-2,08835628490367E-07
3,10145271026566E-07
4,96856384709571E-06
-5,08978537212027E-08
-7,35327421018666E-07
-1,6407516698187E-06
7,3175606916024E-07
-5,40197877810874E-08
2,38122577045458E-12
0,999991945156513
8,84993128269957E-09
-1,06523985445045E-05
-3,21025547985999E-08
9,48303346309677E-09
5,39370801286912E-10
-1,15743404505702E-09
1,50155151705255E-05
4,37661111033015E-06
2,88880366481738E-08
3,93908898227872E-08
8,05751626292862E-07
-5,64250763016375E-08
2,26186098595812E-06
-2,48680265172064E-05
-2,5702195524561E-07
1,36831490328451E-05
-6,87211517644116E-06
2,56766014006439E-08
-3,73296998494354E-05
-0,000364759701062872
-0,000193244796491467
-1,29912091392702E-08
-7,85127708570027E-08
1,75664685935406E-06
1,76612750007336E-07
0,00147306572453216
-7,42297258371587E-07
-0,00296932936415717
9,62985822811078E-08
-4,37591862569064E-06
-2,31975492668168E-06
-7,07302567135158E-08
6,00440932423073E-06
-7,18992545606099E-07
1,55099994849884E-07
-3,13729188883387E-05
4,53228205368856E-07
2,27996943577307E-07
1,87640570757395E-06
1,06400688010286E-07
-1,73348426595068E-06
6,68364224723655E-05
0,00220768046822351
2,80117880260325E-08
-2,41228092575995E-06
2,17058742550532E-07
5,65814087533436E-09
-5,25583920521086E-05
-7,92293696292909E-09
3,31562871305456E-05
-9,78415072945332E-07
6,79437136416669E-08
-6,76813823696211E-07
-1,43961293022593E-05
0,000192364397836818
3,68995099245791E-05
7,74062471569941E-05
-0,000148046377451542
-5,08897489982389E-06
1,46970343222063E-06
4,8588713024709E-06
2,28304371645165E-07
4,56956934389441E-10
7,39692270056716E-09
-0,999999676767119
-2,23365606934657E-07
-2,76331591655883E-05
2,2845970302584E-06
7,98325732780131E-06
1,29686660736383E-07
9,41073156933339E-07
-9,09765012505825E-10
0,0007362050101554
-1,7802024699571E-10
9,06353338143799E-09
-1,07863318750061E-09
4,02793445844114E-10
-1,48673093821952E-06
-6,49612641540063E-06
5,2161589342147E-06
-7,53469409160715E-09
-7,99067554759995E-06
8,61604803909485E-10
-5,58643967777621E-06
-7,15020783141931E-10
-3,02473188762701E-06
-0,000264169150236643
7,1717566886277E-07
3,3023118480392E-08
-5,29466838821919E-08
2,13414750581265E-08
-9,305916661206E-10
1,45537198655296E-07
0,000159608088861033
-1,15697911425982E-05
2,54240976124186E-07
6,04575806083463E-06
1,93163583147707E-10
-8,55195773393457E-09
3,06970482941249E-07
6,69731376001214E-09
-1,20613344390447E-07
1,66268841534729E-06
-3,94827539769414E-06
2,2427537457174E-08
-1,66532854400016E-05
4,96935468086679E-07
-5,35410104431363E-08
6,83494914344127E-05
-5,52431994865819E-05
1,67465876948806E-08
-2,65250825415083E-06
1,29080893486076E-07
8,45873373329025E-07
3,32405011843312E-08
-3,08055650604564E-07
5,72706817448668E-08
2,04850038818624E-07
-7,88267305388327E-08
1,3078297689749E-08
7,02938636396218E-08
8,59965364505264E-10
3,69786608839481E-09
-3,90052140964349E-09
1,0087365765278E-09
6,54873472792524E-10
2,22363007123997E-05
1,06410923340035E-05
-9,65212150624194E-08
0,999963113641841
-4,68208061578772E-05
3,17763197888183E-07
6,53310190554181E-09
-3,01229422788691E-09
9,97006282935987E-08
3,28029612809552E-07
6,82993272345987E-05
1,38558287828468E-06
-2,20481886449826E-07
-0,00204602999064854
1,11524247584503E-11
5,81435294263953E-07
-5,69427663487422E-06
0,00509445252005771
-2,14448347301598E-05
-6,45445677464891E-07
2,57815215048747E-08
0,00017319837537862
1,23022861151147E-08
8,50468788184401E-07
-1,08030036152906E-07
0,000236358656934299
-5,24768475895686E-08
2,70412533410283E-07
3,51223101628167E-07
1,07751215331289E-07
3,31733036391586E-09
1,87687330480932E-05
-0,0048090755162445
-3,13236936380895E-07
3,36131627325278E-05
6,67564245973086E-08
-0,00451374136127543
4,3702035597414E-06
-4,59785296583638E-05
-3,87338097748894E-07
-2,07494653992605E-06
8,84354389071067E-07
-1,23904597348085E-07
2,23159937122132E-05
-6,97614143960458E-07
8,28117608850005E-08
-7,88218003373569E-05
6,06076282701604E-05
-8,0402190304944E-08
0,000135749652282134
-1,55098475175811E-07
-2,89405094843535E-07
-5,16160167192995E-05
-4,08427527389113E-05
-7,44948414528087E-07
-1,66708896629893E-06
9,34988619757174E-07
-3,06202053377695E-07
9,39488796439863E-07
2,70313435745354E-08
2,61530319062097E-06
-6,35160418579298E-07
2,29332618733636E-07
-3,15584541331788E-10
7,03274466956352E-13
7,45362555846267E-09
-2,54807158065121E-05
4,10137163550144E-05
0,999981554074067
3,33725011146799E-08
-7,84172640267679E-10
-1,12611832450363E-10
7,91249758261011E-07
3,39078018048933E-07
0,00277975357059666
-2,48944324036602E-09
5,64311082875739E-09
1,82062768300226E-09
4,01724037957165E-07
-0,00524852392571165
-2,33367202794455E-05
0,00110348291171404
6,56616656253937E-07
9,94750679446891E-06
3,44546009561671E-06
-4,81192390873168E-07
5,33665741225861E-06
-1,00042751425295E-05
5,19502365100331E-09
-3,66798284417236E-07
-5,56146795199033E-08
-7,88502936840072E-05
1,51121733828318E-07
2,23742006121745E-07
-1,34679832369473E-06
0,000619726914618544
4,35196660138752E-06
-6,3159888555368E-09
4,4661671762308E-07
3,49196742577617E-08
-3,33910956384175E-08
2,02344021131716E-06
2,08443647547419E-08
-1,07166812800939E-05
-1,80568298854354E-06
2,25849890848642E-07
-1,79838419703878E-07
1,50703377652962E-05
-5,1747594068789E-07
5,7944827016111E-08
-5,60606869474503E-05
5,35803315655879E-05
-1,74877141331644E-08
3,21370488754843E-06
-1,14379835068497E-07
3,04322998651451E-06
1,35125794400677E-07
-1,61912367739649E-06
-1,26943931562961E-07
-4,75883456459623E-07
4,22015872443897E-07
1,00996915665421E-08
-8,38523646057809E-07
4,73092809708349E-08
1,40051612221103E-07
3,2872972447674E-07
-1,43053181639019E-07
1,08174795176019E-08
4,80112954584148E-17
3,74842104564038E-10
-6,60205560470271E-07
1,88353503921128E-07
1,71330072417182E-08
-0,999951092176457
2,93614679954432E-05
-8,00876914482638E-07
1,29946650857999E-09
0,00495872536445968
-2,49336922181718E-08
1,22986277040208E-07
1,45571531207124E-06
-6,47313525361272E-05
4,35428682972626E-10
-1,52608795260964E-05
7,41417064385225E-10
-1,42210325343976E-06
-9,89613311674778E-10
-3,40790377891909E-06
1,46125270577368E-08
3,44290712277291E-05
-4,36270272108725E-08
8,58306086755523E-09
-0,00614384041490963
-5,07727076073397E-08
1,40317209109427E-07
-1,9978998948773E-06
5,9202195631781E-08
9,89888307966414E-09
0,000250771310003825
9,09555756367121E-07
1,13156426065261E-06
5,24141017471643E-06
0,000131346987355903
-1,22900028917245E-08
-3,88435372902266E-08
6,38760654923804E-06
-7,86298487889304E-08
0,00594619264126528
0,000134386516942589
-7,90349342090756E-05
-3,18533433585598E-07
6,62316121882735E-06
-2,6485565019028E-07
1,45537543974828E-07
1,06226154506293E-05
3,66821491720029E-06
5,55306620095783E-06
-1,57065904081894E-07
2,10150534920961E-08
5,41543306590698E-08
6,12715251301535E-07
1,40630450312032E-08
4,95502506214887E-05
3,33401412460069E-05
1,50170451525986E-05
-7,27753313706574E-05
4,31123479852648E-06
-5,33388688757876E-08
1,84316307205394E-07
3,23120712024094E-07
8,34610534412377E-07
5,44322041383383E-08
4,29718720297708E-16
1,73942489874951E-11
-7,65871251689969E-06
1,53865665815515E-09
-9,12582220474333E-10
-2,17709905724549E-05
-0,99980358001406
-0,0191021406053768
2,19622521124146E-11
-7,33864589203635E-07
-2,6269533823869E-08
1,72635097739798E-08
3,30739787112771E-07
4,08749674449729E-09
-5,65740342489202E-09
4,58188316503766E-10
1,76085193676135E-06
3,402607932618E-07
-2,31806004886987E-06
-3,44416080599939E-07
1,99588679792972E-08
-1,52084327526262E-05
2,69460683460223E-07
1,63876907401544E-07
-0,00123132803788049
-1,14906958811508E-08
1,33951422211643E-06
-5,42931509827755E-08
0,000147414154586272
-5,45695286663883E-09
-6,28889643477979E-07
-1,68260576140861E-06
2,37020840042024E-07
3,6887655757181E-05
3,19192308776948E-05
1,67314745444596E-06
-6,10675687008437E-05
4,11822039089744E-06
0,000106847733084054
3,59427608193711E-07
-1,5887086634104E-05
-1,4528471346648E-05
1,43276466663263E-07
-3,6509900301063E-06
1,71461950907649E-07
-1,7865480922561E-06
-6,3796667095086E-07
-9,11842994747786E-08
-2,53605032260943E-05
-5,59706232601092E-07
-7,00302042059175E-08
-4,3932460976155E-06
0,00513316261352287
-3,29944729267741E-06
1,54232415122815E-05
4,79433110247766E-05
3,19202032340774E-06
1,66031210501396E-05
-7,2602237920882E-06
-2,43010956976033E-07
8,77882906139492E-07
1,80339918712972E-06
-7,09760713389813E-07
-1,79486470517928E-09
3,46677027385866E-16
4,10212021084717E-11
-1,15629065192902E-08
8,67112898232233E-10
6,53019172821842E-12
-7,22870079043312E-07
-0,0191019833590777
0,999781517752577
3,71321559257398E-07
7,43453147647644E-05
4,90232998662225E-08
1,20598565491667E-07
2,09713565878563E-06
-7,89546089315426E-07
9,81907493446363E-07
-2,49137135663176E-08
2,42917562174708E-06
4,20126409341022E-09
-6,34557745064481E-06
-5,30501640660351E-06
-3,3430118542153E-06
2,70720719611865E-07
-5,05844293435717E-05
-2,32889730285462E-07
-7,25445069808433E-05
6,03045018620757E-07
1,02939342368288E-05
1,03555493310394E-06
0,000368022652399312
2,01204185408425E-06
-2,63307928858921E-06
1,57940662602558E-06
-8,60858913861107E-06
-0,00596140883517914
-0,00130112807615735
-0,000392612751951096
-2,32086459211188E-07
-8,03839856285247E-05
1,17735090069735E-05
-4,89655081227803E-07
1,51213875057649E-05
-0,000284480743009683
5,02627618834228E-07
1,65746957653312E-06
9,04046751464026E-08
0,000344151388781673
5,68397050367099E-06
9,25792996517817E-06
0,00576796348990227
4,97588959197498E-06
-5,24159352678126E-09
-8,87866311259369E-08
-1,85409810439492E-06
-6,32187543480088E-06
-0,00091074453005972
0,000431657661223451
4,11802762708274E-05
-5,41589898484352E-05
-2,38659025001402E-06
-3,80023232951041E-07
-4,76568553783372E-06
-9,40769025084977E-06
-1,09760448466593E-05
-5,1209896124621E-09
7,80264468413065E-09
1,75854670551935E-06
-1,2684339805732E-07
1,14285580260199E-08
1,13094702768104E-07
-2,24565109448795E-10
-3,25335834463383E-09
3,082406044308E-07
-0,999942592992144
-1,77154692476403E-09
0,00018270812365329
2,64631437973693E-07
4,74970791242297E-06
-1,37491854959125E-05
2,97020560327624E-06
-0,00017262245317411
0,00550324301415741
2,69859320664328E-05
9,90747146164329E-06
-3,86533736841837E-05
-2,72109469782329E-06
1,86364204583361E-06
-0,000199153302810976
-3,84419941126395E-05
-9,94815304963475E-07
5,15382612151275E-06
3,89805645395063E-06
5,62050793451932E-05
-4,70109536859122E-05
-0,00443586081729915
1,82149200603892E-06
5,03765755695372E-07
-0,000163497385332186
-3,70952222777632E-07
-0,000101844423002012
1,36795058560073E-07
-2,06383375097742E-07
0,000903466127941343
-2,03182419908209E-05
-9,43644038394406E-06
0,000157196849962262
-2,15872953982327E-05
-8,23395637135135E-05
-0,00150407038359306
3,91510269826831E-05
-5,8063762539118E-06
0,00564546944637396
-0,00544242715079238
1,77270209145107E-06
-0,000284045205298416
1,1572598201768E-05
7,51083375742485E-07
-2,43134051548533E-07
1,39754057435237E-05
1,11720761361231E-05
4,42857127391934E-05
-2,35465597189338E-05
2,25098426805413E-06
9,79680243527033E-05
-1,01958934632071E-06
-1,47814416658146E-05
-3,49552489160532E-05
1,54052385438092E-05
-1,14933935931236E-06
9,2145624981996E-18
3,79875764832027E-07
-2,31866538033915E-09
1,68242311377973E-08
6,70769081457767E-08
-0,00495900173213436
-5,4559783263564E-07
7,4345469184335E-05
1,50290037595117E-09
-0,999927913501634
2,20942875458918E-06
-1,78068947086421E-09
-2,3052874771642E-08
2,4198697468868E-07
-5,28670459193291E-10
1,02878601159619E-07
-2,80588976382064E-07
0,000435124593651984
2,9420101741809E-07
1,21436816604349E-07
6,70153383248684E-08
-0,010920338065023
-8,2146268737258E-07
-4,55029416398147E-07
1,95473597745448E-06
1,01226247196901E-06
3,00799123960629E-08
6,67693354786581E-07
-1,34448759082542E-06
-1,10347846290256E-06
6,40698728774647E-08
-0,000352940597227994
-1,35997338080574E-06
1,52544648629405E-07
-4,83023533143435E-07
1,39165640744317E-08
2,97573272923232E-06
-7,31407902986743E-08
-4,29775119820129E-06
-4,09452617319165E-07
2,09537383675359E-06
1,26771227527748E-07
5,38496753499592E-07
3,51648045863144E-07
6,48952452035196E-07
-1,88467768418199E-08
3,06016191838092E-06
3,07126647185251E-06
-2,29546928788351E-07
1,18199858089778E-07
2,9687448150313E-09
-1,02828185978593E-05
-2,54859157090251E-05
1,01342647969298E-05
5,56061450364623E-07
7,47572795351755E-06
-1,14795099924406E-05
3,8453571098394E-06
2,68761993714728E-05
-2,30433905325826E-06
-4,51758520611995E-06
-2,20489126170772E-05
-2,29670263225966E-05
-1,02168516293863E-08
1,26498957149984E-09
1,12659237774814E-10
-0,000735920995510509
7,89083799495578E-06
0,00276657618726137
6,74826731784132E-09
3,6581115440942E-08
9,02685071571174E-09
-0,000131959058048655
-7,07841152585212E-07
-0,999732216284306
1,4493000574657E-06
1,16050320483397E-05
5,01394572256749E-06
-4,58090179606697E-09
0,000115758105039143
0,00918044880725676
0,0118853181130767
2,31486232848734E-05
-0,0121979804816181
-5,22288193770645E-08
0,000327977181310092
4,82426990776696E-07
0,00440094701993212
7,74626266616505E-06
-5,45631565196057E-06
-1,45199390662892E-05
1,04314908867697E-06
-5,68624438749154E-05
-7,81863801209277E-08
-6,76399138258483E-07
0,000567133998428464
-8,26872584674785E-05
1,34481561373997E-05
-0,000120136905905583
-4,09771145523651E-08
1,23151689085373E-08
-2,44072734490786E-05
-1,18565016984228E-05
1,01724975533511E-06
-4,50136720318859E-05
-0,000212762234312574
-4,49085557748874E-07
0,000215115017451499
-4,83561755480627E-07
1,14057014386679E-06
-3,37744671003667E-05
7,43824027587454E-07
-1,55824023320861E-06
0,00018911086836013
2,7628170434803E-06
-0,000343028257408537
8,01831779807248E-06
0,0115257214437136
6,45505027310135E-05
-4,77603173327652E-05
2,12582242712021E-05
7,51149377959992E-05
-8,81442307999675E-05
-6,32695708171911E-06
1,99928155728233E-05
3,96444386941268E-05
-1,76826622976683E-05
9,75920752823151E-06
3,84887831546827E-16
1,15575502663416E-11
-4,86016722490427E-13
3,92673969876168E-08
-1,44823869259538E-12
-3,16711971449534E-09
-3,08711330505427E-10
6,2278482360673E-09
-1,13284182463277E-08
3,30910209338559E-10
-8,25386685006619E-07
-0,998411865033051
0,0563319536191477
-0,000662999711269844
-5,93698918302441E-06
1,59257868610879E-07
-1,63555323969996E-06
1,20653417798912E-08
1,20082659019818E-06
1,37557963290191E-06
1,63666090838054E-07
-1,03057604983051E-09
4,55270117532702E-05
2,42912542506826E-08
-2,15923978423096E-09
7,25401472650608E-08
-7,32045634748411E-06
7,73101229593007E-07
-1,10341441576744E-05
-5,18155118962867E-07
-2,3026708838672E-08
8,97953036700348E-11
1,18093396547758E-08
-3,41936395881662E-07
-1,56598457976307E-07
3,85750490271045E-09
-8,03956158048843E-09
-8,65617622810892E-07
2,50191920570096E-08
-8,46523036776366E-07
-2,22170592428079E-06
4,46783193135753E-08
7,68845008337778E-07
1,02938663457468E-05
-2,3001182407188E-07
3,86880706715501E-09
1,10269646160574E-06
-1,58858430254205E-07
-2,28227656125067E-07
-2,3128255098745E-06
3,81246870529224E-08
6,69928694607692E-09
3,83717722190548E-09
-3,4723167314817E-08
-1,07086003200565E-06
3,9062499336432E-06
-1,61674374733578E-05
6,73822590020299E-07
4,35262845519035E-05
3,49934353778856E-08
9,62944232206998E-05
6,87885524451244E-05
-2,46186691526495E-05
-8,35019057262702E-09
5,23395071619287E-11
3,07751306452946E-08
-1,00158764131834E-09
8,62999774022621E-11
4,53389744560859E-10
-3,27416966309619E-07
-3,39656641334553E-08
6,56236813250358E-07
-1,68991385880176E-06
1,74754441838176E-08
-7,5346072420568E-06
-0,0563197068287343
-0,99818476163708
7,17795969686911E-05
0,000479870629706285
-1,32142559008407E-05
0,000285300856580291
1,36281014524477E-06
-0,000316784423556751
-0,000375504694273991
-2,04860169273662E-05
-5,88990302954416E-07
-0,00624842961364661
-1,67263091905374E-05
2,16381611434921E-07
3,27836890843513E-06
0,00752201022207657
-0,000120136493949119
0,0141155322623876
8,48557959768931E-05
-5,60298867670874E-05
2,93765872749375E-07
-3,39359133828535E-06
0,000820637284732869
5,53214475268119E-06
-6,6372111531934E-06
6,57671553719322E-06
1,16949432267003E-05
-2,61517411181908E-06
4,27239942054367E-06
-8,850399231365E-05
7,96785641264592E-05
-2,33828091399302E-06
-0,00160740963801416
4,91826255979416E-05
0,000153758583847814
-0,000134108497399183
0,000119310713099975
0,000148735226789029
1,05491324452046E-05
-4,33443187643996E-06
-7,86626241971261E-07
-0,000377112554445769
-7,7967434260038E-05
0,00331941281003099
0,00513928089608496
0,00219152880008987
-0,0106617556239271
0,000639114349274627
2,89320500200472E-06
-2,83664843193466E-05
-9,83403076140602E-06
1,91878873901793E-06
1,25817338353739E-05
2,42133942154486E-10
9,22237652052867E-09
-8,61432621435745E-11
0,00204692278036286
-1,0910199042092E-07
-1,32635352847039E-05
-1,85733373420253E-09
2,4058467012035E-07
-5,78012072494292E-06
2,82405277816797E-07
3,56118481469477E-06
-0,000657803310212107
0,000109203627550653
0,999839955460699
5,61694367875209E-08
-4,73417806106041E-05
6,29157322736438E-07
-0,000123480646262861
-2,70156051861114E-06
-5,48900869913269E-07
-1,06658164272035E-05
-3,07986117047237E-06
-6,48655985372891E-06
-1,88693427423459E-08
-1,04197379261885E-05
-1,49962460536543E-06
2,60465747507431E-07
0,000284329257929217
8,88146576145398E-08
-2,01620923085013E-06
0,000380744953255492
3,59962858618159E-07
5,64840937881032E-05
6,08313950784181E-06
-0,000992082038235971
-1,5172111112459E-05
5,94090863274089E-05
0,00853337738566644
-0,00021237226690059
0,00857726150948831
0,000193165599169103
-2,07928756422086E-05
-0,000781748769798551
5,29257694339006E-06
-8,5256069177297E-05
-7,76145578635983E-08
1,91013262601642E-05
-4,7150580239461E-06
0,00217213363981523
0,000130575847995731
6,80383499111988E-08
-9,91557850236582E-07
-8,91614033918066E-07
-8,89840525820993E-05
0,0121231412708807
-0,00321517182560441
-0,000166447671537917
0,00222681775689028
0,00024312913451581
-1,49414829313239E-06
7,98997153089189E-05
3,67235969607818E-05
-4,86692793240676E-06
1,0556373836963E-07
3,35750359635617E-16
3,7586592208724E-08
-4,63014879398277E-13
-2,72360332254165E-12
1,63415438142596E-10
-1,37841462303718E-11
-1,53837613080411E-09
1,48516109149087E-07
-4,73712237261988E-07
4,95845794661485E-11
-2,73229504409171E-09
-1,59300356570801E-05
-0,000374123730691775
4,67379874425166E-08
-0,999748434876977
-8,90896200238939E-05
-1,22710441694836E-06
3,65559978219743E-08
4,37215470809355E-07
-3,89483262927571E-06
-6,13304217552292E-05
1,24499849513832E-06
-0,016558816636511
-5,04366979487387E-08
2,58938008899485E-07
-1,47237016802978E-08
9,42144834234948E-06
-0,000290637950942474
3,27526845167347E-06
0,00018584543644385
3,0906989109417E-07
4,92492864019026E-09
-6,51556372009361E-07
4,84691086684533E-07
-2,75285062340821E-07
3,04847099281876E-08
1,27270581735398E-08
6,67080122430311E-08
-1,04373481774948E-06
-2,28796495504314E-06
0,000149424587021745
-7,50910596922559E-06
2,36097856016467E-07
-0,000998767728821377
3,01969746548419E-05
-2,31336281053426E-06
-0,000151850543205685
0,000117335487999782
-3,71827532223658E-08
5,7447560852707E-06
0,0017232697591681
-2,52634968721356E-07
-3,10099439448033E-08
3,59525331059981E-06
-2,8396446603286E-06
-1,76126968941909E-05
-3,82276000376719E-07
-5,82932489385751E-06
8,66725852968945E-07
2,44845406756248E-05
-1,69776751295789E-08
-1,9180709495309E-06
-1,14522619396509E-05
0,0149857612724412
2,94679062405134E-09
6,04111277229124E-07
-1,05256816604366E-07
1,91851087593233E-07
0,00524952026719588
-1,80066085035804E-06
7,08009630630364E-11
6,35394797754107E-10
-4,34163741581716E-05
3,66454221735565E-08
0,000129888076947779
-2,43239462300361E-07
-5,8746273271137E-06
2,68247712814558E-05
-7,58768559594586E-05
0,999722538689822
-3,47040649035E-05
-0,000100430980534739
-1,01374296272873E-06
-0,000160916016657219
-0,000686254168390234
5,96077150410759E-06
-0,00107344734479878
9,86331316455773E-07
-6,53189771181137E-07
1,30209748539572E-05
1,21092562304151E-05
0,0161989052937879
-7,9625213039849E-06
-4,97924192564521E-05
0,000277568931904381
-3,71523715418941E-05
-0,00036002720156825
1,9164313748058E-07
6,88858555875922E-05
-7,32829739846801E-06
5,43164900679012E-08
-0,000415661774949374
8,99101866788035E-06
0,0022354687385711
0,000366406828066983
-4,09759170376467E-05
3,76991773654325E-05
-0,00305833895921681
9,49856760114286E-05
-1,17692479326443E-05
0,0113509091658161
-0,0109109558096628
3,55337465014618E-06
-0,000602907463397296
2,30982118314873E-05
1,44362448232824E-06
-7,79507467323455E-07
2,67552061796965E-05
2,37899312092501E-05
9,8347378102773E-05
-8,77430762465863E-05
-1,85833703189739E-06
0,000175394530218846
-1,89589417778095E-06
-2,93339015190109E-05
-6,89252894996469E-05
3,00061611017951E-05
-2,27286307003212E-06
0,000240597064727198
1,05710752243875E-09
-2,97096213003411E-07
-9,32634501166385E-07
2,9225120696596E-06
1,40348008813187E-12
-2,24868914872248E-07
3,54748618085598E-07
-0,00550549321546874
-3,70036612454352E-09
-0,00910200449455264
-5,94141324805114E-06
-0,000132340390546043
7,51166237430124E-08
1,08035873034531E-06
-3,16453044310209E-05
-0,999621362874701
-0,00082373178312943
-0,00196355251591022
0,000388387891673552
1,13664385347733E-06
-1,0691627830253E-05
1,4065619170884E-05
0,0211996389369649
-4,86526894193672E-07
8,89945378995358E-06
0,000120289838015153
2,50625531544664E-05
0,0107242076527279
4,1187625346719E-05
-3,18635114474655E-05
-6,93977550986638E-06
4,40116259843987E-06
0,000314891229780338
-3,9650936704402E-05
-1,85509822672657E-06
4,09106678630654E-06
0,000557053707106501
-0,00025181426431399
5,67463598462061E-06
-0,000205444712588027
5,5844229492983E-06
-3,38404393811676E-05
1,98507023417804E-05
0,000791967857664004
-1,5424319143046E-06
-7,62505333450307E-05
0,000130890351807443
-2,22223623695331E-08
5,93795617174523E-05
-3,25940102539369E-07
1,80337154766291E-05
-7,67362295033603E-06
-0,000124903421428239
2,88758253135096E-05
0,000581967428982848
-0,0077487580616277
-0,00150450879093952
-0,00330046764609133
2,45300214868839E-05
0,000166269367019659
2,51421801463662E-06
-7,33262707366597E-05
-1,19647328246907E-07
1,06308348340532E-07
1,69023482147878E-07
-1,36761116026128E-05
0,00509345496888219
0,001135255844859
-2,80197683690527E-08
-1,88097054522841E-09
1,73808042120676E-09
-5,31005156465797E-06
-5,06778505570428E-05
-0,0118715711685828
7,26928136891837E-08
-1,67990718548506E-07
-0,00013410388186599
-9,93496795475691E-09
-0,000142318102706824
0,000929068946827844
-0,99919006636264
-0,000666992804611672
-0,000797209039348303
3,45078664575824E-07
-0,0351538944850271
-2,44993806729096E-06
-0,000163483581059604
-1,26603144148698E-07
0,000780202806987908
9,93005780240783E-07
4,68309896390003E-06
-4,2384633021247E-06
-1,38590593039231E-06
4,15940494452912E-06
-0,000642304882270762
-0,001193657445127
5,60603461432989E-07
-4,20121260565292E-05
3,34296922094752E-06
9,50793398350055E-06
0,000249565741148926
-1,37932673654977E-05
-2,96124039569673E-06
4,32603458301454E-05
-1,28153359875083E-05
-5,77952043078702E-05
-0,000423198868707017
3,58839642784708E-06
-1,53409112546956E-06
0,00147867620807239
-0,000954040910141521
2,83164099796569E-06
-0,0143970161214011
4,11435920858713E-06
-4,26091702007587E-06
-4,10434869788455E-05
0,000110355520497377
1,46421851855091E-05
8,38144671756503E-05
-6,82742916550667E-05
1,67624829631428E-05
-5,32427593853782E-05
-2,57607367448646E-06
-0,00037165139677859
6,42751541713262E-05
-2,0601192934601E-05
7,59448015325234E-09
3,67660771621222E-11
6,7153577533609E-06
-4,91475617664009E-12
2,41957275951661E-05
2,07141881103343E-09
2,55170214119893E-13
-2,21010049162998E-07
7,66356183834361E-07
-5,55166404240312E-07
-4,77197255273078E-10
-2,17491102253921E-06
-4,99454874030266E-06
-0,000106976587193693
7,00932822818162E-07
2,89903800757701E-07
2,13836343792907E-07
-0,00180552937658341
-0,000627509093289189
0,999852918067653
-2,11476287785056E-06
-0,00126517445757961
2,00565428083633E-07
1,90350676128238E-05
-3,80878552675111E-05
-7,1079990333813E-07
0,000157243442929503
0,000168481195980752
-5,68463853755044E-07
0,014772921810235
1,81932163169412E-06
-4,29316521730691E-05
8,2411277556791E-07
-0,00016464736150631
0,000415221742091115
-3,00759676140262E-05
-0,00787361379884042
4,54198897599436E-06
0,000258368818148487
-9,59596818345296E-06
7,05080027778839E-06
-0,000263472711866303
3,70894557820917E-06
-2,85323061412908E-05
-3,21054007032837E-05
-3,35910645283171E-06
-2,06409663613799E-06
-6,41437300005245E-05
9,76298752956706E-05
-8,24209417753313E-05
-0,00286713808617526
1,01971674352662E-07
2,60164685931384E-07
-1,42522650778687E-05
1,9000546599813E-05
6,61701608821574E-06
4,92867040828543E-06
-3,88604958343932E-06
7,27270879250787E-07
-4,04483794325617E-06
1,15790382113646E-06
-7,47500685566164E-05
1,21264826787898E-05
-3,72760367187874E-06
-1,68799104878052E-09
4,244202606263E-10
4,1919897299021E-12
-1,65174878396801E-05
3,31721294196184E-07
2,54240158136946E-05
-1,25547422402434E-07
-6,50294616432057E-09
5,02085715866979E-07
-6,2406840462549E-06
-1,30227419375997E-07
-0,0121875452136776
-5,88944826247689E-06
-0,000124389572449075
9,37783967879358E-08
-9,21686820634407E-07
9,71840738642845E-05
0,000492409557695906
-0,000643558367355393
1,94416771037605E-06
0,9991230190525
-1,21431108830332E-06
4,09410176366011E-05
-5,68259583981702E-05
-0,000343924872214023
-0,000601321310692042
0,000133303239383567
0,00140094560446177
-3,68817972136303E-06
9,12442239111811E-05
3,06340154535729E-06
8,78078219342646E-05
0,000111695618369223
-0,00102301551818938
-0,00152259101945156
-0,000318022453666436
-1,82290537176927E-07
-3,3124860834078E-07
5,39268527178542E-05
5,49968813596093E-05
-9,80267066750434E-05
0,0050181068732195
0,0231649668249203
0,000330038936379711
-0,0226101676789219
0,000710492730316393
-0,000117114008763297
0,000997841490182192
0,00191184886394839
0,000196148691972038
9,91558991948293E-05
-0,000240561892245585
2,64544067131517E-05
-4,53008851411967E-05
0,0017479693552038
0,00467975483683939
0,0100952924823768
-0,00273257358591228
-0,0123325624644573
0,0136571370946469
-6,78096920937299E-06
-0,00211153431296488
-0,00580254596534295
0,00256973708470393
-0,00138425137055999
1,51753305911459E-16
3,75626603776003E-07
-2,26950738169076E-13
1,09434296076292E-09
4,76092228253466E-09
-1,22787090820023E-11
-3,41638611443544E-09
3,11295669600432E-07
-2,08628644030723E-07
2,50123021171452E-10
4,10501210378874E-09
-4,66675945465729E-08
-1,09417089275969E-06
2,35911321235863E-06
-7,33497681627961E-06
0,000285814686003396
-1,13065369313576E-06
-6,96834730695314E-07
0,0011980304456411
7,98248753123248E-07
0,999633560446443
7,93226476932017E-06
-0,00369122113507893
4,03096443841799E-08
-3,21315967999016E-06
1,01252819556574E-05
1,61685758774853E-06
0,0244654556643642
-2,95803179940031E-05
-7,05676115953719E-05
1,32044026400521E-06
-2,3495247432978E-07
9,13405017499654E-07
-7,33240641821822E-07
-2,83647959721263E-05
-0,00855061579953499
-1,00049725081351E-07
0,000763518615077888
-2,46957282271786E-05
3,11304965266542E-06
-3,54307129905461E-07
-1,39489872693276E-05
0,00673188172921261
1,5677483047008E-06
7,13499779836623E-06
-4,4019496388157E-09
-1,65330032306732E-05
-1,76071089237136E-05
-8,60569498845861E-05
-1,30729494103911E-05
1,04608815927196E-08
-8,34452687761987E-08
-1,51207055548232E-08
1,37619876659331E-07
3,25861546347759E-06
-2,59273416900949E-05
8,16113680672464E-05
-1,87886676221113E-06
-8,16897733634705E-05
-2,72723213058165E-08
6,33706050485118E-06
6,77953716019486E-08
-3,6003897799292E-06
-1,64044665218822E-09
6,03270135842416E-13
0,000365541901714504
-7,55752325183551E-08
4,869193531711E-06
1,712524436459E-05
-1,97530493650178E-05
-1,18655961645855E-06
5,05676356800524E-07
3,30553927998335E-08
-0,0109345817075968
-8,16831528419848E-05
-1,18316700899286E-09
-4,06779012299856E-08
-1,2420581554361E-06
4,33015577688998E-08
-6,10809535525213E-06
2,12316437885147E-05
-0,0351575418988045
-2,42293554675815E-05
-6,6167320499665E-05
-5,98894586361332E-06
0,998666649692548
7,4874509563622E-05
4,31959474936232E-05
8,77535514713711E-07
-1,7216148593824E-05
1,37447459023169E-06
-6,67173356058683E-05
0,000138259111366367
0,000112127055398426
-5,64372599913566E-07
0,03604042989436
0,000144084847798364
5,81854791252446E-06
5,2837894192912E-05
-3,32022097845935E-08
-0,000311257149747213
1,48328737265844E-05
0,000452819458411045
2,96109353546706E-07
-1,07534277825388E-05
4,53676837786791E-07
2,99433892822698E-07
5,64086159203682E-06
-6,45903965647727E-05
-1,35088373179975E-07
-4,30346431009093E-05
3,36094489698401E-05
-3,63596778403742E-08
1,13849216432546E-06
-3,62070743068177E-07
0,0011016755742796
0,00272491096119621
-0,0010969364115556
-5,61392718377049E-06
9,62310514984133E-06
-1,48222871983744E-06
4,35435806030018E-06
-6,03804238541066E-06
0,000163248406545177
4,18316097164299E-07
9,43410559312069E-07
-2,36433107695166E-06
-3,85631258185318E-08
5,54497622232867E-16
1,54441616055482E-06
-1,23701882177446E-12
-1,05193959670448E-10
6,24922500460013E-09
-2,83072816725902E-09
-7,21398458122891E-07
5,02014798246426E-05
-1,45054264187849E-05
4,71869149246079E-09
-4,19420844788153E-08
-0,000307189561449451
-0,00625396498167187
7,24124492647385E-07
-0,0165525430445933
0,000307109006139507
7,09332479175468E-06
3,16683388251521E-08
-8,1591308827803E-06
3,88346954441533E-05
0,00253003980272966
-6,693881453259E-05
0,99788306110509
3,90086853709558E-06
-1,99678241431235E-05
2,61713836008527E-06
-0,000321863408548937
0,0470576108747466
-0,000544409162802596
-0,0411100607558169
5,00350216083655E-06
-1,50727323928135E-06
1,78319145844284E-06
-4,75948576416458E-05
0,000136156363028891
-1,5306297529778E-05
-8,6055831895333E-07
-0,000718793219030452
0,000114982046570519
4,46375628031055E-06
-2,15697980336485E-06
0,000443186878501577
5,06699627747641E-05
5,7197246477299E-05
-1,4287035172154E-05
-4,81032677043955E-06
4,42986432477026E-05
4,59537891626558E-05
6,03535180838546E-07
4,00422117550813E-06
-4,16003262656535E-05
-1,65203961406011E-07
-1,59942338690464E-05
-6,5772912951136E-06
0,000275510845966621
0,00181225256481303
0,000185124299400457
0,000741932412108057
-0,000117596561108805
-8,52337619204245E-07
6,85078494539048E-06
3,94856929172788E-06
5,57612580984288E-07
-0,000352662149016967
1,47869469604996E-09
1,33957194627843E-11
-2,17577947533785E-07
4,24738253602463E-09
2,06919032566175E-06
6,65541833223996E-12
-1,44410857861555E-09
1,20882625613414E-09
-7,88431601643743E-05
-2,96535780431535E-09
-0,00459070595656625
-3,8059108716123E-08
-1,08192745765093E-06
3,04740897598404E-08
1,92243287331865E-08
7,74587554339982E-07
-0,0211705920054012
0,000197168677324502
-6,37780247690548E-05
-0,00038938282864557
9,22935967451452E-08
4,39202518079343E-05
3,09732625315557E-06
-0,999621929243193
-8,95203974125628E-07
7,9181246432482E-09
-1,10613687442573E-05
7,06288799652008E-08
-0,000836864752907001
-3,4725259366029E-07
1,84859579922801E-06
-2,17139506187649E-05
2,67433614427303E-06
-1,51439533853996E-05
-1,70855398970252E-06
9,82748264251934E-08
-0,000174923278130197
0,000389553586883941
0,0168862939483988
-4,9165090013567E-07
1,27321471977594E-05
-3,15172161515139E-05
1,58295811256449E-05
-3,43352571503444E-06
-4,16278676374338E-07
1,9917328647652E-07
-2,54813182330818E-06
-5,04150850115615E-06
-3,31634808353618E-07
-9,01615310155955E-06
-5,18800493801636E-08
7,5714148855471E-06
-0,000285153587966706
-0,000240348335650685
-6,93285207007949E-05
-0,000511872245973728
-4,75636017826609E-05
-0,000258417517216539
0,000135278051675025
-3,41359006775568E-08
-1,64563328092747E-05
-3,83709780491562E-05
1,66937327507846E-05
-1,58380418390197E-07
1,61040805788835E-15
2,14566488907241E-11
-0,000264277734672587
1,4120445603477E-09
-1,82720463814117E-08
-0,00614587401618377
-0,00123289393363469
1,88182374507857E-05
-3,98166922021604E-08
3,24415091388811E-05
2,71210739487028E-06
1,74097298285233E-09
3,69268625721413E-08
5,88339735707356E-07
-1,2177004435656E-08
-1,18946797540017E-07
-2,46087404039047E-08
-6,1388814892642E-08
8,38760598721844E-08
0,00028400802000179
7,49566303303777E-07
-2,38581066589091E-07
1,13168336841337E-05
-1,01807785999307E-06
0,999649436000835
1,57621263593493E-05
1,18910574329457E-06
0,000111142710376132
4,53102843959738E-05
5,82093701594901E-07
-2,05552903361811E-06
2,67618997467748E-05
-0,000173602329618278
-0,000906142373120312
-0,0219006467838269
-2,2248791681339E-06
1,9966693006735E-06
-0,00136328103779626
4,30255145862595E-05
-9,22398487225746E-06
4,74306932735638E-06
0,0133823156761118
5,50687062389087E-05
-4,33865676820538E-05
4,42972435534684E-06
-4,24782349352011E-05
1,06044697714571E-05
-2,28300678294601E-05
-2,04392290777046E-07
2,30671554689672E-05
-1,2344737972119E-08
-1,06471502541523E-06
-0,000116309343144166
-0,000137452109628375
-5,41684736294573E-05
-0,000248090899706445
-1,66095602867653E-05
-5,08444262142311E-05
1,42108782889945E-05
-5,20305193213214E-10
-3,91748463232717E-05
6,00439982851543E-06
-1,92970221617823E-06
-6,03426543670842E-10
3,60201579011681E-13
1,39808017757236E-08
-4,33076425342043E-09
2,8356235719964E-06
1,31791604285666E-08
-5,54694484223912E-11
-3,09504965007206E-10
2,77712141921301E-08
-2,12308557106866E-08
-7,62170279866544E-08
-3,7774160661849E-07
-1,10780723434498E-08
-1,90058331566776E-08
-3,43748164509167E-07
-1,63792402845896E-09
6,44090573071392E-07
-2,2500134686685E-06
-0,000260557389375795
5,59134723233544E-05
4,83869369132924E-05
4,55070419342477E-06
-2,57030269596072E-05
1,11997603281437E-06
-1,33882027263993E-07
1,1926537774627E-05
-0,997752682231006
0,000273685670902562
2,59415903102856E-05
0,000135727347066566
-4,94326017062465E-06
0,000825669525011822
0,000182792840658333
-0,0496335906707363
5,97143395747806E-06
0,00013788787015478
9,34162196209767E-06
4,52796652010853E-06
0,000793715993200259
-2,0608051604715E-05
-9,89474706185876E-05
0,00183503869951392
8,35158823478094E-06
0,000658033874778644
7,75121864473038E-05
4,38439245579737E-05
-8,53615620700488E-06
0,0140053894054119
0,0168502759162933
1,1384428309946E-06
-0,0314612597748378
-4,15110617010412E-06
1,40063910574588E-05
3,59318362947522E-06
8,69048465750852E-06
-2,65497516063524E-05
-0,000137172615541212
-0,000426910943000396
-0,000145398486811957
-0,000301073162375445
-0,000581562249484789
-0,000808181243021606
-0,00700889921321743
-0,0223700026089372
-9,61525476074827E-06
2,96831418256321E-15
1,08845916909514E-11
-6,20412407527231E-12
2,63063201667806E-12
2,61950520005202E-11
-2,12490518845172E-09
-5,73946675560002E-10
1,54398043891103E-08
-2,14887758714335E-08
-2,6070171109206E-09
-3,97573809781384E-07
-0,000404764838423095
-0,00729407832868901
5,29969472524E-07
6,16565986749548E-06
4,10406047548248E-07
-2,0721794650885E-06
-3,10264348696184E-07
6,05908547166441E-06
0,000521313158782868
-8,30746062527428E-07
1,02800185793494E-07
-0,000363668995932301
1,72684376876842E-06
-3,75331828629606E-07
-0,000230132972007649
-0,998573245325025
5,74497510921357E-05
0,0114151774210312
-1,17633538060113E-05
0,0021360677532882
-7,27817786038575E-07
-3,05805609932093E-05
-0,00256652918490446
-1,54098845216249E-05
-2,14887142726358E-06
2,65513123730457E-06
-2,16352306547285E-06
-6,81715371085644E-06
-0,000650924548056294
0,0277285415370141
-0,000326822242009288
5,0260256683204E-06
-0,0323389060177412
0,000949181148555257
-0,0282248350252294
-0,00492927662700866
0,00385636363720996
-4,02278124079803E-07
0,000186536698638415
-0,000365086567996997
1,45293222877865E-05
3,74305070100623E-06
1,98882022198336E-05
6,65767254022509E-06
-3,12053902099433E-06
2,26341831341961E-05
-3,11879225479411E-05
-3,05629996355808E-05
-8,08292558496449E-05
5,23009144437116E-06
1,29075869381881E-05
-2,82964045623126E-06
-0,00202275914672472
3,70726922687466E-11
0,0014915952219478
-6,98010307138243E-10
-3,12992554316537E-08
6,19867396575153E-06
-3,00059262974298E-09
-2,01767964698195E-09
1,81509568011634E-07
-5,56980516201343E-05
6,9643583664936E-08
8,74840004509701E-07
-8,16089651789938E-06
-0,000168312695486198
2,63015878014029E-05
-0,000493016556058108
0,016251834534184
-2,11581663017434E-06
-2,05169541076462E-06
1,8990348606168E-05
-2,25499889345691E-06
0,0245935505916488
-7,14549412738621E-05
0,0471456096523861
3,9010742624554E-07
5,20791944623157E-05
-1,32455837125491E-05
-6,75643071989445E-05
-0,997989961459742
0,000534961171629406
0,00331812287434279
-5,73767462914718E-05
1,46475613833465E-05
-5,60913240551225E-05
3,28863219972458E-05
-0,00455406264439473
0,000526099243005318
-6,26145864800765E-06
0,0297075686144122
-0,000647135575247942
-0,000168469418205275
-4,16033720475264E-06
-6,11012138995178E-05
-0,0025227150549745
1,34192987789863E-06
-0,000113405701468356
2,09375571667473E-07
-5,87650618506994E-06
-4,7669361948215E-06
2,91063911776553E-06
0,00036300534550547
2,4592591536576E-08
-2,89665497804748E-07
3,30740795809407E-06
1,12585905107288E-05
-2,91570338757632E-05
-0,000163256818612212
2,50729390528137E-05
-3,47320958298959E-05
3,62777434314402E-05
-4,20852949031652E-08
8,5937618439942E-06
-1,76531871196897E-06
1,11494448338382E-06
1,50174838846315E-09
9,44376998285329E-10
1,67699548976751E-09
-9,02265782790122E-11
1,52424266923266E-08
2,15330718912007E-09
-4,27537585705778E-09
-5,31674229364914E-06
7,8898105753577E-06
-1,17015143978489E-05
-9,74801432742577E-09
-3,79068001190966E-05
-0,000790508611744232
-0,0142076385836407
1,03424822936101E-06
1,24499297156181E-05
-6,68447689422843E-07
-0,0107303890050046
-2,0282537157943E-05
0,0147504197872784
1,96331023715575E-05
-3,15265364510864E-05
6,22733459106776E-05
-0,00061410997807796
0,00106848842341058
1,09607108583633E-05
-9,53716143353652E-05
-0,0106435350008413
-0,000562494329913996
-0,997192493913742
-4,72310596992719E-05
0,00318679626885728
-2,87107989073595E-05
2,42495642698349E-05
-0,059942238365561
-0,000414089493490166
0,000493396558075809
-0,000507268922465277
-3,74441565925528E-05
0,00082363958493836
-0,000608671653089461
0,0233011556289431
-0,00192150368862544
1,1917538481673E-06
0,00328678286033635
-0,000159962334576636
0,00176359416579199
0,000191879920282662
-6,58294057110731E-05
3,14568594527978E-06
0,000101877878648331
4,57506046287824E-06
-1,34043747843353E-06
0,0281248932795935
-1,62913231672725E-05
6,31120649505079E-05
0,000266037546117282
0,000298952717542833
0,000148082953483065
7,70200986601906E-05
-0,000114860961458538
1,31372244269659E-06
9,80916654929305E-06
-1,76888593239976E-07
4,94790841369659E-08
2,47668347540778E-11
0,00296676564554123
-4,88547613886159E-10
-8,30855935985523E-08
2,29286824484873E-10
1,01083358934141E-10
-1,38149243663058E-09
1,26875295477039E-07
-0,00443926742243123
1,36053700812524E-07
1,53259498539963E-06
-8,41093497364513E-06
-0,000173096367193516
-1,18228418510817E-07
-0,000493233967889646
8,31219397661846E-06
0,000108346501964202
2,29690409884727E-06
-1,13649737520382E-06
5,91081970963124E-07
9,25153299351346E-05
-0,000116767872881829
0,0409040248955914
-2,21657401337864E-06
-1,54924112909091E-06
-3,07194773702913E-06
-2,60022236211332E-05
0,00527310708515415
-7,57720412930985E-05
0,999122393436895
-2,43673627124785E-06
2,45721039922159E-05
1,10714517530786E-05
6,96128381934287E-06
-4,27955614304871E-05
4,26828719817107E-07
-1,22074821419786E-07
0,000387254532079646
-1,99318439292901E-05
5,16777245828612E-08
2,85704534682785E-07
-3,88195658693608E-05
-1,32934174986115E-05
1,77109719246865E-05
0,000544758840068466
1,61191359667581E-07
9,47646345646615E-06
1,99717159861066E-05
-2,57776560622986E-07
6,15025377074319E-05
4,18225847213429E-08
8,68104532230369E-06
1,91951332187409E-06
4,3519689978014E-07
-5,51389338522832E-06
0,000208154519548857
-0,00445823179392501
-0,000896276290234244
-0,00186711564946595
1,33435781272406E-05
9,42696405156802E-05
7,10608273744639E-07
-4,11974317880271E-05
-1,74103341297703E-08
6,109432819885E-16
2,69056571201562E-12
-6,88444378630926E-10
5,95538674652337E-09
6,90501853488617E-08
-3,20510399796561E-06
8,06868469300258E-11
3,81275382640229E-09
-4,07177535512322E-09
3,82059349612555E-08
-1,54165447096346E-09
-1,83116072329698E-08
-1,63106903204449E-07
2,37457868693287E-05
-1,33947183844643E-08
0,000179059266061813
-3,06511905960452E-07
-8,35423184558764E-07
7,21806057839916E-07
1,41675002359932E-05
-2,80303558566547E-07
-8,6156706157886E-08
-4,37677635968403E-07
2,95185587212122E-07
-1,31456351593794E-06
-0,000431582186223702
-0,00117987611141752
5,17957589725944E-05
-0,00211897800061092
-2,89450917551404E-06
-0,997938181238666
3,23622626823906E-06
-7,49371647571381E-05
0,000430656214254544
4,70848070110102E-06
-3,35517681157548E-06
4,10529525074878E-06
-6,89620847107224E-06
-7,77331757863629E-06
0,040466733153909
0,0461266321503343
3,01833675836555E-05
6,81839620390524E-05
0,0080741283299877
-0,00028652594529746
-0,00014036612425222
0,0122064567568057
0,0113595937923341
-2,16304636623225E-06
0,00014211483155426
2,84310408196134E-05
4,14522469177291E-05
8,45458411625838E-05
8,88066809913493E-07
-2,77694045498543E-05
-0,000160809365862136
0,000129628644920164
-3,24902297136365E-05
-0,000172036948817982
-0,000146816628409427
3,08508137152259E-05
0,000720679024817898
0,00196623191379041
0,000140494428445254
9,8325586041502E-16
8,88103274630449E-06
-0,000159451496563566
2,70077113078426E-08
0,000618867296797995
-2,77984355417068E-08
3,47170666231122E-09
1,88335363695124E-09
2,17606761977588E-09
-4,12380316613258E-05
-3,02159051830982E-05
4,13339310048113E-11
1,81405553498012E-10
-9,25460889930501E-09
4,10104211279627E-09
-4,14437460789511E-05
2,13571827135288E-06
-0,000622162684977089
-4,60629284010502E-07
2,37119997258237E-05
-1,44553779369732E-07
0,0360702638194733
2,91615427408754E-06
1,11228194877268E-05
-3,82831317471202E-06
-1,14863843969679E-05
5,86880301829377E-07
-1,38035327646048E-05
2,50241204729787E-05
2,86684160022783E-05
-2,88240025826062E-06
-0,997329916963539
-0,00367219609575529
1,40384991888934E-05
-0,00165550412977053
-2,21864824045991E-07
4,75781831278672E-05
-0,000151811184491177
-5,60369149500618E-05
5,72018734309958E-07
8,72733730687839E-06
-3,80686262670294E-05
9,43203077593484E-06
6,9521396699318E-05
0,000248065395370148
1,90275382977237E-07
-5,2333063090243E-05
3,63216717823099E-05
7,29380299987693E-07
0,000326877697990221
9,84486639555589E-06
-0,0445687716108508
-0,000220913950507722
0,044548501166159
0,000404613909510572
0,000157774531721516
-7,47509404357196E-05
-0,000130267289336934
7,6823859624502E-05
-0,00659569704315762
1,15561135275982E-06
1,73694033710985E-05
0,000152581163607609
1,38127283562485E-06
1,06384888868717E-07
2,96679620288421E-08
-1,04330531800751E-05
0,00481944442459132
-1,86113576706274E-07
2,37153457634637E-09
-1,16966664710974E-10
4,51530623051038E-08
-5,10663901643092E-06
-5,1484241340518E-09
-1,03111855751082E-05
3,18799051281724E-08
-2,75654412937969E-07
-7,75121504447786E-05
-1,10834431774136E-08
4,50685593425586E-05
1,39097776837351E-06
-0,000445982611466641
2,87953517066796E-05
0,000927418437460035
-3,86125882031103E-08
-3,06300043742526E-05
-2,28590119974678E-07
4,22708790513783E-07
2,01065999529516E-05
-0,0480110534491475
9,69223956555634E-06
-2,66347467462663E-06
2,17554579559738E-05
-9,81670559593458E-06
-2,06337210729504E-05
-0,00329314028254719
0,997346365282058
0,000100423245695604
-0,00728402886318227
2,6597056583532E-05
4,44010708128135E-05
0,00122072090135126
-3,33272617213841E-05
-3,81842515763095E-05
0,000463027768479695
-0,000173112017698312
-0,000278084194182474
-0,00413081663104061
8,19237243560694E-05
-1,42659757094862E-05
0,0140669963011504
-0,0103425599144071
1,22396058084474E-05
-0,0500585160313263
3,01012028741302E-05
8,2259272232265E-05
-1,52408535930964E-06
0,0087047370360831
0,000122152239603061
0,000287349735505664
-0,000172363269803435
4,38347678299476E-05
-0,000212825753564396
-2,66395543442339E-06
-0,00116846474501652
0,000201838697772336
-6,71342637983467E-05
8,77980006649418E-08
2,53329261948003E-11
4,46125566920674E-11
-2,11776266769911E-11
4,14996200134505E-10
7,0862409325718E-11
-4,03492715098533E-09
-8,79207351423714E-05
0,00599836177504981
-3,21072530786457E-07
6,50190973704825E-07
-1,24638990739106E-06
-2,50004908374422E-06
-5,03241446090504E-05
-8,32062809115677E-09
9,29744625570581E-08
-5,68208425729353E-09
-0,000330227967821336
-7,16033880914944E-07
0,000472588974332985
0,000209728223404759
-1,08552878510806E-06
2,28023661877618E-06
-1,00679652151888E-05
4,22519238084302E-05
0,000299538781396264
-3,16034776690734E-06
-0,00166242936330178
-3,03194981563478E-05
-0,0600429839710498
-8,59185147560987E-06
0,000457608303850717
-4,8853098505013E-07
-3,82923789200553E-05
0,994793205150642
0,00733574467769691
-3,66525874754878E-05
2,75292322922773E-05
0,000223562070965865
8,27691492406147E-05
6,89613224339623E-05
-0,00240496540281421
0,0569900982212188
0,000101285009219933
-0,000277315935271624
1,31801717065747E-05
-0,0585958013317284
1,04189460955696E-05
-7,05903540314304E-05
-7,95152700979145E-06
-1,13723304745775E-05
-5,32909519135271E-07
-3,70279404035357E-07
-5,93045864766033E-05
3,12424807435699E-05
-0,000157820332604698
-0,000843853646685028
-4,72194230407994E-05
-0,000212811615541136
5,76117139174205E-05
4,55797206014293E-06
-2,357872503429E-06
7,12922175395721E-07
2,63750599465307E-06
-3,37711414823951E-09
8,4769142662398E-15
7,78971349836997E-10
-4,3160898433131E-08
7,56036953111741E-08
6,73829548977963E-09
-3,3487878584903E-06
-1,93692401996387E-05
0,00126192914956119
-1,04067036581392E-06
1,81593480099126E-07
-7,53122715238965E-06
-2,6227965130427E-08
-2,3524449784781E-09
2,36667531512141E-05
-4,24962039515481E-09
3,96516381984362E-07
3,0769669379553E-07
-4,35590655304456E-06
2,29827298482859E-06
0,000327933144299439
8,62109706301531E-06
1,30764314873879E-06
6,79978180451876E-06
1,03936409738458E-06
0,0219245640475631
-8,98771309844562E-05
2,13232992134276E-06
-0,00118577296851717
2,4459847724844E-05
1,64679152278795E-05
3,32725993302706E-08
-0,00123181158274368
0,00696250033629535
-0,00730775353445741
0,993343027729406
0,000140646937870489
-2,31975389319324E-05
0,111889239476272
-0,00234863330647075
2,0114477457804E-05
-1,76915656555417E-05
-0,00100691044703276
-0,00531580727835118
4,80464315254367E-05
-0,000546141297766031
-1,91835136775255E-05
-7,01406318693618E-05
2,8005477053271E-05
-0,000331287129625197
-0,00120722675513437
1,01904260310334E-06
8,5112744330473E-05
4,06645038065696E-05
0,0103951491568751
-0,000131782984950227
-0,00210109967114039
0,00188430470126184
-0,000569299185527477
0,00159119185852065
-6,73050849116269E-06
0,00268509433460544
-0,000613162536580807
0,000229562720588603
2,10071734161531E-07
9,48318844890317E-17
1,12721629351823E-09
-3,21090358463371E-15
1,02082739306681E-08
2,70036021346931E-12
-5,1397420843204E-12
-7,51659976314034E-08
6,64515515053123E-06
-9,57707541640377E-10
1,03647277664024E-09
-5,55428707659283E-09
-1,36742489586381E-08
-3,27180547198283E-07
4,87449831874924E-08
-2,71563101644491E-08
1,22517671210328E-06
-1,08629833253744E-05
-4,60768389632736E-06
0,00786494707207163
-1,63141411921224E-08
0,00851633740133534
8,33101180735574E-08
-4,03395465800045E-05
-6,99450108147417E-07
-2,27843373263187E-07
4,41120413069754E-06
5,52780487712095E-06
0,000728819927087694
0,000606265959078228
-3,2991314439026E-06
-3,09063772066586E-06
7,78578896562015E-08
-1,79208297672221E-05
7,09255878848374E-05
-9,15453804740328E-05
0,997760679575613
-1,97587749989938E-06
-0,000253872901072578
4,87864226355337E-06
-2,36393238969696E-06
3,36057476466118E-05
-3,32395266955805E-06
-0,000487232802751964
3,14526513446717E-06
-2,0316066613237E-07
-2,07220851797723E-07
2,62428692322058E-06
6,10482856013223E-06
0,0651241341308439
0,000196849852032723
-7,06628096621946E-08
7,96333974666949E-08
8,91098632084231E-06
7,6398096101582E-05
-0,00960153490273491
0,00177974601989084
0,000300606450767374
-0,0011729966509533
5,19133709834286E-05
-1,1182380406316E-07
-8,47789581024781E-08
-3,02675311035024E-06
-1,5727052626195E-07
-5,46193843126942E-10
9,96997202088991E-08
1,95588408611517E-08
-4,34673800149327E-10
0,00451378790021173
-2,11380990772201E-07
1,93945982669699E-09
-7,36608025174168E-07
-1,83271222861334E-08
8,71922488898942E-10
-3,67595201293069E-07
3,10896080924375E-07
3,90313717233889E-08
-3,06571739995572E-08
-7,02550743765916E-05
5,45222185055799E-11
5,09844701792227E-09
-3,23345724337329E-07
2,04433185637294E-05
-1,51751114137462E-06
-1,73237043390431E-08
3,43690216569742E-10
0,000274264725467769
7,29532327830377E-09
-6,17839685045208E-06
-4,68172659496787E-07
3,05800584497347E-06
-1,3028431715283E-06
-5,8667672109006E-08
-0,000174440303459792
1,49304935854988E-07
1,23037380902609E-06
5,49125907859695E-05
-5,92978761603168E-05
-3,82984909919013E-05
-1,10915725505881E-06
2,12706262656045E-06
0,999871293592543
0,000431671504784719
0,0101688574606371
4,30316441491179E-06
-9,0088451962057E-05
-6,56355241563553E-06
5,68700762732062E-06
-1,34685551551406E-05
1,21530675545113E-06
-9,40774130857504E-07
1,47905241560684E-06
-5,76259272224739E-06
-9,03163488724761E-08
0,000137601521551159
-1,6855341310434E-07
-1,17727318414835E-05
0,0115446919767888
-6,78810107626607E-06
1,79949113873282E-05
5,49036491658833E-05
2,49730710591314E-06
9,10680569171907E-06
-1,97280959937846E-06
-7,10611787158295E-07
3,26841352635968E-06
-3,63279189730037E-07
1,21867760788745E-07
3,4376305920714E-10
3,57811935826272E-12
3,50562353851436E-06
-1,5836660042993E-09
2,8504732370847E-05
2,60370939494931E-09
-2,35274615189185E-07
-7,25548805317824E-07
4,75197575769239E-05
-0,000918819036068801
9,27314700394391E-09
1,24035688966514E-07
-4,82661411106524E-06
4,29723455232942E-07
0,00866689103482999
-2,21257559238827E-06
7,66275650560826E-05
-2,43180419998197E-05
-2,14391977505385E-05
0,00021367022152149
3,46559044245189E-06
0,000871990419614691
-2,16968134329741E-06
0,000581900337359983
4,81661690957337E-07
0,00107988338363091
-0,000201424346192123
-1,25435152456954E-06
-0,0300407158391447
4,56847117883631E-05
0,00021994929830382
2,04993601066657E-06
-6,80486827098111E-05
0,00123236115015749
-0,000713402684778186
0,111674320774239
-0,000178845629512382
0,000181223807557293
-0,984747672516058
0,0247180438062395
-0,000234951301371203
-1,41874130689437E-05
0,00263616771591272
0,0923294306699767
0,000473421720400702
0,0100580720291165
-1,12957930441336E-05
-0,000360000685377471
0,00153267772128956
3,56014943444253E-05
-0,0159694965278348
-2,78217089607381E-07
0,000114123205824649
-0,000723984429572817
-0,000653881105659136
0,00687755713260438
0,0551719021856239
-0,05067529521185
0,0150852644914069
-0,0374558769063423
0,00018021187393034
0,00230884592002543
0,00391856978892469
-0,00222134875640123
-4,48133516172111E-06
9,15820422655414E-15
1,80987735307389E-09
-2,93396908662465E-09
3,91029323364416E-08
2,8235805133727E-08
-4,12632842850521E-10
-1,10444122957737E-06
1,27920201170593E-07
-1,47891157587704E-07
-5,51495902267247E-07
-6,33780372445744E-05
-2,37524961057633E-09
-5,51208067107975E-08
3,58133073779458E-08
-3,77102894906206E-08
3,06075881193676E-08
-0,000122962392502757
-4,64236829802909E-06
2,74343855185395E-07
-5,68019219703325E-06
1,30230476106645E-07
0,00039828909810948
1,51051245322604E-05
-0,016904881999068
-5,29749796045922E-08
-1,4215486323E-07
-2,15087746700095E-06
-2,88797003142097E-05
-0,000269019382595019
-5,30821961845193E-06
1,44902128702044E-06
6,9894656776324E-05
1,78774693905497E-06
-2,6430268727467E-05
0,000273384952416976
-6,79647384088898E-07
0,00992701273366697
-0,0225429228898911
-0,998417659542157
1,54430979643658E-05
-0,000239383343316921
0,00233233426600993
-0,00102241845945956
-3,37836691679101E-05
-4,85261516107614E-05
-1,12519339723841E-05
0,000233880474939131
0,000341807793027608
2,54623251200868E-05
0,000344449721656197
-3,71288938793643E-07
-2,10318436140037E-05
0,0202807430189622
-0,000100380055555034
0,00486733415771469
0,0369267490278919
0,0034788751712167
0,018639066304478
-0,00969925234990781
9,70318646560575E-06
0,00116947238611441
0,0027432793139272
-0,00119305691401542
-3,06611952463682E-06
2,00440530665089E-12
1,18585554060016E-10
-3,91751104890157E-09
1,7006761566075E-05
1,02735393489902E-06
-0,00595312832568276
1,75246557619105E-07
-2,82978905978655E-09
-7,24654764959781E-08
2,98792112160292E-05
1,64908523765815E-07
-4,76716130912556E-06
9,14868613127012E-07
0,00858654269502725
-1,57329516763599E-07
0,00226099900809411
-7,87335600603806E-08
-1,41314493440075E-06
-2,30778809796674E-08
-6,70777512292203E-07
-3,09471955469407E-06
2,34839893600512E-07
-5,98800925864812E-06
1,07088476363779E-08
-4,56873413149483E-05
-8,02090204091174E-06
-2,6123761198199E-05
0,000216931819273913
-5,71501009379364E-05
-1,08454781629849E-06
-0,0415837967858774
-6,75623558873042E-07
-1,2774301064978E-05
3,10774949693597E-05
-1,32119693907651E-05
-1,37350208051315E-06
2,93489096517804E-06
0,000305257725660704
-1,74480380115923E-05
-0,998819573701791
-0,0226079385216647
-1,80198306712201E-06
-4,81117029939093E-06
-0,00104564045648774
3,89125594309872E-05
1,74097235122176E-05
-0,00180963330459592
-0,000548867396909667
-1,20861320776764E-05
1,44139736420678E-05
-3,2840032115549E-06
-3,4359415540455E-06
-6,46211528650371E-06
-3,18645806086115E-07
-5,29463617946138E-05
-1,61097691426767E-05
-1,39858816704648E-05
5,76851862914836E-05
-6,91334752054649E-06
9,92116629780353E-06
-2,10582656512682E-05
-5,96378603788008E-05
-0,000126070957957668
-9,21907472249353E-06
3,0179101356396E-15
2,04360832517577E-12
-2,92338903719774E-12
2,73822446179162E-11
4,63968828501082E-11
-2,08661359018596E-09
-3,59580754093381E-09
1,78618545408272E-08
-1,85749847357888E-08
-3,48108534291176E-08
-2,28613094464634E-07
-2,59277840646954E-06
-5,23752747097926E-05
7,79833432839786E-08
-5,68330332520436E-08
1,18987477679031E-06
-4,65483735087516E-05
-2,52762038733712E-07
8,25720174104099E-05
0,000164230519089762
-2,59024026007416E-07
5,51678705276087E-07
-1,02932282489145E-05
1,28410678913284E-05
-8,82996039322694E-08
-0,000383791464776205
-0,0205440632911301
-9,86794473026984E-06
-0,0232250323053371
-2,00219156162405E-06
-0,0458875818670303
-2,06101802083212E-06
-3,22347101113282E-05
-0,00358063311640824
-3,02826762134248E-05
4,72608199829037E-05
-6,81352892164519E-05
-2,73487894967801E-06
0,000192795924036286
0,02419810023652
-0,973177633838826
-0,000515483111630516
-1,92509037501655E-05
-0,210060538266861
0,00761281112213349
0,00368063291958207
-0,0189456029647677
0,0104062437377872
-2,92824418450887E-06
0,00059300435468301
-0,000998729299862655
-0,00124782294973963
-0,00247867896567635
5,92306396013741E-05
3,08838118900758E-05
0,000160004734515045
-0,000235615611549144
8,70626566881851E-05
0,0019949562858656
0,00470565283451856
-0,000678226218801328
-0,0230464877376026
-0,0633072844239554
-0,00452306991295758
2,90970838103487E-15
7,96865723798504E-12
-4,31882967565965E-08
3,53988660179088E-10
3,05670861386865E-08
-2,76836219678066E-06
-1,47641696451788E-06
5,1584254311546E-05
-3,40293342486786E-08
3,82152794243155E-08
-7,70362448967339E-05
-2,31899792290543E-07
-4,85039652120498E-06
1,59249766548809E-08
-2,55697353498407E-06
1,39831274186616E-06
5,48746100349415E-06
-1,11892550250402E-05
2,98733428637922E-06
0,0231649982902595
8,03345863658609E-07
1,23719134654723E-06
0,000396021143071284
-1,34380949693747E-05
0,0133914213141197
4,73875891848114E-06
-2,54926522019839E-05
3,55144354473785E-05
-0,00151198946947551
-5,21200250325939E-05
1,76727401252306E-05
1,39351455091525E-05
-0,000145716726645392
0,0572831762601971
-0,000657660144552094
-5,40442427154841E-06
1,19933014962395E-05
-0,00170865792783902
-0,00138627797829318
5,70010073278405E-06
-0,000304659615441206
-0,997738038863876
-0,00186759738168713
0,00329976257670608
-0,000131590599562196
0,00338576739834001
-0,000895505463131428
0,00188130752134812
5,1739378515045E-05
0,000247825728654318
-3,10593296430323E-07
-1,07014069036365E-05
-0,000263824040651537
-0,000723104354122114
0,00385534114865636
0,020866825295403
0,00121118227322254
0,00535483687725428
-0,00153524368515032
6,75984844695394E-07
9,19014678935233E-05
3,58324917235444E-05
-6,7667353219361E-06
1,91065700092138E-09
1,43995448104093E-16
4,18883541030075E-10
-4,23264865461545E-13
8,02605444075489E-09
4,60738864524111E-12
-1,07317833531822E-10
-5,17927838862157E-10
4,44880827714624E-08
-8,23144906803304E-07
-6,84342090694937E-09
-2,86730424625804E-08
-2,26713274151654E-08
-1,93768769606661E-09
1,80780262414995E-05
-3,32147857304812E-08
1,30107029656468E-06
-2,74688089218723E-06
-1,73073979426872E-07
6,85301635182717E-06
1,90052696332595E-05
0,006774763150271
3,17832701843643E-08
-2,56637414220416E-05
1,41399288093667E-07
1,36823937652302E-05
-0,000738891719049817
3,11943781208348E-07
-0,000107295198460175
1,07945304381746E-06
1,42759120310994E-05
-9,2342321690886E-06
-1,70714269539381E-06
-4,81740394832817E-05
-3,02864388501554E-05
0,00514023777798909
-0,000568433794931883
1,5266081716205E-05
-0,0928902476138089
0,00291661223459521
-3,00292550484479E-05
3,97104939578774E-05
0,00197340731021592
-0,995452419701538
-0,00027666022762239
-0,001619326056055
1,17200764047277E-06
0,00258035075312581
0,00260615794483189
7,73741826731974E-06
0,00245100291331553
-1,65938313632793E-06
4,43393092372743E-06
5,25012392691751E-05
-1,849131698336E-06
-0,000151529598784175
-0,000116193156448657
-0,00892156577795461
-0,000808071590157516
0,0159896351635103
-1,01977309948577E-05
-0,00121962306183847
-0,000325319999338775
0,000753821683671627
6,23210545121194E-07
6,04001200805426E-10
5,48190144245649E-12
-1,87356831541465E-08
4,44828598662038E-10
3,28661145594636E-08
-2,84328427813158E-09
-4,23258889359244E-10
1,19993762381332E-08
-6,67964599809462E-06
-5,17010102997274E-09
-7,67648154598044E-05
-9,49440922839614E-05
-0,00187508640236614
1,44407318467255E-07
-3,36129426709472E-05
5,50720455650675E-05
5,1948732679265E-06
-2,1001847593995E-05
4,89938429219701E-06
0,0228403533671
-2,68816008752257E-07
2,31462677348108E-07
-6,20116228423655E-05
-1,24500711859995E-05
-1,49772153411141E-05
-4,01249753196496E-05
-0,0381632819032609
4,01544880152041E-06
-0,00125841053140002
5,82229836705286E-07
-0,00126427212066987
1,0241380896539E-05
0,000470815392916546
-0,000491307639838507
-6,67610774882888E-05
4,96387013899812E-06
-7,86210208303847E-06
3,35448216975949E-05
2,90999425624769E-05
0,00359908487469894
-0,209963741867796
0,0033910959458929
-0,000134791160463608
0,955760608078698
-0,0287537273585387
0,00164968438985546
0,148094925466923
-0,115435544919654
7,96258812867453E-06
-0,00566253492105621
0,0112139990254207
0,000184331004537448
0,000102552919196231
-0,000624088963383372
-0,000231451697036437
5,71673091248359E-05
-0,000729372400534179
0,00100154664787693
0,000923752715285889
-0,000559947252049639
-0,00015917080545086
-0,000381555647667032
0,000122249459663633
0,0646447067244742
1,57905225452811E-15
0,00222412409438503
2,27915650950885E-11
-6,18635882053573E-08
-1,35147988108887E-10
8,46987477826306E-11
5,77115339012563E-12
3,8800894963707E-11
-4,6681141050666E-08
9,79650456092523E-08
-1,86367729283448E-07
6,44532173570407E-12
6,19459519562847E-10
4,30955912708909E-08
3,71605856590078E-09
-4,35272281199177E-08
-2,84541120379153E-05
1,25993910753098E-06
-7,68691034409537E-07
1,03658874919564E-07
4,7375394877944E-08
-5,90019447719715E-05
3,65215948640226E-07
1,64575222553589E-06
1,77959016574089E-07
-7,20623540269592E-06
-2,57406484809259E-07
-2,48259765769375E-05
6,12251643359308E-06
0,000100452860028199
-2,02701853585284E-06
-1,24275320460649E-05
-2,329961244958E-06
-4,78036048187204E-07
0,000172631112376022
-4,16156840663483E-07
9,97606564141718E-07
-0,00441599040227076
0,000134455575558635
1,04300232948745E-05
-0,000841727328956609
3,95411398197197E-05
0,00225359417683186
-0,0300437480834142
-0,993254922698951
-1,26491222645083E-05
0,000606176694596782
0,000622894429210135
-2,3092321660496E-07
0,00109855300299116
4,71452169588927E-06
-0,0149302823719769
-7,33788640029612E-06
0,000113749033771294
0,000341447267154329
0,00635390903950945
-0,0807036954556575
-0,0153905049642773
-0,0324166902281488
0,0666190049682782
0,0015680998185053
-0,000565393861775626
-0,00216278026454929
-0,000102751568093511
1,29618674176264E-16
9,8876260288197E-15
-4,61253656184152E-13
2,00126153612868E-13
1,20747542094141E-12
-7,32054282355611E-11
-8,07565019653393E-08
7,15710066110146E-06
-8,31750976097141E-10
1,11726193513905E-09
-1,91355461342666E-08
-1,32074765968463E-06
-2,65304076055178E-05
2,00754487819169E-09
3,06830267986758E-08
1,41327145553158E-08
-1,97959060277229E-06
-1,59654279721023E-08
3,65571147289079E-06
2,33455164848185E-05
-2,13432542593859E-08
3,00145269948004E-08
-5,45951633484364E-06
6,86923467682426E-07
1,50960096963469E-05
-5,71262912525278E-06
-0,0281850505523609
1,0394304241817E-06
-0,00134802185493901
-9,02618507161866E-07
0,000115803666276225
-1,93685161370675E-08
-2,97546445182724E-06
0,0582700954801846
0,000452920963395464
-3,24015148729992E-06
3,07896539220927E-06
1,75954276602489E-05
3,35381854345315E-06
-8,69129437235142E-05
0,00457882832621985
0,00672708878136247
1,44299882121265E-05
-0,00189980876253301
4,27925312943517E-05
0,997866831628209
0,000292902349081938
-0,000148596322231935
2,95906754916565E-06
-3,60595603854296E-06
5,63439143044955E-06
-7,39573025946313E-06
1,7980865495474E-05
-1,49087268340332E-06
5,09104275338857E-06
2,2190672081247E-05
8,352570603872E-07
4,21710965952209E-06
-9,33913613768936E-08
2,14246603028942E-05
-2,4253636236151E-07
-5,96805629382703E-07
-6,75636100918057E-07
3,99361235206069E-08
0,000373924870733555
2,34284799939225E-08
-8,94659188260844E-05
3,446013402529E-07
7,79132042140343E-06
-2,91437907114226E-09
3,18229549597238E-09
2,48826381346913E-09
-0,00799413586697118
-2,86600734912025E-08
-1,91205185199835E-05
-8,14388187703588E-06
-0,0001610113252886
-2,24951734528159E-07
-4,16118443470268E-06
0,0160548264028258
0,000186622365462654
-0,00233921734970225
-1,24763777273906E-06
0,00397213683957199
-1,13778983111851E-05
-0,00013936530425643
-2,47490956579823E-05
-6,52050250500177E-06
-6,96232099614122E-06
-0,000573336969675656
-0,000506955568804396
0,000292980690489974
-7,02009281179376E-06
-4,10283936613946E-05
-0,000201131435665546
-6,57489679648002E-05
0,0196642796026342
-4,50097501058665E-05
-0,000224818626000066
1,04628694610171E-06
1,52097130515393E-06
0,000539547039471623
-1,09842155842161E-05
0,00119241273345872
-0,0193811705834713
0,00253540693508993
-0,000278429198598118
0,187310280509463
-0,00572812233508752
0,000726077314306625
-0,705887528776561
0,681074644242598
-0,000222797170499245
0,037432334804991
-0,00145079088675645
-0,000100446625090951
4,61085794949539E-05
-0,00169208186430154
-0,00147103267909009
-0,00608713610310315
0,00554202803768283
0,000138164533415499
-0,0111650574313556
0,000120343142780529
0,0018598754777718
0,00438631031652636
-0,00190981103025579
0,000144545438384085
3,3941841186844E-10
2,83070658924542E-10
-7,81876305545863E-06
2,05138755737021E-07
1,80514703766401E-08
-9,09904140444436E-10
-7,40070963672999E-11
3,13183770378138E-08
-3,72386403116941E-06
-2,80532992445064E-08
-2,06894563826138E-06
-8,40069748430285E-09
-1,84460480585746E-07
3,56894034622388E-09
-1,272953417466E-08
3,01174491842577E-05
6,0838666264788E-07
-0,000214588725340185
1,01617544652134E-06
0,000413129739451413
4,77259112578417E-08
-1,32472415369756E-05
1,8444079651048E-06
-3,61308588417209E-07
-4,03244423016361E-07
-0,0215637705157701
-8,45047808309298E-06
4,02753750126145E-06
-2,18228286640859E-05
-1,05793754469635E-06
-0,0161914375827373
-1,82912369265931E-06
0,000828761881494367
7,40043001765937E-06
-1,61510848709906E-05
9,7414775088414E-08
6,36985940481043E-07
-2,75569249716849E-05
-2,31578424423079E-05
0,00224045538907855
0,00219850935459773
2,81273351447023E-05
-0,00155686388065905
0,0203555219455658
-0,00084561739967179
0,00012411836075539
-0,686884649934753
-0,714176051594342
0,00016848381417543
-0,00985597396451089
0,000318830238763783
2,98851236626645E-05
-0,000303079124105657
-0,000588074456828248
0,00487891910685733
0,0385638074651892
-0,0490609350012068
0,0138137166783357
0,101626750485452
-0,00013189498000281
-0,0158980370278229
-0,0430068977023534
0,018702807915856
-8,85224840873901E-06
9,70876842826186E-18
6,11793409723196E-11
-1,16428768303709E-11
4,06849557258533E-09
-4,7444960606754E-14
-7,8849820501465E-09
-8,62385483306678E-05
0,00586182235928804
2,48670916611115E-09
6,29191867123665E-07
2,52690016045245E-10
-5,56200503428101E-09
4,60084116119074E-09
1,26301921371733E-05
2,34904077466658E-08
6,58608770096952E-08
-5,85151270908941E-07
-2,58657267553594E-07
0,000436189871161886
-1,15506945261783E-07
0,000476362177171579
2,13044564096719E-08
-5,45707840954808E-06
-3,87961177984482E-08
-6,51881489343876E-06
3,12755909808298E-07
3,91632752793579E-07
4,29050629415854E-05
3,79437753226243E-05
1,36141908092635E-07
-1,19155792153887E-07
3,08206215687481E-07
-3,00275402289567E-06
-3,41148552636081E-05
-0,000346250580021337
0,0658476051943859
-1,41555378312945E-07
-4,92917065579607E-05
6,05568861549472E-06
5,00286582041253E-06
3,79503572347388E-06
3,84988197655933E-05
-4,38409487300732E-05
-4,24710172728629E-06
2,64987800229175E-07
4,74944594128298E-06
3,94195611909094E-05
-0,000175007237733606
-0,98365618729597
-0,000136554343553945
1,02422203967109E-06
-1,47992595247162E-06
-0,000132376357643129
-0,00130915384895547
0,163153669424253
-0,0309483216305464
-0,00540053912496528
0,021000948177757
-0,000876657593801966
9,03808359622015E-07
7,15290549457165E-05
4,35824265278088E-05
9,3381716709061E-06
1,29958463514733E-08
2,44693477980028E-11
4,96261803059956E-05
-8,44369663458335E-09
0,000179130788275277
1,57311045233914E-05
-4,58119965907844E-10
-8,84662062310587E-10
6,60513578205401E-08
-2,68350996059057E-07
-7,17774105962433E-07
-6,34970480604582E-05
-2,38291667112002E-08
-1,27971513974212E-07
1,72805050429655E-06
1,62434497426989E-09
-2,11570096210198E-06
7,02688462245099E-06
-0,0143802220395208
0,00286986649072937
-3,96050524340503E-06
-3,30672678558573E-06
-0,000514821550332924
8,00572521542617E-07
-5,31786625524523E-06
1,9337548183262E-05
-0,0341103569524643
1,09400861290022E-05
-0,000141478730787063
0,000158376571165599
-2,90509464611546E-05
2,76498578953142E-05
-0,0001522759726363
0,047857331695138
-6,33575180110213E-06
0,0026830455050143
-0,000210672727681252
-0,000134036982110907
-0,0161459301759079
0,000459656352246556
-1,48648053940373E-05
0,000155175402675651
4,84877863545188E-05
0,00395901305934233
-0,00145119028975365
0,000737848354525756
-1,15819117533006E-05
0,021427537054495
-0,0336931787053138
-0,000166577995147859
0,996803283174947
-5,37869964310883E-05
-0,000184245157934778
0,000148211425549645
-0,00663584813127514
-0,000939880869885105
-0,00566233574505988
0,00467419256554092
-0,00119044862807219
0,00391243069406227
9,80428693778932E-06
0,0263521130281946
-0,00456806484955168
0,00146583589118789
6,71340540327681E-07
2,73861529024634E-17
8,46346499384639E-16
-3,61354959977056E-14
6,75034455930861E-16
2,02045699587179E-14
-1,6626673990107E-15
-1,25612354428017E-15
1,6813872367529E-13
-1,55268098471684E-10
-1,89635075871637E-15
-6,0378117080503E-11
-4,34754730849633E-09
-9,61066677797639E-08
7,9072468329375E-12
-1,96047129042534E-05
2,87763884456151E-09
1,42628474978309E-10
-1,20347504993533E-09
-1,19903688854052E-10
2,14621720130312E-07
-4,757280014298E-09
-5,30452898988365E-11
-1,9396622443382E-06
-3,66596221820259E-10
-4,95661735291073E-10
-3,81589793237063E-09
-2,07302237284069E-06
-1,36385752471222E-07
-1,11184908367108E-09
1,49461740872436E-07
-1,72304359990281E-07
6,75672214827638E-10
3,92791802021976E-07
-1,0535641860563E-07
-2,40603639810759E-08
2,00997566480696E-09
-4,01451504801546E-09
5,24951365368936E-08
1,6695205583762E-08
3,83751559619671E-06
-0,000303229939416143
7,89680832635272E-06
-4,26412697803419E-07
0,00351330289238198
-0,000106854363453947
1,29235996098488E-05
0,00138275395499414
-0,0016758045058675
5,39873082769838E-08
-0,000134238887349791
-0,993562655285627
-0,00016770055098156
-1,20323935705055E-05
7,73251267965794E-05
8,89041018096863E-06
1,39954873721021E-05
7,81064824522048E-06
-7,64030739871762E-06
-5,21658246914491E-06
0,000200797889136543
5,59720796408401E-07
-1,43340389340557E-05
-8,67110163736182E-05
0,113207692577385
6,18626374776731E-16
1,84757316795912E-09
-6,73576561319574E-06
1,54009504270044E-09
2,62939825756407E-05
3,01632445941125E-11
2,4783712325243E-10
2,81184573443677E-11
-3,08016132099242E-08
-8,54919375923209E-08
-0,000435895323289557
6,68786038008399E-10
5,94696671066866E-09
2,69231355557097E-09
1,25879922434915E-10
-1,65382340777513E-06
8,98178268599666E-06
8,98312383406574E-06
2,49988463182343E-08
-1,75436815778675E-05
-4,94420960101949E-11
0,000514804352381332
4,89359468709915E-08
1,14622007132695E-05
-1,45115052076045E-07
-4,97195679371118E-07
-2,30071428689181E-07
-5,51856281838651E-07
2,45983102178131E-07
1,24489581103784E-06
-1,20896681018077E-06
-0,0453832619766142
-0,000169202817982872
5,80453484492104E-07
-7,83703663932626E-05
-7,86557640143945E-09
4,42183960591242E-06
-1,5402376892545E-05
-6,39064812646355E-06
4,47409751785148E-06
-0,000247805984331424
-7,95428000140567E-06
9,11461038694059E-06
-0,000258612039424853
-0,00452276153746627
4,85711143000896E-06
-5,16446631419522E-05
6,71386849628373E-05
-2,00713433168989E-07
0,000138883406720081
-0,000161703420327315
0,986718299012475
0,000835097764369729
-0,00618505647635009
-4,91432401275037E-05
-0,000131787763285741
0,00148233314914486
0,000280562360717465
0,000793507525825499
0,155730788795023
-0,000120678699467931
-0,00129892816772147
-0,00324349640590524
-0,000227205215655537
2,53740084086108E-11
1,46040081893301E-08
-8,78781065354377E-09
3,13459557833704E-07
2,05321776010487E-09
-8,72208318594682E-08
-0,00513605659727515
-9,79637579417672E-05
-3,14421931877876E-07
-4,35460221600218E-06
-1,10747861459283E-06
-2,3559242755716E-06
-4,70933484135676E-05
-3,27628948001546E-08
6,87570742644374E-08
-1,84787901599722E-08
-0,000291109986242209
-5,75784420337066E-05
0,000401052891031843
2,12357980558062E-07
-8,51886336714501E-07
0,00273002464280878
-8,00471300225829E-06
-2,95160904401887E-05
-0,000125294315099941
-1,97724706493631E-06
-0,000259271442204928
-1,60217876690645E-05
-0,0280170017016981
-8,18070668086854E-07
0,00012198796086753
0,000311221167589891
1,85296244119212E-06
-0,00174807557238091
-6,7594930462191E-07
1,47605044184547E-05
0,0117424000850819
-0,000413172401159731
-0,0206074324946895
-6,68272790093182E-05
0,00305561872715922
4,82487457944941E-06
-4,07223914825137E-05
0,000716083501600787
-3,43178025353031E-05
6,24584670446246E-05
0,000116327036701353
1,53045874573887E-05
4,47050362074763E-06
9,93576498281499E-05
1,36346734386484E-05
0,000855292217265479
-0,999246281127588
0,000679266387083821
-0,00221355837995329
-0,00965284134316578
-0,000653482852561851
-0,00317829610728457
0,00141420148325257
4,77046235086308E-05
-0,000158167886917078
-0,000344992576172271
0,000148219143850895
3,54509887750702E-07
8,55502696530821E-14
1,8406652921122E-09
-1,5183729360519E-05
5,35109849164996E-07
5,79208124208757E-05
-3,83851843333489E-10
-2,97669439556684E-09
3,08424993935439E-07
-8,24027800940242E-07
-9,33414769969914E-08
-0,011556129856286
1,37559757100445E-08
6,41260707193082E-08
2,1821984100497E-08
-1,03745682311117E-09
-2,44543458377651E-07
0,000237014075176555
0,000131882908495171
6,42650541240631E-07
0,00174038913231887
1,44846891651805E-08
0,000513922062170123
-8,00255655257339E-08
0,00028983474399315
7,90530882626044E-05
-0,000194418821064547
6,30592541225309E-06
-6,72653739706978E-06
-4,90198091476662E-06
1,2042172183885E-06
3,74808246339181E-07
-0,0442766385381668
0,00824507953959536
-8,57246962720768E-05
0,0101226942402575
2,15895085719398E-06
4,56099191738252E-06
0,00179421434738012
-5,21209797906943E-05
-2,34069563890911E-06
0,00013190502539524
0,000652794819644269
-0,000174031218989845
-0,00102192409761893
2,79645980333134E-05
-8,36491954790275E-06
0,00121100269866337
-0,000907100457131511
-1,5207136741892E-05
-0,00712786898984128
-5,37453230488985E-05
-0,00830814040274304
-0,000657578677652912
-0,998746158806803
-0,00911941787768142
-0,00351250071810086
0,000252749166992528
0,00275729641006147
-0,00259710667465461
6,11506234354188E-05
9,26472105519684E-05
0,000883621255700858
-0,000384677127149514
0,000194365659601221
3,11165554555504E-12
1,18549662947594E-10
-6,48021126173558E-12
2,63205504245894E-05
-1,40063816955896E-09
-2,6465023721436E-05
-2,2653059483329E-08
2,09026498142629E-06
-7,44286945145418E-08
3,28775350461537E-07
1,97334965492598E-08
-7,54812308299039E-06
-5,43460151242457E-06
0,0129048982193929
6,96403237293599E-09
-6,15296062785964E-07
1,60190032613754E-08
-1,61221480970826E-06
9,22276689279978E-07
2,6029295586294E-05
1,30185284941924E-06
-2,29150200737812E-08
1,876581608492E-07
-2,5877182326856E-08
-4,44809213373014E-06
-4,55812268719428E-09
4,93942131466827E-07
4,19407482602068E-06
1,1068145720437E-06
-2,44087724956153E-07
5,45517276875444E-06
5,54737233037158E-08
2,10695077660782E-07
2,01379609533338E-07
-1,84774865852191E-05
0,00123005486654228
8,98965885708106E-07
0,000108133341597786
-1,28405776795601E-05
0,000148259415630418
8,98558050831441E-06
-0,000120565870021213
-8,12974381420088E-06
-5,7006639160514E-05
7,33862518383083E-07
1,92075613028553E-06
2,11630884578128E-05
-0,000299174611474884
-0,167336502421499
-0,000104432832907982
-2,8285073907927E-06
6,06493654777516E-06
0,000589730207555092
0,00735091005292088
-0,943651491545704
0,21420717718124
0,0443434795223346
-0,182691007323147
0,00837913487489191
-3,05797688176949E-06
-0,000633183824781597
-0,000296941681372313
8,37492302395177E-05
-5,07223258190413E-08
9,15292459341872E-16
1,2040619855725E-08
-3,86585183454732E-12
1,02091436671659E-08
1,59114237720467E-10
-1,27896821887886E-08
-3,63765509061984E-06
0,000247081986925349
-5,16876594423249E-05
1,75963145666145E-08
-1,627339342182E-07
-5,27157753857827E-07
-1,05708050613319E-05
2,26334866402341E-05
-1,33540164105724E-05
4,61078883352901E-06
-1,70725146379507E-06
-1,64629831744393E-07
1,24284209777351E-06
8,50661535698109E-05
2,22372217007863E-05
2,24033705594761E-06
0,00197520396955345
-0,000130943747982567
5,25634982731517E-05
-8,80775597906478E-06
-6,52103012683248E-07
-0,00153767487398555
-6,96069937983291E-06
-0,000196255585081897
-1,03606322020883E-05
-4,52315436135841E-07
3,61336875532349E-05
0,000335178496458602
0,00436659984319642
-1,24257577920215E-05
0,000372584897353881
-0,0595889468923272
-0,0414395971645264
-1,23393051431356E-05
-7,68621572211205E-06
-0,020819481019346
0,0104572099138193
8,20268405214756E-05
0,000599843877621244
0,000141331769204956
-0,00407897235237996
-0,00631493090994773
-0,000483680237797021
-0,00669021247141558
1,61384395021588E-06
-5,57637084631018E-06
0,0111289687163016
0,00198728326887154
-0,107576061335916
-0,84608807775107
-0,082176549943991
-0,444737801824975
0,235827199415407
-0,00026850067529355
-0,0287300114425802
-0,0680669469553937
0,0296358993643785
7,6199138517368E-05
2,86848673455581E-15
3,14255722344861E-11
-6,03828952813043E-09
2,34587523451961E-09
2,29326728151981E-08
-9,09601060456202E-05
-8,32114227735099E-07
5,67550688409015E-05
-4,15205400582868E-08
1,1244330775804E-06
-5,69297273530487E-05
-0,000704342685731721
-0,012485979258609
8,27685003396016E-06
6,88443132853967E-06
7,26710337142445E-07
8,67165089879703E-06
-7,94664283663639E-06
-3,9444056130245E-06
0,0162126080152564
9,06155269224968E-08
8,86466292948737E-07
0,00013356220274749
-9,69417075025437E-06
-1,57662815015245E-05
2,50313635445388E-06
0,000124109561277678
2,17108818829102E-05
0,00017938912500231
-3,78070562184907E-05
1,56151362553106E-07
7,16734082301114E-06
-7,27305976381997E-05
7,0779753918948E-05
9,62865369925205E-06
1,15463085964184E-05
5,13629330702131E-06
-0,000864306948148395
-0,000660483208148343
7,02087858655762E-05
0,000266221334619139
-0,00482313573052851
0,000205212331879014
-0,00176112952557286
6,27689328845603E-05
3,33693471524985E-05
0,000239854123162901
-0,00313024400112195
-0,0118036732035363
-0,00068428525135781
-1,5941453029318E-05
3,11427232728903E-05
0,00190497068097647
0,00634068208631161
-0,264956892477592
-0,411396379192309
-0,175539005368315
0,852333118013852
-0,0511782719263519
1,81910744286929E-05
0,00221564499291995
0,000734668878735933
-0,000140419474665408
5,45326512716948E-07
9,85610484289188E-10
3,00769628971709E-07
-2,55685773205804E-09
1,02950912693472E-08
2,5295787764564E-08
-1,43720058641201E-10
-1,12705150936265E-09
7,13076037111435E-08
-0,000103246034109198
-6,65224064841901E-09
-7,84069861601944E-05
-5,42496881114702E-08
-7,1201048320218E-07
2,40419216923788E-05
-5,14032264465255E-07
4,34231603113889E-06
-0,00862592422544982
-7,28939587040348E-06
-2,01520472789124E-05
2,11687871793576E-05
2,29571177049048E-05
-7,67130427894852E-07
0,000114114359187962
0,000183696207804626
1,64131802245892E-05
-0,000639117147330182
3,98180888041002E-06
-0,00179765497887555
0,000405554850167561
0,00497295199315451
-8,92098398069345E-06
-2,58679516341273E-06
-2,40748347031817E-05
-5,40588222478947E-06
0,00461172301489425
-9,60352251277647E-06
1,21289825021976E-05
-0,061728820672574
0,00154976237453551
-1,48250853672931E-05
-9,51937367860281E-05
0,000120755981578806
0,00390079661545098
-0,00265129188639445
-0,0884350050404027
-1,47133897323357E-06
-0,00272118485395311
-0,00401775505774546
1,38922018260551E-06
-0,00645463545647625
6,17980103221111E-06
-0,00166508719151476
3,66198842777815E-05
-3,2362734094026E-05
-0,0033330329056827
-0,0665524498704293
0,897849171657287
0,174716397233935
0,382884943324817
-0,00273141245014207
-0,0192893068462402
-0,00021697045976609
0,00849197803468269
3,88349003596561E-06
2,87629014449695E-15
1,56402585007152E-11
-6,70235450850981E-09
4,05983216642019E-10
2,29351472538262E-08
-6,9854147500268E-08
-8,91391557038269E-07
6,05550688498689E-05
-4,78939954311342E-08
-3,2784637154542E-05
-5,68218801846621E-05
-2,22527188200523E-07
-3,94411031861128E-06
7,03953494541165E-08
-2,44847681527758E-06
1,14484604509038E-06
-9,38821316017498E-07
-8,67989549533087E-06
4,79883063919656E-08
0,0161787308486813
8,99284339416396E-06
-1,68437819884122E-06
0,00035732618679224
-9,04456475987445E-06
-2,98375214840227E-06
-0,00167466374479193
2,14504804978304E-05
2,18510783353062E-05
-1,22378142612924E-06
-1,95074658367151E-05
-0,00193948941682189
7,31195871303538E-06
-0,000208974390543445
3,98905039735146E-05
5,69705517575483E-05
-5,40959055880763E-06
4,23668377608645E-06
-0,00201169090059136
-0,000475393911787826
0,000267361324505853
0,00037088071955151
-0,00361894140166841
-0,0163818042922761
0,000769753080731243
-0,0017379048255877
3,60307812256848E-05
-0,0792974884234792
-0,103327928342117
-4,28536022156904E-05
-0,00327890007682033
7,36097048461958E-05
-7,83842774030051E-05
0,00114353963930961
0,00336681348968221
-0,0252503591863693
-0,235921462685015
0,343075885018247
-0,100011416850379
-0,792126222742961
0,00112318842390411
0,128556382500041
0,359295230894172
-0,159276150988892
-6,04280152651896E-05
1,81216442160895E-16
1,67437397701115E-07
-4,03244609725973E-09
7,28369408446391E-11
3,76664839615086E-08
4,9936126884403E-14
6,31825470555846E-13
4,65486282755271E-12
-9,71859492259455E-09
-5,05263532419969E-12
-6,29398264515918E-05
-3,57076521145715E-10
-9,28331292420806E-09
3,28652193985095E-09
-1,04179402048824E-10
1,36138107459259E-08
-5,94665845653072E-07
1,99099302098879E-06
3,42590128460402E-08
-2,5956692409852E-06
8,31761620983974E-09
1,63829378797665E-06
4,49192581057825E-08
1,72367391696431E-06
1,4182017193055E-08
-9,68753413339632E-07
-2,8055854306844E-05
-1,87370421923504E-06
-3,6057015358628E-05
7,07811999386642E-06
-9,65356197331663E-05
-0,000494448891839405
-2,27155389191156E-06
-1,01606484104463E-05
1,00818849065465E-05
1,42144359204503E-07
-1,34612313654493E-07
-0,000294887968035319
9,75768658957699E-06
0,000134334862084221
-0,00627778125311924
-2,24262759258347E-06
0,000152621704303626
-0,00405059211604779
-0,0675661099310846
4,62221545241449E-05
-0,000275753098650506
0,00025737590963775
-1,16579518309827E-07
0,000124997239898796
-5,55953921501143E-05
0,155248174333283
6,40243264827714E-05
-0,00132567682998576
1,65185773316931E-05
0,000502050770599554
-0,00724173655008232
-0,00150941481957126
-0,00472899518585477
-0,985199046214785
0,000765448696631265
0,00885892508519361
0,0223314327774429
0,00156119163917559
2,14888126232791E-17
6,43274093079301E-10
-6,63783548990386E-13
2,85465183518912E-08
5,99752184565129E-10
-3,63245326839185E-10
-1,07030156502008E-09
9,04877456097071E-08
-3,17556048366639E-10
-6,23221259180642E-11
-1,3549471632006E-08
-8,48109863869443E-05
5,3239590741988E-06
7,99128341566047E-05
-9,21144837491143E-10
-7,12172420572631E-09
2,62338684273384E-09
-7,52757858608245E-06
1,59173913343392E-06
1,80617712729703E-07
9,82140758102261E-10
-4,48462509992683E-07
2,12188236216623E-08
-4,92970110048932E-09
2,33660035484346E-05
-4,97903199819575E-05
1,61785973504803E-08
-1,84638602090658E-06
3,28418878196251E-07
-3,39380932003095E-08
3,78016708033411E-07
-3,00414993845394E-06
0,000156193694407527
-1,99620030779453E-05
0,00284218021360017
-4,56100416892983E-07
-6,6769857323917E-07
0,000403330129247095
-8,71108676964998E-06
1,85136704312423E-05
1,57837870572179E-06
-7,16271393218154E-06
-2,76606473227554E-05
-1,60062977288717E-05
5,06474124678714E-07
-4,03040508560448E-07
0,00040384207717201
-0,000816793194444829
7,12110135563832E-06
0,0269673363490105
-1,85973914584966E-06
-4,8302031101377E-06
9,07402856803711E-06
0,000100378945605122
0,000135732418729028
-0,00178487128305021
0,00885010544027231
-0,00069033103102636
-0,0684649967750977
-0,000183955913892742
-0,981702614830817
0,167305484816278
-0,0525641926270222
-1,84415735015161E-05
1,56732574007895E-16
2,74824668625911E-12
-2,2110459501599E-13
2,59645238594147E-08
7,10571697034139E-13
-2,64070820888703E-10
-9,8467064901336E-11
8,68399994354631E-09
-7,66816372540588E-09
-6,75043627050398E-09
-2,8123288148712E-08
-9,77260401528827E-05
6,13300549996514E-06
9,20795713621201E-05
-2,70283460996978E-09
-4,89360032838097E-09
-2,53375992379801E-06
-9,3957465997476E-08
8,50905466425036E-09
1,7668439429801E-05
3,46463683255231E-06
-1,35666878152321E-08
6,0294667479403E-07
1,20771295672303E-07
3,2139408057186E-08
-0,000628534059591712
2,49739385784806E-07
-2,0816873767183E-06
6,13051351238401E-07
7,89912006176164E-06
-6,58791509736729E-06
2,29015405882149E-07
-6,34231389705334E-05
1,29356549063378E-07
2,57287121848585E-05
-1,74736828052051E-06
2,45378290342362E-07
-0,000546306327465634
1,25478236565539E-05
2,35096254547542E-05
1,0779865881591E-05
-4,00454216661775E-05
-0,00688957442796971
-7,89404186422953E-06
-0,00071427537191463
7,96476723262717E-07
-0,0023171257830173
-0,00364741299027185
1,87026933268357E-05
-0,000339109613117105
4,12373996543215E-06
-4,4217711695047E-05
7,99918874939561E-05
0,000292628578915025
-0,00224423677192231
-0,0353827512606238
0,157230647989296
-0,00742959290232178
-0,3854546019322
-0,000264370885247962
-0,132114710244567
-0,848245397006365
0,297235411080583
0,000106244116591574
8,66313293659853E-15
3,29546666849081E-10
-1,01967676508522E-10
6,66128057863692E-08
3,11160524661624E-10
-6,00860086781274E-08
-2,05437529959979E-07
1,39378923305066E-05
-1,63464891368525E-09
-3,01181454817228E-05
-2,48252377679576E-08
-1,7509126610969E-07
-3,53629844508705E-06
-7,99020564376497E-09
-3,93346891804414E-09
3,39324335979442E-08
-3,1565098693152E-06
-6,08467624515751E-06
6,8860609267795E-06
1,36626838048765E-05
3,79021703090598E-08
-2,78269090073039E-06
-6,32753266877539E-07
8,5944012577758E-07
2,60298208601252E-07
-0,0234591916307406
-0,00137787127272002
-9,36910336090702E-08
-0,00155997650755672
-3,72814794050003E-07
-0,000994778069832475
4,00592953009711E-06
-0,00116755261765558
-0,000245524390508318
1,38467226964067E-07
3,17115991348749E-06
-4,49444798761899E-06
2,53884902905148E-05
1,19067037541312E-05
0,00140714728182338
-0,0656928593037776
-3,9575101825485E-05
9,22205997178125E-05
-0,01416995556942
0,000564660865449376
0,00024894939177239
-0,00132562689917128
0,000573173457418799
2,14809549214074E-05
-0,000710155610963816
-6,6719468511785E-05
-0,000384113746846131
-0,000160947825664431
3,08947382695579E-05
-0,000187736277260401
-0,00230917035545535
0,00421757756019979
-0,00223075101893765
-0,0292095673322764
0,0247921466012297
0,00999140161686487
0,340811737412786
0,936575045488226
0,000416902647270745
3,93652549795794E-11
1,95309824896831E-11
-7,00135420977193E-10
5,97317873042079E-12
1,58100625639428E-10
-9,56598740923825E-12
-5,42777861686813E-12
5,59992033748019E-10
-4,35868456074476E-07
-4,37834098311132E-12
-9,11167245314474E-08
-6,19431926842512E-06
-0,000123121044920632
9,55700281159463E-09
-0,0151114468999715
2,04790966867679E-06
9,64608839983218E-08
-6,80138909119601E-07
-6,37357746304253E-08
9,22570215490048E-05
-1,84071856092148E-06
-1,77845968922619E-08
-0,000608655367850287
-9,58800436532729E-08
-1,07369429021663E-07
-7,57224265186104E-07
-0,000360063657219706
-2,09398827181828E-05
-1,66830724342738E-07
1,75056697450324E-05
-1,89643383505824E-05
7,10186308709308E-08
3,6983030838523E-05
-8,37645817004144E-06
-1,82182761632383E-06
1,20206907143645E-07
-2,06740843785172E-07
2,52843735661137E-06
7,14437008433598E-07
0,000142117046926539
-0,009380863730662
0,000191507039219766
-9,20882697071787E-06
0,0637856369553166
-0,0019277818026398
0,000150291139896799
0,00981615592046275
-0,00766218505517115
1,94757844829534E-07
-0,000383625120855913
-0,112699076137649
1,65110542204067E-05
1,67933820068286E-05
-0,000231133157878507
-3,01180892097142E-05
-6,83736729263174E-05
-4,90638872213193E-05
5,16505633244418E-05
4,00342376307982E-05
-0,00161832242859976
-4,58217662609978E-06
0,00012449760295009
0,000758011739626195
-0,991338057166991
