0,999004134937665
-0,00161150690987542
0,0011243048141872
-0,00221420119931927
-0,00394986031150207
0,00193875760808893
0,00873344445613868
0,0102306586704708
0,00100203742690062
0,00637299065785692
0,00552888080282738
0,0101767731640695
-0,0074767124229173
-0,00924947274934302
0,00551747298519271
0,00802353088804534
0,00486564571915436
0,00391024821229326
0,0167973604625326
-0,00145948724045262
-0,00262990186336181
-0,0031610203929803
-0,00312232456967869
-0,00102974378372913
0,00107519557204256
-0,00247141367395823
-0,00308580203629603
0,00950902188092234
0,0069633626007177
-0,00400420910386376
-0,00991129324828611
0,000311580825721585
0,0067043282187466
-0,00809051331075677
0,00128160066438664
0,002393030759744
0,00364134669459368
0,000326792823364568
0,000571672529025832
0,000509004257433191
-0,00363148066307623
-0,000236430839291392
0,00349083843124075
-0,000169981946148887
0,00199705412536599
-0,000528527370359366
0,00830070579746214
-0,00772402525537671
0,00556811410257012
8,18983478045712E-05
-0,00161246419925007
0,0092650786021051
-0,00110401543926158
-0,00456496752851938
-0,00955951396343521
-0,0062360724852692
0,0103842345369288
0,00504193619400476
0,00486748745067335
0,00158159321488684
0,00240049704963086
0,00229603406337896
-0,00349955179086681
0,00202429918045254
2,63826701925078E-06
0,89621749936718
0,110337152257488
-0,0912044057347702
-0,0563980905801303
0,0244348976741356
0,116491902097776
0,163547129283375
0,00461406816568981
0,0314011914288379
0,0782797555093224
0,0531247030892781
0,0104218985719163
0,0457013815883928
0,000254814329475567
-0,0683906708166356
0,0191817558179988
-0,0236186958777324
-0,151009195842974
0,020197074044773
-0,0232624767009857
0,0643471614336273
-0,0043262002849156
-0,06605702254818
-0,0346744185790065
-0,054899547785974
-0,0201804171953893
0,128736181248123
-0,00640370705082894
-0,0222034757255672
0,0341553107713823
0,0683443343953276
0,00812935207689921
-0,0117975745950958
-0,00295875822599549
0,00811614980270066
-0,0265106772914419
-0,00376263252880623
-0,0193480374679046
0,0161488004011869
-0,0253742811046752
-0,141606230721596
0,0487790874737324
0,0533098201847
0,0442097066763931
0,0280208575548041
-0,014535770387617
0,0214897449930279
0,0383049374538706
-0,0215314980010822
0,0322180381830017
-0,000183763130892015
0,0415271876915424
0,111185435610958
0,053213642113544
-0,00653493590661885
0,0310485122336988
0,00189233430748981
-0,00219901119450091
-0,0291468923154667
-0,0395249661129839
0,00969031733435741
-0,0116454914691534
0,00992328525355527
8,01100174371551E-06
0,0756728483555941
-0,842318362963049
-0,287574194576274
-0,0472802306989778
0,376905693915517
0,00442860354552185
-0,0456009395752138
-0,012523415981384
-0,0958623806905107
-0,0182231751897299
0,0399445838069532
-0,0607145980383171
-0,0710238333883443
-0,130306764988403
-0,0344839637663049
-0,0425351114212369
-0,00919833818223847
0,0176929656225149
0,0807408322751622
0,013228918468651
-0,00213754403002367
-0,0202484415159719
0,0292635128756972
0,0036898653116288
0,0277975797902272
0,0437599486509862
0,0302620414784577
0,00936154436432045
-0,0115166346453894
-0,0134913952671139
0,0193970338961207
-0,0410888886653907
0,00181792454809709
-0,00359176766422429
-0,00260477718017879
0,0102984664360156
0,00198575261923997
-0,00960474267644251
0,0115402208097698
0,0073588958855915
0,00480656214739417
0,00673138798323007
0,0112993833928204
0,00519437615696215
-0,00469120942777973
0,00667025031619577
0,00484262300811336
0,00319517153526266
-0,000145488022062619
-0,0223290552760087
5,81411010878759E-05
0,0026919784350335
0,000188349996780218
-0,0018273240055073
-0,00235720859482581
0,00136806764882074
-0,000340150353928419
-0,00012259127619816
-3,29572304743871E-05
-1,74346759191295E-06
2,99663028826032E-08
-4,60190220653686E-09
-3,97892745646173E-11
0,00223059301484806
0,116455341755117
-0,111640365869013
0,718873162583406
-0,124087048439535
0,0762186419466815
-0,0149256287276597
-0,0330111409409499
-0,0691158307768093
-0,165783590061889
-0,17626229169915
0,210605579630426
-0,129773443532971
0,0468469669649958
-0,111296094444705
-0,0149910355273496
-0,093805651472939
0,0331184708850207
0,0299288359783319
0,113921004843467
0,0560791504182701
-0,0165072809442052
-0,146448265539462
-0,0141799565915323
0,0142869941261065
0,026440171462339
-0,0553488551596856
-0,0523297806254671
0,0170239644169502
-0,0998604808501645
-0,0068403608149921
0,112187360864704
-0,0520025045813533
-0,064310248729151
-0,0202580077377448
-0,0449056105180551
0,00110350004161002
-0,0391094671430931
0,0583526740618815
0,043196151739316
-0,00311636599011025
0,0677248937175212
0,0615992708324487
0,0207166204004045
0,0352215448150767
-0,118382978365743
-0,0647409323127749
-0,218286083309338
-0,108351179358687
0,0755838239196933
-0,0187785776832337
-0,030014122065017
0,270111250847803
-0,106572278868134
0,0942927073638502
-0,0107422114080402
-0,0871856114928969
-0,0365881896050229
0,0183324271134563
0,0306839621899579
0,019819203499487
0,00092846544528482
0,0167507645610947
-0,0446997002453363
1,69196834267489E-06
0,0325919322899102
-0,287086666698903
-0,0319653624320871
0,0428551234305396
-0,782367898850002
0,184668599915072
0,0319006547571671
-0,037803542302497
-0,101491331036076
-0,0371863057187951
0,0378820104625621
-0,103666928615817
-0,0532048992376779
0,0143371844040684
0,0086359211341857
-0,112723922542219
-0,00537202433250433
0,0192346965730876
0,0637351624167132
0,00959020946290725
0,0920150288589596
0,0162860133721994
0,0450510764960676
-0,0209202787977828
0,0380163177531763
0,113074704655409
0,0483278032014809
0,182005933557558
0,0155494771137115
-0,0838713991685341
-0,0218922975667567
0,0395848560431978
0,00220303470448682
0,00512665873253676
0,0210518247071053
0,0271264133416538
-0,0570607823227092
-0,114004013006677
0,0924309229602222
0,134820181988424
-0,0994418057855873
0,0911342770030214
-0,00389611107763381
-0,00472758217880024
-0,063104313492286
-0,00204034762495306
-0,0401867336941415
-0,0240263180106647
0,00268879644143585
-0,0736835908556406
0,0695793256495249
-0,0621957746102587
0,0116500297670277
-0,0128785247385234
0,0708475901913888
-0,152968904725233
-0,121480616667655
-0,152084056304739
-0,0112520544157426
-0,0312853535410967
0,00953166274297309
-0,00307609512975974
0,00301146473339926
8,10598986228049E-09
0,00309421038756046
-0,00654693900153615
0,0581866502801497
0,0815744801420206
0,0474971648095679
0,371314558119362
-0,279791769402392
0,457408370913259
0,00563633738382262
0,115385502753441
-0,046489045659446
0,157454648400053
0,0970329020649053
0,0632031839495449
0,129106712634145
-0,0975064895550081
-0,0724803986675392
0,0399903193573382
0,034765690703296
0,0171583572209881
0,0481796280925459
-0,00353568433772736
0,0349908191592205
-0,171981313792899
0,138774337296045
-0,143380289797789
0,145935202543719
-0,00193543324964188
0,0390336252891031
0,0162289264701625
0,0741581658249512
-0,113322703139891
0,0803357343887093
-0,0372700288298773
0,0127168712479175
0,310812891664885
0,129946432176164
-0,227537776680399
-0,136920880480127
-0,0179958614823012
0,0485989908334657
0,117874785873913
0,102943861205221
-0,135364409809915
0,144493262226033
0,0976650923971278
-0,0406835912392116
-0,147875806522108
0,0378420664760687
-0,0287944459476606
-0,0320862681714858
0,128226448795782
-0,0930751784201393
0,0355877363306632
0,173418477885749
0,0875422973582394
-0,0100283472398145
0,00210358354438909
-0,00104870181319335
-0,0030603839436181
-0,0245574137567959
-0,00770684206012673
-0,00390137490024996
4,572249268243E-08
0,00453558643673757
-0,043947451204674
-0,0119437543206641
0,0991626436567609
0,0673667384424012
0,103422562846591
-0,0456718980547176
-0,15259726154753
0,0656786375108806
-0,0132347965460862
-0,131669022632097
-0,361705514731044
0,279689620690924
0,096654665617746
-0,0910984691801384
-0,215722733831517
0,0398595818497677
0,0260471169298407
-0,59628628891119
-0,0414274618555821
0,156641635055918
-0,200651479188039
0,015983080765363
-0,107212926426246
0,100356407880547
-0,120633689328191
0,0124647782093466
0,0264612927253918
-0,112328651907411
-0,0772304593513812
0,00378022163207554
0,0902055778785871
-0,128532913182555
0,00470629772221603
0,0138557287173565
-0,00945710740542887
-0,0330876707993946
0,0511195648743637
-0,0155349310921209
-0,0160587075701568
0,010569281916553
0,0923245771929425
-0,0148231008491769
-0,0885219167105166
0,0144824311296901
-0,0374976408487059
0,00488120410258412
-0,151936193348529
-0,0372217274840916
0,262878511954676
-0,0480884431409509
-0,150801286239986
-0,0127539015405338
0,0522258510635668
0,0406522556511335
-0,0367204949034156
0,0126431902837596
-0,00238449452135567
-0,00642172058317491
0,00248597840491373
-0,00242721495810303
0,000377531081318258
-0,00165257947001422
5,62283912251588E-08
0,00740265066063313
-0,011256825954847
0,0539485483861564
0,448139155653726
0,0829168279114724
0,27110088985167
-0,0537702419058736
-0,345883372177735
0,277167814760542
-0,144429094798418
-0,13056236991694
-0,286356734551527
0,0572961733447194
0,119418229671606
-0,0752729830157615
0,123250948398991
0,122233300435124
-0,0806946202555796
0,260396332294797
-0,00586230064583617
-0,159607366997237
0,173737146813495
-0,0131116864358553
0,0252250311619925
0,00986717829577429
-0,0128394463583646
0,0441858597158552
-0,00182686413260677
-0,0113590851740921
0,0324543368521988
0,058673237437298
-0,0299032319339187
0,024995633387452
-0,0132560543823699
-0,00964769876854519
0,0954186262252124
0,0615229664189429
-0,11803826713785
-0,108593814277091
0,00969978538677406
-0,00528606150731898
-0,137704901893765
0,0629637140574239
0,0496191710867202
-0,0070949289139386
0,0570887417319497
-0,179388766271234
0,18165789293803
0,0041310355614747
-0,114350450348367
-0,206123462233281
-0,0488339850050498
-0,0159161073903586
0,0231790020713422
0,057951316271157
-0,061895769836991
0,0295715514627333
0,00845441768070453
0,00934114530473402
-0,0105612055458924
0,00767239565062368
0,0137445605757968
-0,0608985984755576
7,81988139665204E-05
0,0328734608158291
-0,00404184406454941
-0,011455891164074
0,072512817730278
-0,0624282337063446
-0,260660081390037
-0,388136341250496
-0,0450329515191679
0,0477850005687231
0,0403152784639534
0,0340400069619507
0,16126757178593
0,227852797613719
-0,0976642049862023
-0,424193692212492
0,0918512036728277
0,0599644199304794
0,0218481535943915
0,13625051268398
-0,094942934043439
0,130695862684469
-0,0416622245229096
-0,111878261155556
-0,058157570147802
0,110723762123802
-0,0711210140039201
-0,0205384216261368
0,250927413116289
0,115376318774732
-0,248112511360075
-0,0437025531333925
0,0725902340641446
-0,086345956130699
-0,00957493591762254
-0,0279765856062668
0,0503435282709934
0,0913794849231301
0,037215680504487
-0,0473557023032174
-0,0581366439327931
-0,209430191804754
0,154942442954737
-0,0060957971479581
0,235807763200253
0,0241155521546843
0,0973490488755071
-0,0447209463529098
0,101285958175576
-0,000276685414736949
0,0290553542994767
0,10602179709688
-0,0371162038049328
-0,197293537991457
-0,0140883093226091
-0,0524914669714311
0,0939836642790153
0,0965595180221948
0,0807737593582305
0,0457350710937501
0,0684261455626404
-0,00993502986873037
0,00322261721708841
-0,00321073419260979
3,17201848222212E-09
0,00385565516007814
-0,00449184980787184
0,023883316627228
0,0779330038529701
0,00369637042986142
0,165795568659331
-0,0887921171891871
0,146970401410418
0,0885203038385318
0,0434212488674063
-0,0581066509862162
0,0376871654467389
0,060572876288752
-0,374126321436066
0,144813702343279
0,133338830728566
0,177045874520196
-0,00378073918787681
-0,0968324928100903
-0,0683059448676184
-0,0539583991480236
0,178343421869959
0,00505631066525483
0,0307607781003386
-0,044195254170415
-0,0126068132192166
-0,270284124356285
0,275713230568757
-0,131634011912032
0,119370684428132
0,453235987812494
0,0292791926923843
-0,15687033582419
-0,0112018646782831
0,103542029397623
-0,186137508905337
-0,0284678974177639
-0,0042117471493712
0,12050057736966
-0,065147326990087
0,14366556172915
-0,0501115023585452
-0,0873966752774641
0,150488312330432
0,169256725227393
-0,0230607906076018
0,0512921791974814
0,109262979156305
-0,00934882100920834
0,100916737752372
0,174173989203125
-0,054503460845162
-0,012662808342196
0,0491124508386461
0,0191203997401594
-0,0120681853092613
-0,13853506046979
-0,11905631762396
-0,0157171745319878
-0,0160838320775145
-0,00134922680181368
-0,0138145835253245
0,0410920511519519
1,35651872903365E-05
0,0133828608292805
-0,100429926536733
-0,00617300455561913
0,0245584042839558
-0,147249940250192
-0,0478874677899544
-0,0968986730163477
-0,0429956396242354
0,0342819132734254
0,0829209390763076
0,0979125933386994
0,165293245432142
0,237694717327748
0,101062616206158
-0,0808574361673148
0,324789214481881
-0,0293282229372074
0,0230354749787543
-0,0925357714929565
0,00810504400106299
-0,290699461857844
-0,21425545600135
-0,0467229774155877
0,0687517940242492
0,138196296272332
0,120068912919489
0,207444775747472
-0,19347419432318
-0,278304678429587
0,239815176042749
0,132135906643598
0,0204770940766799
-0,1075446480785
-0,0106020160748554
-0,00807317665327161
-0,00991665645064632
0,0494162138877261
0,00322369408694892
0,128871128535545
-0,000972312662600382
0,109367343461081
-0,0321953424698073
0,00958316083444637
-0,00743620545090515
-0,0319752648643032
0,0219844322616069
0,0170501170682732
-0,124680632247061
0,046893816268255
-0,14085009797955
0,177005528310386
-0,0967861154405368
0,129994673059222
-0,10136405555016
0,181664322958708
-0,113598501693975
0,078045396939026
0,27595548007834
0,0350294925307641
0,0640072880416485
-0,0785664134081149
0,115964861036865
-0,107813677969792
3,87044156488837E-08
0,00186786169624076
-0,00111808046999535
0,012605760694968
0,0719481990118766
0,00505139505212778
-0,0381429322114658
0,019219421853744
0,0538397182968157
-0,116861438218811
-0,00991886532355583
0,011974792133559
-0,132739930791849
-0,0256289778462153
0,010089561816409
0,0454135329249096
0,296917105418076
-0,280858260863945
-0,030689395176287
-0,0429535151249196
-0,290971093772865
0,303737575993444
0,0711123659946449
0,123948121130531
0,412420928829033
0,150712254346767
-0,193170448271503
0,0556737207151264
0,0545773532408473
-0,0203735854178078
0,0261510689652774
-0,0204083583534603
-0,0412864088033873
0,0354449715267109
-0,000871522373947775
0,0204783359121082
-0,0300400189829006
0,183920941429794
-0,24040199288141
-0,0552767471048114
-0,155884995152533
0,176331889883215
0,135887032059163
0,00329693247279675
0,0385150827685893
-0,32052492197407
-0,238833950542897
0,0546187267712987
0,10564929080302
-0,0406862657547236
0,0201896791312123
0,00588767396590046
0,00076502149294704
-9,15404167589874E-05
-0,000834575982476289
0,0179068711841069
0,00593989693952564
0,000257694307685114
-1,37795356169372E-05
0,000249549225959296
-4,8820210005472E-05
9,36289783318128E-08
1,95960007429064E-08
-2,85532324201764E-10
5,25234277420547E-05
0,0313913837898963
0,00185531483579472
-0,00657863977403896
0,165380289678424
-0,0135070463216028
-0,192279583928613
-0,0734840815054408
0,12908987965095
-0,208880479252682
-0,240129444822152
-0,211386882327913
-0,0916016342643424
-0,0172386549555951
-0,0040702569757983
0,253451090858115
0,134217703161822
-0,140917334795022
-0,118820211525088
-0,0312450794816759
0,0296461447308201
-0,0412218365134035
-0,122719448097927
-0,018709797230974
-0,0727886255590785
-0,0520259908953202
0,0546422253896529
0,0131956513934905
-0,175929559329587
0,0837772462912834
-0,0948690796232076
0,151408420297213
0,201541627289437
-0,117538680683894
0,0912930182581227
-0,0268186603151209
-0,00510367399110992
-0,425540095829754
-0,26190851582557
0,0873491317535193
0,14394923209134
-0,0451529723998861
0,114424470768987
0,277397747375016
0,0717584779332604
0,0535528913326942
0,0740835622711205
-0,0285967805341577
0,173709544885863
-0,0220859654244746
0,0526743281262293
-0,00100140263099322
0,00671056896915485
-0,095164384657099
0,00689660751679136
-0,0605812836335082
0,126732517892517
0,115126073557335
0,10480636990873
0,028001156390842
0,0583325976793206
-0,00919896940005302
0,0517694643947267
-0,00260228056819908
2,43147922805695E-06
0,00912024359750084
-0,00833700379150611
0,095344149502583
0,00237254771821927
0,0203688206181019
0,0453940983636401
-0,0531208705555189
0,0346638207510482
-0,103400691921585
-0,0387108605183079
0,084550747543121
-0,105252494537082
-0,109552588196208
0,0161484492804428
-0,164563408669214
0,165211408521054
-0,220384509742917
0,0113125739851811
-0,132008368946403
-0,0428104868926742
0,0528642897244903
0,17770102223346
0,0569713752050545
0,277551517999071
0,0354731849309915
-0,0621251803978146
-0,0358805274981418
0,0745106726645301
-0,0693951849501173
0,0925174707948635
-0,0829537402107045
-0,0463079176543084
0,0138304043313891
-0,0237634072702337
-0,0475177228514789
0,0401410276728818
-0,224734559921885
0,282148379135265
0,0626541202920171
0,226136268066244
-0,223296702255051
-0,168064854600367
-0,0171512166222944
-0,0314682855967113
0,222884664902599
0,192132240451548
-0,0318709724259802
-0,0472231614364471
0,0169284049954673
-0,0352707031854372
-0,0557968645448124
-0,0287414113336699
-0,0361121738435312
-0,0321731713768907
0,411448223553796
0,349510142246826
-0,0472171929310905
-0,0562116877876854
-0,0118087738546054
-0,0636544230636538
-0,0403008937791121
-0,0252190879465603
0,0100562751790432
1,63472364716964E-07
0,0326620756119024
0,00429847389238043
-0,0121936097570461
0,0491669078915592
-0,0107947691352015
-0,0954435072252374
-0,0847070718600345
0,0457499768731565
-0,0514702885839681
-0,183384245364315
-0,138285186833791
-0,022760385926052
-0,0725815502875646
0,0360233159416498
0,197461342033853
-0,00591085699137572
-0,00799879638768475
0,239784359461804
-0,0840521602745578
0,13439595870566
-0,193469716497002
-0,0368147726166035
-0,0675498021287051
0,155067608300629
-0,059744148372929
0,0325046825628705
0,118405373329839
0,174899255948297
-0,00655460149031387
-0,0159221169394773
-0,0790279041725361
-0,0733493813930729
-0,148179879001078
-0,0433644817590159
-0,156619782010559
0,00805014638880193
0,106417771951655
0,0293273574203759
-0,216994544728463
-0,0613271337284282
-0,153560746495455
0,256342423165059
-0,157641972653325
0,33249398193123
0,274493019333915
-0,298066373643589
0,0339162726143513
-0,0845988847673082
0,0995854178276438
-0,112487833772607
-0,187020945457353
0,0183799683007962
0,282122630733328
0,0540052170246883
0,0337885035980044
0,00173257747781079
0,000587961124172731
0,0137989482641754
-0,0618542341687343
-0,0835777153902351
0,0126261605249702
0,0611857515639805
-0,000644619613474844
2,95225891209879E-05
0,0112277605272855
-0,0422353376856507
-0,00941285715974626
0,0310608335841886
-0,244561186899116
0,0299306677202013
-0,0386510755288398
0,00111803456377443
-0,0622444663461431
-0,0892152315674973
-0,0231386829966239
-0,0317022205408309
-0,0724426365059538
-0,0462504196396767
-0,0598819079100912
-0,301877687988464
-0,00909180631307985
-0,0915965258455375
0,0456940556777355
-0,202367753602498
0,058343918702364
0,119881434681176
0,159194619521267
0,0220989300241349
0,0482593019140023
0,265762904520436
0,121616333807331
-0,0718187050130068
-0,0703774792861739
0,0961804054697458
0,0505393201608885
-0,173770166065354
-0,19802675032494
-0,00519871808901252
0,00168185395725113
-0,0313035879149021
0,056109571003624
0,13350495238733
-0,0788050830821667
-0,234280377134127
0,208951373847089
-0,161787053164371
-0,0194466580481024
0,0435413352470757
0,138414211882229
0,019971230479196
0,0808767491362995
0,0573851653096335
-0,00995946961209924
0,170357898503483
-0,126769429185955
0,146067656901182
-0,02288570970825
0,0198771868759838
-0,140777625388759
0,315062981800447
0,259591467376563
0,318324188784864
0,0239464716579177
0,0654232067502125
-0,0199929116504253
0,00645238875649456
-0,0063168191964288
0,0240502618656703
0,00785423186444877
-0,00323661270242881
0,0137876409406129
0,0519021738928655
-0,00725977231520721
-0,0246247088668531
-0,0993398523230033
-0,150181480291183
-0,108368366899048
0,178126018186963
-0,061320493953424
0,145453718643857
0,235967076485376
-0,0737761532816718
-0,00662343760117851
-0,0186764928783162
-0,205330067600387
0,102756329091341
0,00971982797856675
0,0207353028556602
-0,0121486855297321
0,000273361959630621
-0,0630419729546183
0,0649182408098449
-0,0905954689476456
0,205748759163203
0,00597707896006536
0,0722312202516733
0,278715796350482
0,124702146310727
0,0610435713041816
-0,200905428343204
0,149087637743318
-0,00483026740910399
-0,109683724349247
-0,156825135091336
-0,121597624295577
-0,0327947990866802
0,00991125838639931
-0,00897319132338953
-0,0337426255284532
-0,121106420991731
0,0930934988385098
-0,0525172247687988
-0,0315940335794681
-0,052580129862598
0,259286301274336
-0,0222197986082103
-0,0229451586983648
0,170943710994526
-0,29497020097546
0,023800146093444
-0,140403062599287
0,371849360735152
0,148225546291805
-0,241849753646986
-0,020118786469579
-0,048982558929324
0,0261108923511823
0,0371668791633159
-0,115164064231264
0,151901768695602
-0,0904314867115335
0,0010660296260295
0,0411549340897815
-0,204554592949536
0,284258661449008
-0,048789855978835
-0,0913290424183092
-0,0826433154904436
0,057362574600097
0,0158384513661555
0,126608800666549
-0,0385479243610445
-0,0274115364378456
0,0678607051470729
0,125973432986397
0,049989272293106
0,135367703523406
0,0776472442693534
0,0978825566560326
-0,00613104771924617
-0,039618058276388
-0,0503280780931926
0,00431486786190376
0,0305864701819065
0,0115952300247712
-0,0139720347291955
0,0699626705140509
-0,00842278928582295
0,0934611562737345
-0,0460448696917661
0,0349999824266299
0,00642771160696132
0,00513615533408102
0,284244762466263
0,371808524653519
-0,0263185233529907
-0,244293465198074
-0,0239029555188938
0,157099630399387
0,00336030984665978
-0,106441015438477
0,0434083136162907
-0,0503762298263984
-0,15158219193542
-0,0327381698089646
-0,190132015642808
0,188022786378549
-0,181181501932165
0,115351599996579
0,201401467389109
0,223753765412378
0,0736679903197704
0,114907350585872
-0,248900110118827
-0,0192789534950481
0,182736551414888
-0,137262152046555
0,25577022970809
-0,00102604930470473
0,00487471750661674
-0,0225802187917008
0,00355026369100759
-0,0126266848059537
-0,0204263967779002
0,0662491497772502
3,68738788846872E-05
0,0705071540347124
-0,00455606464991318
0,132494439830919
0,0530970190809616
0,0393765952536452
0,0854389039955552
-0,06434540248349
-0,345885290770752
-0,35297609581544
0,271692026285515
-0,174146486383345
0,311129937800937
0,0141073106512232
-0,12158918530456
0,180958471677163
-0,143860991589333
-0,187022450590454
0,0482318437096053
0,0320987647083291
0,0662696027758207
0,0660827829047387
-0,0158198150428139
0,0225302113337882
0,0211097428253246
-0,107457483402654
-0,0234957724239593
-0,14737956110986
0,0060333536029816
-0,276292490917908
-0,0214797571777805
-0,162534729562602
0,168951732197981
-0,157997180517399
-0,011186938450739
0,102210024513473
0,0634213959815444
0,162002800708262
-0,1211017876685
-0,144348966456711
0,0679957042044251
0,0109726604377068
-0,115253613640493
0,010022575169934
0,00228623188549643
0,0242504066675065
0,0701886350044973
-0,135309344148726
0,0871332135153005
-0,0181903132677888
0,00973752845456114
-0,0570642077512181
-0,23864910160033
0,0382323982862599
-0,125999680151572
0,00326117283540787
0,059115545358861
0,0405295886493013
-0,0120890257449404
0,00216488039986593
-0,00244601308912129
-7,78981654069065E-06
-1,75370289073907E-07
1,97553192100979E-08
8,32816566998491E-06
0,0222019770842108
-0,194603121689416
0,0658055699352928
0,078466512873028
-0,058136696324153
-0,0901136764939077
0,0943763547831859
0,0542572250142486
0,183274595351791
0,0411871060817737
-0,0340816754814054
0,303295071582545
0,0652153405881428
0,293984082182755
0,0729062778786336
0,118264790520497
-0,0152288845668655
-0,0734257717470243
-0,242262679613042
-0,0340452724378494
0,0500562178754478
0,231076900349318
-0,0133451141407849
0,0188469943603963
-0,185081231976722
0,116550145693963
-0,0864086684259532
-0,0392898367544301
-0,159962354796687
-0,159121337108076
-0,00961396429496542
0,0140344727505278
0,0441956081664874
-0,0283479729495935
-0,048223245610154
0,0962116353480018
-0,0257053725624643
0,117522968693865
-0,0429157590660105
-0,00972586013941109
0,0400566890484573
0,103495921254695
-0,0279028410899971
0,0923136661185557
-0,0260812994098938
0,0278263700665097
-0,177319863525032
0,0700448863405535
-0,243407249487344
0,100978035792021
-0,188235742493627
0,240436028114741
-0,0957491018595823
-0,0313207225176608
-0,0705685500817419
-0,0205685077258862
-0,398046281434281
0,146525780920556
0,0478574915344906
0,0803712259636372
-0,016154499135609
0,0234213659488672
-0,039384390568905
5,88952607177882E-08
0,0121853927323122
-0,000867601638357729
0,0385262633747271
0,0395673536507055
0,0159533718302265
0,0500602912521107
-0,0879488270366632
-0,177554018982066
-0,182663785234355
0,117420557299131
-0,114550392437865
0,230040604078398
-0,445851691688955
0,110890157159521
0,0359019003070738
0,140702703310692
0,338984284084456
-0,0716632038531379
-0,262750978316615
-0,157711254032573
0,0723877056654256
-0,17577691332385
0,0399580097602439
-0,145665535523899
0,264653688333088
-0,0653757795226339
0,117037027894602
0,0826840525639118
0,228919185593189
0,0455367684486617
0,117721539032082
-0,18400308844502
0,107871137394118
-0,0211488781270709
-0,0444013446247791
-0,116566739227565
0,0191635570954675
0,0276664584963454
0,0960969993729184
0,0940607991881067
-0,0207365990902741
-0,101941586034421
0,0569659901979209
0,123492469941427
-0,0418581095007087
-0,0320474314680751
-0,215542643218195
0,0287712185769351
0,0293104219385535
0,00331182831634144
-0,0809638516845284
0,0249881609211121
0,0570280201920101
0,0111841526635661
0,00741299521224573
0,00943538329726753
0,014449924821599
0,0330496190311239
-0,0129100347250863
-0,0136951308898489
-1,89973972232054E-05
1,89323983065116E-07
1,58213095541008E-06
1,13393761368471E-06
0,0350695589741469
-0,0218502836033982
0,031737259372499
0,00987467517697703
-0,102734430142501
0,0594165980799047
0,0182417296102532
0,0544428804828424
0,0905832425656714
0,075072565173939
-0,104411670596611
-0,0584189798605241
0,0167418155625989
-0,597575066081425
0,0869914988334675
0,26924833073115
0,213242430152393
0,012990443430508
-0,214094169562543
0,0340622962837379
0,00779199623398357
0,159534263103528
0,0263896386545509
0,00607972046154463
-0,0582613547751584
0,104552460086633
-0,0113045549651335
-0,112967853056018
0,0743711810694424
-0,107191660901144
-0,238124059673272
0,0502858298128121
0,0251796662755404
-0,0155061174970218
-0,0537259509605047
0,0449951974022965
0,0429098622345062
0,109601033689072
-0,119683871960567
-0,0439126906073562
-0,113426570956253
0,046693006131778
0,215611199516163
-0,151790391559461
-0,187445066645047
0,011788603855701
-0,0480737613319169
-0,193967014009078
0,0272926241658452
-0,119491824241665
-0,153790822566212
0,0840500604717558
0,0173302964788766
-0,0760084339741064
-0,00231675997867055
2,85976155810708E-05
0,158380654766923
0,12850406005882
0,017523168558873
0,0170291674602995
0,00144976685611965
0,014834952501205
-0,0441272999913232
5,59689025315666E-08
0,0148983677797682
-0,000330937150597005
0,00471284975337456
0,157445464124854
0,0110302313345452
-0,0112306167626335
-0,00331903489271508
-0,0314875038660671
0,062575869784338
-0,138958119862959
0,00172411136731439
0,0062786008886774
-0,0626972673354222
-0,0134826498372725
0,072760087549917
0,0303100456161264
-0,0544438115494172
0,146777642865395
0,0494603997047938
0,043697274788205
-0,00747043898835064
-0,0488178377932554
-0,0279948891460516
-0,0723405886384765
0,0309495053042207
0,0402628962274418
0,000406373959417217
0,0374479352610304
0,00477029963955794
0,120053178986886
-0,0667132978571019
-0,0514811011212228
-0,099473187726165
-0,0888473998864217
-0,0200646097902044
0,0614235554635812
0,147819982153525
0,0233591104005448
-0,197817856744622
0,267037203849974
-0,168358404098996
-0,29262943592311
0,266185108023721
0,109879820592971
-0,112140360185195
-0,211652892631488
0,160999015039472
-0,138505676648635
-0,250827342038725
0,314750893136112
0,381361085199046
0,172130301060329
-0,0531349417653634
-0,058365059163096
0,00754980806580961
-0,0225815437853421
-0,0874277848361475
0,0878995201513749
-0,042569824771669
-0,0597582569716724
-0,0117531030391185
-0,241509853103899
0,0063575978141485
1,4853753157973E-05
0,00361982782754126
-0,00611869125959374
-0,000930794655430411
0,0167075272064428
-0,0266020449477054
-0,0582304828988809
-0,0983756805775959
-0,0321754146660743
0,0200988445587501
0,0674857792587838
0,0464196502477903
0,0796798091817175
0,140405754796866
-0,0215801306631103
-0,12069165604168
0,129649437814899
-0,0290257543606531
0,0269901213146253
0,0112005059980835
-0,0229765275942731
-0,079925637847791
-0,114106928802978
-0,0773774733104815
0,0271663212611438
0,0980829068302363
0,113896514465804
0,18422415090997
0,0514293376596736
0,000427767979539135
0,0322630952120482
0,0637204559096001
-0,0971475050144291
-0,187661836667337
0,0245231871280682
0,00980201363024098
-0,132227023438879
-0,231180267503059
-0,0804952108079465
-0,187728813990165
-0,0259134715960512
0,0604463434189518
-0,0884741656920492
0,022092757009724
-0,330549556233864
0,0653338434977294
-0,211151448941342
-0,0648747054802362
-0,0311915054192032
-0,00318960728865224
-0,0481137361936779
-0,23188789399663
0,0711463380286641
-0,0496784516760707
-0,321066166202105
-0,238325279493175
0,143359740319647
-0,166757198867383
-0,326100627714778
-0,0547779336305551
-0,0977057725585248
0,163044908459089
-0,219138419294005
0,1670362439541
8,80829314540085E-09
0,00539736992436898
-0,0233259503166829
0,0389823286506449
0,125422580919344
0,0641989254211332
0,318733241074672
-0,219342219164669
0,242241858989802
0,0683505313063047
0,0642078649979028
-0,0891377428411911
0,00651414451370926
0,0682994742273127
0,138530687757828
0,061694088013958
-0,0501343641112552
0,141450191144621
-0,0611242164417654
0,157064394147105
-0,0523310864350782
0,110664175137453
-0,267731557647695
-0,0368365477085031
0,265305281037443
-0,118498600260746
0,135921008080993
-0,054769616280577
-0,10278601803889
-0,00424210290976175
-0,0732484590679493
-0,336261650059703
0,13493591757288
-0,0103751632036176
0,060140457429612
-0,0533190396992792
-0,517534334436448
0,00318700958145405
0,0584739121598342
0,148100231624044
0,0262805228081719
-0,0391493044534039
-0,0649427524914565
-0,0351959201727136
0,0869662401638256
-0,0348215356520621
-0,0058043833348657
-0,0453551400399521
-0,0641220547011903
-0,0128947303849315
0,000306574415343289
0,0429088978363312
0,0654852892026506
0,0144254059217113
-0,0140797787174103
-0,0270848131219441
0,0452696235689085
-0,0284965620715827
0,0117227028343986
0,0145578837487714
-0,00515994505394905
0,00545939888982602
-0,000849463941545839
0,00371886271346765
3,7195495750088E-07
0,00307684447103009
-0,00603975742765502
0,0150528928679312
0,0112856244686324
-0,00961049005287648
-0,0596117265163273
-0,0514477018980101
0,00208715834079395
0,0814242532649301
0,122242424024403
0,0221979393546075
-0,091231924017442
-0,0973429188325765
-0,000498229123262109
0,103060095743427
-0,066620764652547
-0,0670937586019661
-0,0943224140237314
-0,00659846647685025
0,0616376013605762
0,01838501816785
0,0432685888723556
-0,221854786115725
0,020053013049363
0,120662450211477
0,0260703298017547
-0,00482841063251914
-0,019043453328758
-0,0197852501252458
0,11708486234382
-0,0237867083923489
0,00839240137047978
-0,0614050134682313
0,000152070023519358
0,0517014990439775
-0,00537670034961563
0,0131368311401752
0,0114398824328621
0,070398769577739
-0,0335100966018228
-0,022048427567133
0,046555228748953
0,0500897743711775
0,124573599577777
-0,0851765151380089
0,0685338375792544
0,0602677720590244
-0,0944194519805538
0,188105069802322
-0,100763108151761
-0,113666591334833
-0,131026393923618
-0,161596145872584
0,0530815710736231
-0,093796904016724
0,0546232402838122
-0,17248485183627
0,0804664221682699
-0,624536342120401
0,31101935830621
-0,170737540795104
-0,311703866574032
-0,123515793098216
6,16602682293516E-08
0,00220531378328359
-0,00336754323872323
0,0154171817204979
0,17630799383514
0,00485241578999174
-0,124495344966929
0,116427387075594
0,153959454224082
-0,229645724445188
0,179667130277209
0,00588092061338133
-0,170134323057019
0,0672280352034523
0,0513615276478962
-0,0229204511996924
0,0169595294544962
0,148581012579811
0,00614275051682469
0,0624458136865808
-0,102065058645337
-0,0967464701599014
0,0416303189843951
-0,0292991731059652
-0,0306589574324477
-0,00291486127731527
1,11147396006458E-05
0,00594940031343203
-0,0129444773216747
-0,0148132341780893
-0,0612940117784249
0,046473395946607
0,00822973810077189
-0,0120828380697018
0,0219259869233303
-0,000917041152927404
0,0136190144892347
0,150632380722859
0,0488734626607416
-0,0624241257608292
0,122308080789952
-0,0919685961279831
-0,0945689504199484
-0,0885632698591734
-0,0933611992414995
0,0346783361072949
-0,0796690557411125
-0,035546605507339
0,00449868236515359
-0,164546968243289
0,0858015927387464
0,0370166929903293
0,163694322221048
0,0732395887746448
-0,134277046961523
0,0190897869264413
0,0352451999246976
0,101701287419198
-0,257210645923731
-0,264749199337988
0,437679645145669
-0,076884544778493
0,465548103141886
0,0471656329040797
3,73814795888158E-05
0,172801636738723
0,0200038833386964
-0,0399202763345592
0,0842731861255031
-0,048820510853501
-0,219454917790455
-0,281576090742161
0,0288481755391772
-0,00863533921703451
-0,165927137418509
-0,101324479537339
-0,014410267554555
-0,152003046554649
0,0347052324558232
0,0656866896347357
-0,115582047560709
0,141984950291257
0,343964847465272
-0,0400201031534862
-0,0714354193381977
0,075051073717228
0,113539869676134
0,103678323659104
-0,000755003611841501
-0,22393468442557
-0,0922637784138156
0,101677349414932
-0,227231385417306
-0,146104264711376
0,279649154846668
0,0819536923174096
-0,116656507479119
0,0320171116034373
-0,0349057948160845
-0,0983369461702274
-0,171046588639012
0,0385651772101875
0,0424970770537467
-0,125606114866259
-0,0791252665211799
-0,122268616033951
0,0941042483132529
-0,105650956784111
-0,17289994067839
-0,167713727336192
0,214725470987055
-0,044898206370905
0,0396067417071304
0,00897519298179682
-0,0633097901657337
0,0927429564590266
-0,118371119071098
-0,249442481621255
-0,0446231648085701
0,00996723182909616
-0,0933498733273469
-0,0553126772863345
-0,130992891173923
0,0540593752793725
0,0575317137271591
6,6813416242778E-05
-8,27006325125363E-07
-6,65775518993549E-06
9,53843160728223E-06
0,0049602530245648
-0,00388938474685473
0,0227981988627248
0,227822745937131
0,00879034445344923
-0,143932173292728
0,116735213409201
0,138503468132159
-0,312409603117909
0,198967292824604
-0,037917317591909
-0,197227273470314
0,113176215456376
0,0330673467751474
0,0799043740518942
0,103367989056377
-0,00454497718812667
0,0120135205587332
0,100693122467186
-0,218827058032079
-0,0281705081371743
-0,00614857531007957
-0,0471385090579173
-0,161412433222377
-0,0664688935872859
0,0843058891697575
-0,0158632746590554
-0,0478246829825634
0,0927890481908679
-0,0734378630872531
0,0821804021886522
0,024572792018026
0,0260798540084396
0,0203157047614139
0,0359278465199281
-0,0300081254641609
0,171122760142143
0,205002867700601
0,0554362404468196
0,0531662179722153
-0,0215046489172123
0,0824561598091623
-0,246401290376391
-0,14105840697302
0,148159327747735
-0,00960072747738442
-0,0631771451104949
0,05243373480661
-0,0660265684326093
-0,0492036045501716
-0,0461761115137037
0,0205201402076304
-0,0554848268506989
-0,00470297949288064
0,0935735089425035
-0,182555231734928
0,0692630814106825
0,17028757927572
0,0024127178124014
-0,26285291498377
0,00576513397589578
-0,443714506908574
-0,106021246398277
2,50022433440629E-05
0,291437367948636
0,0386365836548344
-0,0660155447957387
0,0528846874078419
-0,0157422373310002
-0,132461809968748
-0,112551131962675
0,0733651084265291
-0,0187297663852759
-0,22478229931532
-0,162494183362041
0,0170517576080698
-0,0162006607128362
0,0806411841726135
0,0673422299916372
-0,0138722654083271
0,0207217699386993
0,360502536229352
-0,0227621955954212
0,0577816761478394
-0,139479707886554
0,0330953498273038
-0,138796665407747
0,124874268982437
0,350793068447124
0,121606218275812
-0,286626981882156
0,121723416405422
0,0571394847585227
-0,193547237744238
-0,143840520322601
0,0332928692986046
0,0740142433923233
0,0282549282962694
0,102962524473067
0,14144652774325
0,0539197771470512
0,0366989444497583
0,240190282869231
-0,0400474228832047
0,310168624116872
-0,212065367610476
-0,0319755612261034
-0,193486780841395
-0,0647096135825835
0,0713325132919505
-0,0304191134506417
-0,0197312338734147
0,00558787685092292
0,0096581760694996
-0,0493457966683629
0,0198059611507964
0,0291546252732802
0,00223890505615283
-0,00318241980106704
-0,000551163655396154
-0,000686860644696919
-0,0026346412979599
0,00295204101263536
0,00413084045703768
-0,000315663928034474
9,42791220435628E-05
2,78287353073358E-05
2,18842526990694E-08
0,000843175741246862
-0,00345401595076944
0,00551159512125494
0,0623106978504073
-0,0161964153590319
0,0133873422609995
0,0152707483475549
0,00465843895869914
0,0469976887264151
-0,0507938473676283
0,0642526235943268
0,120181853555181
-0,0900778587692894
-0,155656895715171
-0,0537472880145371
-0,307205654718336
-0,146278538508906
-0,0542894836135975
-0,119842686566396
-0,497092673160467
-0,40035266547271
-0,0546448749048033
-0,109768224315168
0,177543902262543
-0,0312271913684604
-0,0966793046990682
0,0721849662879228
-0,214394133167
0,168465425078575
-0,187230732262719
0,0300463595189761
0,13777407777426
-0,0122938047187642
0,0554288089521698
0,00452722997254311
0,0416280605354037
0,0565500990924416
0,111709202447003
-0,0712955788828894
-0,113386969913531
0,0310927250556226
-0,0391716023599821
0,233064053904223
0,0818049778924304
0,0456901988991317
-0,000927571202139465
-0,0777691072879006
0,0106917887288785
0,0027283028009457
-0,0683477721657564
0,0926034013820442
-0,0601465089730407
-0,0141896993220519
0,0218387329665513
0,108419569083008
-0,117154203568446
-0,153026064891867
-0,163449032383695
-0,0111818087678772
-0,0347209594890117
0,00447046176916406
-0,00638861872500538
0,00585284919885429
6,96800213637657E-09
0,0657635997267679
-0,0121016740815021
-0,0168202828562007
-0,00666994454195978
-0,0353490279046534
0,0378752350317328
0,0321758180484099
0,00150763809592646
0,00266184088722829
0,0240933526351569
0,0141358820380356
-0,0147947092511985
0,0167622694421415
-0,0935810902154994
-0,00978610171812419
0,0715905052446666
0,0308610990098222
-0,0716886720798709
-0,0274260652366594
0,0217880819679049
0,0390554352592535
0,0241885504358505
-0,0974489468696947
-0,0417643258825881
-0,12824197249856
-0,168920004441619
0,0380393221583333
-0,120840828660633
0,219162098655279
0,0092867669854993
-0,213240377445252
-0,13084482035875
-0,374011042979215
-0,0620563678592017
-0,564195567811064
0,156461252986991
0,0256887079258647
-0,0787390128753959
0,137479798426801
0,177707081256935
0,368848154800244
-0,0966786788831571
-0,220859855504053
0,054896603471903
0,055176638813898
0,027260214476539
0,00600711796661615
0,04639083342266
0,0117240739294536
0,0202440879876405
0,0673328737497938
-0,0797478008493292
-0,122028944723543
-0,0221624074805054
0,00756601053666656
-0,0313975403780878
-0,0674506793524536
-0,0511140221521215
0,0219009465673444
0,0324796089204596
-0,010289964555881
0,0055093866231487
0,00832886094849221
0,0010685088015088
0,0398082879341051
-0,179559920280698
0,350577848811245
-0,0475295330404706
0,0428671584848889
-0,183941390622423
0,105739759959284
0,0794459870923568
0,276276972208594
0,068846614016532
-0,220961341944863
0,0896943926967105
0,0164169221313898
0,182422546601527
0,0688984727366168
-0,04922670002923
-0,00835103071687155
-0,0470260854675863
-0,0100154709604017
-0,119966575994877
0,0666799614246104
0,145474034573308
0,0365667687391881
-0,0318880319386746
-0,0201134143696872
0,0208654069610041
0,00250207037207843
0,108284686042763
0,188881219725632
0,0310709811028926
-0,0333339831692966
-0,1083053049446
-0,255710932794794
0,026846402742541
0,131755817480122
-0,0481349369148803
-0,0578560763240401
-0,0985399471253361
0,0579581035197134
-0,0531100737674567
-0,0516871281699756
-0,0572293243947596
0,0304338562494445
-0,0151793048398167
-0,00850207301891195
0,0413092899021199
0,0758266951097155
-0,200490900970814
-0,323854882485703
-0,272471646576079
0,0763611558752159
-0,224415392057662
0,0749291430477952
0,0360149532573679
0,0537695092211238
-0,00161989053158192
0,286593368826261
-0,0998652194156575
-0,0353547788298768
-0,0562152846835338
0,00897321531712902
-0,0121019598858442
0,0260615435128868
2,53517519302802E-05
0,00527929998472322
-0,00181919772735805
0,0234945151093167
0,108167288600484
0,0212305321717688
0,0651417462732148
-0,0311787991063208
-0,196323958198607
-0,0510199385054506
0,0884493321546075
-0,118125748257387
0,0305359666294633
0,131531452403424
-0,00694372133611641
0,0580848067409862
-0,0378654566479355
-0,0969348276318495
0,0434442919403654
0,144688638181674
0,0855053256607145
-0,0739121958289899
0,23008931773776
0,0424568096865011
0,106555444624153
-0,0145432704129256
0,0251349296443874
0,0583830702405644
-0,107047568145927
0,258610753845603
0,0519704802296226
0,101046533448065
-0,0925325288808853
0,213312542031927
0,00923440287260366
-0,0646233163411955
0,0333319896751797
-0,104532752919451
0,131112462328724
0,218871916582814
-0,0922823224094755
0,0436409313471365
0,29588089393153
-0,0363009877875252
0,0487642693873516
-0,0388995415678074
-0,0606788543771022
-0,245639236011728
-0,332856071567715
-0,00337012685123152
0,290757042295496
0,23950030616814
-0,131984661007613
0,114326305021928
-0,165309834063225
-0,0839612338634451
0,17249958625397
-0,00411454653201914
0,0232237702064685
-0,0429815363343092
0,047924745843817
0,15263259149983
-0,0238472370123416
0,104389909706756
8,55735513066443E-07
0,00393976315576979
-0,0202768577743087
0,0410134147065177
0,0221627448367786
-0,010193288787797
-0,0149289614234518
0,0203484201073791
0,0200752220375065
0,120616457308883
0,0652028972554117
-0,134026797849638
0,0243549543567742
-0,0725267454625692
0,0870874988438117
-0,0685184575326819
0,047067971402434
-0,0700537971026735
-0,0120952927829052
-0,0097486174550375
0,0267051275743767
0,0254412420851546
-0,0288967602074861
0,00502648495438133
0,0799151253070551
-0,175250633073271
0,0741352876473485
-0,123862699427584
-0,157717425885111
-0,135677740368929
-0,468394131000044
0,20698061273388
-0,473323142527635
-0,113171195537277
-0,0215167666609788
0,0590679443543519
-0,0265393388683433
0,137978540218496
0,00829433350783435
0,0418038605873162
0,205475336896836
-0,0661884264982481
0,0234883794992281
0,104344368941868
-0,114347475321629
-0,0547365934049125
-0,0702612676013958
0,0814660608824782
0,0251932763581001
0,439740755964237
0,0703946042745736
0,0936434722971789
-0,0620684000913241
0,0266521541926307
0,00584111470884234
0,00887193560321694
0,0245331948233507
0,0761125532453344
-0,0314683400015913
-0,0103027837331466
-0,0174885691585956
0,00153467545627279
-0,00401913650920385
0,00777081355273826
9,5145022216746E-09
0,00104301686035713
-8,71211805160752E-05
0,00365994131620171
0,00410527692562541
0,00182212990866388
0,00589460623139767
-0,00495501549442544
-0,0226153374873782
-0,0201563869033935
0,0165495703098372
-0,0157719122663344
0,0285148898824905
-0,0204206298019459
0,000219343777838986
0,0171838329723025
0,000319058331618301
0,00882968749974879
-0,00319334001599309
-0,00167182843562754
-0,00361706549357009
0,001156337964334
0,00565051298542502
0,0134502541744917
-0,0135014724671433
0,0339630223953311
-0,035297174379842
0,0124950163804357
0,00186865834103681
-0,0395643255273587
-0,0336224750669939
-0,0253211339659501
0,0216040503599941
-0,0358893192160736
0,00500153695685438
0,00546307359709201
-0,0246037938062679
-0,0118986435942005
0,0191115295022245
-0,0049368774674081
0,0156111021107064
-0,00847481659728256
-0,0247987386305806
-0,0128807683483345
-0,0268951413806405
0,0168157649964998
-0,00187180035624315
0,142784959376822
0,0464049360360773
0,00106803161125834
-0,0671770572227021
0,00916381654207748
0,0346789333050188
-0,0605030762750124
0,149037877664659
0,174817592179324
-0,0682217606877422
-0,0306630082374583
0,147936727418167
-0,106777439891469
0,232571327639695
0,898744555608654
-0,00172585816022247
0,000751114053314661
0,000997651869629886
0,0226128604022383
-0,0457901998648364
0,239766905476842
-0,0494366511304868
0,00950428300797692
-0,0464249881246673
0,0183508431294477
-0,00679596242934644
0,0237912338612971
-0,0737472363570906
0,0409944276262574
-0,0512546284662202
0,0978497125398816
-0,123414387627023
0,0992098941761501
-0,0048624220200474
0,134404391569716
0,0221304125865991
0,0383546389412298
-0,0256850316643167
0,0107129171151033
-0,0609526425613878
0,0256619017810292
-0,00483197011330681
0,109869045756429
-0,0342042471389163
0,112343236184685
-0,107310807115584
0,10635781497421
-0,0490115584565089
-0,142722829188887
-0,229131200136499
0,118002207364514
0,0451219022955909
0,166264104216756
-0,0442733639226432
0,0250768939993912
-0,0892041314657088
0,0103774939204956
0,0057498152676548
0,00316239591241071
0,078489932734403
-0,0139853257607273
0,136092641167166
0,114745302854132
0,295295627983686
0,350124925783118
0,229786791910202
-0,0552774101620042
0,236706755736696
-0,127470242196202
-0,117896258482297
0,182111954308926
-0,435718594065628
0,119384658840608
-0,0847565582835448
-0,22093007085636
0,0556894675119413
-0,00789712554938659
0,00962035368292929
-2,53027193141209E-05
-2,39609923971888E-07
-4,35778833017792E-07
3,63046997283769E-06
0,0449674914813803
-0,0109347047672558
0,153933760783961
0,0671739777432568
0,045262242391098
0,131156062629265
-0,152628612231256
-0,104820922991552
-0,125469955176627
0,0196848716123299
0,0284787162636763
-0,0534319021950448
-0,330799544479365
0,120189391788035
-0,2330098330074
0,163772443989587
0,151789674356844
-0,0879371675133585
-0,0875407144678049
-0,020701846579606
-0,0236226089277606
-0,125608133770273
-0,108677672456819
0,131836136410992
-0,291365372301019
0,30401892377469
-0,170847446112775
0,00753029614786269
0,101649511999089
0,0590759183692906
-0,00807492825821274
0,132888858007933
0,0321914544907317
0,0181935017972565
0,0629784450293707
0,287810489669946
-0,0127430679201345
-0,109548882175677
-0,109232989213998
-0,159400168861334
0,0993590642379201
0,195730532829891
-0,0530016953885403
-0,155775421157012
0,103948472962845
0,0174417719760508
0,320300955388779
-0,09732121291165
-0,0571267949507311
0,0359974071557901
0,136326600802764
-0,0248374795118154
-0,0271056385544225
-0,00396578028916483
-0,018690771331805
-0,00417114021233757
-0,0210746856145229
-0,0102706739330523
-0,0240032339811006
0,0236862158225889
-0,01606645766747
-0,0163139418791935
0,075052305945217
5,39862173122593E-07
0,0024913482480421
-0,005203531057259
0,0121147729969483
0,000957671568885196
-0,0170300539225986
-0,00378884527021694
-0,0102157714453408
-0,000873819019934495
0,0184172441921307
0,0162700195753229
0,000769444124038507
0,00615340175975155
0,0574175513185995
-0,138422133863287
0,012569265557152
0,128104986055419
0,0711557225733505
0,0244508667727961
-0,0814326671246583
0,000672926558253478
-0,0626318244164809
-0,0191748238495139
0,00055153389467316
0,0217861934411709
0,0342835483881035
0,0941448265775896
0,192997885051978
-0,247905756503271
-0,0407555529180744
0,0403439420144314
-0,311732223977599
-0,201630266512823
0,00421093517251486
0,0954770607155686
0,469984279210419
0,156591664524223
-0,114926893866176
-0,0725899145904754
-0,00738635159789819
0,0807621574257512
0,0088179496030469
-0,00758220625882702
-0,286497007326837
0,149265215179088
0,0768751253072787
-0,0851858749830988
-0,180681131999573
0,118193404461047
-0,028178864525607
0,0903732343627372
0,159417706758101
0,000869096535412993
-0,142898509003151
0,393464844483896
-0,0751142113185627
0,052790368341444
-0,00333219258756191
-0,168500934145377
-0,0125881634021473
-0,0240379432933957
-0,00128543808443676
-0,0138282362182444
0,0396712658091633
2,01400808231675E-06
0,00863936774957846
-0,0101593513445707
0,0991753200892501
0,0413969601384192
0,0363426343387471
0,230760348612262
-0,18469267034852
0,25483255585627
-0,0461940233634861
0,0341194241670417
0,0245428243195897
0,0426988537725086
-0,00815001262072343
0,0256718169423596
-0,0199298368905341
-0,041005960373305
-0,0803320350675491
0,0172215051332226
-0,0214193620828119
-0,0103083812296999
-0,0220540161941429
0,010182972995626
0,00331937859972058
0,0142039000323124
0,0180297115994757
-0,0232548974429032
0,00835577439459713
-0,00145538329298085
-0,00461496223406659
0,037971076834039
0,0570077250155953
-0,026907579289544
-0,0186995410229982
-0,0179158378111084
-0,0327490109737222
0,29829151626158
-0,271335534628968
0,376752863936677
-0,000806478554405207
0,0588655579374763
-0,138784561281094
-0,100498486015964
-0,112050136213491
0,0556575709602589
-0,317835426459262
-0,157214248220558
0,100837597352871
0,270050716024845
-0,0495056277475012
-0,00242968702561617
-0,0761880436785269
-0,262581408231089
0,156204461231517
-0,0739003017167805
-0,290543510459636
-0,196358578498902
0,116501619025525
0,0442078521532807
-0,00491241433006303
0,0182995594834356
0,036798880732057
0,0208330983815594
-0,0177396266464106
3,22045364434998E-09
0,000155468290599938
-0,000426149058067312
0,0018482395496868
0,0182120184047457
-0,000106160410832846
-0,0130286212243479
0,014063562294074
0,0181730759040212
-0,0237149173665869
0,0265062490351375
0,00343611714376838
-0,0153427737914695
0,00408598587251359
-0,00234884893119553
-0,016991907421396
-0,0353433345542621
0,0221339864744303
-0,00201594146162553
-0,00238050244818521
-0,0683866674690507
-0,0894021590778477
0,00793690689709376
-0,0230543715899346
0,0279621384319322
-0,00803038854232152
-0,0255869465312654
0,00741394933489852
-0,0429965473964002
0,0299949510904221
-0,0689124988540236
-0,0349471386298786
0,0575167390359751
0,0267280426972107
-0,949184748215561
0,128265199629491
-0,0658467999089374
-0,133916575015877
-0,122961635540422
0,0355064934433424
0,00385632694832114
-0,00449610254482516
0,000604591336497564
-0,0851453080084086
-0,00596029099428661
-0,0179047034278198
0,0110255389540454
0,0206737138750304
-0,0119511647935021
0,00748456046320086
0,00997117545490538
-0,0190781914025754
0,00947369630691673
0,00325874630060428
-0,00459371266430169
-0,0197043461944211
0,0215022257194069
0,0287575394061389
0,0326283904204188
0,0023092585973013
0,00700363663885059
-0,00143372353934697
0,00205695062325693
-0,00188412138732449
1,98597188557039E-08
0,00319963540278101
-0,0123662575799464
0,0253681894404959
0,332719196538421
0,0249037411468106
-0,00756407365581328
0,126754098368686
-0,00683236346125095
0,118059264010413
-0,0808293368922374
0,198973363054123
0,216542224691047
-0,0667300149536108
-0,0609474090103152
-0,0398204984710349
-0,0738854433256339
-0,0377136398658138
0,0561302691416535
-0,0469153876526031
0,286543359409326
0,222699879893684
-0,0790910283846823
0,0903167137453344
0,0572022623930841
0,058990696136584
0,0314588003937445
0,0410038791567751
-0,0297468621801152
0,10071070715485
0,0850231370792333
-0,0610155508418498
0,0292954428157102
-0,0779497867436201
-0,10181763238942
0,0848547899917195
-0,0752298419071268
0,0540102935995056
0,274869097137487
0,0698277463694119
0,0164809726514676
0,201408973554701
0,293393985518429
0,238430124182038
-0,156495602197886
0,201746612939989
-0,129405378562373
-0,0529772634064817
0,304082671328247
-0,0466036758273381
-0,046854902292262
0,0577391154740803
-0,0108557148997153
-0,0318561921963218
-0,0182819850609081
0,120582811571201
-0,0984511666986243
0,164726348078925
-0,112867285725232
-0,114159077747561
0,0418783707444146
-0,0425907176536824
0,00662773043667527
-0,029013676456626
1,50504792342588E-08
0,00343740547415152
-0,000483221491231984
0,00299496534490727
0,0152861533874776
-0,00919228279511119
-0,0610981306132669
-0,105415998481406
-0,0284809525151058
0,0683817836381801
0,131148496758068
0,114654408217848
-0,114949040821578
-0,128938033291293
0,00390001064384946
0,196507295205717
-0,0704493116449019
-0,0425952540621888
-0,164630654688978
-0,0494455089068797
0,0818305467140787
0,0518049463894782
0,0688961043250564
-0,33773016360317
0,0425315568622015
0,161861807433039
0,0882464092816947
-0,0187878039544394
-0,0755042798265189
-0,0409143647841412
0,0275710717071
0,0255653018011236
-0,0419143528666788
0,0249402687035643
-0,0194749313717172
-0,00885343849353759
0,027021723680282
0,0803393383405463
0,00439177977360808
0,070226690837092
-0,0641005780814457
-0,104825508799117
0,00929666581006931
-0,0181971087165666
0,013841198243546
0,0832952872290078
-0,109037065327682
0,0483769701573897
-0,0233921747630788
-0,0538214945306389
0,026931156231747
0,0410760975058119
-0,0212933089789947
-0,153118242597176
-0,151156546476712
-0,0803663040731941
0,099980855880003
0,045484058659178
-0,20895795046313
0,301275936423652
-0,0817136327181381
0,130775899602325
0,132623911878262
-0,61015606278383
6,09371774270614E-06
0,00312956289886606
-0,012968908065249
0,0272067348487515
0,315371436069651
0,00889882841250716
-0,154694361454761
0,203035075088179
0,190812195686693
-0,176241534988164
0,19497353266673
0,147366178802361
0,0429444099843078
0,0395956838358644
0,028658839518552
-0,150704314214439
-0,184735774853276
0,288999678653294
0,00259604236515443
-0,107149986856297
0,211497433079491
-0,0662820858529059
0,0897898009961216
0,0368210716319026
0,191929012729725
0,0227199978589076
-0,0551496579762508
-0,0183590915749191
0,0396551338970401
-0,18374940399392
-0,0679273151593688
-0,080875258495373
-0,135153844062964
0,141819806926279
0,0591825001363868
-0,184599547454401
0,0401016498409272
-0,248215245420547
-0,255849657916659
-0,0444186421569427
-0,263449413252686
-0,018434461129074
-0,170144119613144
0,117650192396961
0,150482975221326
-0,0353817826576585
-0,00499540393347395
-0,0102333616110726
-0,0180616548726089
0,0575470384197888
0,00914276791081627
0,0957413224578329
-0,0795998796108747
-0,013848321018492
0,00319583898857612
0,0511042484260525
-0,036336250418826
0,0690579641317394
0,013417089209861
0,00361809323543318
-0,104320431487175
0,0244648818279269
-0,148796307655657
-0,0150749622039654
6,9347482792713E-08
0,192065021383184
0,0254183593986675
-0,0388328797899656
-0,000534219780150899
-0,00586169360047091
-0,03609740750923
-0,0503146214074
-0,00340952878099529
0,0841774285992107
0,101410475432962
0,116163126940851
-0,0781165882195473
-0,0149672539225447
0,057870988537542
0,110496905518986
-0,00521970686885843
-0,0476053928813462
-0,0918209352430628
-0,0120849289274345
0,0144293971866807
-0,16048741999566
-0,0634336330545204
0,442752486606878
-0,0302200707891941
0,047526357188193
0,0185059376347076
-0,18881587167484
0,0788258812757676
0,122697838775925
-0,0728446366664569
-0,0439635389849446
-0,0166500849906693
0,135261857826645
0,0333048448355825
0,0959222789843349
-0,0772051649976549
-0,129736979811564
0,0639141397402693
-0,301968529907876
0,174472108277317
0,203828582673605
-0,00451729286183412
-0,0989991079886041
0,164664345928778
0,0762447791234308
-0,181721826192769
0,0254347417094011
-0,161089190077616
0,0822589479545659
-0,126454481003206
0,00924460040389444
-0,148761600905772
-0,370380351042749
-0,213720888068624
0,0332301603396705
-0,0742811781015215
0,0320743797682474
0,100452730713234
0,091380355709633
0,133938128615313
-0,0432432556497209
0,0522942712734375
-0,0446994322757834
1,30487001435652E-08
0,000435486724985698
-0,00151073684797409
0,00554366507307527
0,0810188892844023
0,00471187136992256
-0,0254480535263834
0,0506191537719303
0,0295290816725034
-0,0277361692567916
0,0399290372408577
0,0681987309417743
0,0643438697556055
0,0094653004869983
-0,0065089138244207
-0,072009983254083
-0,114576454279311
0,119507052628731
0,0368429058933675
-0,0553343461073404
0,294544519723843
0,0785233282504324
0,0688245752482139
0,123345507052632
0,340894950760666
0,110817696870868
-0,0311269738097654
0,117677754433496
-0,233274575759039
0,332740685713416
-0,0609389199738581
0,333621004845253
0,280765306218927
-0,236811234310307
0,0481459928146938
0,164121581689552
0,0244003341532544
0,171921437662632
-0,0676448387323177
-0,0573145578026355
0,182219689181551
-0,115322426140655
-0,11788110314549
-0,204834422877829
0,013491672747058
-0,0957846040103539
0,100621900294832
0,080175473503496
-0,106051132812035
0,0226009869998641
-0,0367496440001571
-0,119279270904329
0,0376144767271391
-0,00468036962465795
0,0509764468877676
-0,0755096497711355
0,0368136362659109
-0,128777543486487
0,0849326725370163
0,10033379812635
-0,0439711038554827
0,000134432560081586
1,64837300647853E-07
1,41975452185421E-07
0,0374707547796715
0,0273972740087672
-0,0087920891006653
-0,0171164832116079
0,0825276435958488
-0,0500577113102357
-0,206143814659712
-0,2105811378386
0,0715656644212493
-0,101815375499562
-0,249998364176771
-0,237678944677877
0,110091646123124
0,0851245373487246
-0,0962196392924367
-0,21700699583557
-0,11278092655094
0,0198084336098761
-0,514725546458154
0,0263144376476278
0,0589543334671843
0,0908254974813043
0,0884297409176171
0,0668226725876364
-0,069872664209633
0,118354316601222
-0,046119189210581
-0,260329745440688
-0,232342804110157
-0,0755140540392171
0,185229979320185
-0,0496389053390906
-0,0457537166608887
0,117728168264827
-0,031161722350253
0,00799468500816005
0,00665030660220284
0,0683193018194736
0,00740088266082353
-0,0214484136136975
0,103196566927067
0,0268122941667498
-0,0153317288274584
-0,0561135989845059
-0,0195607094917151
0,0333625597660757
-0,188343391942696
0,0381586222778183
-0,134416628343008
0,012381152833668
-0,0663544316459596
-0,058475702621191
0,0147255847217071
0,212380471628597
0,0165161791316874
0,0713969660535157
-0,122143163326018
-0,122029927993145
-0,0986594933646632
-0,0590970458305124
-0,088095803037426
0,0126620138431228
-0,00410298994636908
0,00402276258132518
6,10518938490362E-06
0,0111298527401793
-0,0879716423818604
0,0596764387257213
0,00490499665898746
0,0244122390123341
-0,082733362979124
0,0531188345532154
0,0561002477609654
0,149988982574047
0,0949904720194588
-0,161149131713129
0,0629940354460201
-0,0531298501924109
0,0906245658467416
-0,0172233906079014
-0,0288018957361555
-0,063346239080246
-0,0338650953032838
-0,0375572260718273
-0,0794411156184876
-0,00946312588660349
0,121183110768237
-0,00250600806630382
-0,0264273636800703
-0,0134705265648651
0,0255981100855786
0,0123252296975026
0,122261981237959
0,131476258230479
0,250380598108235
-0,149702783279438
0,236795052791787
-0,152874991791172
0,0467096881288692
0,0931525728726729
0,0507841639557907
-0,114055493661351
-0,0529400001499509
-0,0349567323968531
-0,0695261387407155
-0,0700998016055709
-0,0446916557650558
-0,121866288249091
-0,0142947168942955
-0,0684388712332941
0,00505522587985647
-0,089618801202054
0,0905315343623108
0,538370083985094
0,285449266183146
0,0620165926796635
0,287278278605314
0,0185884280401663
-0,20045505631999
0,15999807291464
-0,22215436735004
0,13510200095748
-0,0440894429920184
0,0169144499945919
-0,0193559700899045
0,0194526939000902
0,00769245906183821
-0,0520922808421067
7,20066866906077E-08
0,00661581171319188
-0,00142858474411504
0,0292462769323373
0,0918843620828051
0,0240113984527063
0,086206584848735
-0,042564812228553
-0,221131860074204
-0,072542686909154
0,0804065270949686
-0,141966609245949
0,100171415475375
-0,0927596167421487
0,0420990948844538
0,0916875087065811
0,0432127265329098
0,077335850701712
-0,0432369801627975
0,141889662716467
0,00138288155384671
-0,105692244530189
0,219678017352395
0,105847301530029
-0,0569335959035767
0,261610070438133
-0,273444872208749
0,172674239525561
-0,0530771070842708
-0,195271679004021
-0,24791638812357
-0,0933872231413212
0,0988194291781112
-0,131766660024105
0,0526588172336014
-0,0415506514398116
-0,0829072249907303
-0,222039948717685
0,171160187489732
0,0556878518709147
-0,0947515599108835
-0,0142235560851616
0,141556219063407
-0,0759446446687573
-0,132831144264332
0,0251375131285483
-0,0479282913666766
0,426349212514332
-0,0770430559208144
-0,00333652702786771
-0,0373550887466871
0,120573025430116
0,223463888325024
-0,0790938539476317
0,104531745679514
-0,0283950310079393
-0,0566118187978331
-0,046392743924208
-0,0392218131959112
0,0271635909934709
-0,0300224004535166
-0,165765596040452
0,000318401595053499
-0,000139768963880199
2,31639837124997E-06
0,0147336967730105
-0,0490095098997916
0,101576799139672
0,0132441874010473
-0,114768555822859
-0,0738059429551285
0,0879980284392531
0,0937207252528323
0,249950521494634
0,282602010459702
-0,423633945958506
-0,133581896679948
-0,294912243274863
-0,207244250537801
-0,257431571627105
0,000412558931202401
-0,26626340372899
0,12211027236576
0,0944893686527479
0,192081989723363
-0,0168551640449088
-0,311557969598433
0,034468259911791
0,0080234443415
0,0635379798990249
-0,10607184651537
0,0238729751755564
-0,10538338646467
-0,0917286989712451
-0,00823897202560809
0,113345318371233
0,0528133718417021
0,162956922400933
-0,00637647060710792
-0,0908625844907307
0,000300102475957838
-0,0370270880088667
0,0164999949958709
-0,0126391387708112
-0,103469555893947
0,0593948023066811
-0,0494135690238551
-0,125887842745651
0,0708317349341911
0,0823640167046431
0,00716109444691822
-0,045238904221711
0,0578377820031807
-0,183361523900113
0,0493665181818746
-0,0249965879135404
0,0823955671104967
-0,0175295500568493
-0,0172340301371099
0,00588743002051498
-0,0124266796348187
-0,0557717220793193
0,0225196853966443
0,00857788209503022
0,0124360622918468
-0,00202555791607229
0,00273277402526032
-0,0058850166791048
2,74069313779688E-09
1,56047886157666E-05
-1,12169314268563E-06
-1,52991471202672E-05
0,000261303920491875
-6,14106664243156E-05
-0,000611768728793928
-0,000423659947344688
0,000451644950951657
-0,000847095937128653
-0,00158304014440703
-0,00156963167140151
3,14204898915806E-05
9,02810951673158E-05
-0,00055070602379634
0,00161940338238606
-5,08874124633403E-05
-0,00108718993864108
-0,00695320385230674
-0,0018063177799842
0,0049958298850452
-0,00434419596338694
-0,00239498295043081
-1,87658702303758E-05
0,0032844429508378
-0,00641289374410716
-0,00314448364718858
0,0110466981443012
0,013482438531263
0,000802030801363551
-0,0028538730295786
-0,00120682332306882
-0,00310631266165872
0,00366662120426814
-0,00122424905249811
0,00598469094084674
-0,000472080243091869
0,0120223583182159
0,010506348795819
0,00459286973807512
-0,00782795921088929
0,00753585180636633
-0,0159642928915746
-0,00703177673774695
-0,0246562115395449
-0,0273290696433161
0,0335047767111394
-0,00362856112629967
0,0036697440657343
-0,0118298772910714
0,0195909812260115
0,0456866700277801
-0,0100693874965361
-0,256560592470078
-0,0835053955282623
-0,0782593225734067
-0,00659577233306437
-0,0401500606869821
0,165790119076239
-0,489517390524159
-0,651210677924496
0,0951922085315324
0,461179140998779
-0,00485870536053383
1,16657597199912E-08
0,00819382749042729
-0,077811612756305
-0,0294492583135145
0,00357155895732471
-0,120252931845103
0,0443898747156688
0,00218587546163839
-0,0150653219670606
-0,0459578413606675
-0,0104683068099012
0,0402056150961542
-0,0301113370569489
-0,00447284462452479
0,0292990808346258
0,014604959239262
0,031135405940447
-0,00203427933000725
0,0164559815367004
0,0337690769800213
0,0725645163875338
-0,0327485847184096
-0,0577506880228964
-0,106142975024622
-0,0209322131660873
-0,0888060450515786
-0,374836080936484
-0,243635845094188
-0,0379746780167229
0,246759897985386
0,0524383305054269
-0,0811638058048744
-0,175384265568664
-0,158008959688161
0,0433347394413641
0,169998608142074
-0,0779050424374568
-0,0965797556671313
-0,027056035982899
-0,0632347468976547
-0,295415803436621
-0,194048747913943
-0,109830297308546
-0,0111693828540642
-0,303797104135541
0,12504935247404
-0,213928485504232
-0,126917470511166
0,0952826861043677
-0,00662620123684361
-0,0291881479316989
0,102535449324159
-0,0592877149184525
0,0612627962637485
0,0111747000187076
0,0151903461524182
0,0582056306345607
-0,220111561166671
0,366492088246149
0,0467255142756192
0,110755673783859
-0,0860992522643827
0,103942102179366
-0,0826984157036262
2,53928532727215E-05
0,00522969556601054
-0,0049714738789842
0,0176855704324148
0,0761715489809353
0,0225904322680388
0,0548929583114182
-0,0359137055071342
-0,171177607592899
-0,0567434221451659
0,0914827239281973
-0,128948385306478
-0,0833027364985677
0,238711125120973
-0,00741842232125146
0,0243672078922487
-0,14452703517416
-0,119224347317362
0,077079489540564
-0,26876869513748
0,0132487676350936
0,0679310439962074
-0,0127430729146927
-0,00286206954582411
-0,0159552751399711
-0,0654844065351711
0,0535165447293925
-0,0522146025764652
-0,00822457107517285
0,148010062583069
0,0935993642376611
0,0115400473174568
-0,11347971075769
0,168046953315543
-0,00797479957184876
-0,000446680630870175
0,0472761347929217
0,00501094428583823
-0,000258472530014809
0,0823080027998139
0,0134428362836212
-0,0108069366701018
-0,0642206191655192
-0,0199278021236339
0,12979125596115
-0,0162517301931343
0,0340843006644797
0,149943674458377
0,209971353700128
0,0868554688790089
-0,513864370670273
0,280976504807156
0,389526493495983
0,0413018305966016
-0,143430180987084
-0,14174468227338
0,132019191622066
-0,0496842047455413
-0,00395987276018716
0,00453495376665683
0,0040755649679507
-0,00181990937333792
-0,012476343840513
0,0552400405686715
1,06527467416234E-06
0,0189664709399373
-0,183028569269507
-0,0331346615367817
0,012384891274694
-0,246919094275738
0,0555615972266443
0,00953098603672352
-0,0234570216455053
-0,0343676200723851
-0,00652529624973224
0,0734742670918012
0,0589248422773696
0,0738103520413159
0,155868012653627
0,0449281794860049
0,173391191370127
0,00366386696994557
0,0209423135366737
-0,047488051777959
0,0930601122426265
-0,119754153688991
-0,07140404574944
-0,197553542570404
0,00513446550888413
-0,118755019262701
-0,422432471071013
-0,241734362752831
-0,170182830300586
0,0525936331253244
0,0933929572061979
0,041383717302273
-0,00403932106948022
0,0826770945825464
0,0142140078426747
0,114636246878145
-0,0663183401315315
0,0594415306305498
0,149954998844021
-0,135274763328162
-0,036092462718263
0,134069865876061
-0,00887711829897144
0,0519176588031716
0,206689734512569
-0,0424719212042191
0,156187012346951
0,135600839931168
-0,071851809209295
0,00130883784794457
0,108416170645505
-0,178871893375171
0,13535169675772
-0,0427835772244963
0,00811124303949024
-0,0862002580457413
0,101702114036887
0,356955055684419
-0,201735194618247
-0,0406527249407137
-0,0871694546613542
0,0790134565586129
-0,102175607749777
0,0777071430577243
3,12901953967302E-06
0,0126448100214322
-0,0119000767132439
0,141602156337137
0,005349002216729
0,0358344624983701
0,133388612564874
-0,127777290352622
0,121723471834627
-0,136357590801051
-0,0352215608432223
0,125323333145488
-0,0746130294914017
-0,157719586758602
0,0521111885084112
-0,29248123907305
0,0926667665500039
-0,295725071536856
0,0722881647920019
-0,233211770110323
0,201507398466501
-0,212389597709481
0,388813476879563
0,0119488007420723
-0,330214103612508
0,00287801268293005
0,0608082452164476
0,0742472539677942
-0,0714719735158919
0,0638099887597245
-0,099125488977908
-0,0978958561520097
0,0688855053899647
-0,00422097618771146
0,0408043595418957
0,0333244157155406
-0,369337240252756
0,170791244990145
-0,158786176172958
0,0415039248371472
-0,0393773426696098
0,0449935049782738
-0,0381375754063543
0,0130149418827037
0,0697089688028091
-0,0111534607332585
-0,030434315957643
-0,0103859897145681
0,0662602910810647
-0,023018009375866
0,0206426363012544
0,0208246451908732
-0,0670214484473146
0,0484719723408523
-0,0213120850502452
-0,0927624044893922
-0,0470657758962376
0,0115451819024929
0,00336510872291723
-0,00289136866545063
0,00268558658402259
0,0170979892605074
-3,28603017782468E-05
1,44467784311084E-05
1,37787638776202E-07
0,0156999394615488
0,000833907905478055
-0,00253090534578133
0,0388048105572779
-0,0197288257155197
-0,112630993031646
-0,179614201839413
-0,0250930813212102
0,0541928881994552
0,0395555128562251
0,0684963068219241
-0,0248982616328658
-0,0456236592418112
-0,0230293598954693
-0,0476404293226272
-0,0255906866009043
0,0865316152566149
0,159645642016503
0,0369422993921496
-0,0761942583767034
0,145412388523259
0,0577434109373531
0,0790467220115667
-0,0605166403047455
-0,367273123845467
-0,205397214238837
0,202010706789178
-0,0267688273470974
-0,0763538082469061
-0,021586272377937
-0,00523062427400819
0,139528412368077
0,0947090449838943
0,040694893631554
0,195540869701812
0,157296389844976
0,016793262413425
-0,0549456434123111
0,462045845987772
0,0374323210762545
0,0740547904199457
-0,208561704941587
0,13579233451506
0,0956738719812898
0,160183646543484
-0,34957880251199
0,0966767001747299
-0,14090845627865
0,0438491833969961
-0,0304582505999298
-0,220894269880878
0,0183628439830637
-0,0371119218775265
-0,131050627611938
0,00306909157776658
-0,0158832032486805
-0,000120202178311528
0,0401663896424147
0,00307973543819447
0,00599569960768407
0,000321342187522172
0,00343685957286135
-0,0098613109483168
8,31408609893974E-08
0,00543363244998954
-0,0108896820145242
0,0286520552721711
0,405636912868432
0,0276773178842314
-0,0619870130226545
0,139893393638572
0,0388660273477291
-0,0076733661970963
-0,0999542701214996
0,140843926758473
0,0340990628204675
-0,0487254675641315
-0,0519477239880302
0,10853623468876
0,166994044699776
-0,202344327054634
0,0104260015273151
0,0576653251710789
-0,0472171541549973
0,246188677193528
-0,1719626722041
0,0207401309769786
-0,305596741386753
0,00353931494399677
0,0859031692340979
0,0232857777663409
-0,0132345124611829
0,0220910172680117
-0,051013192507422
-0,0161146151398926
0,0218074112620232
-0,0491277605250822
-0,0423652934347872
0,041943670395224
0,0284677804355866
-0,0108661099496989
0,157546768005565
-0,0375533771077885
-0,281521438280614
0,000902056265894158
-0,195006088186368
-0,0859431883387403
0,132749200906847
-0,0484167577195838
0,172169587633241
0,0703097648839685
-0,281853978053538
0,223289960605271
-0,069414642678332
0,0029399239694706
-0,113629268664838
0,091461525091506
0,0654531759588279
-0,0678370006554134
0,0619835684710638
-0,213370053060875
-0,125372569095774
0,107590091841805
-0,00350999499489525
0,0401960584947762
0,168560081005997
0,0844303836533239
1,00713376906541E-05
0,0370268288694625
-0,000328515652292565
-0,00872586124962356
0,062975756109188
-0,0529426769361486
-0,260403803938312
-0,415282763804094
-0,0784795706689034
0,191413677654157
0,295375774602595
0,30215445454357
-0,169482704918359
-0,0919177206327563
-0,00969746645782125
0,195137015358708
-0,0563705042830717
-0,0386251988164007
-0,0669430483434184
0,00130479546128486
0,0305558133722002
0,00779600676479953
0,0197698266771532
0,0816167753713989
-0,0136430952155651
-0,0850134687362418
-0,0409308303613731
0,0134425762040342
0,0396599466016202
0,0266553510053229
-0,0997218314054959
-0,00497103302927325
0,0339488109662054
0,0121319350427104
0,0173486196333808
-0,0228818876406124
-0,0220983068618777
-0,10835293180992
-0,0107175908218253
-0,143987811768078
0,0989270960919813
0,191056639409661
-0,031001476146979
0,0044356284371179
-0,108065591155659
-0,0659019508606238
0,134405727286897
-0,0726931966694781
0,0619946423247503
-0,0485458437415217
0,0588768020848029
0,0760270641667199
0,118567943359115
0,452937726590475
0,188629184814962
0,0371723647109344
0,0338209852515853
-0,01657743633113
0,0272085829999957
-0,0841787189584426
-0,115295485928151
0,00980539645904713
-0,00292769002556663
-0,000865662028382399
1,19255639050645E-08
0,00325380163767689
-0,0113267453650154
0,0261950074617266
0,337600458426186
0,0243879961936423
0,0200321388481514
0,107790816914986
-0,0299405172949807
0,176942654592478
-0,119778111473445
0,193136966588147
0,21806076371418
-0,113455981893947
-0,19682321921893
-0,0264600614350511
-0,151434471243909
-0,13062178081752
0,00296141947102557
-0,0887969402133816
-0,166539524803888
-0,149489870360558
-0,0903013648970496
-0,0923016419868707
-0,0226447500492586
-0,0210663915851582
-0,106527163858582
-0,0899892776029194
0,145945407463704
-0,0866113516241194
0,0750428966986022
-0,039214503581512
-0,0660877831217813
0,121944312841873
0,114640610988892
-0,032157966629564
-0,0724568702480013
-0,0276008134911538
-0,246817339737004
0,137059596756772
0,284390454408477
-0,127362869832067
0,164671463041608
-0,342512951882664
-0,172536875083753
-0,0959429908849839
0,0130136708740441
0,092460640429026
-0,0953794750475485
-0,0395099138562698
0,022655528910692
-0,109338818538986
0,061066848924149
0,0145300934893937
-0,0256473736028048
-0,117049126234917
0,126581699170473
0,149905814119015
0,167616810403166
0,00989497897082488
0,036224874562108
-0,00610897279016865
0,0057404618884294
-0,00146392660633773
1,90023824647349E-08
0,0133214708304254
-0,00256545918926081
-0,00506172165346973
0,00874249131852753
-0,0191598404145403
-0,0454099523213127
-0,0754837714225377
-0,0184598408980289
0,057598490402233
0,0939808365847986
0,107825512774207
-0,0447049841084773
0,0151202867272952
0,0452976151257617
0,104474042606654
0,0675532901236323
-0,0484628785455761
-0,0765803375848297
-0,0414739147528372
0,0340864694901869
-0,273133715943677
-0,153627938352705
0,50100842040123
-0,00340769249182081
0,0738432922956351
0,0488188426232349
-0,219639675135257
-0,0488164143453237
0,0177424362518126
0,0961322850711108
-0,0941217432896
-0,0335323838337666
-0,158534075427513
-0,0513528007213723
-0,135182065964207
0,141099774442569
0,229270583627332
-0,0559626829367522
0,348913050280909
-0,2104947161722
-0,332936345048885
0,0454650136801108
0,0661712395174176
-0,0266887949536227
-0,00466862344883838
0,0409201880746801
0,0246898231761502
0,10537163939208
-0,0394300816144833
0,0934266255246979
-0,110270675454821
0,0588980091661665
-0,0661611221470792
0,0571393141151296
-0,0965754721129598
0,0584121827231851
-0,0257236304206118
-0,173308781412896
-0,0218833378493998
-0,0419467731459452
0,0478522185444486
-0,0690307558544566
0,0632154328685518
1,73773800472915E-09
0,0003915577417364
-0,000415856133030128
0,00604307334192512
0,00605144160735824
0,00152239037714036
-0,000435833873792245
-0,00214604759708771
0,00954018846824185
-0,0241540466698941
-0,00422902626065664
0,00944108701721074
-0,0392740213693567
-0,0220952258509729
0,00396942480771692
-0,0196958961610703
0,0969745517374598
-0,105911142711219
-0,00497127307661185
-0,0394372864744496
-0,0868186009266668
0,105070928175519
0,0637027494373392
0,0566553005591545
0,239615383452176
0,0701674049815999
-0,103109046938054
0,0116912261494442
0,0581893494366323
-0,0485124052855182
0,0604517573536426
-0,0575839513800785
-0,0724737518729806
0,0423024849205859
-0,0221837843884055
-0,0209766707904832
0,00223869896385836
0,0121157260491674
-0,0277846261019447
-0,0107720779366842
0,112388639450208
-0,0614020518332836
-0,0699018527221201
0,140386043340566
-0,0645735158037281
0,463946439173799
0,269361393805226
-0,0834920030100162
-0,167115737780779
0,0489842156981349
0,010936830582069
0,0697847222477355
0,0361685953711027
0,0477711688218461
0,0419614961022888
-0,52634047678763
-0,4241342473219
0,0542817072804753
0,0645997228443596
0,01132022775779
0,0746667366067317
0,0475344429421172
0,0287106660351234
-0,019731298974577
1,44367148417363E-08
0,00297872912323795
-0,000383658385967091
0,000603803111980233
0,0136612240935809
-0,0101359233281184
-0,0643455503485961
-0,100630166356468
-0,0222581353826052
0,0751996689543734
0,127275687807421
0,116650036400082
-0,120634546092153
-0,10336704387222
-0,00442198513882478
0,20283995433678
-0,0810941255783883
-0,0632214661742478
-0,156966088308091
-0,0334588570910918
0,0886605283723705
0,0502014018087105
0,0848664683929835
-0,330935708046716
0,045809765284491
0,163105374535876
0,0704116590473539
-0,0146048127918387
-0,0812897020678291
-0,0694700377953919
0,0182827418431199
0,0137884166714751
-0,0366151246242351
0,0094967686762959
-0,0190522129615207
-0,011343547793379
0,00143291596568884
0,0777560429151005
0,0179963251348068
0,0709570296700116
-0,0465881057977455
-0,123718418106781
-0,0200233706782073
-0,0171437223657594
0,0260068686588498
0,0499342021709411
-0,0901079109839506
-0,0205673285440456
0,0294271044222474
-0,020306406194618
-0,0240104284609488
-0,0453276521171022
-0,0152904821118218
-0,201840987669637
-0,0723051797638643
0,107827462084638
-0,173296930850629
0,0787627341594374
0,126148333541018
0,184358630264381
-0,00388072001098822
-0,0306284145393202
0,070635677793482
0,690494135564668
8,73647870577624E-07
0,00357856072717567
-0,0159789025731046
0,0451281650418305
0,104089614481415
-0,00501178857679052
-0,119434941759416
0,109755160095974
0,139672462305933
-0,0644535609614383
0,249238828118468
-0,124105311538873
-0,147556116245659
-0,023357060629614
0,0491630129004972
-0,127010417994251
-0,0746245654512467
0,0980102201469916
0,0320578929557342
0,080925160085333
-0,0501615188141688
-0,175087854628325
0,0401498158252133
-0,0644178057513971
-0,0287169282440001
0,0277172899088434
-0,0655096413834967
-0,00972029311254096
0,149709825158415
-0,0255653033187847
0,296611225841079
-0,151052276911771
-0,0195113763511385
-0,111972231010617
-0,00880996995335553
0,119822690672494
-0,0151600228395155
0,0858790294743022
0,115952747882935
0,0245061237455805
0,257914303311789
0,14720105620573
0,241153804850659
0,313259831346071
0,0100546850416105
-0,114731977642342
0,0319103326426289
0,0956458075164291
0,0104184077504543
0,133985824360437
-0,0304550987589293
-0,077465591196151
-0,101361715901272
-0,00234338157320426
0,142905918570744
-0,167599822240891
0,190062275285826
-0,258049047519414
0,0733615660955114
0,274902834772504
-0,0760417061540647
0,0497831353744391
0,134593245018881
0,0788302934140857
3,95047199634565E-05
0,0047960023298732
-0,000317516577193291
-0,00296525629516399
0,0413985719281016
-0,00945778584245456
-0,0809118292921492
-0,0551327541159265
0,0521491123104161
-0,0882332437120633
-0,157161309109709
-0,149392781896102
0,00240655130383159
0,0068453432359701
-0,0375951705801238
0,105668478578138
-0,00315986140034208
-0,0670893724252699
-0,399402677897074
-0,0966017664774291
0,264614336611517
-0,210039101991191
-0,113795575810976
-0,000830853609675747
0,133183256764482
-0,251228841070138
-0,116204990058952
0,378327847279214
0,414956455724961
0,0229645587750039
-0,0756865317937661
-0,0302781805501562
-0,0707384446714359
0,0811747952044163
-0,0239140750639973
0,114150202327361
-0,00791091925404521
0,178012648317321
0,150743521607877
0,0589774962242625
-0,0865869483125861
0,0666813424723708
-0,129931816574449
-0,050802795946379
-0,142364362743281
-0,123971154753058
0,144035581813374
-0,0142932433856411
0,0114972179750384
-0,0293166697044363
0,0388428409833239
0,0743276008847786
-0,00990971838876846
-0,120287956560029
-0,0226789757503544
-0,0142029531607326
-0,000488116872646367
0,000418885271766955
-0,0109634750659567
0,0414467565964866
0,0558847833960526
-0,00835334864882284
-0,0404763915661571
0,000426436524447613
