0,999999603596915
-2,05949009014899E-09
1,36316496271798E-07
-4,44773914277025E-05
-2,1596952034162E-08
-9,59538667177015E-11
8,61863421879229E-10
-1,38121969899673E-09
1,72844487385811E-05
1,69487091896122E-10
8,82815555119116E-06
7,08763730622795E-08
7,33085989406441E-07
1,81581626673952E-07
2,28440386244594E-08
-2,38964493135102E-05
0,00047989393613908
5,09535351952633E-06
3,80810824221152E-06
-6,85624524786253E-06
-6,08503119809266E-08
4,57411774979742E-07
1,00799867482606E-07
-2,01784767867598E-05
3,96075538139178E-08
1,6663278901174E-06
1,00426213237643E-06
-1,05890241892813E-06
-1,03394852897418E-05
5,25034395026162E-08
6,55857442772437E-07
4,31223168191696E-07
-2,88268696152223E-05
-3,22113375116563E-07
-1,54522156058964E-06
-7,61539301118866E-09
-1,02802632768852E-08
-2,58937939944637E-06
6,25887266669733E-07
-7,44219590411854E-06
4,68878799127021E-05
-9,6511846028343E-06
-2,49471242613886E-06
2,2942242393041E-06
0,000257225049493311
-2,24488759303279E-06
0,00040214029611453
-7,81593095393904E-06
0,000475163322938288
-0,000315100011443148
1,14084175962528E-05
2,08060210149948E-06
-2,16020583170206E-06
1,87472579286475E-05
-4,89971703804814E-06
3,05098937947049E-05
-8,59443700617574E-06
-1,10369849578253E-05
2,11401552244555E-05
1,55463113876033E-05
9,50390901621317E-07
-1,76500124650675E-05
-9,71110913633263E-07
-1,0766223737495E-05
1,90666674645285E-11
0,999967775564065
7,11633586808981E-08
-4,26218031536067E-05
-2,5305808499289E-07
7,58434965755397E-08
4,66858203018885E-09
-1,8700351559347E-08
6,0458621230204E-05
1,7502955472924E-05
1,82072327964745E-07
6,30810025679628E-07
6,43191057227615E-06
-4,52708028795473E-07
1,81172539168141E-05
-9,99181003777002E-05
-1,95556429224905E-06
5,44436461600572E-05
-2,76445106919316E-05
3,58287012429812E-07
0,000153061641016998
-0,000724515360342846
-0,000763866415032845
-2,32776677431864E-07
-1,08583997687283E-06
7,87586363594078E-06
2,73397274262723E-06
0,00283660897926186
-1,8205810266238E-05
-0,00595328762693536
2,24153599064394E-06
-1,84323753684832E-05
-7,69690706640648E-06
-2,63294588785929E-06
-4,64433018956475E-05
-5,91414025032617E-06
1,89153744354566E-06
-7,32203278680222E-05
3,9459279135692E-07
2,30357061064856E-07
2,12220923218802E-05
-1,39951980411962E-05
0,00434093390694261
0,000154934879103415
2,05093017603766E-05
4,82842193539851E-07
-2,57659477206718E-05
2,75997750920476E-07
-5,09550394323272E-05
-0,000123594046445095
-9,03727655296259E-06
0,000214705999911114
-2,11847197933916E-06
-2,63977893517448E-05
2,89383607602892E-06
-0,000182922113582291
0,000622377926853185
-0,0002068661105491
0,000328436239362604
0,000125468392827523
0,000522855080413885
5,00789914147579E-05
5,96374359233808E-06
-4,92503978963725E-05
1,82828244928269E-09
5,94169076222764E-08
-0,99999869690359
-1,79768061063134E-06
-0,000110677019257033
9,14045151282654E-06
3,19161551564574E-05
1,03692496284844E-06
4,18921343127889E-06
3,07085338927191E-09
0,00147440060315804
-1,81664608687164E-08
2,16844600023766E-08
-1,70892980665161E-08
8,54072468490115E-09
-5,94059507709628E-06
-2,65280089789637E-05
2,12717643864918E-05
-1,25842876379127E-07
-3,22806790364729E-05
-1,1627680416583E-08
-2,14005033093656E-05
-1,22358147008058E-08
-1,1935684293902E-05
-0,000527669564679881
5,68131103430863E-06
1,33429554591683E-07
-6,33761536859779E-07
1,05868615136192E-08
-4,63957988104307E-08
1,1210967473949E-06
0,000320469868782754
-4,27230009320625E-05
1,42151215061031E-06
-2,61222690691339E-05
1,08231539357865E-08
-1,62627234073505E-07
2,55191493559312E-06
-1,37830690158482E-08
-1,90408660597339E-06
1,0072810598005E-05
-1,79059302259104E-05
-4,94760899325601E-07
4,25621018829996E-07
6,15140377802651E-05
-3,70337931085102E-07
0,000119585656951224
-1,69484499616377E-06
9,95088102167473E-05
-6,3148539737493E-05
2,45649625957487E-06
3,83215851081914E-06
2,90303200002298E-09
2,36752484608904E-06
1,0308850864868E-06
2,93552243850279E-06
-6,96094840356306E-07
-3,17432343980356E-07
2,73688208052084E-07
9,20901376010287E-08
6,65137442099858E-08
-4,68697932062004E-08
4,73000547750055E-09
-8,56231963258281E-09
4,44726428299672E-05
4,25666926850092E-05
-7,72735709883342E-07
0,999852452159643
-0,000190854562108752
2,56111806402533E-06
5,3480911973644E-08
-4,88546084086915E-08
8,31756623879135E-07
2,63252622333144E-06
0,000272604932788129
1,09834428610581E-05
-3,53584490562563E-06
-0,00408545421444743
-9,8190738273841E-10
4,47219928309988E-06
-4,20698667650182E-05
0,0101847313383479
-7,2591933141736E-05
-4,80884322343411E-06
-3,88504882219752E-07
0,000687209899466958
4,22336186595436E-07
7,10350732764677E-06
-1,77113220794938E-06
0,000951299582254311
-2,57644491349938E-06
2,14214851440656E-06
1,25215788052908E-06
1,2743546772283E-06
-1,71646542831992E-06
0,000151501530884577
-0,00951729152848054
-1,59265036541165E-05
-0,000286769087091371
-5,04163225298014E-07
-0,00901920343233441
-8,15182756696621E-05
-0,000381241052870354
2,38341973155943E-06
-2,20593564772712E-05
1,53622360465849E-05
2,37984632816983E-06
9,04512508458008E-06
-0,000155734109416468
1,16050940893565E-06
-0,0002256313960044
7,21065057691182E-09
0,000210235294609379
0,000881507346669999
-7,46610964680617E-06
-6,30641693707745E-06
-0,00020059380484942
-1,49061541695005E-05
0,000178525348408333
-3,55408805351015E-05
1,06036162147386E-05
2,32865754265416E-06
2,84232229071883E-05
-2,97944818220619E-05
-5,00639967986214E-07
-9,82316706502887E-06
-3,76251057703591E-08
-5,21762946379551E-06
5,70427518131154E-12
5,97317860679816E-08
-0,000101976738900039
0,000167094827544312
0,999926077689481
2,73916313682699E-07
-1,24903525951264E-08
-2,98097858683108E-09
6,36385631279874E-06
2,7375818857502E-06
0,00558898982333887
-7,97642231283437E-08
8,69408274929723E-08
-9,10502957981655E-08
6,42669912429472E-06
-0,0104882212872648
-9,66872861012786E-05
0,00218991350232675
5,04177019936932E-06
4,68403871977992E-05
-2,77905994551012E-05
-3,31352159868756E-06
4,19740384573137E-05
-3,91113225355178E-05
7,32140724796814E-08
-3,68307215376748E-06
-9,52525357940653E-07
-0,000312732850854307
2,8595248855481E-06
3,50515856808473E-06
-1,08553277144845E-05
0,00124435633533795
3,50966824665184E-05
-1,38470113579465E-07
-2,38202174327619E-07
5,86256721468859E-07
-6,57459928206517E-07
1,67422818175292E-05
-3,25069850517024E-07
-3,93436657121662E-05
-2,54016513206388E-05
4,37333427246546E-06
-4,09225879597914E-07
-3,40401457008912E-06
-0,00011058207453622
9,63655233920803E-07
-0,000171993348012235
3,27878214570628E-06
-0,000198830100076644
0,000132882967927724
-5,32347257791886E-06
1,13875319131387E-05
1,94452467299127E-06
-7,56816360571404E-06
7,8576717132992E-06
-1,34688999742085E-05
6,10431463358622E-06
3,53153700005519E-06
-6,95010282423413E-06
-5,698164701563E-06
-6,36443676100124E-07
7,16065540825454E-06
3,88946463257199E-07
4,2801431669027E-06
7,73450932360166E-16
3,00357571933348E-09
-2,64082985270571E-06
1,51675578235348E-06
1,38646407914265E-07
-0,999804394952725
0,000117653955300133
-6,40452342352112E-06
2,07259089394082E-08
0,00991335307211763
-2,73485444230984E-07
1,28375711503624E-06
5,60201055714849E-06
-0,000260536628899114
2,53431346372262E-08
-6,09267697082956E-05
2,9572197915045E-08
-1,12435974817542E-05
-3,68098369841623E-08
-2,09696091710016E-05
-1,65188090614708E-07
0,000137182317351995
-5,99802165679965E-07
2,23977306283054E-07
-0,012274959084616
-2,50614555542407E-06
2,26653676323847E-06
-2,15613387869989E-05
1,2949360987174E-06
4,1043070319071E-07
0,000968368282517871
5,49648759024839E-06
1,87011942116079E-05
2,33834315791998E-05
-0,000523774712037643
2,89029056389855E-07
-1,30880063846477E-06
5,52138372941052E-05
-1,66508011983668E-06
0,0117680204704243
0,00150056452836337
-0,000309456995064157
-3,53747458512852E-06
-5,13532556249435E-06
-8,71516939427413E-05
6,6746805033384E-07
0,000103173878925635
4,75782481700474E-05
-1,75335135089788E-05
3,48148616695507E-06
1,03198482777875E-06
1,20561126131163E-06
-6,64950435486857E-07
0,000177890318556598
-1,2779091316034E-05
1,458582524384E-05
3,35726904857353E-05
0,000110979100678363
3,03395212966014E-05
4,79101450502517E-06
-1,81736680433272E-07
5,39645711627134E-06
1,53209130428872E-06
-1,17066115951464E-05
6,87571601896805E-15
1,42630897831632E-10
-3,06326610341415E-05
1,23539992434318E-08
-1,46049788688969E-08
-8,71191832142806E-05
-0,999214216352861
-0,0382008395236717
-3,0939243476219E-09
-5,86472523623655E-06
-1,44096358770344E-07
2,63311887566828E-07
2,53193825486409E-06
6,4767086688941E-08
-9,71115610363299E-08
1,26046793989828E-08
1,40413550635272E-05
2,78680095953856E-06
-1,81089765557297E-05
-2,59174093551744E-06
-3,9263818661138E-07
-6,07067423336332E-05
2,33836245343336E-06
7,59261713269451E-08
-0,00245443504119184
-3,61272854771226E-07
2,14283379324662E-05
2,03041683182694E-06
0,000574720677822407
3,48712056111514E-08
-9,37765376397915E-06
-1,36908613045814E-05
3,58112144090001E-06
0,000180725402733373
-0,000131759911156921
1,27698536681348E-05
-0,000253433663133401
3,95939382329313E-05
0,000406799639586504
1,50507454132258E-05
-0,000117845959746845
-5,38725475158298E-05
1,3731237381816E-06
4,84737889210867E-06
4,90087437127167E-05
-1,54695115502267E-05
-1,75162065920678E-05
-9,78576450634091E-05
-2,45940167826078E-06
-1,28422643433498E-05
-8,22169571391232E-07
-4,86007252244138E-05
0,0102223189073527
0,000530720411924226
4,14481805183635E-05
0,000377939425460732
0,000121950092338941
-0,000122484098505051
-8,91514402329767E-05
-4,50693951381793E-05
1,19140242583679E-06
4,00654951418773E-05
5,26992993677101E-08
2,32407209055269E-05
5,5809528051347E-15
6,58115206591521E-10
-9,25122376698939E-08
1,39332130433978E-08
1,18695784145492E-10
-5,78595070607579E-06
-0,0381995638676786
0,999125926874158
3,10259659860521E-06
0,00029700920454056
6,65518121338706E-07
1,93666830916838E-06
1,6712556622837E-05
-6,32696922848482E-06
7,82457326704654E-06
-4,01927792580142E-07
1,95509846161436E-05
2,17003908966988E-07
-5,05637136391878E-05
-4,25414565796766E-05
2,78139947592078E-05
2,10245604083333E-06
-0,00020085280266207
-3,925863359819E-06
-0,00029940269357296
4,92383480148797E-06
0,000104844448448816
1,51716874446661E-05
0,00144268538492032
1,69233896214494E-05
-4,03669550795812E-05
1,30447743238997E-05
-6,61527855243654E-05
-0,0116656240433027
0,00294657995420441
-0,00155863382613453
-7,11776850063674E-07
-0,00033535433928019
5,43735869405153E-05
-2,03289954449651E-05
0,000128561010260241
-0,0010914269179669
-1,20191844432272E-06
-4,91085780615429E-06
-3,39683487441135E-05
0,00137132505725746
5,85855564685025E-05
0,0109123107589088
0,000127425555380971
1,50815536613258E-06
-3,81723670769802E-07
-5,90354569216944E-07
6,83269123249694E-05
-0,00319956918465325
0,000263254428994872
0,00231227295829332
0,000657007444846103
0,000498125963515052
9,08412446981323E-05
5,19126953386511E-05
3,69770914413272E-06
-4,23955071370227E-05
3,59024703288942E-08
6,45307693358184E-06
3,12105950008199E-08
7,07787864073765E-06
-5,31269793205372E-07
9,16162828963417E-08
9,06970551645663E-07
-3,59748742309404E-09
-5,26376883336448E-08
2,55437060572116E-06
-0,999770148731189
-2,52449833564327E-08
0,000735109772510451
4,23335606099373E-06
3,79093145674206E-05
-5,51162770569445E-05
2,44476048780942E-05
-0,000693671180500404
0,0109908521713282
0,00012323965394779
7,98898373218729E-05
-0,000163745440357191
2,46590489042735E-05
1,54962530932691E-05
-0,000801473997785546
-0,000150771632423483
-7,52962929899163E-06
4,15421415225133E-05
2,6975401207301E-05
0,000122098359740693
-0,000186220478948256
-0,00885110759716661
1,53384578037197E-05
8,20317059180263E-06
-0,000649271949217012
8,54081488802386E-06
0,000379097256369077
1,68465407680838E-06
-1,41962491286164E-05
0,00171664814669711
-0,000121680748009179
-0,000159297944693084
0,00101049342100778
-0,000211383432553752
-7,28184262458321E-05
-0,000271291678121924
0,00552523793356139
-4,80323597913332E-05
0,00860772271911403
-0,000167373139191645
0,0101759143733896
-0,0066763835537598
0,000243144476696862
4,49587148955993E-05
-4,46491721968966E-05
0,000397680727604798
-0,000102454222923387
0,000661845186373089
-0,00025218432574859
-0,000210355129162914
0,000413898790924715
0,000313745642430353
1,96496203115869E-05
-0,000378024640956835
-2,06548058049476E-05
-0,000228287250598762
1,50984526489848E-16
1,51935340348318E-06
-1,86146863956068E-08
1,41500305412708E-07
5,3767142941065E-07
-0,00991556651531024
-4,35931503882491E-06
0,000297016664786834
2,39347736480773E-08
-0,999711559790834
1,76575899133274E-05
-3,14546693543027E-08
-1,7247737163605E-07
2,18733705863888E-06
-1,73157308750838E-08
1,46047530486528E-06
-4,55471263586499E-06
0,00173512597667267
4,70501247812128E-06
6,99145713427838E-06
-1,06086409815081E-06
-0,0217567739542249
-1,37346230321504E-05
-6,86977529964383E-06
7,81092832187454E-06
6,72582625104137E-06
-1,14240299428893E-07
4,87573819321305E-06
-1,06267281240329E-05
-8,53584307377654E-06
1,12052284959187E-06
-0,00140526031808912
-2,26503942597891E-05
1,06773469294827E-06
7,47896628666129E-06
2,25610204407893E-07
2,51859963626478E-05
-2,47213927038517E-06
-3,35857017982225E-05
-2,76979920820777E-06
8,45001588100386E-06
1,99998546287908E-06
6,32874130034963E-06
4,50062314510873E-06
-1,22163735065069E-06
-3,39960284370395E-07
2,66703908607808E-05
-1,48666048382971E-06
-2,04388088928593E-05
1,36969674191952E-05
3,18039087760919E-06
-7,72846583933127E-05
-0,000102357070946091
7,11316939962166E-06
-8,12839997593193E-05
4,97764037653217E-05
-3,68230182029375E-05
-4,06420054487473E-05
5,5050670630184E-05
4,46328795758239E-05
3,01996331092353E-05
-9,21294893742186E-05
2,01448312668228E-07
9,82165981031859E-06
5,06334725798359E-09
1,18610413845589E-09
-0,00147213816765537
3,19606758023349E-05
0,00553663389681387
5,45375807282731E-08
2,8630946899198E-07
1,21150509469472E-07
-0,000529292394497687
-5,64371390098474E-06
-0,99892656510309
2,30502262126939E-05
9,2556395654401E-05
3,99312433067641E-05
-4,30668400440645E-07
0,000467327206152624
0,0184874764332051
0,0237617373431519
0,000188169040017397
-0,024379378141977
1,0062761281438E-06
0,00126729604253002
7,60876337824889E-06
0,00870226136753231
5,21350714989093E-05
-5,47923819815269E-05
-0,000125552960820481
7,90094982300835E-06
-0,000219930045708849
-1,8555439104765E-06
-9,70185775027243E-06
0,00227581447507319
-0,000231913451057663
0,000114996006062658
0,000425061905226502
-1,15412503430094E-06
1,07590370070291E-06
-0,000189582767258974
-3,79071122739075E-05
3,84267447969818E-05
-0,000323262135803825
-0,000870971959835559
4,52512888083744E-05
4,03889828998174E-06
-0,000868618851051585
1,5965306886057E-05
-7,58993561797699E-05
-3,60131799011375E-05
0,000596586804304999
0,000844613853388631
5,9396513208062E-05
-0,000254181496090925
0,000163699446786906
-0,00141178768508907
-0,0228869748838632
0,000185219894403297
5,28840607116929E-05
-0,000121172301400379
-0,000121914738636596
-0,000124732191769188
2,80480896334197E-05
0,000155329675829392
5,93492941202586E-05
9,67868204365174E-05
6,15821929948034E-15
1,86026888103449E-10
-8,40963348277094E-12
3,13959678529036E-07
-4,77788224358065E-11
-2,88671315691468E-08
-5,737598759473E-09
9,97969562925968E-08
-1,81883778094792E-07
6,08288110707315E-09
-1,30660409411871E-05
-0,993642057458198
0,112552296711181
-0,00269210993520065
-4,79954394696284E-05
2,53294913519669E-06
-1,3075407269864E-05
1,42527664919207E-07
9,57111566222519E-06
1,13282197733214E-05
-2,59151514948897E-06
-7,07781471114638E-08
0,000182049100601963
3,85181845598651E-07
-3,17213753152701E-08
5,13029718525109E-07
-3,34466152003769E-05
5,50115083680386E-06
-4,33897744659491E-05
-4,17491512146248E-06
-3,1398709105357E-07
-1,44167557298852E-09
1,81139431252934E-07
-2,85594290728363E-06
5,19450767641942E-07
8,67855573974103E-08
-8,43556734064452E-08
-6,51712564163343E-06
5,66787666316207E-07
-5,38127198439962E-06
-1,63489202753337E-05
8,70251773161022E-07
1,1829664651448E-06
6,66442371457842E-06
-3,8974002521006E-05
4,50893767611988E-08
7,91970012832518E-06
-3,74672318076086E-06
-8,01441506202358E-06
-1,57163946297962E-05
6,35100664541491E-07
3,87866542511703E-07
-3,11443546209169E-07
-2,01711131795783E-06
7,6328905699905E-07
3,86393530712784E-05
-7,45988932828792E-05
-2,71403504126091E-05
0,000231670698874756
-0,000293663467760494
1,41868273702117E-06
6,36548458608751E-05
2,97800438615898E-07
3,95591566137416E-05
4,18716498651383E-10
2,46214832608479E-07
-8,06589931356555E-09
1,3548072936264E-09
7,25649539007795E-09
-1,3097324058897E-06
-3,22228532245105E-07
5,24531764917573E-06
-1,35731840590681E-05
1,4073916942841E-07
-6,12718153093036E-05
-0,112455725267392
-0,992737910173127
0,000573203249258662
0,00193398943591826
-0,000104616066541512
0,00114117758131934
1,6470283685487E-05
-0,00125669801080829
-0,00153539886379754
0,000156941491143193
-7,7316462826384E-07
-0,0124280423056881
-0,000132589855410758
2,37495756120427E-06
5,20418251373542E-05
0,0160965416092912
-0,000305551527621371
0,0274850444355116
0,000354873616177899
-0,000438781149004668
4,82627489069382E-06
-2,22823053903613E-05
0,00326047181603475
-0,000119422899929916
-5,35776979422421E-05
5,16448508199327E-05
9,87314615120026E-05
-2,13101334965633E-05
0,000123623363733459
-0,000686171247909001
0,000642163385723348
-3,52700369523157E-06
-2,2677652689156E-05
0,00284278303909401
0,000514718434694167
-0,000299450097333641
0,00124277739379503
-0,000610397775664511
0,000493263302666672
-2,97781138819389E-05
-1,23053859111129E-05
-0,00211511419164507
0,0121031416148638
-0,000223859362223104
0,0075941595779976
0,00623970882809558
0,0187328253136298
0,0048598500528609
0,00142708427774055
-4,75282777274081E-06
-0,000181169486264384
9,810745695683E-05
-2,22645225238753E-05
9,68536969818552E-10
7,37814857378165E-08
-1,37937197636864E-09
0,00409260127973369
-8,8955529067209E-07
-5,33904614070881E-05
-2,96073941190644E-08
1,92334394000929E-06
-2,31131585360547E-05
2,33513917501794E-06
2,837575356577E-05
-0,00260895232205307
0,000874183188625192
0,999356745413827
9,88686696103172E-07
-0,000195360500112536
6,3564020804359E-06
-0,000492305839902094
-2,2557010452313E-05
-4,60791102918177E-06
8,51040093153768E-05
-2,42550391957089E-05
-4,971396908567E-05
-2,97313121016063E-07
-8,30495522434794E-05
-8,70551988942197E-06
4,36066936966857E-06
0,00114509748199945
-4,92231549845829E-06
-2,70495787496573E-05
0,00147135197836536
6,08492264655652E-06
0,000150482929273191
0,000130128405344061
0,00392591846450313
-0,000111374197873734
0,000116819576401828
0,0162789454597097
-0,0013031870518924
0,0169589735492063
0,00215753382227032
-0,000109627429827036
-0,000596699398899173
-0,00289422736497618
-9,55420959890064E-05
-3,00043623614603E-06
0,000173952973742841
0,00891501968009705
0,000357923136038661
0,00032092728635874
2,59502841969522E-06
-2,61920700451103E-05
-0,000362612593368546
0,0186303486423212
-0,00128996900919202
-0,0141371781610969
-0,00316772253186761
-0,00600083536743281
0,000437920947072785
-5,85536929494014E-05
1,54520470410905E-05
-0,000184174863731535
1,75602707733751E-06
-0,000201627806419546
5,58075757842653E-15
3,00682457114394E-07
-7,73172213494354E-12
-8,69256013025869E-11
2,61809811343141E-09
-2,25567684714359E-10
-2,46446690891603E-08
1,18882155782972E-06
-3,85587789594174E-06
1,58768386791535E-09
-6,5807914754552E-08
-0,000128017993215943
-0,00150091970424781
1,26797265114755E-06
-0,998991182154746
-0,000713382534156377
-1,96370977030386E-05
5,51045851992048E-07
6,46243471940051E-06
-3,65314238620684E-05
0,000485780018247976
2,09086117116563E-05
-0,0331108703173122
-1,19247488701834E-06
4,67451854198208E-06
-1,11930685201043E-07
7,71051289223716E-05
-0,00112531873170158
2,98462641139822E-05
0,00074297729443679
3,54145675434065E-06
2,67610970801283E-07
-9,76828187727343E-06
1,00025030113541E-05
3,73232854378189E-06
3,61993420643868E-07
5,41637984589603E-07
-2,8851635703108E-07
-9,19051499023696E-06
-0,00010143388876583
0,00102668619943143
-0,000100041594276394
-2,2726903240515E-05
1,2251771272188E-05
0,00378722122076906
-1,86494231313643E-05
-0,00111894106996977
1,55735094409781E-05
-0,000881578322957854
0,000580335390220667
0,00660670665879022
0,000273469559240323
4,03273293536431E-07
-4,59962382981609E-05
-4,82979012330709E-05
-7,77684028728045E-05
-2,22754481186565E-07
2,92203901413543E-05
1,46866123504303E-06
-5,16128993925416E-06
-0,000363667082432114
-4,6066923202868E-05
0,0292195209975715
-0,000110700606654767
1,17871687765389E-08
2,41670380857616E-06
-6,25180752847351E-07
1,56197909491218E-06
0,010496171297497
-7,19776531573164E-06
9,20908480072229E-10
1,03154025144871E-08
-0,000174376906260403
3,59235888701431E-07
0,000520682573222832
-3,89105285835168E-06
-4,67733693959414E-05
0,000109024467155349
-0,000606754331548096
0,998886258230425
-0,000272053610292918
-0,000390071544984442
-1,62569438570847E-05
-0,000669967859997312
0,0027673233041544
4,93112701732516E-05
-0,00422206205657202
8,76062763360418E-06
-1,08382556100002E-05
0,000107609375548178
0,000105882395350732
0,0321386182428018
-0,000218939933199175
-0,000393439867548429
0,0011182174492964
-0,000137827383989159
-0,00139948129253759
-1,19155562449996E-05
-0,000594826717965504
-6,09403865906256E-05
1,3233705521018E-05
-0,00167105131834153
0,000112349786697334
0,00411388346185439
0,00258721523228344
-0,000414378551021826
-2,98095201971295E-05
0,000349278389208851
0,0112277405768152
-9,79676615279301E-05
0,017332404702662
-0,000333861630455341
0,0203031618026003
-0,0134879358910033
0,000485550984277518
9,14384311236436E-05
-9,46817657896434E-05
0,000818993547916988
-0,000196793369223693
0,0013856783312334
-0,000630679561029917
-0,000370517503417892
0,000727024044592885
0,000596431109405394
3,77319954690237E-05
-0,000750743915905977
-4,08250789584419E-05
-0,000448837811063223
0,000481194073524821
9,02242866280354E-09
-1,18931198869461E-06
-3,69221257527756E-06
1,17082513918715E-05
-4,18009352878892E-11
-1,82777736174432E-06
2,80404976331731E-06
-0,0110093596454748
-5,84188789238266E-08
-0,0182436144486375
-4,69929911631832E-05
-0,000524265282783157
1,44389579973685E-06
1,73865663002596E-05
-0,000248318374508443
-0,9984677134036
-0,0033470226125621
-0,00789388206110175
0,00161526723716748
-1,87310256873985E-05
-9,20831175227798E-05
0,00010638074587949
0,0420273150138585
-7,10488017850117E-06
8,01424484599735E-05
0,000991410361287698
0,00031383399304166
0,0214669984709864
0,000164235046311267
-0,00024805510686213
-5,07433819716366E-05
2,97727831031478E-05
0,00123578192418986
0,000292464257133414
-1,27471298988466E-05
3,8069994974958E-05
0,00216853896233628
-0,00113725131972292
0,000120058095683589
-0,000814791588733005
3,3339118096052E-05
0,00286150687022609
-0,000129529814025978
4,3420194747745E-05
-9,43246961325753E-06
-0,000127997555773819
1,10617451362388E-05
-0,000440395825731948
0,000775169370948152
-2,83563412127309E-05
0,000186520322163476
-5,17210954329772E-05
0,000617595747377325
0,000492134350201477
0,00389453036139453
-0,0133489880368613
0,00472033610375568
-0,00782152187670579
-0,00285354730822414
-0,000112610150593474
-0,000435025633296873
4,842518762839E-07
0,00017818123744022
4,25233783661425E-07
7,55910671695292E-07
-5,47590900691453E-05
0,0101860211695593
0,00231276960929272
-2,01678237324645E-07
-9,9125295036036E-09
2,84326233344093E-08
-2,38510495593288E-05
-0,000202732472404679
-0,0236609876523314
1,42455230204307E-06
-5,51276862710802E-07
-0,000535339354486652
-3,19800301554615E-08
-0,000551099683383267
0,00376607377700147
-0,996758526405054
-0,00267284133920145
-0,00320350086062728
-5,42807518645849E-06
-0,0700274495784916
-4,06268476990671E-05
-0,000653002697138719
-3,54634143396232E-06
0,00334373827310505
-3,00301214262612E-06
3,65012889899265E-05
-3,74907875520639E-05
-1,07882681666104E-05
2,701577701153E-05
-0,00252007478840377
-0,00461968405946864
1,03921582091486E-05
0,000242446437528184
2,62066238073012E-05
6,13555337667678E-05
0,000838982454703753
-0,000132380147211628
-4,28500088470043E-05
0,000236066643612535
-0,000102629806911775
-9,26719512475567E-05
-0,000441615579969359
0,00133935207087896
-7,59463866001673E-06
0,00125934155579176
8,0173263863547E-05
-0,0120243078509353
-0,0259837416789689
0,000124359212780687
1,90268662662093E-05
-0,000228253999379757
0,000339246563691511
-0,000830917843407525
0,000741315190510734
-0,000390373908312225
-4,41453694031882E-05
-0,000877067450345616
0,00120547083613201
2,82680373588208E-05
0,000334823097017036
1,41228672442295E-06
0,000162928401487549
2,94128883035678E-10
2,68618560381995E-05
-9,57056924011489E-11
9,67644596397429E-05
6,52292585391599E-09
7,77715501323852E-11
-1,83421274343505E-06
6,09921239014984E-06
-4,43473125284681E-06
-4,92574636613087E-09
-1,73341318211026E-05
-3,99436933852333E-05
-0,000426732631999259
5,85228594354679E-06
4,67273408166166E-06
2,59582111754323E-06
-0,00726820050270828
-0,00253911423356419
0,999381108477613
-3,50417539233581E-05
0,00505518791542401
6,35999829708758E-07
0,000175411646076471
-0,000301171970632627
-1,08821205806205E-05
0,000665697643540067
0,00137620346656697
0,000145241215594207
0,0293763493852648
1,89531238748617E-05
-0,000334305004431321
1,31597041334E-05
-0,00062266394678586
0,00161526469587672
0,000180411457053661
-0,0157817749295618
2,91897005292474E-05
0,000989634543841994
-0,000102392501820164
0,000151003843495762
-0,00103925955001406
2,49563040374024E-05
-4,65967524153203E-05
-0,000216188623963256
0,000192310540787442
-1,2457433067182E-05
-0,000409268722138276
-0,000305402631742335
-0,00292759871182919
-0,00485671480739568
9,20418057196073E-06
1,32959484709707E-05
-6,53289513279227E-05
7,31315159574258E-05
-0,000144339686550546
3,91147783095735E-05
-3,41474117460902E-05
3,25013769848407E-06
-0,000103792340820767
0,000270082597782476
-1,05129982418153E-05
5,28501737408154E-05
1,67899969305219E-07
2,28155574554394E-05
1,69822792857308E-09
7,80304566228124E-11
-6,60806160751646E-05
2,66052250546434E-06
0,000101875706503423
-5,21964098182796E-07
-8,99237601368349E-08
4,01963181090132E-06
-2,80203308167163E-05
-1,13100226759864E-06
-0,0243820373234001
-4,69322167573747E-05
-0,000497424763993301
1,12036205020962E-06
-7,08465112600838E-06
0,000407728897630627
0,00201415421464042
-0,00259468397857189
3,22326894332573E-05
0,996475490634172
1,23503318962456E-05
0,00032474406305496
-0,000435286941823859
-0,00132960699845142
-0,00242996296813988
0,000903803479494529
0,00581483924778724
-4,3457274792933E-05
0,000557360667828335
5,17285831963545E-05
0,000632296775679268
0,000472436959406588
-0,00399758475534019
-0,00583691871908959
0,00122506594660408
-2,7466732826219E-06
-1,29758109436111E-05
0,00043511413053816
0,000380948833440377
-0,00201581112545925
0,0173998517245341
0,046133172085956
-9,49734413265092E-06
0,00192649577948376
0,0424247513257278
-0,000761741671745624
-0,000177571940392182
0,00182183121758677
-0,0104461429846629
0,00669221792041053
-0,00207417948132118
2,50897370521147E-05
-0,00122248866192181
0,0188379829356782
-0,00382780419557405
0,0206576554704653
-0,00106863492856786
0,0152559307284967
0,0195249525594578
0,0122457644735361
0,000230633204711648
-0,0157431156649406
-0,0054646378519241
-0,00969979595905885
2,49807846234709E-15
1,5034562598628E-06
-3,95580755148378E-12
1,75063526581549E-08
3,80702687244382E-08
-3,46437165637137E-10
-5,54394117621638E-08
2,51909867000372E-06
-1,68775223876855E-06
4,88385867931065E-09
6,15466861062165E-08
-7,75154959831309E-07
-8,88528533864673E-06
1,89260569344352E-05
-5,91067964614768E-05
0,00114772808991036
-1,83681580049026E-05
-1,13032696008832E-05
0,00478859160965411
5,29669212531471E-06
-0,998472057403529
6,95401319555575E-05
-0,0145452700625735
1,07533596061017E-06
-4,91693243213625E-05
8,5492431441736E-05
2,09080402911423E-05
0,0483825534212935
-0,000472041242162854
-0,000559531683233708
2,27946697989174E-05
-4,56486300535746E-06
1,61839651747532E-05
-8,88298173969101E-06
0,000194879897584487
-0,017122947189861
-1,9349770683433E-05
0,00282160157591483
-0,000311252860137025
2,49240460885076E-05
-6,62527289190117E-06
-0,000199826027958272
-0,000530728719263368
0,0131955573323961
-5,86187859790215E-05
-1,95153829345763E-07
-0,000159088208357892
-0,000344486513908876
5,31713191847337E-05
-0,000160354175791631
2,25183313162054E-06
-4,27107401525457E-06
8,47344737939561E-07
-1,20420885944329E-05
-6,0996687511025E-06
-0,000285377496039804
0,000513287286919664
5,63777234871429E-05
-0,000199130824179537
-9,33152810227375E-05
1,37844526942122E-06
-2,14705932378744E-05
4,93816568109541E-08
7,96724945768716E-06
4,86858203734954E-12
0,000731064964691208
-3,27437974410018E-07
1,9608456001389E-05
6,85841274502687E-05
-7,89857679956532E-05
-4,77869172201307E-06
4,04098831603595E-06
2,50077391992745E-07
-0,0218703764067974
-0,000324763590400022
-2,16502318586033E-09
-2,69576752595037E-07
-9,91121901603383E-06
7,04999327716929E-07
-4,80573763583594E-05
0,000172025957581293
-0,0700569368430636
-0,000193372060903449
-0,000525978369590512
4,7324380984543E-05
0,994682137815434
0,000625983251385693
0,000326390761753965
5,08398890178606E-06
-0,000151741353568813
2,23144207187364E-05
-0,00024425157660793
0,000540502687664775
0,000434988397145504
-7,51492295494449E-06
0,0717273285271059
0,00118572594647932
3,08292297708358E-05
-0,000398065516860239
-1,20225753103956E-07
-0,00131790481970819
0,000185187566936164
0,00177170512990739
1,10117465884881E-05
-8,2495336313578E-05
6,7912156852949E-06
-0,00030957740430421
-4,76248303802943E-06
-2,99344194294535E-05
-1,50035176697922E-06
-0,000156833255197206
8,52919404571755E-07
-0,00015582948717437
-7,87517724587575E-06
-0,000189210241612526
0,00414700677636628
0,00539331192169388
0,000432683124790932
0,00442643890507831
1,65040792599789E-05
3,617253878378E-05
-3,41251849745487E-05
-4,23517857255389E-05
-2,73216667749048E-05
-0,0012396629919376
-3,60301006469756E-05
-7,23872840094911E-06
0,000106352956947706
8,87211691661823E-15
6,17756281382207E-06
-2,33029239805507E-11
-1,67694324164575E-09
5,00116588409446E-08
-2,36553208232271E-08
-5,7712213097105E-06
0,000200728263447262
-5,87938219178453E-05
7,54682514185471E-08
-6,79824688495854E-07
-0,00122864741073326
-0,012474213930899
9,70970664107864E-06
-0,033063158805244
0,00120773110307987
5,57816220784213E-05
6,23631266888959E-07
-5,92193652521427E-05
0,000298294469757216
-0,00994944045703018
-0,000561811286986152
0,991635334141639
4,80811357812537E-05
-0,000185291647965838
2,82037029712671E-05
-0,00134311182351862
0,0917768110941209
-0,00263003857430683
-0,0827222854238619
8,94174588976969E-05
-2,93709171951252E-05
4,42532101542014E-05
-0,000421631738132698
-0,00112119392323529
-0,000123351305512103
6,47835014130257E-06
-0,00286315707742336
0,000600211870239131
3,15713448539204E-05
-2,65254760172784E-05
0,0018184827211217
-7,58686642022672E-05
0,000403461855622759
-0,000278501882677968
-4,89973201355466E-05
0,000403078303327614
5,02348946522712E-05
-0,000311506458887878
0,000191659824791068
-0,000325259723071131
-1,75972751511202E-05
-0,000206997556014613
0,00171687723123014
-1,62501272940794E-05
0,00312799548593347
0,00138283864229511
-0,0016335332254432
-0,00044069624306234
-0,000140933888254944
1,71926018747155E-05
5,38115717486012E-05
-0,00137802509876327
4,6032886525262E-06
5,9148056600021E-09
2,17663457042315E-10
-8,85991256500799E-07
3,54362754025614E-08
8,43617434280724E-06
1,04566133458819E-10
-1,51958344698377E-08
1,81225320005187E-08
-0,000316391442001935
-4,8121833368524E-08
-0,00944517907362829
-4,83544132410091E-07
-8,01780786247027E-06
5,08584586721003E-07
6,13948195761579E-07
1,27755550974227E-06
-0,0419573258354402
0,0007017886961733
-0,000505365344362373
-0,00147714397413702
-2,96019828185467E-06
0,000334925688574841
3,97970253771027E-05
-0,998493110148726
-1,16593552140152E-05
-2,17037361422964E-07
-0,000182990486192232
-1,57606706749071E-05
-0,00333045580498736
-2,39744786344421E-06
2,89592342399994E-05
-0,000187818126692327
1,36261484456887E-05
-0,000115944180455485
5,7806678160803E-05
2,1595254183163E-06
-0,00147639492003107
0,00247171488631554
0,0336374275003143
-2,46520049966287E-05
0,000140253106005895
-0,000246162206992808
8,03420663971297E-06
0,000227282277646846
8,25500188137477E-06
5,1410376527921E-06
-5,30728820324044E-05
-1,73015374996867E-05
1,79511980939251E-05
-0,000144299748515946
-5,46625139540784E-07
1,78491067847937E-05
-0,00100927374755264
-0,00072793412920892
0,000971994926011368
-0,00157661682020092
-0,000727499059360639
0,00101128467322667
0,000821214290795196
0,000429354394412704
7,48516193418361E-06
-0,000425907100179112
-3,14488175560668E-06
-0,000252062087200259
1,29005563051311E-14
3,4352676948524E-10
-0,000528573569751111
2,26587321282341E-08
-1,45394499817879E-07
-0,0122912798211365
-0,00246698583034057
7,52791152955548E-05
-3,16538070164969E-07
0,000129793107684218
1,01456957893378E-05
1,83316969336824E-08
2,19742910736068E-07
4,58368977604604E-06
-1,99879197822869E-07
-7,20018508314005E-07
2,03274861912413E-07
-1,62825010642049E-06
1,30773673040891E-06
0,00114161559220495
-1,20021603578655E-05
-1,101812426092E-06
9,4242921063878E-05
-1,36697135718746E-05
0,998595092033504
0,000265279064927346
2,02739466222002E-05
0,000878242142541292
0,000329483105611338
9,61611355858472E-07
-2,48241594971492E-05
0,000250197228702957
-0,00143108479590921
-0,00243409280510075
0,0436233213449992
-4,09541180976971E-05
5,71003464138105E-05
-0,00543478864077091
0,000437338971030483
-4,9201711427081E-05
7,65799810349705E-05
0,0265455450990231
0,000133772903255324
0,000581558232505933
0,000490764584392352
-0,000320286435465379
-3,37664975772101E-06
-4,26994747705661E-05
0,000309412927827295
3,12357723598657E-06
2,95145472313776E-06
-1,22909209414123E-05
-0,000397692651297292
-0,000644929837724005
0,000526369639854834
-0,00093296162540703
-0,000318274402420558
0,000159240332898935
4,80284169726972E-05
0,000171840021448403
-6,65607006071156E-07
1,91860571752715E-05
8,9106550423014E-08
1,0700199932809E-05
2,88236088564516E-12
5,60116560687531E-08
-3,46776144980607E-08
1,13619308633141E-05
1,04607565302907E-07
-4,42649108113315E-10
-3,05438973908359E-09
1,3793505836395E-07
-2,11636197728366E-07
-3,51077436731218E-07
-3,22531578517826E-06
-1,05599549664789E-07
-3,09845891035989E-07
-2,76985069292373E-06
-3,20891734382824E-08
5,02761384963712E-06
-1,71658239769127E-05
-0,00107609043412148
0,000222782377073994
0,000299394999860497
-3,55772082267132E-05
-0,000219086776285809
9,44070930622859E-06
-3,14691169428102E-06
0,000201495537433389
-0,990603924024925
0,00225719325320992
0,000255192460123533
0,000991668508392593
-3,408421626554E-05
0,00348236821801085
0,00159230181562715
-0,104622378303683
1,39740251340932E-05
-0,00141852380564414
7,14556040459985E-05
1,05547317636433E-05
0,00330709405283826
-0,000293541274572801
-0,0012959772063338
0,00651157976186444
0,000115683063545301
0,000154323349654089
0,0022636539565151
-0,00054000948858656
-0,000120954275733902
0,02953980473811
0,000601191312855141
-0,0542988860574398
-0,0403649382994663
-0,000103386392932907
0,000275292397642648
0,000161545973192028
-0,00116042412939558
-0,00076154480011553
-0,00202361551717916
-0,000809271088564561
0,00193728299563014
-0,00357179306487033
0,00133337908528036
0,00468191443515585
-0,0171332713178691
0,000312325302247445
0,043381300954591
2,8363390695367E-14
1,74592920811444E-10
-7,58117143527667E-11
8,3680901089529E-11
4,48149125285888E-10
-1,70558692036967E-08
-9,82502184010489E-09
1,57895159436265E-07
-2,29374635725767E-07
-2,00962786784493E-08
-3,76243918484611E-06
-0,00161931859215706
-0,0145413958048835
8,48478472178776E-06
4,9880733242926E-05
2,05167528988534E-06
-1,63420752943633E-05
-4,08082178029393E-06
4,89298462802635E-05
0,00212959664363081
1,36961938501588E-05
2,79423510595891E-06
-0,0014708731907163
2,9404682249515E-05
-7,63458459612951E-06
-0,001862779392137
-0,993172233063847
0,000707346084746959
0,0471170907050717
-8,44741922709151E-05
0,00862753126365896
-9,96217188446652E-06
-0,00011739529267157
-0,00881839037743892
0,000289824407660465
-3,68058241297107E-05
5,01748769845855E-05
-3,73994155798912E-05
-0,000131111179720019
-0,00847125286510087
0,0661117930178233
-0,00265195199205445
-0,000650267850041969
0,000143087969120131
0,0530759529104182
-0,0562537594552698
-0,0164850744238348
0,00024739987543449
-0,0129566677305483
0,0082662607841002
-0,00307336745295339
-8,6559523049669E-05
3,5475122986183E-05
-0,000198155663324784
-0,000107420998117039
-0,000468593300342543
0,000318015715904481
0,000353350110676589
-0,000209605487072962
-0,000195427047673244
0,000314807945402139
0,00027781921715913
-0,00787413982388331
0,000183464950976861
2,96589784888016E-10
0,00298333171663258
-5,66128738196245E-09
-2,48813251807306E-07
2,47857229877977E-05
-2,47028425167895E-08
-3,23907760353629E-08
1,45767647439406E-06
-0,000226512810565552
5,60255203427039E-07
7,05657354689293E-06
-6,54168888796761E-05
-0,000672056607257109
0,000106790404628694
-0,00198486019290173
0,0325623499531286
-1,98092216160431E-05
-1,61645651386365E-05
0,000148870379433369
-1,2248998246633E-05
-0,0493773137693332
-0,000318596209825574
0,0925039905756269
8,28650331891727E-06
0,000387130602556823
-0,00011949038724779
-0,000509820660278966
-0,991892322614197
0,00700001954127157
0,0131340050974598
-0,000482614932100691
0,000160801900772534
-0,000638368744682282
0,000716623236773183
0,01849709151342
0,00217337820349354
-0,000478788320066134
0,0583077750011683
-0,00397178448535693
-0,000647317783105019
-8,41990345038018E-05
-0,000369552360219316
-0,000755048252014748
-0,00955461502268049
1,27840570921679E-05
6,0432431671079E-06
4,94727867841049E-05
2,81770169141988E-06
0,000737563401328363
0,00118295315485661
-8,7865479660808E-07
-9,1334588646652E-06
6,94406112823245E-05
-0,000383280897679882
-6,16412737361681E-05
-0,000592879947158207
-0,000147170135738204
6,91748387905539E-05
0,000214609830861132
-7,4535627699415E-06
8,37094021030485E-07
-1,09959306899561E-05
-5,70629790796791E-08
-8,88203181759202E-06
3,77751915756951E-09
1,35914141408248E-08
-7,49307894598349E-10
1,2200158058384E-07
1,7317373597386E-08
-3,48140312649179E-08
-2,16212174783013E-05
3,11259859714354E-05
-4,69442320619205E-05
-6,6343235282465E-08
-0,000153369335313122
-0,00315726720014398
-0,0282680541366335
1,6528101906171E-05
0,000100670222817427
-1,05146259177764E-05
-0,0215368947635865
-0,000164228900305679
0,0292208621076835
0,000158847861208065
0,000261480404083571
0,000245853374690437
-0,00243266737465882
0,00426166899577488
7,9013120259935E-05
-0,000757633360213327
-0,0432364687034493
-0,0072020153048249
-0,988185765510214
-0,000342486494352921
0,0122181074913359
-0,000226340355937838
0,000305071658326847
-0,117129055804933
0,00437398928554038
0,00196969409455538
-0,00208463752678419
-0,000322533687710629
0,00312400698815209
-0,00651921277129476
0,0455758339158863
-0,00728674563674676
-0,000481257640091238
-5,08479112167612E-05
-0,0114495115981874
0,00689942123430146
0,00146436201345699
1,04851173177388E-05
0,000553463289140662
4,41431212365043E-05
6,97498375406226E-05
-0,000100277770517541
0,0560341043550235
0,00278499524143744
0,000236693176490853
0,00201789605886926
0,0017033625487655
-0,000996164127636577
7,13377916038338E-05
-5,88037718840945E-05
0,000442452018759608
0,00024901517207826
7,22660027089249E-07
0,000106353632525028
1,98136114744015E-10
0,00593355543878394
-3,68667936408877E-09
-6,64674999829993E-07
3,74145610143866E-09
1,60275355290413E-09
-2,22825501717044E-08
1,02551174102157E-06
-0,00887705330333286
1,0892708034642E-06
1,23073285402687E-05
-6,71988421668002E-05
-0,000689763481115106
-5,797042360519E-07
-0,00197019219367854
6,51701823237448E-05
0,000435336580995992
1,90432675474094E-05
-8,69093305439554E-06
1,01456174913591E-05
-0,000726130063330771
-0,000499707481676754
0,0811106357759817
-1,44520828649596E-05
-2,7557859561755E-05
-2,01839567282326E-05
-0,000215119188590811
0,0209140755422129
-0,000703029982194986
0,9963745669669
-0,000122221514374811
0,000216084251695531
8,82084895799796E-05
0,000122775546716352
0,000396818080167686
7,35190229030922E-06
-1,12334526240953E-05
0,00155938151933343
-0,00020676840631836
2,96430310119609E-07
7,79965744663882E-06
-0,000325699802261208
0,00205682949254008
-2,49034644843321E-06
2,96289100503911E-06
4,71444618550444E-06
6,92626767198103E-05
-1,16473993484801E-05
5,1449928234778E-05
0,000389534308375982
-8,56994877855761E-06
0,000110826640744034
2,33619294072738E-05
5,45571318432077E-05
1,06330212059994E-05
0,0017953768342263
-0,00785613353679762
0,0027923644141261
-0,00435187019111922
-0,00158648212390514
-5,84457661163922E-05
-0,000261285045130057
5,74197371526692E-07
9,2661931556799E-05
6,5769245644145E-15
4,32282500471024E-11
-5,52321155704435E-09
4,79993763965534E-08
5,52210690241994E-07
-1,28175306247854E-05
6,12011518949999E-10
6,08639195818034E-08
-4,66166344708818E-08
2,81487306641862E-07
-2,36274805381422E-08
-2,93637263927434E-07
-1,27739522894007E-06
9,49149993257506E-05
-4,16487059906415E-07
0,000716158018390906
-2,55761097396389E-06
-7,23388581484188E-06
5,71787522084613E-06
0,000112701373135564
4,55958365192308E-06
-1,40473001279886E-06
-6,96710983431228E-06
4,52971456936002E-06
-1,0810988093653E-05
-0,00179563037900236
-0,00497501517584142
0,000393236054845035
-0,00818714702899401
-0,000135835483944956
-0,992132051751261
4,48954122580234E-05
-0,000334563482510389
0,00334883531203399
-0,000153591315747394
-5,05031932654665E-05
6,57695316714665E-05
3,87256774671155E-05
-0,00012512104828194
0,0680500338394218
0,0941050387345175
0,000579930379163124
-0,000297512420305569
0,000485642487309329
-0,0261644384444146
-0,00102927759781386
0,0322125790958535
0,000230193439653527
-0,0152793086219652
0,00701567665505671
0,000340621350591211
0,000297762379024052
0,000763187697623394
-0,000783359305153596
-7,53614580727155E-06
-0,00135674772142518
0,000508929314300912
0,0003365187331067
-0,000387457212727044
-0,000370297533788791
-0,000103914934625127
0,00408480477652789
0,00100206544527837
-0,00721510730687171
7,92642033625512E-15
3,55210650081031E-05
-0,000318957408118709
2,17411904753415E-07
0,00123774819522281
-2,22013987431289E-07
2,75846096662387E-08
2,64501069208718E-08
2,72867641032372E-08
-0,00016492667450265
-0,000122359406087599
3,40025569367123E-09
1,55759022800173E-08
-1,44563479364705E-07
1,31355923577762E-07
-0,000166787196311121
1,97722633491456E-05
-0,0024705818619817
-7,21704071501694E-06
6,50651170236505E-05
2,26666902672716E-06
0,0719718215684285
4,85773838010076E-05
0,000105436142738686
-1,98403127672503E-06
-0,00010707895313587
1,20779358128681E-05
-0,000113874233357741
0,000192915505984277
0,000248564287377541
-4,00699932790513E-05
-0,989295365938379
-0,0151392552259882
0,000276170138195408
0,00628024582308229
-7,96080580025792E-06
0,000389642373118283
-0,00118248618810775
-0,000364547971546619
2,96159204421701E-06
1,9277406070929E-05
-0,000272484613287345
0,00151512899483922
0,000191559489747615
-0,00051874933816629
3,64101987174013E-06
-0,000182912266197614
-1,26424792135657E-05
0,00101371868257722
0,00204100888091794
0,00375144587676519
-0,0843590131500889
-0,000678812687644443
-0,0042530087597658
-0,089650020964743
0,00236225900692549
-0,000602604063324258
0,000758124617037886
0,000260794170327998
0,000268227673756037
0,0250990491301262
0,000946469206409066
0,00014350666714353
-0,00218047680921581
4,25540112103432E-07
1,98205473907664E-07
-4,17453370352581E-05
0,00963854047892835
-1,51537072868164E-06
3,81982288689129E-08
-1,88381230677843E-09
3,62407835537406E-07
-2,04311763877183E-05
-7,01475417682428E-08
-5,58474739387087E-05
4,83047752533662E-07
-2,65729222171812E-06
-0,000310343821223476
-2,27059436161483E-07
0,000180557597487996
1,5528797661932E-05
-0,00181592428437217
0,000108211784999261
0,00369049179851915
5,79465437719038E-07
-0,000251661599400311
-4,86812899834444E-06
-4,61097060959473E-06
0,000167267821487887
-0,0983347210645048
0,000266568319011562
-1,7603233233233E-05
0,000251412480829489
-8,26034046687389E-05
7,35056799616722E-05
-0,0135400992793448
0,988860640775046
0,0019416800959032
0,0308201453493147
0,000185308207175478
0,000205480746858018
0,00242505253226
-0,000273561554773681
-0,000532986639800886
0,00261114256658159
-0,00142798093596715
-0,000485331681205336
-0,00198699805263422
0,0142153943802784
-9,26696046924319E-05
0,0197562573588161
5,60343667794733E-05
-0,0288498191679435
-0,0969714411469006
0,000718791733065001
0,000876535052448227
-0,000161674211601875
0,000473792032103755
-0,0188676964851435
0,00283061324344226
-0,000997826739272796
-0,000101088814102206
-0,0028501389887384
0,00376765045116664
3,10823764142788E-06
0,00102910479237878
4,30534497500443E-06
0,000526244906509895
2,02663455124251E-10
7,14562981165603E-10
-2,9354319786903E-10
6,67413641628796E-09
1,13614803375962E-09
-5,22638496143481E-08
-0,00035216131846002
0,0119884440039007
-2,54590630583887E-06
5,19378163932654E-06
-9,98394082554055E-06
-1,99866601750964E-05
-0,000200690532217745
-6,85592267395231E-08
1,51494738031096E-06
-2,7496884369952E-07
-0,00132495917843576
-1,15903987976161E-05
0,0018703216610083
0,000837355382572229
1,75778654098482E-05
1,84751535060132E-05
-8,01800571707632E-05
0,00033513839294696
0,00114925682221949
-5,01171600571222E-05
-0,00848143262941298
-0,000801808121998824
-0,117877862311241
-0,000135036272916187
0,0035019616371691
-2,24414114588496E-06
-0,000573498756676578
0,978926925986258
-0,0388919183789827
-0,000255619063497336
0,000165403719774944
0,00188140547987246
0,000561693091394003
0,00157537511253793
-0,0106437215443351
0,110525692072735
0,000407278690270108
0,00144986510027727
0,00321406004322898
-0,117012958965182
-0,000485545642592342
-0,000163447955303848
0,000651542251828748
-0,000529119522611759
-4,82075627969999E-06
3,42199837108114E-06
-9,58860115067697E-06
-0,00214553874587268
-0,000188307092794323
-0,00320283789210972
-0,00106099833541626
0,000643302261010359
0,000362803872918554
0,000119509609592363
-2,69781345199203E-05
-6,02088034478209E-06
-9,94616784850212E-08
-4,9510762649665E-06
1,35632571159803E-13
6,2358755667058E-09
-1,77148406657781E-07
6,05784784919866E-07
5,9097845186042E-08
-1,33997881083266E-05
-7,74563498122495E-05
0,00252215966826669
-4,16593095126763E-06
1,44998737975367E-06
-3,40078935194476E-05
-2,99115961210326E-07
-1,02069858489886E-09
9,4583898194275E-05
-7,22755324123604E-08
3,3456921163208E-06
3,42351463545023E-06
-3,70442004006598E-05
1,79774527329358E-05
0,00131246870418734
-6,8209631508334E-05
8,17193534370171E-06
5,27622489276385E-05
6,14505703772511E-06
0,0437677064486431
-0,000722021919653103
3,90099496588609E-05
-0,00482373049752519
0,00025029712098926
0,000227721963789163
-3,53810471763199E-06
-0,00507444789900024
0,0288475112253399
-0,0386013557681057
-0,972132221223166
0,00134198653235273
-0,00184859861688165
0,222230845008098
-0,014560021617379
0,000145843436413274
-0,000280199265603506
-0,00443948217900399
-0,00416363604194847
-0,0196131335336843
-0,000553975513273726
-0,000115831705698339
-0,000737626591771148
-0,00131495715841975
-0,00201459537907741
-0,0042079175702972
2,38687996732928E-05
0,000499830286946297
0,000733724626834541
-0,00380820818983119
-0,0206158879649813
-0,00757591590275514
0,00418487356653262
0,00104738237197255
0,00925496115807368
-0,00190110245800802
0,000128284184870203
-0,00236324588424755
-6,93501394557392E-06
-0,00148447123475227
1,51731623833015E-15
9,01752902212226E-09
-1,09395595634334E-13
8,16477241112957E-08
3,35865361844406E-11
-1,08257545406884E-10
-6,02645435207167E-07
2,65674293472747E-05
-1,52775178190465E-08
1,65665302445717E-08
-8,82648991848984E-08
-2,2020461852119E-07
-2,62767318364616E-06
4,54185330582984E-07
-4,10756746275155E-07
9,85181042096037E-06
-8,75129020744532E-05
-3,73297273340087E-05
0,0157136890484914
-6,66738817434992E-07
-0,0168511181495377
1,43385335296217E-06
-0,000313790773089132
-1,10813931803214E-05
-4,73377552430381E-06
3,86399517116156E-05
8,97285840852663E-05
0,00292107694766212
0,00236826564436039
-5,18827721666104E-05
-4,53198427243644E-05
2,3947701067315E-06
-0,000136309125193608
0,000559618125198507
0,000736439737443391
0,991123013853796
-1,31903697303605E-05
-0,00196071360279705
0,000121255622191434
-6,70582772634539E-05
0,000269173235651927
-2,80775755485932E-05
8,73426651475766E-05
-0,00183125026565676
-4,01521997858581E-05
-4,31294439566426E-06
5,68629070834884E-05
0,124265503860493
0,00240858977682421
-6,34276551262643E-05
5,35500014833466E-06
7,07348022974909E-06
0,00109820965910227
-0,0357942159783548
0,00217723405283853
0,0180596824039863
0,00490738459955081
0,00590848795262969
0,00129146151351185
0,000374812870832123
6,49523013661678E-06
-5,97212949716933E-05
-8,71155355311277E-08
-8,01387520552552E-06
3,98798959696457E-07
1,5648761070822E-07
-6,96001162560699E-09
0,0090253843961311
-1,72182148737384E-06
3,12828357534752E-08
-2,94368059083905E-06
-1,46786813156921E-07
1,41546810990335E-08
-2,92860457085474E-06
2,41423117085446E-06
6,18883331596964E-07
-4,17105997543312E-07
-0,000280817448137401
1,72206702075177E-09
6,98896343759767E-08
-2,77356210469035E-06
6,16605861716345E-05
-1,20840153270869E-05
-4,89880948723858E-07
-1,17323516496872E-08
0,00109605589728089
5,09832880898869E-07
-4,84702930858936E-05
-3,75483185593051E-06
2,42071874020458E-05
-2,09077747544701E-05
-4,54584278030652E-06
-0,000683296189724507
1,99957828555971E-06
1,81003672350086E-05
0,000434455146484239
-0,000248772306196128
-0,000290352242505507
5,70613989681105E-06
3,1785163265973E-05
0,998745119653637
0,0110793163527212
0,0422345714821457
0,00011925530425601
-0,000687070937910344
-0,000105292447651761
2,57407779460065E-05
0,000132784011545981
0,000184171117456641
-1,11478139408369E-05
-1,80187801573665E-05
-1,13334248090584E-05
0,000295442858418788
0,000417243824708382
-1,37827799513786E-06
-0,000137899900990807
0,0227176587600599
0,000942729001480381
8,81720435881417E-05
0,000536574207016142
0,000127718769890078
-5,05101969630275E-05
-1,60264883778952E-05
-3,29295999920347E-05
1,03971582478751E-05
-2,24316347670666E-06
-1,45474813082989E-09
-1,63448618959325E-06
2,8625717343323E-11
1,40245165363911E-05
-1,27151321250301E-08
0,000113993568049322
8,63902031899325E-09
-1,88811315853728E-06
-5,80356009100642E-06
0,000189987396301048
-0,00183862783922958
1,4978686500528E-07
1,27890070377232E-06
-3,84476815624208E-05
1,05783224877815E-05
0,0173365809328473
-1,77803297630384E-05
0,000304169649791771
-0,000101074276160401
-8,82799935662331E-05
0,000858841338604657
2,82158424849801E-05
-0,00347795242012408
-1,75103347589943E-05
0,00224752389996833
3,34621164852622E-06
0,00433273548968717
-0,000946660330244515
-1,13981580034468E-05
-0,0610239623038879
0,000682671328709039
0,00149756537358223
-1,92426968349372E-05
-0,000568477811575232
0,00657535937001706
-0,0077641216536256
-0,220533141947604
-0,00125033232392147
0,00725726535900075
-0,939049150858338
0,0764913795495894
-0,00062262131641735
-0,000125339788775503
0,00820071912800769
0,0350524443486374
0,171326720792793
-0,00155351490609517
-0,000176656142710679
-0,00030648578700697
0,0010766434428473
-0,0202358087337996
-0,0186480346727954
-0,000180270087239477
0,00149364779646822
-0,00741970572392886
0,0406366716322443
0,000981280937412744
0,103864208026586
-0,0584839852239
-0,0166081324415624
-0,0985727421390181
-0,0401946094034533
-0,00117612775320149
0,0184482791884982
4,64843332723614E-05
0,0140325343508696
1,16081474934394E-13
1,44879812881351E-08
-2,34887038483724E-08
3,13760285118857E-07
2,28083449222743E-07
-6,56177669258458E-09
-4,42140724283086E-06
4,03243423189681E-07
-1,21527902315407E-06
-4,41222445460632E-06
-0,000254441447214104
-3,53057828192809E-08
-4,45016947270385E-07
2,57305875794414E-07
-3,00889009831618E-07
4,18471843354697E-07
-0,00048410201817338
-3,81039118301429E-05
-1,66214837561906E-06
-4,41013019492966E-05
-2,04499088489374E-06
0,00159439531662953
6,40581163699461E-05
-0,0338613040360126
7,85485984303353E-07
-2,45192168093501E-06
-3,97779506033207E-05
-0,000243233398805384
-0,00116800487772927
-3,59144443264828E-05
2,29763566558728E-05
0,000546534556272702
4,03539078068029E-05
-0,000264329254319334
-0,00207364102473922
-2,09936420165567E-05
0,0418366505691197
-0,0708981879072853
-0,991567604813784
0,000417043027203646
-0,00194944144687692
0,00914246905528277
-0,000658814489306072
-0,00736538339857028
0,00057466165225791
-0,000171813454440327
0,00199629951834362
0,000655091723116518
-0,001487581798937
0,00373262382950527
-6,60460970920872E-05
-0,000248014744839896
0,0357383551227843
0,0280828133410545
-0,000440826792895303
0,0562588122644843
0,0263208427640814
-0,0365799230031404
-0,0296745740971673
-0,0154451792666462
-0,000297844959737704
0,015319940334113
2,58814110613607E-05
0,00906318086622694
1,60352652710094E-11
1,57751181369129E-09
-3,13898099094346E-08
6,8017517646949E-05
4,09746878186177E-06
-0,0119044549759144
1,40398472126072E-06
-4,52133144900057E-08
-5,80081602545948E-07
0,000119479626245944
1,55947425049443E-06
-3,77706096507381E-05
1,43211488744228E-05
0,0171572758273313
-2,50405792402461E-06
0,00451251863509052
-1,20866703380951E-06
-1,1310302218635E-05
-4,36987530866068E-07
-4,81299384993204E-06
2,56580270471442E-05
1,87963039462526E-06
-4,73875727510835E-05
2,43427870313647E-07
-0,000183758561679701
-6,48694988615407E-05
-0,00021596758994022
0,000890501518064801
-0,000441551013703721
-2,59378354634424E-05
-0,0802433619983412
-1,87599212968972E-06
-0,000103252192327338
0,000475577837402003
5,7699757304E-05
-2,8219589694483E-05
3,81353879963094E-05
0,000859478117468318
-0,000242050656248075
-0,988453952154515
-0,126248944315312
-0,000181563129172432
0,000161032451138766
-0,000171296513411152
0,00674494130138063
0,000254929651655124
-0,00862903233230599
-0,000160199360463182
0,000933287447790716
-4,4368803177713E-05
-9,65916833098804E-05
-5,67540160133176E-05
-9,86143280438493E-05
-0,000277843590648677
3,00886314842003E-05
9,8132637797482E-05
-3,68138134424107E-05
-0,000175186288116324
-0,000139721072961701
0,000119911223557335
1,06753455214277E-05
-0,000516735221412484
-0,000130016578594384
0,000968251104577472
2,41438470446289E-14
1,95635464842006E-11
-3,45916924487027E-11
4,40790883150541E-10
7,44249377463418E-10
-1,67233578001511E-08
-2,92424435452034E-08
9,80931992637406E-08
-1,49506941454214E-07
-1,38803754869453E-07
-1,84460888380752E-06
-2,07499217218042E-05
-0,000209013481555651
7,20347644944774E-07
1,66836649120203E-07
9,49820822804612E-06
-0,000186713309636584
-3,70147287684503E-06
0,000327380518530698
0,000672797443115282
4,47590310639501E-06
4,45881591992554E-06
-8,34398904715578E-05
0,00010267323820669
-1,73653936251844E-06
-0,00162691595963289
-0,043693523069664
-0,000273722839473993
-0,044697905473406
-3,93930767239514E-05
-0,0887947202390703
-1,57750164007058E-05
-0,000315569578466939
-0,01446624015416
0,000625457315959068
0,000380931585859504
-0,000584975021880084
-3,29180358808494E-05
0,00158336568143943
0,125940471775725
-0,904644293877992
-0,00533342826351943
0,00407364454739585
0,000722785040215833
0,359553611327118
0,0131975637597774
-0,0671986916979774
0,000645910184855947
-0,0325956675022699
0,0217126728009341
-0,00783843304041915
-0,00501403820760531
-0,00969108192170272
-0,000571718391215961
-0,000386243906329258
-0,000664201229403324
0,000936639934186996
-0,00131889619862565
0,00299420512627072
0,00384424808738612
0,00155464923928111
-0,0650892196136563
-0,0161310322103803
0,116165766244838
2,44069840198056E-14
1,27712222177089E-10
-2,04801083703902E-07
5,68917203612255E-09
2,44951661864526E-07
-1,10921989299784E-05
-8,86057045169542E-06
0,000206423850668538
-3,04497303129899E-07
3,18093010247024E-07
-0,000308413022614006
-3,71126116502898E-06
-3,87605518410976E-05
1,78338214360354E-07
-2,05201185953166E-05
1,22839543483003E-05
4,53445872122454E-05
-9,06719741748941E-05
2,44716057515279E-05
0,0462641326488358
-1,2397689810618E-05
1,93139537527461E-05
0,00155506555256297
-0,000100875690387734
0,0266146224518758
7,88337074897948E-05
-0,000264655889467616
0,00026010427180328
-0,00588434752325821
-0,000427455805129024
0,000266588116529665
0,000128818363770582
-0,00124417713979152
0,112848099136274
-0,000418551722559416
-8,71525899241859E-05
0,000239351402048377
-0,00697801009155453
-0,0048732308162584
0,000368975231610227
-0,00234012538474459
-0,990465467347816
-0,00313899683407933
-0,0137248988523119
-0,0183280764829016
0,012835761425699
0,000824400068271345
0,0015688373768832
-0,00879813111029212
0,006681201784636
-0,000139484965919198
-0,000125559324649545
-0,00332806771554603
0,0256337642176027
0,00211003910396322
0,0389428690790855
0,0132105389919499
-0,00801165086387016
-0,00472013579096473
-0,00171142895816128
-2,52977366086986E-05
0,000303777836497301
2,04528310309104E-07
2,61175975898764E-05
2,30446419619574E-15
3,37728596207793E-09
-7,67513054969414E-12
6,45276004932909E-08
8,00540987199037E-11
-1,72285546341947E-09
-8,31935290241039E-09
3,57738141367013E-07
-3,3846820060101E-06
-5,45289132080112E-08
-3,12736945067602E-07
-2,52147268962922E-07
-5,37486211073281E-09
7,24462850214675E-05
-5,37435560141072E-07
1,04551143395326E-05
-2,20860748717254E-05
-2,14094388748321E-06
5,45864011069709E-05
7,65399773521115E-05
-0,0135144910509334
4,12568710750759E-07
-0,000201096481259639
2,25529236550046E-06
0,000109357664127208
-0,0029388769391073
9,39121023918727E-06
-0,00051984921715622
2,23730314584227E-05
0,000133129584042356
-6,18117107917761E-05
-2,35790333697882E-05
-0,000316490434631181
-0,000664399697214381
-0,0201755271661052
-0,0023985190798327
0,00125517676861577
-0,173072522972813
0,0183218606152119
-0,000122523114369791
0,000507334647407852
0,0142283579645968
0,0351082114129835
-0,982403642517019
0,0046182904248639
3,10532335043729E-05
0,0121303873672462
5,98100111802869E-05
-0,00304027211855729
0,012788019991856
-0,00014590858623427
0,00011184427111051
0,000847048355665655
-0,0010491712449292
0,000260319935232703
0,00570156952261072
-0,031245940934808
-0,00211430709075317
0,0314400165451579
0,0140180598817547
7,88348441315287E-05
-0,00125228802489743
-1,13870812367022E-05
-0,00290012958200398
2,41602149524322E-09
8,81362101866775E-11
-1,06986146657086E-07
6,43771891147184E-09
2,63391513539642E-07
-2,36891089858137E-08
-8,6397872372191E-09
1,85692612212566E-07
-2,68511316951868E-05
-6,31471985426603E-08
-0,0003075977662803
-0,000389384615998882
-0,00383569274122661
2,37443560413393E-06
-0,000127955641476716
0,000225763077028019
4,27464436696809E-05
-0,000129690867779124
4,03460160383899E-05
0,0456788863047963
5,04846832050419E-06
1,19798421970443E-05
-0,000316003734626618
-8,95998873939356E-05
-0,000123725545074718
-0,000351331198882215
-0,0788852200393743
3,40867376489271E-05
-0,00262005317550607
8,67760008397746E-07
-0,0041711298065072
7,23230199594743E-05
0,00127909059666751
-0,00373750820585627
0,000676433842325382
7,54855475069043E-05
-0,000130954774857699
0,000180836311088643
0,000449073654193757
0,0384650846513465
-0,359882182619934
0,016297686355703
0,00622650412815051
-0,00249447155811218
-0,850151755811704
0,00274500376348051
0,254859190438437
-0,00380493048495028
0,196200350518611
-0,125858900985613
0,0474214414020074
0,00380723152700106
0,000258226425014888
0,00284539910724056
0,00174178674093884
0,00708103924344968
-0,0051250008909538
-0,00552790672004167
0,00316613366488742
0,00304116380680212
0,00099774091070578
-0,00424214654101145
0,125827691883698
-0,00295535231309237
1,4399588090172E-14
0,00444882919039998
3,65696687358515E-10
-4,9516609390987E-07
-2,09249760136399E-09
1,3539593267517E-09
8,60804668949293E-11
5,60768289499847E-10
-4,24576885101979E-07
7,85120302228172E-07
-1,60892815775625E-06
3,8731214281972E-10
8,44610244472187E-09
3,69764604838568E-07
5,24187077768535E-08
-2,34866735638435E-07
-0,000123789509522572
9,87512249095774E-06
-6,9565380887358E-06
1,05539155388461E-06
-1,68009397889669E-06
-0,000238519705133091
5,58278133884458E-06
1,44368703277202E-05
3,18303562701767E-06
-6,37714582140238E-05
-8,71082358679499E-07
-0,000243782162279897
5,61772048745733E-05
0,000470539875358738
-1,97420663441393E-05
-0,000111169295979809
-2,26238369242573E-05
-4,07840918744063E-05
-0,001585139058351
-1,59256349072341E-05
0,000158787838841018
-0,0211326061549566
0,0022673276291962
0,00038521804091787
-0,00473481377667291
0,0038057457440409
-0,978027240134314
-0,0293077767006357
-0,00484597653111689
-0,000113038462683447
0,0042510017329019
4,70099647349004E-05
-0,0003568597369854
0,00765033920345861
0,00208830423243139
-0,0483907932335918
-0,000499510341262728
0,00620126846506189
-0,00119350816275695
0,0393771505403179
-0,12964448026828
0,0428201890992187
-0,0686861442142789
-0,0250556642532771
-0,117600069686507
-0,0107079747593128
-0,00134222310993019
0,0110576776052217
2,07393949310398E-15
3,19496540260371E-13
-9,3284083366962E-12
6,845617450318E-12
3,87322536825E-11
-1,2018138617309E-09
-6,47590190811375E-07
2,86325587942211E-05
-1,34876263280699E-08
1,78823919773257E-08
-3,0977806249128E-07
-1,06963744844254E-05
-0,000107280865268826
6,52863699166038E-08
5,02411039548374E-07
2,17338102365269E-07
-1,59328066894599E-05
-4,59612520074248E-07
2,93545586535977E-05
0,000186770461224893
6,90310576034132E-07
5,86720837048371E-07
-4,39852577423398E-05
1,13141284764055E-05
0,000117684620668377
-9,32091699218872E-05
-0,0562463276984536
1,84790408208819E-06
-0,00367482348651095
-1,9934081099833E-05
0,00104733932905651
6,5706659060981E-08
-6,76912702478926E-05
0,114618378414788
-0,00473931646918
-4,97859067069062E-05
4,7094993596329E-05
0,000289194436831036
2,40220504796307E-05
-0,00178317593853445
0,0158084327069989
0,0258733506382415
-8,81505126709517E-05
0,00040745330046758
0,00240295828389651
0,991327038280536
0,00182321052052306
3,61425203045231E-05
0,000656034750946987
-0,000325577674684564
8,71238971580013E-05
-0,00010736861733281
0,000104621665346697
0,00016719171011227
1,72110205642637E-05
0,000200865933786013
4,94080397570645E-05
-2,96670399147127E-05
-3,82098471091809E-06
3,62163760249754E-06
-0,000152871384197019
-1,10648193317948E-05
2,15416538577491E-07
1,74154549753347E-06
0,000747850211845738
1,87501053555261E-07
-0,00017895671247971
1,38117903134113E-06
3,11708821884405E-05
-2,34703653986339E-08
2,49250870353622E-08
4,20055434557641E-08
-0,0159866339199316
-2,2853799530124E-07
-6,19724345337084E-05
-6,51075232883506E-05
-0,000642003129914139
-1,44885444886179E-06
-4,17117762291465E-05
0,0320974998479465
0,000753128182030387
-0,00469777878860014
-7,62007649301772E-06
0,00812640155278002
9,34177180583086E-05
-0,000553897044766515
-0,000203174338063738
-5,21401356230133E-05
-4,83702521300598E-05
-0,00228214929780388
-0,00198030658327959
0,00121381198482124
1,81700773845025E-05
-0,000175849943231693
-0,00071735796284083
-0,0005440836861998
0,0385332281369135
-0,000364084031692151
0,00187747824805732
1,82746797245477E-05
-7,13343398728184E-06
0,00206476956773817
-0,000105107959598578
0,0098741588840193
-0,0621717203528161
0,0128836576617834
0,00149563817935746
-0,00298366171595565
-0,343977620806147
0,00300784036631089
-0,537644376134007
0,0104440399000241
-0,635080490253155
0,420860827018095
-0,0152368240892998
-0,00290214170865068
0,0029218721667169
-0,0254656539482595
0,00623576966869913
-0,0433020481215283
0,0200776142285983
0,0117225844317605
-0,0232374666526417
-0,0189540295376255
-0,00119841444958337
0,0238808647701334
0,00129823920053253
0,0142817224522812
1,35799700306259E-09
2,29090356970704E-09
-3,12774950520723E-05
1,64150487329498E-06
1,48424833242078E-07
-7,00768289849907E-09
-1,19981162356501E-09
2,51454884535469E-07
-1,49005496931776E-05
-2,45646713183964E-07
-1,65609384423496E-05
-1,47343923224963E-07
-1,63525596814245E-06
-2,11514598233889E-07
-2,36651418338305E-07
0,000122301535517708
7,08832870164562E-06
-0,000881623713833771
7,04371225141502E-06
0,00165037094609474
-4,42061764442524E-07
-0,000110317358329244
1,30142371880043E-05
-5,7684826549971E-06
-1,44596040069168E-07
-0,0431091226973436
-7,63131509733994E-06
4,66239235047847E-05
-0,000144374479003899
-1,90454164409781E-05
-0,0317146165761299
-2,60405399146905E-05
0,00283463684805633
0,000127052814604908
0,000254523012489432
9,04896893115161E-07
1,64362524595156E-05
-0,000109574219186809
-0,00017784054537719
0,00840606666179306
0,00711356588716576
0,000602599050506129
-0,000468387833093013
-0,00614231092207302
-0,077300389115026
0,00106430133531669
-0,775405024540239
-0,00716883380433515
0,507957082138761
-0,244256184119263
0,0052396520499964
0,0013700863965026
-0,00736946610265233
0,0588883314117239
0,00333896983359632
0,138027243570006
-0,0840458375917356
-0,0785362842613408
0,103779131634728
0,0811870482062179
0,00203833238245596
-0,117602560893841
-0,000762764328045621
-0,0704262052254734
2,69798856627554E-16
9,79527436904712E-10
-1,86314774472274E-10
3,70106401554946E-08
-2,58578593116847E-12
-8,29783753596442E-08
-0,000344875885657955
0,0117162366000369
4,0567036158675E-08
5,02942219414202E-06
5,36936777572826E-09
-7,67522785948603E-08
1,40347775899183E-07
5,03637130788497E-05
3,53277129993507E-07
1,04794731117542E-06
-9,42995163071052E-06
-4,18726006039275E-06
0,00174236286705467
-2,48611583082413E-06
-0,00188436836548254
4,3145332426996E-07
-6,06483105235307E-05
-1,26610306927303E-06
-5,3101000066965E-05
5,32160779964374E-06
1,18274809324761E-05
0,000345686612118049
0,000296339470484735
-1,06309353470792E-06
-4,31785102915322E-06
5,28756163586056E-06
-4,80130147645774E-05
-4,56121247716915E-05
0,00142396569690051
0,130719381041547
-5,08687537862881E-07
-0,000519695854821439
7,11050728764262E-05
3,73234108128927E-05
6,19773472929264E-05
0,000259216317772347
2,07209119677303E-05
-0,000320112884827267
7,36758485783739E-05
4,06350207735755E-05
0,000135785306477771
-0,929195373708227
-0,015288144630174
0,0054607208622084
-5,36326999456971E-05
-6,65505660703085E-05
-0,00898524050086338
0,299683468059487
-0,018259551635391
-0,1549484047034
-0,043323931408864
-0,0533180742617017
-0,0114752701894266
-0,00361685074732447
-4,9848776655632E-05
0,000513064668961078
5,98205652796319E-07
4,50905688338153E-05
1,01747707039761E-10
9,92689711299852E-05
-6,99485793537289E-08
0,00037298090764415
6,29704750923771E-05
-7,21286312086056E-09
-1,41876602154919E-08
5,32141892408873E-07
-1,16732622813379E-06
-5,74342762293133E-06
-0,000252302734993717
-2,27297739021483E-07
-1,02510160631136E-06
2,16086933895533E-06
3,7176617491682E-08
-1,63675240072445E-05
5,72212050412157E-05
-0,0287962168009079
0,00568177469832528
-2,53561249353232E-05
2,56665637801775E-05
-0,00206937648338972
6,34908261466195E-06
-4,451238355799E-05
0,000168280438060272
-0,0702168776632784
0,000190061061667478
-0,00057846227493021
0,000697011120026365
-0,00011080068367728
0,000247102685034059
-0,00120645578807984
0,0905880483135061
-0,000148174171623211
-0,00850575789660912
-0,000838037760365669
-0,000321482966522188
-0,0276214649295796
0,00261981354294241
-0,000299236017900515
0,00145420337268768
-0,000218095308486029
0,00316216541178503
0,0155841333950726
0,0105801738703978
-0,000225167722595687
0,0649691626183764
-0,00434169485842732
0,508502289318909
0,847061504219244
-0,00185024871528326
-0,00318722052686508
0,00239728180841399
-0,0105665626679139
0,0246965058114265
-0,0238623310856996
0,0129475017558563
0,00137937496159607
0,0314105421944857
-0,0425960095357733
0,000337924365028786
-0,0118938636309297
-3,89783605792738E-05
-0,0058987950237888
4,38178547991396E-16
2,75722546521152E-14
-5,78807540545187E-13
2,18649967331948E-14
6,47541850708591E-13
-5,39769845392704E-14
-8,43590368993135E-14
5,72638125468776E-12
-2,4952144619106E-09
-8,8371886641697E-14
-1,00349079209134E-09
-7,08527304713065E-08
-7,86355442398246E-07
5,21808138088117E-10
-7,81881062906623E-05
1,30622375473095E-08
3,59507284902852E-09
-2,01518182467191E-08
-3,27034568989878E-09
1,71200594481102E-06
1,50692154657327E-07
3,44796589907949E-09
-1,54778931133827E-05
-1,29089442238872E-08
-1,42999984893172E-08
-1,23722092723766E-07
-1,65444676207006E-05
-2,10057418360906E-06
6,82515293239766E-07
2,4152490689274E-06
-2,27090149925577E-06
-1,11989441292382E-08
5,63198598255178E-06
-3,156118480939E-06
1,0799136609107E-06
1,23320636557919E-07
-2,75513647622337E-07
1,36678473784401E-06
1,16832526389133E-06
0,000172058782573443
-0,00197527842204446
0,000165317367447498
6,1882036976146E-05
-3,33738543738783E-05
-0,0129647169974245
0,000108574499959973
0,00863532208251845
-0,000275217109529605
0,0157987382318353
-0,0122509707599496
-0,974065132705739
-0,0427429336924942
-0,000225853852306942
-0,000100011118558991
-0,00104255477873828
-0,000159482795953264
0,000291925036095081
0,00012715438129518
-6,48329316758943E-05
-6,96280425926529E-05
-0,0029647072161673
-0,000347952426706701
0,220709923790183
-0,000834939500639751
5,28375424733441E-15
1,47872347104503E-08
-2,69468039250416E-05
2,02738251461148E-08
0,000105160208189868
5,02967228763519E-10
3,95698381711929E-09
5,823061188872E-10
-2,46651468670689E-07
-6,84825733409495E-07
-0,000877579143369814
2,14525064358951E-08
9,5868487073567E-08
4,26558832550583E-08
7,55671816683717E-09
-1,3220030388045E-05
3,71092555922E-05
1,72998644195162E-05
3,57492535954825E-07
-6,67494992340805E-05
-5,15565865339541E-10
0,00206043200061
1,61832220202783E-06
5,11597408365092E-05
1,13988081067637E-07
-8,80917494481871E-06
-1,71510379744298E-06
-9,53738932693077E-06
8,01952422213254E-06
2,1792759843969E-05
-1,17319863638716E-05
-0,0902219072630739
-0,00139770368826857
2,41813683671785E-05
0,00058979915989017
-7,42369490007968E-07
7,39849961745894E-05
-0,000254631596862235
-7,73936430563634E-05
9,90772305564201E-05
-0,000898573648381027
-3,83720989847296E-05
-0,0127693513743864
-0,00040081644896332
0,000698758632431549
7,48401284241474E-05
-0,000482599966732794
4,90884593424663E-06
-0,000458079882641698
0,00301493021567135
-0,041577110938951
0,949228461280059
0,00438183675100944
0,000705943591547154
0,0186247383200683
-0,00314018768214081
0,00821120294699779
-0,00268822143637982
0,00582074725348575
0,0014325910285223
-0,296025594506541
-0,0161577308800621
-0,00324103175293287
0,0229226649842108
2,02992115928003E-10
5,89507417935964E-08
-7,03182375733224E-08
1,26020079596876E-06
1,67325714464672E-08
-6,98210703496244E-07
-0,010266076238911
-0,000390960012731613
-2,51547987510967E-06
-1,74675152154772E-05
-8,88199201127916E-06
-1,88262997538498E-05
-0,000187648277888334
-1,7901481349745E-07
1,12430044250651E-06
-4,56066205531769E-07
-0,00116879990360642
-0,000235692504576787
0,00158759446649995
3,48053178521473E-06
1,37482007266233E-05
0,00544723374047448
-6,08515122145838E-05
-3,50826335218504E-07
-0,000494741224060831
-3,11942214346247E-05
-0,00209470961177094
-0,000403670691208682
-0,0552760324672727
-1,79754003697413E-05
0,000928998150723142
0,00122814387009703
4,22790883818307E-05
-0,00674088691505127
0,000134828048849276
0,000115364438442195
0,0243548310239369
-0,002283616599006
-0,0393353211110174
-0,00142357748332883
0,0112540520793743
9,59626289495499E-05
-0,000162348308184021
-0,000597694189719845
-0,00483200304941921
0,000403036846245344
0,00165074378336339
0,000202376230647274
5,87503078749739E-05
0,00124744552447929
7,96265576601461E-05
0,00473221497162097
-0,995058828846453
-0,048794865904296
-0,00438108107257384
-0,0385749827221149
-0,0123703791489937
0,0114772924408761
0,00860241690253202
0,00431036257157809
-0,000119161965861088
-0,00387478159897329
-5,18965288875423E-06
-0,00227412355302706
7,62037931620639E-13
1,47454998610093E-08
-6,07486438052661E-05
2,52462978975531E-06
0,000231744708026213
-2,17856277203564E-09
-1,85454755292997E-08
1,23655972321482E-06
-6,61271330994918E-06
-8,1080278717859E-07
-0,0230985086269978
4,90894701735303E-07
1,64937296431365E-06
6,33530627539312E-07
-2,55471363813026E-08
-1,7202190340208E-06
0,000960790455303481
0,000503005799090416
1,01038064793883E-05
0,00318286554561692
-1,8758875459044E-07
0,00206869265785628
-3,67695359313033E-07
0,00114757780040419
0,000307115037030402
-0,000794088362118754
5,20482318872256E-05
-6,00177142389564E-05
-2,47716407171462E-05
2,25887976762813E-05
6,98103742743111E-06
-0,088173908127945
0,0154130734778298
-0,000808591243561079
-0,0185046663672094
3,85232330201795E-05
2,16131798835535E-05
0,0068239552019328
-0,000631413283985018
-9,90372185179113E-05
0,000911914028734639
0,00235298460526011
-7,43808744137158E-05
-0,00128550565019403
0,00414289404394807
-0,000108878374181354
0,00271455989543539
0,00012563176890066
-0,0099456945937732
-0,0249716148125798
0,000628568421070567
-0,0279372567582299
-0,00616121349318703
0,0466520504552348
0,993250374063118
-0,0239740864858217
-0,00133776427919353
-0,00619065344823028
-0,00886080521670367
-0,0045782352351362
-0,00052644189920348
0,00489386047315681
0,00153533547093897
0,00298874455924976
2,48932856968747E-11
1,8970118163689E-09
-1,2144030724826E-10
0,000105257450097838
-2,28370122133981E-08
-0,000106519718219214
-1,74548070479225E-07
8,4386179019271E-06
-5,95473255841423E-07
2,66277800830132E-06
5,21590444055981E-07
-5,98874637294389E-05
-5,61782757917447E-06
0,0258100840813727
1,27556903362076E-07
-5,1018803826095E-06
2,76591861407397E-07
-1,29694697126346E-05
7,00580151216586E-06
0,000103349886249567
-9,14850533013106E-06
-3,29700234452781E-07
5,0018715239167E-07
-4,28292898519443E-07
-3,69483985665932E-05
2,09895567758377E-07
5,33087290737015E-06
3,72404335536429E-05
1,07213315416044E-05
-4,29311019902408E-06
4,46873197893008E-05
1,11262926294883E-06
-5,27570070603743E-06
1,19613634586692E-05
0,000145377523675146
0,00491168677983616
6,15943039622149E-06
0,000349718691117913
-0,00010870449906189
0,000690577605587501
0,000171619454683168
-0,00102054000731626
-1,62996214691314E-05
-4,08621871309717E-05
0,00045133081732953
6,32656308527957E-05
-0,000664495451728979
-0,343900637367923
-0,00200585804442246
-0,0017122849929788
8,36669980049187E-05
0,000104466100828967
0,0190440181991993
-0,747113070559083
0,049148877998268
0,482502163787782
0,15780032818657
0,24299478160208
0,0549210637811283
0,0173245369404549
0,000197644095169923
-0,00202515867381547
-3,78329918870372E-06
-0,000347747385504328
1,47183021683952E-14
9,64374563063394E-08
-5,4074200863396E-11
8,17068911824254E-08
2,57904406868236E-09
-5,52473289550902E-08
-1,45603099235534E-05
0,00049430614032573
-0,00020678021902158
1,37152278483017E-07
-1,23891592765961E-06
-4,31982041962054E-06
-4,23359098839967E-05
9,06155256236625E-05
-5,47223519328831E-05
3,66465175329985E-05
-1,34302356802332E-05
-1,75343895899241E-06
9,83409075841541E-06
0,000338828905063205
-0,000177207173274849
1,6444607751489E-05
0,00410913022371154
-0,000525700132122057
0,000270013902589799
-6,0188892997456E-05
-6,33736417906112E-06
-0,00624470388974334
-9,61178769072198E-06
-0,000678953975319055
-8,14769524000651E-05
-8,42267831931527E-06
0,0003709670626559
0,000844137297889656
-0,017210865209184
-0,000144449645302756
0,00392423113466233
-0,116718560080829
-0,0758395997774332
5,56041428599707E-06
-0,000131297864365362
-0,0414383901623293
0,00323556911111506
0,038504467121926
-0,00123247434032824
0,00113429250407232
-0,0174797239260618
-0,00625507350905862
0,014142199029727
-0,0366304660342173
0,000666191998661154
4,70657783331298E-06
0,0553075325967825
-0,287715746058454
0,00633759678502419
-0,624261895593828
-0,302483635221083
0,439962836298257
0,360722776990603
0,188789447032998
0,00387461287133601
-0,189865206778729
-0,000321299280149708
-0,112620063977955
2,92197701839224E-14
5,03179052600674E-10
-4,83348255710256E-08
2,10093521584104E-08
1,83859779991982E-07
-0,000181911004158298
-6,66271984358066E-06
0,000227081350021877
-4,4088844140873E-07
4,5237115289395E-06
-0,000229088199570632
-0,00281330335189033
-0,0248415409340775
4,37981531410959E-05
5,56405564425646E-05
4,48915767092246E-06
7,03842327795556E-05
-6,40066613030057E-05
-3,06341188503687E-05
0,0323609087051797
-1,39859788931849E-06
1,3613611878774E-05
0,000516933247505003
-7,76699391837769E-05
-7,12833798865733E-05
4,45166362224821E-05
0,000645888017365841
0,000172359156572294
0,00069606991962549
-0,000304686642374963
-7,9874239207259E-06
6,23809771948019E-05
-0,000583570741029734
0,000563922848898438
-0,00010945031051696
7,79432404634738E-05
0,000111502144524182
-0,00349598473149486
-0,0024527886912087
0,000140550634144601
0,00192913326228369
-0,0198463681766185
-4,76301325971913E-07
0,00132157827946451
0,00679720763797903
0,000561886503987645
-0,00549179069329019
-0,04917671512287
0,0173237024141188
-0,015885372904361
0,000264009870102332
0,000324592484340138
0,0282257123715162
-0,48593958928355
0,00832236118539667
-0,306282544716517
-0,251417402617036
-0,748185275396537
-0,194389215533288
-0,0567588599150496
-0,000749661305166443
0,00681474506901294
9,28584121409111E-06
0,000673745003540961
3,94246180297621E-09
1,32299907383382E-06
-2,04864008578458E-08
8,30079543596603E-08
2,0398036342141E-07
-2,30799548072501E-09
-1,81229906769713E-08
5,76439255663738E-07
-0,000413075908286288
-5,23464194652861E-08
-0,000314443160411972
-7,66602314453261E-07
-5,7827198022309E-06
9,63993582274434E-05
-4,97852968520884E-06
3,25146778909622E-05
-0,0172494550018025
-5,97030998268558E-05
-0,000161695867867684
0,000100134268349089
-0,000185545008111695
-8,32542820434269E-06
0,000591701661893777
0,000727830757114324
0,00013395905766994
-0,00256686116714318
6,76273615002301E-05
-0,00722590976978151
0,00167970719400484
0,0101714321100434
-8,1305556088216E-05
-3,873489710431E-05
-0,000122153483079604
-0,000436061761231863
-0,0184853573657792
-0,000140549755171038
0,000955690517093407
-0,122065418128928
0,0100049264901576
8,03236654396672E-06
-0,000865203114493771
0,00135312490434036
-0,158199451926883
0,00742025211557318
-0,00129407921611619
-1,54225933396352E-05
-0,0111418549010363
-0,000217429525668735
0,00373892087769595
-0,031652655442111
0,000997437608133907
-0,0106505319565615
0,00183557407780804
-0,0335662230659092
-0,000320816560028977
-0,224123882580934
0,773700222554929
-0,274764028264006
0,452167887120168
0,1646126635931
0,00604662284434982
0,0264678692809419
-5,87949546528278E-05
-0,00964912769831374
2,35258392361246E-14
2,03990593090664E-10
-5,36415871433389E-08
5,7165685452916E-09
1,8395298171844E-07
-5,61246057186506E-07
-7,13326321845532E-06
0,000242232418245895
-4,05854612741853E-07
-0,000131064191184134
-0,00022771278256498
-3,16855457455683E-06
-3,15048439547908E-05
4,81580966237131E-07
-1,96392012012404E-05
1,0498825032391E-05
1,77168349118646E-05
-7,00458868747445E-05
9,04970305337011E-07
0,0323747560168168
-4,48572882315641E-05
-8,00582267671558E-06
0,00140981936879449
-7,10175486707683E-05
-2,6256635793954E-05
-0,00365985646826972
0,000171696714516418
0,000170660612619997
-2,9692626719132E-05
-0,00023460767975652
-0,00760421036908246
6,58025148130867E-05
-0,00112246434899086
0,000336232154276253
-0,00047932174505384
-5,96717934147159E-05
0,00012606806067127
-0,00784192524022993
-0,00141052962726023
0,00186474301862218
0,00312350189320448
-0,0147860565397717
-0,00404300707168747
-0,0336023719165094
-0,00842228442983529
0,000612346122524097
-0,175395729430606
-0,00490102086886177
0,179510830277571
-0,103099984738421
0,00313135455219899
-0,000566114447073023
0,0135449279216944
-0,130642364291721
-0,00960056480381351
-0,382713767671106
0,272501188614218
0,29492002101913
-0,406624052171574
-0,323521447882297
-0,00748577212731413
0,48610012450296
0,0022284043078413
0,30381231519585
2,90037342442102E-15
7,24721273681957E-07
-3,22650872414498E-08
1,17102208411676E-09
3,01450622655351E-07
3,02692210214933E-12
2,16916399946007E-11
1,27758202863291E-10
-1,55765523914861E-07
-4,20616425729797E-10
-0,000251415981781361
-1,33069551396139E-09
-5,54027081161393E-08
5,91145092357345E-08
-3,46723214090148E-09
2,32486428974252E-07
-4,78185686799336E-06
1,58164130435345E-05
2,15053341933706E-07
-2,0544691056109E-05
-2,76394901493649E-07
1,35702776125579E-05
1,00326825426575E-06
1,47243891483745E-05
4,78450701102078E-07
-1,22859583919706E-05
-0,000118708364937716
-3,23924040366856E-05
-0,000132929292886824
6,12018556226672E-05
-0,000370700615762186
-0,0019615200375021
-3,75164942738011E-05
-8,56174878922441E-05
-0,000173206372436777
6,91365712183228E-07
1,76632906732748E-05
-0,00264187728028844
0,000294694946622664
0,00147074303218134
-0,0118905021858973
0,000385435882011261
-0,125063263409277
-0,00375039202124876
0,00629227459017733
0,000344069361318407
-0,00163572585335538
3,37347134630451E-05
-0,00154408904034178
0,00292633967419871
-0,0133629707041199
0,294267958579869
0,000968039841215215
0,00116481507926014
0,00850943769393118
0,004441448209363
-0,0167517764172099
0,00762992382580724
-0,0175812968688417
-0,00443397125603468
0,941914410509833
0,0548589052109377
0,011141701137524
-0,0791597575276243
3,04708345250269E-16
2,57451524256138E-09
-6,56234508331246E-12
2,05069029011438E-07
4,76887411182198E-09
-4,7225005902892E-09
-8,56151310397337E-09
3,61885724566472E-07
-4,18968461024862E-09
-7,94285793907296E-10
-1,07041365433089E-07
-0,000337726792703943
4,27168829736856E-05
0,000318409587377946
-2,94687999503143E-08
-1,15180110882247E-07
4,10198791008513E-08
-3,03645658185169E-05
6,28559975382631E-06
1,43109060832902E-06
2,32652990601286E-08
-3,61800563529008E-06
3,06840726368902E-07
-8,63301131284622E-08
9,31148689380798E-05
-0,000205328398927625
6,49836104752996E-07
-1,37270589262961E-05
3,2390407394962E-06
3,39090654394743E-07
5,91285844581917E-06
-2,76028977746915E-05
0,000657577229147304
-0,000209833974655288
-0,00550602466249959
1,34355053208952E-06
-1,72042249001146E-05
0,0016521560289382
-0,000113648040827829
0,000145800174577073
3,94868602482605E-05
-7,15675996109558E-05
-3,0583716856049E-05
-0,000220301070178407
0,000224523568420531
-9,60786095591702E-06
0,00226195506792741
1,66486663723211E-05
0,0263721679222644
0,0454622230057847
-0,00012062681657564
-0,000225422841344864
0,000325531645764067
-0,0011368572156625
0,00082608012627517
-0,0132267385426438
0,0278856900822854
0,0266309032926652
-0,372362771217044
0,901315834048285
-0,00626016705785248
0,192002925297088
0,000650096448739611
0,08721085655726
2,35709810282806E-15
4,81892640302972E-11
-4,435253278978E-12
1,04317868985587E-07
2,492056181937E-11
-2,17335350935083E-09
-1,58038674323854E-09
6,97151550509104E-08
-1,20887422236138E-07
-5,3919614152591E-08
-3,09099596633288E-07
-0,000194662267510069
2,4595033540199E-05
0,000183621032571997
-4,67368471271385E-08
5,60391940821965E-09
-2,02531539028306E-05
-1,37414394037405E-06
5,31230006810099E-08
7,09145467162759E-05
-2,78581062348501E-05
-3,88171345263321E-07
5,27285625116394E-06
1,92146092039708E-06
1,21360241276936E-06
-0,00249349495884974
7,54707792078342E-06
-3,52125533291781E-05
1,15530161372925E-05
6,42131624154648E-05
-4,37235929698484E-05
7,30235298522878E-06
-0,000535909571957439
-6,44055766888956E-06
-0,000381228791133365
-3,05680224962588E-05
3,23484662713687E-05
-0,00414602823086704
0,000409088243056971
0,000108814852927575
0,000162073349166815
-4,9169027311248E-05
-0,00328098025097902
-0,0277180332551345
-0,000212932785704687
2,76198714789843E-05
-0,00932781160331587
-0,000208126742036663
0,0129447988373092
-0,0114538489893574
0,000433552501299088
-0,0010771682293047
0,00237927388507774
-0,0277358544080379
-0,00203747522067655
-0,144739539991943
0,338059245537509
0,102805266781158
-0,538726459330844
-0,0635874033328284
0,00407009358516068
-0,658182937098644
-0,00263525726985025
-0,353171573938072
1,38612018527425E-13
2,63982910567706E-09
-1,63419878183127E-09
5,33842004791481E-07
4,95302069866585E-09
-2,40341089867339E-07
-8,24586335223723E-07
2,78757772966225E-05
-2,64197113228637E-08
-6,0219284723378E-05
-3,92308125558185E-07
-2,80197660130568E-06
-2,82221444664314E-05
-1,17282841445375E-07
2,10168065349027E-08
5,33657763081006E-07
-2,53718778424783E-05
-5,06036864572333E-05
5,4595161545788E-05
0,000109194057128545
-2,41055275729047E-07
-1,84966335385071E-05
-1,05913693361355E-05
1,35706879995822E-05
9,11607315502975E-06
-0,0466865450165108
-0,00574353378748642
-2,59680168376547E-05
-0,00590991183329281
-7,96545516074645E-06
-0,00362964539013079
7,16097642015492E-05
-0,00494132798698147
-0,0019852796363298
3,30849801353353E-05
5,36996175378797E-05
-7,93328204317407E-05
0,000267631458179428
0,000183909462193416
0,0151839100592574
-0,121882764174918
-0,000759956308305433
0,000900519257717663
0,000925809420429879
0,0481139980718018
0,00176829807843116
-0,00982456856849973
0,000147026214959417
-0,0044946053158388
-0,000201612564424359
-0,00089799998678185
-0,00276687179501579
-0,00117803014985943
-0,00115472063267496
-0,000276213526791308
-0,00327340496627654
-0,00229805297760657
0,0149513040887475
-0,0230516407971137
-0,0304948913915463
-0,101754249601779
0,483186514135164
-0,00595588649709761
-0,857097997753994
3,14922374935088E-10
3,18167547725549E-10
-5,60773427600809E-09
9,67722371786853E-11
2,5342549193676E-09
-1,55330414942682E-10
-1,82468030373408E-10
9,53950140445131E-09
-3,50458063073485E-06
-1,02075592457174E-10
-7,58360638739903E-07
-5,0548045767107E-05
-0,000504154377546716
3,15696494810651E-07
-0,0301904689252892
4,65512522887339E-06
1,21766087477792E-06
-5,70780202023556E-06
-8,72714932616622E-07
0,00037031503866575
2,93111505965496E-05
5,79082533905559E-07
-0,00244309834005086
-1,6874562450714E-06
-1,55743840946546E-06
-1,24174383401842E-05
-0,00145273467025582
-0,000161041592244885
5,16674686008976E-05
0,000141613330028958
-0,000127406512516825
-5,94042106101815E-07
0,000268740345715246
-0,000126753752077304
4,17087605238953E-05
3,72287014747159E-06
-7,11939700232653E-06
3,4034518071628E-05
2,53348840133858E-05
0,00315855181044963
-0,0321530488822345
0,00200874958862514
0,000726897166392664
-0,000359703891971349
-0,120864955128887
0,000620147129814834
0,0359765220038843
-0,00056911663645154
0,0289120577252776
-0,0191035354377367
-0,215932521851929
-0,00893869718763962
0,000168140959604343
0,000123979001945216
0,00160470012091921
0,000325026431823939
-0,000775674213702359
-0,000460300317734731
0,000250490304389469
0,000277966782739586
0,0120205621327701
0,00150339295038911
-0,966466051280402
0,00365979756873656
