0,999960352015557
-3,47537048373531E-06
1,52502379812866E-05
-0,000450428632389835
-1,94664624959767E-05
-9,69732119257489E-07
-1,14623873479283E-05
1,91061849450272E-05
0,00169790167818316
2,68543736950903E-06
-0,000597145711360955
0,000243516090043132
0,000296880739338312
0,000236116528177601
-0,000317316157636299
-0,00222014887908037
-0,00162020756945876
-0,000992921131873678
0,000939259056940074
-0,00297496126382365
-0,000131282211094434
-0,000374976200403353
0,000270235412580572
-0,00144527938010846
-0,000485141412575873
-0,00042758739011827
-0,000177699749737299
-0,000722766451056282
0,000791153802893649
0,000324083587223651
0,00127528625660093
-0,00116421077748044
-0,000493465380631618
0,000156692569684264
-0,000984775817449879
-0,00127147427665617
-0,00299476821495372
-0,0012448336288689
0,00265528170823735
3,40409762852485E-06
0,000246012887175523
0,000305687377585333
0,000125315931640939
2,41707279987177E-05
0,00040950691555389
9,14623256329892E-05
0,0003064738329753
0,00117159330836609
0,00112861706871056
0,00184979778279599
0,00240424677359099
0,00185548668782222
-0,000145599128923277
-0,00107483222252722
0,000626930076952711
0,000170711900944655
0,000123308290866199
-0,00080233572851575
2,90681412607838E-05
0,00222863948900412
0,00180901367283664
-0,00035663825626973
-0,0016178409791764
-0,000934104961117866
1,93834084914872E-08
0,996749494407522
9,10992300956193E-05
-0,00427132485325767
-0,00016827621999339
6,81450952762016E-05
-5,89250518443251E-05
0,000239147049255752
0,00703663226784118
0,00166533847531541
-0,000253912130350487
0,00439426201785572
0,00344336906655538
0,0035645960138736
0,0161761431078343
-0,00565519937807048
-0,00669116105261079
-0,00375975433035667
-0,00493031695184099
0,0017653370409357
0,0146056685777625
-0,00435586512568048
-0,0201819607174205
0,0316786443254997
-0,0012195952196271
0,00129777552308377
0,0049804692588513
-0,00664917733759511
0,004211862786139
0,00624988185149999
0,0300799970376866
0,010523614078551
0,0185096428504999
-0,00529583321183355
-0,0114307352534962
0,0033961054187319
-0,00498980725121427
-0,0215590350993982
-0,0241540456645557
-0,00312528820087883
-0,00745323173829311
-0,0109868090512484
-0,00688049272967887
-0,0080088992052147
0,00490104956853015
0,00182368705338097
-0,0135340743122535
0,00402542746503156
-0,0224167229307052
0,00685337967961104
0,0105309071922877
-0,0010928744211102
-0,00149430028894981
-0,00589425642644809
0,0119012752625714
-0,00594816835280016
0,00315580040470835
0,00402755619541083
-0,0036999360434368
0,000471589618704972
-0,00508318184075347
-0,0114016252004356
0,00121163021527791
-0,00500508240299162
1,88298329675367E-07
7,16228961695161E-05
-0,999728546582354
-0,00209389747975645
-0,0116854297932292
0,000935661917413688
-0,0029755357941504
-0,000965269225528536
0,00127532671260764
0,000235614752287172
-0,0167532337843718
-0,00384636063157408
-0,000276420264399601
-7,40396205624167E-05
0,00123123630303865
0,0033741963237436
-0,00231130996598965
0,00178485173960583
-0,00174160110940088
0,00061571883928363
-0,000342069821651318
0,000765004754017388
-0,000643767461165237
-0,000836179713622292
0,00226648329759927
-0,000456954846320941
-0,00391319364661129
-0,000224999686797162
0,00293081289520839
0,0013241886374296
0,00261200293207774
0,000310735157473891
-0,0013087418338543
-0,00294491240677625
0,000747270298021802
-0,00329660093287062
0,0002565959924555
0,000810153877295447
0,000868322714506454
0,00193397262789678
-0,00078569172893961
1,35240011159058E-05
-0,000204281121561298
0,000205010109534474
1,34929400813701E-05
-1,86976916789159E-06
-0,000248690235557944
0,000467020839285824
0,000138348967951733
-0,000224105926660366
3,44812384391572E-05
0,000216220556911713
-0,000844640782167532
-0,000627353661246556
6,00007444619886E-06
0,000147559733781059
-0,000326193324263455
-0,0001016854565573
1,62502005764432E-08
5,30276540599748E-06
5,56464051385242E-05
-1,24938798145018E-05
9,26824097320317E-08
-1,9185555996563E-07
0,000444781102960371
0,00426580468345746
-0,000804495879470905
0,985223142932038
-0,0232399685062794
0,00268729706882629
-0,00020327837642731
0,000578115032005334
0,00142934949912059
0,00279997316353913
-0,0251961514762691
-0,00199437622230619
-0,0216592662101064
0,0242533801784929
0,00353063715478282
0,0229891260888945
-0,0346701939365984
0,0460509411754855
-0,0700264602140023
-0,0407482982425629
-0,000291511885349396
0,0141659666339623
-0,0106470313782991
-0,0139868285592207
-0,0290350854922644
0,00977241991557956
-0,000790876980283215
-0,00574017788098816
0,00136773797271443
0,018133384133139
0,00834567682087643
0,0189115759415701
0,00333963697872374
-0,0148933982283209
-0,00830042993135228
-0,0211806118092439
0,0104346436724982
0,0158453710013193
0,0244014475765885
0,0504437699875573
0,0130556459086053
-0,0120264402532243
0,0114365410111197
0,0210085736336756
0,00528903596442959
0,0580158681180521
-0,0469470429918529
-0,0400218063340826
0,0124714886713092
0,00382134755897333
-0,0026035383608522
-0,00987368868561437
0,0305381612686209
0,00500529272177654
0,0130193021996183
-0,00852170286524215
0,0043662680054896
0,0163953660948826
-0,010904688090695
-0,0115228088435936
0,00313929751314811
0,00386605552144981
0,000738566038068594
0,00430959139026556
7,11194066784825E-09
6,25802044676292E-05
-0,0104665580546408
0,0200983997893392
0,992096080729771
0,000325632848808034
7,51891805435646E-05
0,000271887354060967
0,00659875536084585
0,00317172556523931
-0,0580649082549175
-0,0119857267997498
0,000130926639970275
0,00233987286257685
0,0281589231327652
0,00386305618672564
-0,0627870616923766
-0,0577179575204926
-0,020155068766045
-0,0172205481614861
-0,0276648861091063
-0,00854874785128672
0,00888763509548789
-0,00530488717283779
0,00555976693871014
-0,000690420542441132
-0,00123192866115099
-0,000174250081397348
0,00874434889992013
-0,00950658727953469
0,00616733254713705
-0,00186618170525938
-0,0109794900280325
-0,00597436860265404
0,00563940260652752
0,020945437930452
0,0134615257694717
0,00228676601334673
-0,00944313826429972
0,0115082965985734
-0,00023336851502357
0,00496895433766429
0,00367740672762551
0,00465264262923621
0,000381877646744723
-0,00416561197522992
-0,00251299019367645
-0,000173844000329102
-0,00120111779169779
-0,0102249805010301
-0,0129957632993779
-0,00734112669391828
0,00176830270715739
0,00605193476693872
-0,0025956368902029
-0,00039947164145116
-0,000262104709117675
0,00331636070919732
-0,000376628857552936
-0,00829441615142089
-0,00767962087213295
0,00083937705388612
0,00623799587398474
0,0037078500793081
8,68507934823983E-12
3,62937521386084E-06
-0,00026425270236788
0,00156093328624271
9,23919500540608E-05
-0,980715596281863
-0,0144293904920012
0,00549057739882923
0,000137095841882654
0,093493499645624
0,0015481006273848
0,00304019872930243
-0,0172011663191796
0,021446751612674
0,00102805709253601
0,00133040775303251
-0,00507845267356495
-0,00184417388635593
0,0080416023237606
0,00215267023740172
0,00270803214635965
0,0072092726773469
-0,0065103722675981
-0,00389933134917518
0,0145862564639945
0,0299605472913798
-0,0970987613745936
0,0392378900667894
0,00806754662269703
-0,0156091634521702
0,0290013570770302
-0,00568283957636679
0,0069335173947458
-0,0105236330788564
0,010346420142609
-0,0314273918640761
0,0114797809429768
0,00373497736799482
-0,0105705654163126
0,00411860985038853
0,0051778434773237
-0,00888456660477669
0,00554345238022805
0,00971134147104587
-0,0408810093128457
-0,0346264503235594
-0,00585923393790698
-0,0472283108074495
0,00992882783365043
0,026897238643474
0,000275034647516296
-0,0109535342666865
-0,0120636721888611
-0,0612816401946816
-0,0336717552862029
-0,0441957376616442
-0,00799431749906257
-0,00140386956313394
0,00673307887164311
0,00158171231259114
0,00165301133376933
-0,00293563841184012
-0,00404444880896075
-0,00190030113273607
6,89426672646266E-11
6,35135816487766E-07
-0,00303343219763496
1,32938583775066E-05
-0,000143558215744359
-0,00917563108923562
0,920684548508901
0,375618037621726
-0,00113699008118711
-0,00515078890329208
5,89672393465174E-07
-0,000282493446857828
0,00062742688352433
-0,000307974954279472
-0,00496712613142357
-0,0097616370088679
-0,00159419834131828
0,00238401669758049
-0,0007003264584272
-0,00431183786919966
-0,00423475317494724
-0,00219374632445024
0,00197589575257722
0,00240416725303852
0,00333333293602775
0,00233319199886843
-0,0171651265374665
0,00163072893803813
0,0105364747087898
-0,00429533340072943
-0,0057132297613627
0,00816423327123937
0,0221180289705469
-0,0147446691056129
0,00700515786334685
-0,000256350765236187
-0,00725522412498133
0,00126551016547995
0,00791666602569497
0,00989950544310048
0,00770343150265704
-0,0167012559450706
0,000278215600247957
-0,00673582415660732
-0,0192994145909564
-0,00403297125355719
0,00130601461666695
0,000358667368847731
-0,0135320660616347
-0,0148217118723739
0,0114678002543734
0,0374195732209167
0,0130483916420469
0,0076309806885973
-0,0382187384716933
0,00126186364698129
0,0153873092750775
-0,00494150666229157
0,0208681573992993
-0,0207186077692747
0,00926143997976632
-0,0441709444816295
0,00100571912389495
0,04327696349918
6,19718499587201E-11
6,97828698951741E-06
-9,32517386392462E-05
0,000146908239827573
2,66266105182975E-07
-0,00598515367063839
0,373913269159129
-0,911275159572686
0,00682293642766038
0,0252730757106817
-0,00847875012930471
0,0144081618527457
0,00525235203663135
0,0116540263144361
-0,00323454678835143
-0,0187942885550611
-0,0258047935974096
0,0231109366159426
0,011440211951509
0,0133797657016303
0,00799033674216669
-0,00962738998666254
-0,00849727395929519
0,00616416275734357
-0,00145288625227325
0,00252228900916024
-0,0193382828872373
0,0065447421333001
0,012580648117873
-0,0423768356812492
-0,0113722175453065
0,0455225038195131
-0,00694892425980664
-0,00965619285762173
-0,0266727910450545
-0,00358505842401535
0,0420032782137339
-0,0333439367827771
0,0351675223994591
-0,0177104425583105
0,0251117500630022
0,0517615565707511
-0,0179005876208138
-0,0345423019364894
-0,00734584001730596
0,0100023568727048
0,000342855240233938
0,00913714220087081
0,00415805300644877
0,00129346560272791
-0,00663182046264823
-0,0114734295751902
0,00305163848177181
0,0077781116060388
0,0132856771656501
-0,0356832736272632
-0,0575471523210997
-0,04378435309265
-0,0658820247839941
-0,0110335002946637
0,00901218778286689
-0,00219007143434708
-0,000362200526871895
0,00603882457499056
3,1212848058652E-06
0,000788000616564246
-9,84221525845384E-05
0,000101730715064882
0,000909201780691967
-3,77727852324775E-05
0,000644023245466813
-0,00512830829486336
-0,973535469238794
0,000136121260381803
-0,0733538268969575
0,0142496240178234
0,0125166552144242
0,0211546377505474
0,0218358435383109
-0,0690397474677858
-0,0503889591936542
-0,0404776020763496
0,0199819664054924
-0,0681000225088255
0,0243817845702672
-0,00374403484213479
-0,0259500442311724
0,0147305695528704
-0,00991889880476906
-0,000903899040062903
-0,0020843144462499
-0,0213470765401891
-0,00101666796665505
0,0199699553964698
0,0417968678902431
-0,0259861102684363
0,00492756568504719
-0,0297358584077138
-0,0499972113268047
-0,0179922455605099
-0,0655915765063597
-0,0655195626783675
0,0243756394116831
0,00642265987615573
-0,00682338713333555
0,00394395886934643
-0,0193838983472759
0,000727914427872699
0,0172492312448153
0,00586081253563179
0,00141986409766721
0,0161126481985782
0,0325584321755489
0,0357253823140515
0,0503245552323576
0,0438927421151918
-0,00254484616395659
-0,0215636460650303
0,00907140731794144
0,00536975404195162
0,00149599227525195
-0,018353342545153
0,00180215676244467
0,043401716041297
0,0394536266417182
-0,00620428591373786
-0,0330840701268783
-0,0196594883570278
2,15100840461258E-12
0,000150036630352308
-2,0588805956613E-05
0,000259127390648523
0,000519620212466857
-0,0960640165044941
0,00363158813088568
-0,0253354410388995
0,0004260980429979
-0,969956186919693
-0,0164026526596823
-0,00470256685739973
0,0038402622653804
-0,00519578981321997
0,000867603658699518
0,0178051233562497
-0,016705047281549
0,0364963030976464
-0,0840347644803821
-0,0503307242941852
-0,00268181104775072
-0,107959883513058
0,0281016292741714
0,0316594940646662
0,0916726532033609
-0,0506825418969193
0,00337356613373011
0,00311895960435792
-0,0235660493601777
-0,0166179000123132
-0,0143839068490568
-0,01649210882061
0,0650380221403806
0,0487555697142359
-0,0258862504822136
-0,00559966172209479
-0,00506215345781499
0,00778425539947227
-0,000894141731355949
-0,0073544443515328
-0,0153613470425584
0,00152997136270314
-0,0173875759504214
-0,00784235489648053
0,00573691378051099
0,0038298418285911
0,00817889828995463
-0,00263204079116135
-0,00122551968623625
0,00332714552744022
-0,00297429446714404
-0,00380175139292521
0,0124139575775061
0,00473146670375643
-0,0141132873992109
0,00694332909641408
-0,00827514921244265
-0,024146535307778
0,0106372390304145
0,00990234109762593
-0,028179934286015
-0,0153703108759802
-0,00482590164202936
-0,0337103213788252
5,12530549724193E-07
7,22129189541143E-06
-0,015117429955732
0,00394455229228203
0,0552619828358094
9,04164712921933E-05
-5,23165316596096E-05
-0,00118511696098544
-0,0518811753368998
-0,00638242962544953
0,875449536558823
0,220148518630121
0,050406960553296
-0,00308182138455023
-0,0390783237966355
0,0154286737011067
-0,128059648934001
0,207314747684016
0,0191802449889355
-0,157350682901464
0,0524086444579835
-0,0901587347953477
-0,0356468965932348
-0,062570599175763
-0,018751459194917
0,0216693698736427
0,0168512694770697
-0,0343163578997706
0,00664266028945073
0,0848808765240033
0,056635560090731
0,0155243370043719
-0,0791444888041176
-0,12145089237284
0,0321382118259339
-0,00424265308877702
0,0303504444750649
0,0171620643763126
-0,0189921422694125
-0,00850184078104294
0,0224625520151468
-0,00201225827729532
0,0636825389936031
-0,0112377012420064
-0,000949895476771582
-0,0222621276279853
-0,0185452207322126
0,010479668383097
-0,0263741101680817
-0,0193660745689825
-0,0248964051898777
-0,00913614477361749
0,0384370830035672
0,00901719614979093
-0,0175639847336182
0,00208045780347581
-0,0097734766562829
-0,0795609300887473
0,0434273629853693
0,110399600016924
-0,0721638703138468
0,0238198017885086
-0,0278698974646652
0,0343123908542759
6,15962210185796E-11
2,0631928923317E-06
-2,46269367592806E-07
0,000291510578442968
-6,12441280717908E-06
-9,50794122955798E-05
0,000206197233161175
-0,00107936906434301
-0,0019111702395967
0,000370200664616115
0,112337118703728
-0,553539484834751
0,583857898367333
0,577183294180339
-0,0570532475517195
0,0245929768660237
0,0287532106877787
-0,0179450709855905
-0,0172959793970919
-0,0017829051971116
-0,00368300631772254
0,0027281905731859
-0,000951732216672998
-0,0158356532965522
0,0041611316231757
0,00131055574105567
0,00220645195869608
0,000262599642528693
0,000141042525454108
-0,00307531195204005
0,000272498673389238
0,00174605207667062
0,000326371097090068
-8,84079448364379E-05
0,00136991837327884
-0,00030508052323485
0,000882604891907844
0,00854907103634886
-0,0107642747679774
0,00211379211435062
0,00947273086881862
-0,000110528015013388
-0,00476464709598608
-0,00100484294555224
0,00749426884814086
0,00431298418603262
0,00178756924116996
0,00569593415343912
0,00372248477073488
-0,0197707503998003
0,0176791214355735
-0,0129065427446862
0,00242551710812815
-0,00188678248959091
-0,00188755503700043
-0,00101237182947604
-0,000154994917065215
0,000583505434662888
-0,000230315605395382
9,21710336077541E-05
-3,93311673443482E-05
1,63123593682472E-05
4,91679472383506E-08
-5,83772911226298E-07
4,18774728484846E-07
0,000246923493516595
-9,24130558531898E-06
9,28967436745042E-06
7,08014109694407E-05
-0,000147085904645341
0,00128462230122126
-0,00568093172756392
-0,015011820054357
0,000494342844389239
0,173237609009962
-0,718813900870291
-0,411616380325767
-0,270037288673451
0,126566131761504
-0,0814083916522115
-0,147397030423245
0,133132617653844
0,123598346014079
-0,0158788715799657
-0,0170097280345098
-0,0195271910669602
0,0854397006883423
0,165745122970441
-0,0641860398421838
-0,0136412985718158
-0,0122573862636079
-0,00631411287065407
0,0346968563005737
-0,0264702579288491
-0,0386523724581497
0,0198622687982547
0,0508832602654086
-0,0338433201848404
0,0990119572572988
0,0788752828071407
-0,000675506774835484
-0,00378632121335838
0,0637005479421542
0,0431862743624604
-0,0115821086829863
-0,0180639520335431
-0,0839266332968561
-0,000480269621526878
-0,000493975574941479
-0,0171209273907261
-0,0114683086230335
-0,101472314065041
-0,04099468062543
-0,0474589152516853
0,0630578295814812
0,0954701719371595
-0,0373502482372114
-0,079503641288714
0,0658966871244828
0,0673016560881792
-0,0381718422888929
-0,0279793750669438
-0,0360504990191039
0,0420639988551003
0,0148555075625488
0,0642955606227881
0,00292309127930379
-0,0460970356156053
9,6869562369414E-08
7,3687171335923E-05
-1,43693178025472E-05
0,0393266001943529
-0,00106975560310068
-0,00562169020000632
0,000232501074725639
-0,00169186799461331
-0,00214459986319304
0,00398535618140141
-0,00506845201599538
-0,085636677787545
0,617633161226047
-0,694719955522711
0,0128278125288146
-0,0436197832827544
-0,0190703365044191
-0,0285510930353736
0,021140005792742
0,0385968152961202
0,0469942807046564
0,00457310229211483
0,00291915120493416
0,0129430143124053
0,0441367523539996
0,036376615015542
-0,0167699012554356
0,0316968060088541
-0,00372390297706551
0,0430891102527711
-0,0527179801902027
-0,00973978061652374
-0,0175931530940459
0,0120236079076272
-0,029911586417651
0,0495532008720313
0,0970331637926152
-0,123570874439471
0,0991365481275544
-0,0233868172804991
-0,162618103663865
-0,0250224745834245
0,0722796358587354
0,0173019024145167
-0,0918287935259813
-0,0484400390563206
-0,0109764717993344
-0,0471439866706919
0,00409902815764753
0,0206399997213334
0,0420583101978453
-0,0500161203433237
-0,0132400148497282
-0,0741488902702179
-0,0843175161841069
-0,0681581934496425
-0,00913583013569144
0,0399381549253138
0,01235573110584
0,0346703935987443
-0,00591880679839074
-0,00336003701898341
-0,00556494608717766
-0,0144330880643978
9,34005948186255E-11
0,000299335157335395
-1,28019133889769E-07
-7,89265589844284E-06
2,61879096747457E-05
-5,18661908988039E-06
0,000265447928926126
-0,00133051132596298
-0,00528574239767019
0,000188570355922499
0,0155312058899592
-0,0765028602648919
-0,080826996939782
-0,0724433165458505
-0,7759692164766
0,258851551526884
-0,211193982164526
-0,269378751576108
-0,0480574731494522
0,0440451393816102
0,1399225597529
-0,0404280385058774
-0,176858258724472
0,158756504077755
-0,0709815468984974
-0,0566877666368251
-0,0154946720944095
-0,0219481221133741
-0,0121986082789947
0,0173749147756258
0,0457707773645084
-0,030804848435071
-0,0126924024627905
-0,00111117185374014
-0,0382170418222758
-0,0506702175010724
-0,150959366604809
-0,0777930530888838
0,113683353994991
-0,062137182177012
0,0383498382029719
-0,00229336655749294
-0,0217964358914257
0,00138882120235694
-0,00468410509721798
-0,0286608922645926
-0,0131090572700969
-0,0971636312414631
-0,0838549214000836
-0,0982581128149382
-0,0819668880138914
-0,0450921594755931
-0,0228196688052033
0,00939213632833472
-0,00127427261286803
-0,000397370290266237
0,000668629464215221
-0,00582383277393806
0,00334788148783314
0,00928250885830339
-0,0140355178563381
0,0110564965915938
0,112310868252744
0,00660399456130434
1,17880049852799E-06
0,000245193034539918
-0,000438283311500211
0,00179883124144264
0,101172090078937
-0,000651043405060791
2,56000642381943E-05
-0,00013486957796225
-0,0160019976782665
0,00175983556484659
-0,0442350434764012
-0,0291932438877535
-0,0174953954335726
-0,029438650793821
-0,230092816272296
0,0403036989961914
0,584808033748074
0,573208819368263
0,00110883563603136
0,151630397317897
0,243647355179979
0,0158399414248508
-0,063560379380349
0,090145111833708
-0,0303089995522166
0,00770143773219271
0,0144251079501905
0,00151916937392761
-0,00492859386327527
0,111405143896626
-0,037941947506323
0,026423040209519
-0,00432772019750465
-0,0039851093978057
-0,0129348693600178
-0,196598990285541
-0,136855035948676
-0,0398128643109048
0,0898244376995327
-0,112828966915866
0,0211943907909616
-0,0577853553977025
-0,0257018162801907
-0,0459844888120671
-0,00731891690092478
0,0376711407527227
0,0118648566818373
0,00761872582879797
0,00612550198101725
0,10765614926475
0,135617093097689
0,0766633171776828
-0,0143022323411765
-0,0623604841191886
0,0252478245733433
0,00483749983192613
0,00219523384913244
-0,0344946921401011
0,00364855285174035
0,0865419764742398
0,0801784465940483
-0,00878500269631394
-0,0654239154890509
-0,038888466676278
0,00481186686966107
1,91994100139128E-05
-0,000123507772380731
-0,000198255701716287
0,00119531098287013
-1,60489693236012E-05
0,00225804485147762
-0,00245482703519266
-0,107475409036646
-0,000517495063694589
0,136794090535259
0,015604194053547
-0,00523809536051436
-0,0167364602787419
0,202949224246838
0,550347997441879
0,00491669236707741
-0,0300833412049689
-0,244071285410221
0,578122793192476
-0,164006795400012
0,109286494614214
0,0361681327016253
0,141252352567814
0,108669349568308
0,0858025315390191
0,0441824916968923
0,0301988963934457
-0,203599965812516
-0,0416810961716181
-0,0497899990992537
0,16089716167109
0,0794666672192833
-0,161325785986725
0,0499804806677346
0,0407447120443502
0,0315943191495305
0,0581251646842226
0,0109903304622901
-0,0652149616860287
-0,0305620410396849
-0,0090742628686452
-0,0970984606842778
-0,0242568916265495
-0,0232717437215294
-0,0151189480258397
-0,0483126889610081
-0,0334299432008247
0,0670032538269769
-0,048089598615276
-0,0333067908887837
0,0311454830222015
0,00266380996782744
0,0227182558395738
-0,0507738308547626
0,0201674687659705
-0,0106208245579113
-0,00746948531151708
0,0139610397997652
-0,0453896356077403
0,0194036248324568
0,0281669402280783
0,0129020620502453
0,00195202698725622
4,25280753594732E-05
0,000221194132085085
-0,00570088090872927
0,10051839420299
0,0279584591721523
0,000246377750435475
-5,35429814082798E-05
-0,000365036087732164
-0,00619611055050876
-0,0208348756957093
0,188026728819258
0,048357230211711
-0,0236556129937032
0,0384518948480145
-0,0382634926760633
-0,165688714780967
0,147886529289116
-0,241124862312449
0,556209161819187
0,288877605359366
0,0100272585914603
0,210183604324585
0,00138438021883386
0,0413265669443288
0,389878000713609
-0,366390696296687
-0,0386705503559498
-0,0457169736578116
-0,0273968280363538
-0,000625403025375647
-0,0410501467822342
0,035591220134969
0,138408591801959
0,185982292710455
-0,0861868398526518
0,00878872517536248
-0,0251525278473374
-0,0248648161943121
-0,0132837872214673
-0,0443871788292804
0,013953003101708
-0,0291166279564039
-0,0874957924554263
0,0601443856361962
-0,0858341707743476
0,0115642748774331
0,00906154749494711
0,0678538512909751
0,021160122460941
-0,00891209266451059
-0,00707255546657048
0,0220831320843888
-0,073287957725597
-0,0156439801308847
-0,0206697952347189
0,0262067766455135
-0,0145543352742079
-0,0525238409438858
0,0297862314520843
0,0416760910469505
-0,0419504355725902
-0,0266381606758584
-0,00845417558372211
-0,0502579310286204
2,94163073688587E-07
0,00269181311008726
-4,15031975769395E-06
0,00938028434840999
-0,000216870314499581
4,1027156520941E-06
0,00298486682161591
-0,0053793830651254
-0,0043649044051437
0,000419556550019447
0,0168980775850481
-0,0232916168636072
-0,0177324907357212
-0,0286270053335814
0,189855249367867
0,566750556222139
0,29504069058064
-0,268128787559939
0,197186736232746
-0,443925928925408
0,366058358354261
0,00162179387833601
0,196087296093253
-0,0360104570719769
-0,0570118353259339
-0,0471032904758771
-0,0259656362390416
-0,00380500226947681
0,11059842535417
-0,0414398672733484
-0,043810464549721
0,0656074731038248
0,0686979770964137
-0,0459952186303038
0,00811242934043435
0,0382485542295122
0,0620681358308716
-0,0699726916105257
0,0511591516250417
-0,00903843286603888
0,0561814025782201
0,0925615443622948
-0,0561587577442998
-0,0578018566838394
-0,074128858468583
0,00463500609985401
0,00537525555531245
0,0166181682400224
-0,014382175592284
-0,0171845570863238
0,00603254840680577
0,0293048361705143
-0,00544978385014232
-0,00389767908346389
-0,0081312901820629
0,00269878959224752
-0,00235277084560919
0,00730966005904334
-0,00273423212731724
0,0150009874030253
-0,00111004820434887
0,000604276282165996
-4,92904027413544E-06
3,77304580342096E-06
1,76336535539425E-07
2,85669354073747E-06
-0,00671917219928758
0,00271104437493369
0,0102889473082954
-8,012783207661E-05
0,00082711555146493
-0,00440636179712045
-0,00851967320394212
-0,00294389996287462
0,238391006115532
0,0192847047163948
-0,0291049268728568
-0,0244722723910417
-0,039122796022923
-0,267307456981774
0,370134299882083
-0,35247393059174
-0,357133059912791
-0,0489394765772711
-0,0323315615583641
0,114109926464028
0,129974665987012
0,221724398282592
-0,0494302986194681
0,00979262014614824
-0,0724459393336346
0,168215640809821
-0,0459653026915139
-0,210003538527471
-0,0347956811407783
0,0535725558468878
-0,187018973977484
0,119890381907395
0,0683850335176529
0,0706558777645878
-0,11417640453752
-0,0852220058597758
0,138195600931952
0,121718980216751
-0,0136274801085319
-0,0226923536930519
-0,182179520966568
0,0129490787554741
0,134091499154783
0,0780120933405365
-0,0367467698475628
-0,105730052555299
-0,0111497629680171
0,168269282528827
0,158757663734563
0,00283304555081961
0,0629166934753134
0,0552394631736688
-0,0249428528759135
-0,0150855250189507
-0,0218892681003197
0,0490788886220059
-0,0586160441452496
-0,172144608829262
-0,13773340773826
0,064562639741117
-0,0638523308894893
0,0431596386880741
3,75948943043519E-11
0,000162948968280428
-1,33930247241937E-07
0,000166735651711316
3,14215788112309E-05
-3,54423188351266E-05
0,000685931574904954
-0,00297992823199255
-0,00215077079705305
0,000297339282268183
0,000891329385634229
-0,00705116964668969
0,00464360178734729
-0,0254004847673142
-0,0361060502434071
0,16547333726984
0,189969754150789
0,00496394254793227
0,165664831764646
-0,343721225641637
-0,688437045522365
0,0522153662957321
-0,350801843657302
0,259289280767785
0,108400451142727
0,14308433572763
-0,015329134430052
-0,0410455166733766
-0,0338143148419181
0,115062313382713
-0,121903837052507
-0,0336221036627347
-0,0450512846407737
0,00290028671646523
-0,0127299362591259
-0,0753320244870912
0,0659329528674423
-0,0383266135723903
0,0155187444787505
-0,0588689420751202
0,00894213330673414
0,075952460280543
-0,0237518640861204
-0,0640788349380206
-0,0639595149104245
0,100589772112846
0,00394703573640171
-0,00136287321540716
-0,101895075284268
0,0334423743990776
0,0462853675469189
-0,0192785003876128
-0,00445827536593993
-0,0177666099819771
0,0268166126814058
-0,00887695370874835
0,000820260354353931
-0,00610397445596933
0,00823501920883375
-0,00106733394698653
0,000663666239240711
0,000616638892098485
-8,07404709746696E-07
-9,96277213466554E-06
5,63319301363427E-09
0,00728638130580592
-0,000101912111655236
0,00223799446224757
0,00684317167526519
-0,00754541086407621
0,0008191695965129
-0,00345673549058287
0,000215621796326747
-0,219980761608828
0,0186408749752855
0,00537157183360716
-0,00256977831642004
0,00666360732009821
-0,00124156667192657
-0,0514165315680858
0,0495048077143887
-0,119208749234597
0,321766673458886
0,189187505568389
0,0131271582318605
0,450189867148865
-0,125943523551169
-0,138601119860483
-0,407954903911377
0,227172245204522
-0,00302269799958831
0,00621417468881663
0,109162804244961
0,0756476889699436
0,0648280508298351
0,0746717181194005
-0,329158673006735
-0,237773881906106
0,14215047947631
0,0382321004233813
0,00964052500015173
-0,0391269234193437
0,00555604790752222
0,0561444485325427
0,0794081635743191
-0,0211130887541865
0,0675079972931839
0,017570922970166
-0,0232443766012884
-0,00670211840098659
-0,0418908423233608
0,0287879765585279
0,00638222953228778
-0,00854257982800616
-0,00104370847968786
0,00900635533557805
-0,053568964701094
-0,0335480945996656
0,0660379743189057
-0,0516344542890597
0,050284422926524
0,134862275639968
-0,0535385994256434
-0,0501069916450793
0,159415221883023
0,0815360945726151
0,0259157693089432
0,181027698170631
8,877156520661E-11
0,000616429265423495
-8,66066497746399E-07
-1,34757497441472E-05
5,30008530701676E-05
-0,000103031402217602
0,00569091220687273
-0,0191765019147004
-0,0078695741358987
0,000699173759267
0,0204394962818924
-0,0881838046257843
-0,0747321335941326
-0,0611550958632823
-0,259289956969044
0,0524427978832
-0,00562214074384308
-0,0306793803777764
-0,022552774946569
-0,0224539195802487
-0,145667770607883
0,104357218363932
0,37666783640063
-0,401432760068103
0,20481883482128
0,208701099020176
0,0581254314297744
-0,0145064430590199
0,00777510885241902
0,0829508314190499
-0,0741854148140961
0,042582296649426
0,0379190314368008
-0,110464560908219
-0,0961087282080682
-0,0780316703257619
0,0665355536421159
-0,278822977785366
-0,4345037500213
-0,0254772085557699
-0,0616182893747583
-0,201820821768246
-0,131529972484898
-0,0721938908332986
0,122413543955291
0,185562950769813
0,0298666168277136
-0,0170740495339632
-0,0950672176973953
0,146244067461534
0,126793980542202
0,0067152822737187
0,0115446884668763
-0,0231412518840014
0,014842195788937
-0,0333644359796606
0,0104479950544515
0,00797976947883833
0,00434433840582313
-0,0106471727338531
-0,00443163687399884
-0,0368438385106405
-0,0539088771543134
0,0142228569668926
5,91612914067633E-07
2,77475155213609E-06
-0,000119121596652703
6,57399567297439E-05
0,0010953639685031
5,77379771911151E-07
0,000109626396190167
-0,000296311094383534
-0,0315791486230417
-0,000643423271591936
0,10151611368048
0,025394162267059
0,00670070852697147
-0,00243194770661932
0,0467118969762828
0,157562536430953
-0,0358549663732006
0,0444635304444203
-0,0865911105313027
0,192400759248858
-0,0820760105065886
0,0260378323464932
0,0100154562503263
0,0580319224337889
0,0030023075012012
0,100265598603508
0,0502242430881736
-0,0478081783278544
0,734268254426929
-0,0851629228111714
-0,105688219642283
-0,210995503398249
0,0947231718630336
0,334287710893508
-0,0968232756782256
-0,0677239244650677
-0,0219560794098811
-0,115476306219497
0,025239981545925
0,203811872199046
0,151941116867022
-0,0429621043668608
0,114058960206551
0,0703485305855111
0,0318799574157472
-0,0420769178502585
0,0916233275664322
0,0713526744705533
-0,091622283164058
0,0700316615992557
0,0247998587019259
-0,0544472865171232
-0,0388705156232405
-0,00771502854422851
-0,0229902501898781
0,0281978315832114
-0,0225182557367155
0,0602551863181919
-0,0413117103311425
-0,0432442967656385
0,0649436139194023
0,0581602694751834
0,0174961243285863
-0,011700207847611
1,51450143597071E-11
3,59539222854759E-06
-0,00530835775857412
0,000220932239249215
-0,000140869707405134
-0,122334027832593
0,0257405700718973
-0,00580544678716462
-0,000178063098536108
0,0132099137357655
0,000308444312029664
-2,34469868547476E-05
0,000444389537811275
-0,00216185881337376
-0,00320815315116932
-0,00933570849560415
0,0222467697609399
-0,0207191307145678
-0,0179788924108907
-0,00621926877383786
-0,0425391400001842
-0,00532966936979763
0,0411015679205605
0,0083712997097731
-0,167960957471371
-0,233713045372292
0,809004108719464
-0,159929631521121
-0,035037849745491
0,162429009082318
-0,210439446893677
0,079162812839896
-0,0909328363290215
0,0643254889739775
-0,140191132496419
0,251705140518088
-0,0389495976804562
-0,0090232239639896
0,0274789643676972
-0,0464173946480275
0,000820075620486826
0,0769298105857115
0,0452013807293925
-0,0407919715922399
0,0863108512907803
0,0195768013444631
-0,0125250718012597
-0,053990835754356
-0,009498520821372
0,0550451842736343
0,0552571036523534
-0,0185953485858145
-0,030341322753942
0,0768392557650335
-0,0126596978153078
-0,0104401717212907
0,0454733054928574
0,0304911318092058
-0,0125901728895879
0,00611021639245324
-0,00579759221553027
0,0203990828042494
-0,000455957450039081
-0,0194421346506531
2,89648266584714E-09
7,18673077247415E-06
-3,61296458767942E-05
0,0011488795165437
8,37381235256701E-05
4,4814823076033E-06
2,29810352791072E-05
-0,000129773941357379
-0,000999759998471829
-0,000512320893006863
0,00593698167970817
-0,000422306360972618
-0,00426373005122063
0,000950997361515815
-0,000800632759170851
-0,018035791564293
0,0780311539027132
-0,087702936532275
0,0861839540108826
0,112634153504886
-0,0689299849802854
-0,435912199780645
0,045865008593512
-0,0691517231846052
-0,184812707401106
0,160245715217232
-0,0770919682681014
-0,0284010702465211
0,0451518992880368
0,337781687936687
0,0687432242292386
0,205909853237704
0,00232346582850624
0,0667506133998417
-0,087460772654915
0,0903987818387738
0,0332582702127625
0,0552192212801289
0,130131698225161
0,0880089474801709
0,0331439551708586
-0,0469462572412945
-0,347655654519258
0,254375918890119
-0,0711222583417407
0,122863100715966
-0,0351701253807498
0,0923847668852752
0,0888514788940673
0,137666959703826
-0,0333009842833718
-0,235162264937051
-0,298271004501861
-0,0491992350665156
-0,046105353262789
0,194797154004503
-0,0592282976493011
-0,0696807651143205
0,0452258130268321
-0,0228278548316775
-0,03620045948904
-0,131223075507815
0,031491282305249
0,145390672014062
1,11569600188613E-10
1,84718377710359E-06
-9,72518133475436E-07
8,82153528385576E-06
9,94384263759923E-06
-2,16924323195599E-05
0,000237548830601756
-0,000936138569551383
-0,00150485452667284
-1,4332456782802E-05
0,0331504851663107
-0,115716631320571
-0,0737372454753151
-0,0502111957169669
0,0664515320073416
-0,0281033198486844
0,0560875455009514
-0,0650524493639603
-0,0867994649236838
0,019079358675298
0,0471885467667144
-0,0841791446688539
-0,4394852034832
-0,374197754225201
0,109312635042192
-0,0569312389049522
0,0537380444886348
0,0503291825279582
0,113451608545408
-0,0854407152958887
-0,0925176418966757
0,0860727558813701
0,168394186714547
-0,162003305544355
0,0876264145304809
0,00548951467781362
-0,158782383319866
-0,168671157960543
0,042246942119833
-0,250231723987836
0,0419228700234761
0,125388054370608
0,0643403218968402
0,0616947338324596
0,00856085800090767
0,0157438627105682
-0,0162699074643915
0,090765073368661
0,113909426743881
0,123378820298212
-0,0471371780322918
-0,116978585752148
0,17871553442645
-0,230614278389327
-0,016657804325979
0,20875821371413
0,137118401592915
0,084928396277264
-0,0423968389479259
-0,267794153440749
-0,235129965782501
0,0733194098852979
-0,074507085216741
0,066246848403799
2,96796156420918E-07
0,0300220510439826
-6,76199231827936E-06
-0,000218072176942986
0,00237472482009311
-4,12414031155432E-05
0,00036947112427467
-0,00179716805170454
-0,030077839785542
0,000930596337298152
0,00195717870988402
-0,0501738844018284
-0,0359139521089586
-0,0499738665757551
-0,233460881840408
0,0896703749625164
0,220883395725097
0,189008346830029
0,0496783745841798
-0,0313445953679367
-0,269228994150124
0,0380962356799011
0,141363105818849
-0,268631469790141
0,0458971597500138
-0,0329158571528601
0,00734521223044855
0,110919599509988
-0,0321028847891581
-0,228122369807162
0,273068180111109
-0,120049480349063
0,0386064715109779
-0,0663812134411645
-0,161433699703968
0,386163374626097
-0,0199610707542235
-0,0126244172295106
0,133206302190479
0,308096298868772
-0,0455523600774718
0,244512763478214
0,0564124085518129
0,154777036857342
0,00645166595231849
-0,199014602775909
-0,0376786332530548
0,0530239787910844
0,235500697717297
-0,116880771245439
-0,121807637960196
0,0211107684660955
0,025578962364801
0,0542461831118517
-0,0477002568700454
0,0125192595648158
0,00180540913013264
-0,00169486099939641
0,00414825777003905
-0,00659926196238943
-0,000596972707962755
-0,00202193055296569
2,28424042104177E-06
3,9294277626308E-05
3,77899390945547E-07
1,68459206167407E-05
-1,80102014833413E-06
0,000125717816988371
2,26059705360416E-05
-5,57113403369278E-05
0,00297485308192336
-0,00348104174034277
-0,00676452229657997
0,000136085786833351
0,0620214303510892
-0,199920127838793
-0,120337022768811
-0,0824179604334983
0,15632577664611
0,153399737615203
0,0512794935291892
-0,0662308954293922
-0,0242894490595111
0,0485940278846833
0,0971406505623967
-0,0447572122925382
-0,213750803128411
-0,150131536412853
0,0700717700468896
0,00266902181287669
0,0319557196470247
-0,00363234746544251
-0,249071101227725
0,0117653641019714
0,181330041151707
-0,18266013038739
-0,357722613266728
0,313642941358736
-0,248128049812011
-0,164124202104654
-0,0352718558069038
-0,0198964303779383
-0,0962608157934318
0,00333539767704645
0,00342157513088498
0,00139284408257926
0,221445385400508
0,0964509775086826
0,104629561273182
0,0511777471098507
0,0174674049788794
0,0793075740585789
-0,0403029007048277
0,049419686915081
0,00452465133806439
-0,0161141207713129
0,0618068824529155
0,0767621074685936
-0,0837031895945074
-0,119572076501839
-0,275350595595048
-0,0546632469225162
0,0363567727423061
-0,104875282770834
0,0568804301948741
-0,267572624079264
-0,00378069079583094
0,239288307369042
1,98222977223067E-07
0,0593659731296497
1,54517465992238E-06
-0,00065712646942985
5,10849324943758E-05
9,34188354574366E-06
0,000270216376122684
-0,00150136040144768
-0,0873641790205047
0,00126263168575362
-0,00175973562409577
-0,0439538210011764
-0,0378155117649221
-0,0289573255772728
-0,155612404421139
0,0165084227237755
-0,0246493241509857
-0,00800276975172089
0,0101472707379087
-0,0400761056829846
-0,07730978774634
0,0298659877545864
0,244864258832758
-0,310735581672778
0,195626637278428
0,162860427812768
0,0481400063245139
0,0389278546892698
-0,0330896522756883
-0,00552346459137688
-0,317533871704612
0,119265632157881
-0,197770695620525
0,282938907148986
0,344895245244682
-0,177131353594432
0,0346344452701195
0,399997512844412
0,340908772114596
-0,113262510200558
0,0870359529317358
0,0769685553547935
0,126622758241696
0,000276093850607332
-0,0930243605313621
-0,0614136329108997
-0,00964327778495322
0,0524149822593217
0,0348575412977055
-0,0193007151015819
-0,0394488727947914
-0,0170173269551975
0,00072581827381065
0,0183012183336965
-0,0244577996665781
0,00982992551299915
-0,00353799926061947
-0,000641352250188999
0,00702733705615737
-0,00942239053326827
0,0120414758564367
0,0167509518871222
-2,34092594947918E-05
-6,4927396448824E-05
3,70767910725304E-11
4,74521868137308E-07
-6,79744689228653E-06
5,97583131200967E-05
0,000523455434818475
-0,00125290258416548
0,000114752602013097
-0,00061182725820668
-0,000293155588666507
-0,000110638033414342
0,000879393972171033
-0,0026947180449554
0,0021792745882001
-0,00930996220717759
-0,0145093096405862
-0,0106723475841735
0,0683192097094146
0,0145787818190363
-0,0321880444350371
0,0208410403398469
0,0233705824919138
-0,00580449327423961
-0,015011728134197
-0,0271836446939351
-0,00351289206598165
0,0573727170713949
-0,113492135506226
-0,826551727527766
-0,0817922685554678
-0,184614324155687
-0,0268137235193868
-0,0802709164042916
0,00928673527773196
0,00182443124885547
0,200232289460178
0,113828878064326
-0,034573635512103
-0,00210328255531785
0,0272980405830464
0,0843941597646762
-0,0261431579321544
0,043598619151861
-0,0704733412427133
-0,0151733879865414
0,127615467478678
0,0920157215217509
0,00745191327561103
0,0388793334677574
-0,0100473000364167
0,0695683152066003
-0,119771587651554
-0,0287699558192917
-0,0620981883815809
-0,179128581194848
-0,182999835673842
-0,234321835659106
-0,00989391516661245
0,00816877073842121
0,019522710738387
-0,0274116215401065
-0,0430556758434279
-0,00502344729479464
0,00480597087225281
-0,0203144088283794
1,04026885069335E-11
0,0035117385937122
-0,00326219665767987
0,000215634799834974
0,0123676190609702
-0,000198981536934338
-1,16158419300347E-05
-0,000189677069496029
0,000243813317605707
-0,0161453928908095
0,0101223951375674
0,0031029674421098
0,000786209804365062
0,00137906870416609
0,00289947888611664
-0,0159048636422275
-0,00252498953238106
-0,0355418720979058
0,0958366450710006
0,0413112640100471
0,00655481790203696
0,226955490130308
-0,0765353492460114
-0,106197656500286
-0,39886528415169
0,277437804943627
0,00206326375780619
0,0417681811288694
-0,164037101654025
-0,0828514102745674
-0,112640181975539
-0,0279373063354281
0,294952869670925
0,165474325390542
-0,0956315129642839
-0,00557365113235631
0,000217138707228312
0,00779475119271597
0,0371672989309671
0,0248972396683447
0,0582052899354771
-0,0332470584025525
0,0635412837166106
-0,00224657746016683
0,00105520868492116
0,0507032604538034
0,071559547829755
-0,0499572783047673
-0,0520440489008242
0,024910436256407
0,00521851852871984
-0,0167793950108482
0,130508013492924
0,0933722593868506
-0,201040076554458
0,14326211546255
-0,126271197388417
-0,296042266088131
0,116646803154581
0,0984128417312036
-0,327618741259154
-0,157933557218968
-0,0548069240523365
-0,369397850829279
4,2561357165614E-05
0,000165633300460705
-0,00432228713314207
0,0957359351336126
-0,00180454170760135
0,000410707532738114
1,75937643034382E-05
-0,000450414766589848
-0,00236525620312319
-0,0010569271919675
0,0285510039900323
0,00462378344817129
-0,0273871121707543
0,0238255772737441
-0,0172236748072074
-0,0906966469766535
0,157602007451612
-0,162403977158307
0,0808226023321424
0,130090413687049
-0,038447638374862
-0,371684096510193
0,0974233698381735
0,114958179621546
-0,0495848641061552
0,246680780989243
0,0413184993713701
0,104589799897907
-0,0487072119355103
-0,189096682140911
-0,084858526322827
-0,205384778514555
-0,0742244885007655
-0,0139273542561852
0,144172901135755
0,208201135377872
-0,0924509770476014
-0,193496172737222
-0,180453752766984
-0,276726292768192
0,107821964057341
-0,0138119604527053
0,296171652633658
-0,263349030031349
-0,0705545313181667
-0,0981033235660921
0,0232538645984784
0,193105571754117
0,0873565201702256
-0,0915527631855966
-0,0397134485202711
0,096288764900926
-0,280152820520009
-0,0629324939211817
0,00355859338280356
0,0159734730886543
-0,000166460629911212
-0,0900860652811237
0,0666952205082682
0,105233184836549
0,00351853544994053
-0,0103854836296831
0,00190541959864232
0,00573825150349883
2,02669463848782E-07
7,30699618823241E-06
-2,71143258660611E-06
7,05626182781108E-05
9,77809359727126E-06
-0,000424318334366546
0,034702608094466
-0,108748405504669
-0,00167209271182905
0,00440737648910716
0,00875675565003239
-0,00883419955600975
-0,0093740725622754
-0,00623186062721082
0,0471963958452139
0,0961040040498839
0,041195952211444
-0,0463182266218706
-0,0290817590463598
0,0238758671113245
0,0496085767123302
0,0295464664866017
-0,0437099629854623
-0,0507869900976791
0,0481188048723375
0,00355257633985454
0,0169882130852038
0,0419892328723207
-0,16409724087835
0,289481980293684
0,164386110199014
-0,421763414390448
-0,0221961200754943
0,194027161421466
0,259541077593569
0,0789433102881111
0,0202385945269304
0,028490155291503
-0,0489082325193476
0,150989222964226
0,0121437181070396
-0,0700555011961097
-0,0162615385508957
0,0514740621986629
0,0319430470300813
0,0113188096326701
-0,00294165558334945
-0,110141351381066
-0,107021877966861
-0,000559795691097786
0,104634158022589
0,0898751028520187
-0,0335088882425294
-0,0664383624748372
-0,145947866168394
0,214817532303712
0,610211670621786
0,0167641779523023
0,0616299358753772
0,0241082547409783
-0,031946532734529
0,0271329367727605
-0,000579828826890951
-0,0215414233199735
1,35705895940029E-09
6,66039607881949E-06
-4,88126733542447E-05
0,000617048491521687
0,000136545213713253
-0,00140074042252216
0,00742551125112559
-0,0230471959490066
-0,000445479097353327
0,00107219017874328
0,00959901289855355
0,00147228299094233
0,00355021536685627
-0,00627706617299998
-0,00487308806740286
-0,0238915120491179
0,0480645043091199
-0,0487607687535082
0,0113732956522871
0,0171393449362848
-0,0368702601322774
-0,0964090006953955
0,0459294243156953
0,0435501838078096
-0,104892998945411
-0,0299942083477318
0,302752795574694
0,0154843984867263
-0,0406551181078329
-0,289024057849206
0,0222553089491957
-0,0755764872095385
-0,0116241048208713
-0,0912365212872167
0,221893098499482
-0,443017490427839
-0,0901795079898284
-0,0768916808447724
-0,190946692459441
0,212626899965037
-0,230299814738563
0,117456917052676
-0,0935365864549543
0,339702277220767
-0,410797596905471
0,0901135086828206
-0,0642726162391469
0,138205246227986
-0,0739556055275632
-0,0930805063917765
-0,038481134893518
-0,0151505445268715
0,0390425094974649
-0,0449989517994586
-0,053563313206472
0,0412123411155381
-0,00619193552192286
0,0209161464191648
0,0124274549201216
0,134209766874303
-0,0151141341871051
-0,00843902405572419
0,00185027319218729
0,00569316942079727
1,51758101411142E-11
8,99138763466355E-06
-2,33510858642842E-08
7,75372290449361E-05
-1,79826190268995E-06
-5,87518495492184E-06
0,000604142488453023
-0,00248786689951811
-0,000130133870931365
0,000157871824161
0,000704379214931284
-0,00117875435410254
-0,000589771834297148
-0,0029325893487202
0,0144539964412749
0,0641059697476094
0,0432468167561312
-0,0269949924054514
0,0394962401161097
-0,0885017220305488
-0,0215380975414897
0,00700370147391339
-0,0159126913557953
0,0377567992874995
0,00806650187277669
0,0199841537064206
-0,0207899567020779
-0,00719633477060642
0,0419320480132803
0,0251126521737192
-0,109559043562431
0,0429576046587648
0,0208419395166019
-0,0470120144828317
0,00219424138183113
0,0705224333531676
-0,273391592733221
0,150983373477548
-0,0838303832303633
0,00973156727397945
-0,270617865582653
-0,368741333519796
0,160860541259796
0,194072384403241
0,0352622118362119
-0,0933329424287576
0,000396970168304096
0,036205450437169
0,089106843900095
-0,0327637328645854
-0,034125446917348
-0,0797784823291495
-0,0176924139030412
0,0520784271872478
-0,0450077795956978
-0,104196827566322
0,145785906794804
-0,435958387598598
-0,559315760850025
-0,0914318136858584
0,0434015704509264
0,00861542265450639
-0,00399288002268734
0,0327046196582466
3,9880936850487E-05
0,000156785171620833
-7,20519757466049E-05
0,0874326873258632
-0,00203411909827204
0,000331881728596786
0,000234176725598944
0,000223623579039298
0,000174349720084055
-0,00273570488484987
-0,0014086861564941
0,00161975323804792
-0,0162607926923859
0,0198217118106704
-0,00103713310027886
-0,00156761813901851
-0,00372606892829505
0,00298271611099607
0,00459447263741213
0,0105283292967267
-0,0038824348984307
0,0372440096780822
-0,0142026255965464
-0,0146142038180687
-0,0419024943923006
0,0292290715237666
-0,0017201794497705
-0,00125489309111888
0,0513014181949996
0,0154600116054932
0,0292256146413444
-0,0296096380821336
-0,120734859277612
-0,00531143648498469
0,0248727438354181
0,0209783757206303
-0,00572167485506957
0,0562094262429625
-0,0759533712913744
-0,216348949642205
-0,286935249017788
0,185771513042056
-0,343241510104282
-0,00549642876994656
0,0882441216076716
-0,547173977585315
0,485285730169412
0,178187729195226
-0,259629125473567
0,0675127599710231
0,0690026390161939
-0,0126955083629948
0,0272417822886271
0,0283968248121796
-0,133429077028973
0,0543438199282025
-0,0357953596991206
-0,0287946406461987
0,015005470957863
-0,0194385560079139
0,00374218086032891
-0,00316444891170529
1,2920979812536E-05
-9,67721809542858E-06
2,86514084638206E-08
0,00141859753491356
-1,73059547684274E-05
0,0110444120070925
-0,000260511584994129
-0,0019752894085404
0,00565994247622255
-0,0179055795636746
-0,019601617535337
0,0017627271042237
-0,00266524129029298
-0,014094996849418
0,109036358992751
-0,140062957468472
-0,00940570404827393
0,0509910770660617
0,0645463020279974
-0,010158127291569
0,0495719679838945
-0,0646088814602332
-0,184543472389246
-0,0488062686441585
0,00924002914285199
-0,0443158302615642
-0,168533707872901
-0,222880844134917
0,164057791263126
-0,00929379643151265
0,0168257328505046
-0,257917604090227
0,308521286881714
0,036102067473755
0,0702418301725376
0,0159208197858552
0,167687401503543
-0,252466420446064
0,134682444399535
0,11883184063935
-0,0475195679225508
-0,143605904992713
0,346559126399868
-0,390048588397313
-0,126395847903352
0,0385350536010953
0,247197809953044
-0,169734460025955
0,0921238648167631
-0,0521704830086729
0,146874203667567
0,0205476579960917
-0,0621903622852358
0,0125515680339306
-0,06740199809241
-0,0145098992261709
0,109254530789613
-0,0266884970200031
0,0458690401313879
-0,131331809764445
0,151232887659248
-0,134200480807328
0,0153833392665363
-0,00679099810431765
-0,00159637865585062
0,00374539411643436
8,8702095246363E-10
1,46971326343335E-05
-2,44497415581974E-05
0,000315700511691765
0,000250535833638105
-5,88979976846452E-05
0,000417158757228041
7,4963956600669E-05
-0,00162724349596474
-0,00445809204484727
0,0205456240543119
0,00511858101762278
0,000996411753975297
1,8905177988031E-05
0,00236530965854925
0,0144214433285747
-0,00334186201662978
0,00536747369369301
0,0136205016443713
0,0305485992263968
-0,0133948705106708
0,0499588111043914
-0,0104639141832225
-0,0260427605180046
-0,0762255111273389
0,0475277944699889
0,00970692550357391
-0,015964036240245
0,336851004041995
-0,0345123396117818
0,0835980715732089
-0,168135030581771
-0,14194207377915
0,135617835927292
-0,0223434248578976
0,0213369908834829
-0,000297760927735659
0,145111269136823
-0,0774285498417594
-0,360122862499585
-0,347590520351366
0,131033866863842
-0,28593475615429
-0,09254971966052
-0,0195030175916038
0,176378310365462
-0,226381538304382
-0,2160856564863
0,32401195163212
-0,16130741261117
-0,0490024085296205
0,145086406899745
0,0653678946163279
0,0124855190683717
0,106161797928329
-0,0943041531788337
0,0882083570686612
-0,0987309679020729
0,0837067277270123
-0,00816908223519565
-0,128393009730293
-0,248348950082475
-0,0221131982476866
-0,00872581682965904
1,60382782947935E-08
1,29242353443215E-05
-3,42891211023357E-05
0,00668325511400071
0,000219218254398782
-0,116779421930564
-0,00166684618237711
0,00037098437963934
-0,00049682725400241
0,0117109776855998
-0,00202989257730454
-0,0111227068270512
0,0950143845138288
-0,116418726191959
-0,0056027783081296
-0,00642933505131179
0,0219204050159392
0,0181617167566215
0,00216089549420404
0,0151081080858323
0,022797739218578
0,00159112681635568
-0,00652892729182057
0,00425932808007229
0,00589681063310045
0,0195205510679076
-0,0325819045210893
-0,157422841075855
-0,020297860007511
-0,0321229877606956
-0,0181371984692329
-0,0248376912446457
-0,000722778966770346
0,00309916839979949
0,0753302760695235
0,0132100893472538
-0,0138835563879419
-0,0619831349960091
0,0976521589625025
0,00690592635057571
-0,0747256819465009
-0,0371535607712001
-0,069949741509748
-0,0264665384852141
0,254902868701978
0,264595430589255
0,0576350496558052
0,452089807030208
-0,0714349419978163
-0,288451641503841
-0,0509649532546804
0,111199928202817
0,127115871427934
0,436810976688287
0,305725651929632
0,384041437310487
0,0224533201419794
-0,000799634810296598
-0,0426310256666363
-0,0237875771362662
0,00526019835567932
0,012262545583473
0,0371071458916409
0,0525404705661593
2,42085181327894E-11
9,23606712813489E-08
-2,91072607817449E-07
4,83501274199284E-06
7,3489793836368E-06
-1,70261905528633E-05
4,96110355003357E-05
-0,000126246757118027
-0,000247519919584789
-3,28704578317756E-05
0,00504800178103241
-0,0132613334363604
-0,0108568092359556
-0,00868409479355655
0,0155947519088177
0,000293353157652087
0,0328038467322241
-0,0277360881370084
-0,0335643140195259
0,0139665603498059
0,0226072810671443
-0,0460245786876936
-0,159131898291933
-0,153716153276476
0,0408591008002108
0,0111258621981849
-0,0121763252865324
-0,237135802926491
-0,0367530525319718
-0,140238849314489
-0,0240896655595513
0,0097931150120649
-0,116192532371747
0,0619745174852752
-0,0981380704779737
-0,00559052165710075
-0,0273450081678097
0,0221559179568607
-0,0519383573065068
0,230782666657971
-0,0285260104970957
-0,215672191430355
-0,10380518213282
-0,442011286346395
-0,416654138462721
-0,264229635046453
-0,03834327652348
-0,209047001330841
0,123589599156163
0,0576947689204115
0,141153753672583
-0,181060818575592
0,0401686341302826
0,192953599971547
0,199241382066466
0,289877779634795
0,00370225980883106
-0,0145422589110423
-0,0177167082429338
0,037845821724113
0,0366076132014871
0,0121034388675464
-0,00778301378115034
0,0328327785562055
4,54830722901587E-11
1,37332438612514E-06
-8,03052275605905E-05
6,09220998440223E-05
0,000250833739370039
-0,00120861991057224
0,00646050298592713
-0,0211899049706347
-0,000917096174791696
0,000313237747880156
0,0376276516291365
-0,0178464894912833
-0,0227804118626584
-0,0183722778321864
-0,0152295377711025
-0,0971467078167538
0,166495419428106
-0,171925267183744
-0,227535273541294
-0,0212951927830499
-0,0408430361716172
0,14841623908881
0,0952476912108245
0,00361164265052717
-0,0244374704512565
-0,0392930373935552
0,0975921627335149
-0,0325197228449844
0,0243297366881567
0,383416729127443
0,09417745721737
-0,191515597463407
0,139171467087163
-0,0452108749113323
-0,00757529109607273
-0,0371483024614816
0,0412010386131378
0,114325406720119
0,0423177465540254
0,0854463269490554
-0,0179029023549292
-0,133636762042749
0,00248986335498996
-0,20434953738689
-0,138284411496502
-0,0578541109783292
0,0638484910182971
0,185238934771459
0,0343236187430089
-0,211780639262186
-0,266684439860781
0,06672781728464
0,180177666809368
-0,45292898035005
0,109352997331753
0,0779884583715422
-0,292874889205362
-0,0617846928568615
-0,0383310510676958
-0,0312936133969374
0,0161436516405099
-0,0335039061511336
0,000763010696280423
0,029996649411511
2,31560405339311E-11
4,60018368348999E-06
-2,59227867893937E-07
6,80168546135777E-05
1,78791095255996E-06
-1,82992497187836E-05
9,04402735955839E-05
-0,000399216767115162
-0,00156969367428535
-2,15070296424777E-05
0,00146828112334289
-0,000645829003977638
0,00437403498856936
-0,00756414382024116
-0,002281969043054
0,0223845268818573
0,0282020180194287
-0,00753591332387464
0,0157899682136875
-0,00198650344142897
-0,128771502488196
-0,0855312138012728
-0,00519231808945237
-0,0306205269115806
-0,151890671652578
-0,13221900076869
-0,098744748380423
-0,0262867636322573
0,0115554767514516
0,164589142738251
0,0698212826557963
0,274926623787173
0,0186280007342816
0,265928385205424
0,184283757722851
-0,132879783697363
-0,0443407920215796
-0,196159319144812
-0,176848926508653
0,0137652863354268
-0,0200865032357437
0,0340303679865443
0,033356914805037
-0,13444289336932
0,161757636110972
-0,146601654880063
-0,102475800563225
-0,0552956126529492
0,232307939020288
-0,0990628662280641
-0,0939005210825673
0,172486209355617
0,104131148821609
0,0798146879315157
-0,355105498990062
0,128228609771821
-0,104019392230462
0,314532312735203
-0,322378075287749
0,247616344005382
-0,0314953455661187
0,00876779901149831
0,00259955875586412
-0,00606923514821608
2,41697067154401E-07
1,01447802759241E-06
-7,03528240215705E-05
6,46403535677059E-05
0,000269749270278143
-5,03084318061473E-05
0,000450863780337783
-0,00198462542194857
-0,00387919498007037
-0,000575156064669755
0,0474493724474986
-0,0576812312921325
-0,0528926107538754
-0,0398302948841306
0,0208953542159867
-0,0981636279792263
0,192853176772259
-0,184667713474287
-0,239133938959613
0,00297540540349302
0,0338779469562643
0,00909933171320246
-0,336414083185063
-0,239713889139629
0,06591296325409
-0,0532830308224853
0,00150511096885445
0,086638491253203
0,118013395332015
-0,0992385766603477
-0,104188098829989
0,172907524019269
0,0584941341985089
-0,0639648407378817
-5,57170248106867E-05
0,023178335234295
0,170162176507492
0,110715633146634
-0,0428745776190024
0,109923318608276
-0,0841938669514001
0,0353234310028619
-0,0151554808380131
-0,020147327554562
0,195401761164651
0,0569628061283503
-0,0027791075670253
-0,0634814250783946
-0,140935455133223
-0,132798904588299
-0,0795195010454835
0,0203066569097558
-0,217779285100331
-0,018190879645348
-0,0307714564598656
-0,0366363376174371
0,0790517394170944
-0,155765282380825
0,0878486801777335
0,426641192765546
0,359815288804572
-0,11563614559284
0,119048439902736
-0,105844037164462
5,89484303720635E-11
0,0443769435251452
4,53868270868847E-06
-0,000487870633609481
-5,62658318135449E-06
1,14652480792537E-05
-1,93610255321964E-06
-4,67865033876649E-07
-0,00134689756811244
0,000808496305184352
0,00256734229559938
0,00070040945910372
0,00075364969966006
-0,00106793245074465
0,0008136924833469
0,0153427827331107
0,00311631743976686
0,00606501419454329
-0,0136260787088048
0,0279983052866113
-0,0574118273222375
-0,0513222162721977
0,0405803996129309
-0,0754415472418938
-0,156099299320366
-0,27593691185124
-0,184565495780539
0,019307083592958
-0,0418330905547974
0,0218486796131289
-0,44356188946309
-0,327240492054221
-0,157096121209092
-0,178128750576361
-0,113800186610027
-0,0914050101674382
0,0685189545997705
-0,0368593056570044
-0,00824559954404147
0,00192886554871514
0,0554414735376794
-0,0080476541195152
-0,0638733665729339
0,0800497190642424
0,00145707072128206
0,172015219082402
0,344173148315586
-0,188237090316297
0,303341349966727
-0,0527737881635261
-0,104590208050006
0,0329232780396575
0,00979678742857996
0,0699144509197295
-0,20344414777054
0,112220851716525
-0,0676103526143681
-0,0864197863361308
0,0686057251913338
0,0125077602777349
0,0986555054960837
0,235955909983734
-0,0272413301508889
0,112707212786974
2,07498527173015E-11
3,80087806729883E-08
-4,56630256021975E-07
1,48270572192299E-06
3,91247307421104E-06
-1,82761348032102E-05
0,000711778632820359
-0,00297892697184348
-0,000184754444726156
0,000144041734665744
0,00507015790895754
-0,00947841101710491
-0,00892610648962533
-0,00681208829235372
0,011801385525066
-0,00748221777333576
0,0383945783343482
-0,0414937330926849
-0,0582955946294256
0,00431219100449673
0,0153297941258826
0,0090063214096744
-0,146449783696704
-0,15295776757987
0,0538999909180296
-0,0380434042524848
0,0487277909555473
0,0525245049267608
0,0330968734983537
0,240661395642411
0,033981095512412
-0,282143933925046
0,278169853768285
-0,0829689749009087
0,436334450763962
0,124205098495812
-0,0708304577202749
-0,0636196586554541
0,0199055395940222
-0,0255511562705056
0,0485268748343986
-0,00898287334932903
-0,0991794337207111
0,0760560171435618
-0,105120190754217
-0,0335942900370487
-0,0237287088211963
-0,0765647200483511
0,0415779929989139
0,0809722574572577
0,145576044486128
-0,0129036460783765
-0,09582688234958
0,433824593106684
0,0679029847482027
-0,299311759883701
-0,372365045997884
0,0250266030469051
-0,0285455812386782
-0,000375385237823671
0,0184181785466564
-0,00238251201189254
2,58406709109042E-05
-3,51161040329909E-05
0,00747912298043839
0,000189709981130426
-0,00182769604148248
0,000174818849996795
0,0030566290273256
-2,48274506829841E-05
8,66358196268042E-05
-0,00100067501852333
-0,157477598450939
-5,33873378533788E-05
-0,00794994418357859
-0,0427479809090581
-0,0346368999349063
-0,02266931185394
-0,0880120113226375
-0,0571685705722381
0,213710628928167
0,151578932779438
0,0319658525535823
0,0257960966113461
0,123224169296676
-0,0202876643502341
-0,0592361630829895
0,102381842547146
-0,00501279155228847
0,00192068731351278
-0,00461832887482509
0,0772191046473397
0,025245800429853
-0,0166078461138064
-0,138421318286238
0,0521722613564036
0,0149500395030832
0,0827438713966893
0,0995560075779744
0,143716992270524
0,380182371685128
0,129058401665838
-0,362054372955626
0,0414603926739078
-0,0131758467658025
-0,0350701955133821
0,0456593501668066
0,0123002579938801
-0,0396901064841165
-0,0025481537320501
-0,00988805466584103
-0,135210826999682
-0,19398195180087
-0,216443368850141
-0,300022547629463
-0,26816192635061
0,0177973623180578
0,129112792781336
-0,051145394062481
-0,0358201674963621
-0,00964381294184473
0,11208044748241
-0,0128442257290427
-0,268870046225019
-0,254373638297259
0,0295720498870757
0,208036869488618
0,123651326452148
1,40069235698507E-07
3,84042707744886E-06
-0,0031606091242822
0,00159234903907696
0,000174995138325115
6,05964684778255E-06
3,03088862531011E-05
-0,000383610270885084
-0,00174447722064532
-0,000860023591623851
0,0154827188335557
0,000782194350686383
-0,00610583580554752
0,00105135960194592
-0,00934152344972646
-0,0474429086300825
0,0901299921728093
-0,0871406849400448
0,041747574278347
0,0705327216654289
-0,0167018662024869
-0,181486424968422
0,0453783542983668
0,0399819671484185
-0,0166591687815909
0,113058645857692
-0,0371528134280457
-0,0890866224576589
-0,0131012314354611
-0,00689166037201781
-0,0279016008282916
-0,0146170885436037
-0,0284333927777314
0,0519651875843228
-0,00203398420379314
0,221749484506654
0,0663095732577931
-0,0297190549973478
-0,0546761471169425
-0,214399030222177
0,225634821325015
-0,0671735724453928
-0,0584632372872299
0,303527224559273
-0,116287679752729
-0,0530949039833731
-0,0154035305425384
-0,111871168927224
-0,0748679081827033
0,0416364705769778
-0,0640110291713462
-0,0571400141758499
0,65859597550655
0,0214848559811463
0,105670635079988
-0,0318630210727125
0,0596708239745227
0,0353683474318241
-0,0342748540076267
0,185846235848915
0,339195255469892
-0,054358162479749
-0,0333908846328511
-0,08211024420006
2,33051796118806E-11
9,92292078267121E-06
-1,89894581933784E-06
0,000117329094251511
-2,70361395102807E-06
-0,000448013234134314
0,033263281649177
-0,107487936487687
0,000708912466883536
0,0044209179938011
-0,000880363094373213
0,00144708795740269
0,00320360561122278
-0,00362728903038328
0,017734642988441
0,0703696456029355
0,0401864810777347
-0,0230612714877165
0,0509263001332236
-0,0945757859766359
-0,0160129513153466
0,00383672588780618
-0,0305697286921349
0,0474245995439083
0,0154290856521149
0,030020285465493
-0,0501765772579873
0,00772011146641025
0,0468730885436589
0,0222180591660614
-0,141002441926785
0,054256406103821
0,00967579280851888
-0,0427070565032128
0,00541560988244195
0,129564735035704
-0,407924719545036
0,248030272752735
-0,137440992978225
0,0608495644273361
-0,236181027072666
-0,343624660504762
0,139267397364113
0,179710462136344
0,125351506398756
-0,0816846479249281
-0,00837664139267943
-0,023289607033252
0,0531706253086492
0,00764198380402436
-0,0228474111132476
0,029820935117898
0,0209473388367328
-0,0203125309957158
0,0229613196523212
0,0873402229402774
-0,119530915384701
0,375733291347718
0,491822221495035
0,0683365188065984
-0,0390858921940241
-0,00900191756565392
0,00368821648458599
-0,0301607693737788
1,86880660622415E-08
0,00101667476919135
-0,00011663003024425
0,00694428022606844
0,00624655126369934
-4,44747986988195E-05
0,000149339940855367
-0,000642570013075206
-0,000555211165244574
-0,00618391181898346
0,0229678030644073
0,00420806919467729
-0,0076766178125574
0,00676032761315631
-0,00155812707945386
-0,0467272469189259
0,129032153793184
-0,178870983644484
0,280681438419095
0,181682597905135
-0,0210809977501033
-0,345812655586933
0,0659202334891516
0,00309456515605678
0,0098514554823555
0,13282322150564
0,0863681002168291
-0,00802521669936478
0,0523283284899241
0,0455675804768076
0,0597025305398357
-0,128062528864072
0,141626662420433
-0,265210172327963
-0,0324859409631346
-0,282664049668072
0,050718217725096
0,193244951255093
0,144350258999534
0,188071655751451
-0,207640686628239
0,139483088329539
0,160925107962883
-0,213403422917697
0,343412698781961
-0,021290169070728
0,00408197877302952
-0,243433672507794
-0,0613222474744321
0,0482063953587612
0,0710005358600914
-0,0607970806764021
0,221536894015444
0,0624609794442697
0,00296367730277076
-0,0357887559974051
-0,000789879501469977
0,0498095758818852
-0,0505152013355039
-0,0934519046202425
0,00161969516649119
0,0111601947573988
-0,00215718321846375
-0,00645672850718747
4,38191945889381E-12
3,58023050704813E-09
-5,97213026478048E-09
2,73693776170606E-09
6,30718520561203E-08
-7,63548344115747E-09
1,59700406356628E-07
-1,35189223403056E-06
-2,64883034848537E-05
1,83117990441173E-07
0,000101473502050001
-0,000463642828355894
-0,000512230866224763
-0,000441959646586155
-0,0043903383077024
0,00132852281711626
-0,00122181946992838
-0,00178478408988005
-0,000446391152335972
0,000531044136491281
0,00261912989838359
-0,00114769769930355
-0,00547476580683435
0,00625190227749234
-0,00318593950724599
-0,00333283448418177
-0,00113973718408452
0,00069653601137518
0,00241262272003194
-0,00148258701992334
-0,00316742265824786
0,00419415538899128
0,00448084176092924
0,00116499467096276
0,00841007887034862
0,0129595714094133
0,0574411886891259
0,0435746205129419
-0,0368526762445269
0,0240703943907309
-0,0170616237652895
0,00865914649181634
0,0260247614419829
-0,00109460601058351
-0,0106624445396299
0,0197082901312462
0,0154844759282009
0,151293033634878
0,19839353891813
0,247648741522175
0,233501668110127
0,142469892620834
0,170236780102884
-0,0704773735765267
0,0139861559961543
-0,0238381566729862
-0,00690256141946854
-0,0979658314549895
0,031860427072504
0,0867948683356187
-0,112632470315034
0,0843594620626984
0,846801655234771
0,0497414340796276
1,19710496521751E-11
1,50333717415842E-05
-0,0027444323442822
0,000183037121189647
0,0102877276743551
9,96162248074949E-06
-3,39492982830139E-05
-2,70685080500187E-05
-0,000199099307683521
-0,00064587589311613
0,0133564691028517
0,00361771225344151
0,00120223535428274
0,000190799668738411
0,00077902645323341
-0,00383553324323369
-0,0113123040243949
-0,00389200543638024
0,0144184631416057
-0,00779845570703738
0,000436678153860836
0,0441719575988835
-0,0189800699526713
-0,0433936087022597
-0,152814953795673
0,101547877512653
-0,00536484309487607
0,0255425594194022
-0,160598706769988
-0,0869435963568038
-0,14135604508162
-0,0928231749155667
0,357110822209265
0,234338654018454
-0,161552055377102
-0,0472061228129301
0,0112085707886294
0,0552396464670867
0,0153262494469341
-0,0590046380720853
-0,0638297074734882
0,0201925146744183
-0,121006658236879
-0,0130187057485555
0,0908747259616672
-0,129453816646544
-0,182448063048422
0,0596820752295606
-0,0333672217774467
0,00752993013685277
-0,00259061114850758
-0,00383461065484779
0,0170548935545766
-0,0441486537237581
0,152089788882625
-0,170902627289256
0,0896920900980004
0,00995282868683848
0,0258757057818768
0,264498981887632
-0,0544069453594101
0,32310926505703
-0,109449193481973
0,588278160446126
2,02998186745258E-07
1,30064983466222E-05
-6,98893216711278E-05
0,000185315595450254
1,2833796507392E-05
-0,000756590777813975
0,0950100004330377
0,0369482965952231
-0,0025822589460578
-0,00223889484625544
0,00888689037382346
-0,0102532499730415
-0,00868589602922428
-0,00736770431927877
0,0411962665292119
0,0931535179305202
0,0297283229551241
-0,0340873351932976
0,000192907519595956
0,0252620647352479
0,0384530360121202
0,0282953926487163
-0,0191624054630367
-0,0282083932849206
0,0097172866337194
0,0302905757097326
-0,0130477517598934
0,0160838629397284
-0,0997148701100884
0,0387796144546322
0,110405660857037
-0,133138511939157
-0,179847948565068
0,132364479854748
-0,0111846981278254
-0,0515415989172176
0,0420252991421455
0,0183895757658069
-0,111994572573872
-0,0692324949484991
-0,0954448060010292
0,0987664165542223
0,00233069082906463
0,10368082790482
0,173499837605631
0,026099591333446
-0,0100956343483535
0,000960097416266545
0,13080107740505
0,1313031551404
-0,119163420514207
-0,352390506674061
-0,12364980712237
-0,0990185713677822
0,367164027679403
0,0204368638164845
-0,112544540831951
0,0791021027196652
-0,146330559861737
0,212092207388569
-0,0976182172140544
0,432403437932896
-0,00949549881667796
-0,427110862798018
2,16122169559885E-09
1,60312691015637E-05
-0,0062055475501865
0,00125031778862259
0,0227712782984639
2,75973638734672E-05
-3,67064875949662E-05
-0,000371695218376483
-0,006165687494249
-0,00201288893875724
0,196077190066822
0,0491914254463559
0,0107993459698728
-0,000139258061353712
-0,0169054223638922
-0,0337292784367828
-0,0232786141160184
0,0240593118182461
0,0272614452393131
-0,0715305557275381
0,0234538231040766
0,0118988113305461
-0,0208731318835547
-0,0477401475229357
-0,155476379576382
0,115115921400998
0,0142246024212209
0,0362380484092861
-0,228732739059473
-0,105016886029648
-0,0772745168979237
-0,0553052717291723
0,312501389455289
0,210608738306644
-0,0899994242603072
-0,0404928066172792
-0,0375148488724591
0,0239103180378984
-0,0189622337652937
-0,0666680540508715
-0,11490494750875
0,0509371850553438
-0,0577258211791148
-0,0133115343460318
-0,0562573462154868
0,0776713573557209
0,171237283963641
-0,0393965387599575
0,127820044167463
-0,03002423591769
-0,000478237619146906
0,0256158640359644
-0,164810878053321
-0,0731648107442762
0,111166486337819
-0,0111432400971092
0,0680717001066106
0,337205579835096
-0,162672877266166
-0,367681068162519
0,452003252572407
-0,135823114947771
0,168347317246396
-0,152940722228392
2,48987433248104E-08
1,90297759453429E-05
-4,56932607427247E-06
0,0102122689320771
-0,000276839991838758
-0,0115734869077591
6,23839976114627E-05
-0,00119337118833299
-0,000560939435909584
0,0035521332639923
-0,00175321415911429
-0,0195081719362989
0,160392433840128
-0,197600443799733
0,00579415936306795
-0,0124173198801567
-0,00370438543130097
-0,0104488915598424
0,00620473547547463
0,00733197375226524
0,0127771725218012
0,00633667224567288
0,00184131959965737
0,010416987298839
0,0168857126055119
0,0211780641316871
-0,036553127701374
0,0197074468836238
0,0121806853315671
0,0302397698674475
-0,0247572943464881
0,00452727720896676
0,00999548882431471
-0,038749031026535
-0,0476337453217858
0,00619237279479676
-0,436889174012864
0,394751531729037
-0,415143499833555
0,119414839877749
0,420736155251037
0,376744972385539
-0,160350164454348
-0,0941560474816763
0,0289615624851461
0,0702447585143817
-0,00293426085312878
-0,0207477499936329
-0,0600480253155119
0,0213349582402359
-0,0189677388908736
0,0757436020321035
-0,0072623211179255
0,00109734821901428
0,0385104233641289
0,0380555915287898
-0,0133879906694861
-0,0842484422209055
-0,107556735850636
-0,0212020955343729
0,00636903556774481
0,00576172991689279
-0,00192531948210621
0,0156461024592767
1,60460706597846E-10
9,9248775040541E-05
-7,12368653716868E-07
7,80070282911865E-05
3,01179424213971E-05
-4,87543339589202E-05
0,00155806109888712
-0,00525137847501109
-0,020960686670163
0,000121825867403694
0,000244579132185412
-0,00436768120257492
0,00186074309358873
-0,0114516046528485
-0,0209320769957969
0,0133529893089401
0,0309116338448472
0,00860580986416217
-0,00274428533884892
0,00125402644054224
-0,0922736504496808
-0,00274597763254233
0,0621362710511884
-0,106746519762701
-0,103992819583108
-0,150268676337731
-0,0299287390931492
0,00918026922000529
0,0714736830449696
-0,147416199554017
0,285471230977671
-0,100355445051833
0,0447788232422787
-0,0144080315400816
-0,0659809801927764
0,124837214579677
-0,00834434303980549
0,273716199306957
0,0361158140702639
-0,302534192787019
-0,111562399435267
-0,109951190118294
0,0554591964287863
-0,132893039180947
-0,152816072044485
0,285928152252155
-0,15899723060327
0,0389606981664249
-0,320998008489771
0,118839955035202
0,0816570309995955
-0,0565302348814099
-0,0222807609935088
0,0364380439605493
-0,357552361301901
0,202597266094676
-0,167377294995074
0,0582227375195765
-0,0766959624416891
-0,00564846097924795
0,16395033358728
0,301996738335714
0,0275021141947685
0,0108296192827421
1,42704115054407E-10
5,15098760074851E-06
-5,06022052613832E-05
6,55623881367754E-05
0,000194394529124942
-0,00192443273349031
0,00703359890213886
-0,0236427296299813
-0,00257736777732444
0,000662747630589461
0,0683708220414817
-0,179590848587937
-0,107734133135307
-0,0747111680796793
0,0382567590715036
-0,101621957605461
0,0813818292229599
-0,0923305298581933
-0,135880058224048
-0,0205536297060986
-0,0375944482324774
0,103638950747967
0,10787331563788
0,0719149541400946
-0,0366979151828577
-0,00559688110060793
-0,045211379252112
-0,052390157815573
0,0532064552469993
0,156234300755328
0,0923429038076566
0,00704689999589477
0,0821261339140769
-0,118301523499682
-0,203270436500958
-0,197288275543601
-0,0791459967270419
0,0583252997914301
0,0227827556254454
-0,117065694420099
0,0582307859166101
0,0233481714042014
0,0803489879878406
-0,12473351638706
-0,151161379002048
-0,0264668861834922
0,032537815407636
0,286720736349354
0,17562378439154
0,105831518669505
-0,223919643003427
-0,285780202412954
0,0174616954277579
0,354220276591347
-0,169861435308683
-0,255833028258442
0,360786806955295
0,122947147803765
0,13128751228881
0,0713905739231263
0,000808009087216595
-0,0265980365106389
0,0294682255444781
-0,0879067033781668
3,9452246106078E-07
0,000351612773734771
-2,20212647848556E-05
9,19988741392645E-05
0,000239191697091073
-2,59997474812833E-05
0,00021802027591529
-0,000889334708949594
-0,042536125734091
-3,83899592524378E-05
0,0234137977886153
0,00276905269821135
0,00565905004105324
-0,0138425757824947
0,0058548964611698
0,111679145190794
0,036311557443895
0,012652372935632
-0,0379666617234759
0,138958333714143
-0,217544608063583
-0,110638321225267
0,112677078467793
-0,176108220758176
-0,321966893811823
-0,42668498821773
-0,251766488435121
0,0270922296857367
-0,00827289019437426
0,00367971601797225
-0,066975830555037
0,0348925804453838
-0,0142727678501042
0,044073482614984
0,069054515911109
0,059321453838197
-0,0812402119892157
0,0167856266765545
0,0190199567033024
0,00757215119889785
-0,0734553813084853
0,0305823330197822
0,168933332044923
-0,0875313949644445
-0,0998398041298942
0,0978641741530071
0,157864155324265
0,0185031098686158
-0,27179185251639
0,0447379286709459
0,101563014649905
-0,0589210064843027
0,0224799252561845
-0,0875893013503447
0,336202050513623
-0,193317415954331
0,121331719788178
0,0945033230759987
-0,0770831303071621
0,100135600067835
-0,196666930119228
-0,268614124114972
0,000356622451925092
0,00140915008339083
3,34650562431066E-11
1,69280338446041E-06
-5,58246673728657E-05
5,37674635375934E-05
0,000199353275137972
-0,000661856852292003
0,00732962983596386
-0,0244442794925801
-0,000824822163531289
-0,0123280031963523
0,0295241758819144
-0,015362957356867
-0,0186703320065825
-0,0157993729915995
-0,0196037881423068
-0,0846691211917216
0,139943682931173
-0,134424253217059
-0,185122467230817
-0,0113907402448285
-0,0458834357498347
0,0902783846141639
0,116458770978778
0,00893625052195261
-0,0263995713584496
0,0134055924107279
-0,100160979676079
-0,322703946369129
0,0335515285966633
0,125572878210545
0,0742699193152429
0,0499700323385416
0,114693048376547
-0,0804759868649997
-0,152460174438482
-0,132290429897234
0,132195616080145
0,062730731317828
-0,0975502657337703
-0,230000931672609
0,0298518856505633
0,189205517185582
0,343329258772655
0,353052754391429
-0,0837055144443994
-0,195168222798506
-0,028066140908761
-0,217102376249567
-7,48164658213811E-05
-0,118968322077248
0,240603065306386
0,156946970707792
-0,201109954496582
0,104236941010775
0,140382812820042
0,242588203012833
-0,0130936257493396
-0,0116385026907362
-0,00606202853042
-0,043688235624674
-0,0714596752198866
0,0244131151010614
0,0092852124714658
0,0549023062380199
2,918091167382E-11
0,000170581209221623
-3,29844429804011E-05
1,26968013614143E-05
0,000294565869640068
5,31832156949992E-07
2,16706008223814E-06
-2,86865386310797E-05
-0,00152855130394319
-8,10421297640318E-05
0,0205922790988078
0,00518668838590058
0,00170383321552638
-0,000831136864811252
-0,00112043804877164
0,00987966357804665
-0,00341672131593257
0,0120205712326098
-0,00377520127541607
0,00695788254234918
-0,0290080629025017
-0,0316076933327095
0,0180722188385108
-0,0587171816567268
-0,114415527726507
-0,15826391329623
-0,114944433182184
0,00615722403481886
-0,0437902871450318
0,0169511974997212
-0,323647161157504
-0,251982258920222
-0,0877887488767992
-0,13581997659878
-0,112001088498826
-0,0900636882820774
0,0882772521837398
-0,00824263321106454
-0,0148870545757495
-0,00361347904247589
0,0698615718656819
-0,0373405997054228
-0,150723401483778
0,0385341182650139
0,127023987859299
-0,322794391492463
-0,625854946118573
0,228743584225985
-0,127215520559791
0,0284670822647842
0,0432486563654557
0,0195247416960575
-0,0422917551843448
-0,0139897152108322
-0,0480543205750889
0,0343855942096651
-0,0248813358223979
0,0453375544549901
-0,0340121753668472
-0,15253927752662
0,054156652558326
-0,124205367529484
0,0526783699582145
-0,221554370151617
2,70764249164094E-12
3,89570548649516E-07
-7,68480414982216E-08
0,000172093945800879
-4,80934007536117E-07
-3,85767488654177E-05
1,2221372191568E-05
-6,71681434375177E-05
-6,06007992797628E-05
5,84996691897771E-05
0,00304544772597794
-0,017351875969632
0,0368792216596508
0,000786881424624598
-0,00240569476966128
-0,00095612588828139
0,0019706486111365
-0,00400654271917248
0,00233864214316085
0,00374903644401401
0,00201986965317328
-0,00467019681448336
0,00148466841911792
-0,000312537240920581
0,00303035754453183
0,00516432510693452
0,00348201343110912
0,00396844631475538
2,09419100943096E-05
0,00319962976106845
-0,00688539031429674
-0,00488166568471982
0,000741523360687238
-0,00663113383792603
-1,95719894473602E-05
-0,0128269998338817
0,0304431569325848
-0,0366959782476658
0,0303019212472207
0,0164567015675292
-0,104042378630744
0,010066407373441
0,0508612726498942
0,0131177978546514
-0,0773662959314875
-0,0403685444172188
-0,0299568464045418
-0,122582015772977
-0,140529625968664
0,562538767746948
-0,600104444816065
0,436784686059873
-0,0824063593719838
0,146169930304778
0,153744435488387
0,118040065890503
0,0129814182421163
-0,0420525190893562
-0,0310344455091053
-0,0246998766048447
-0,00622569912723084
-0,016389728159212
0,0079188505985228
0,0223986464328584
2,23201293568793E-11
1,25412571439967E-06
-2,16514074939822E-07
1,76429139001106E-05
2,87486778951364E-06
-3,81398464912034E-06
2,15881409067091E-05
-0,000102623138252574
-0,00120770884819435
-5,87440460917439E-05
0,00166153085345353
-0,00104690703472167
0,00254639639712785
-0,00136845453575086
-8,46473491401793E-05
0,0103635747655933
0,0131200721190594
-0,00711263670826984
0,00131932900567763
0,0256365459742193
-0,0559547690246626
-0,0810467428211709
0,0271154581852767
-0,051116826690813
-0,134260980729515
-0,112332326805706
-0,110257640290149
-0,016572198600229
0,0131527870180005
0,172708436873985
0,0249127485308662
0,238297013254756
0,0104706584726866
0,222097161286713
0,118245500290506
-0,0230958590043993
-0,100169298714366
-0,184577340425493
-0,123290305552502
0,0902007062240283
-0,171321607247297
0,168851911225622
0,101070877079638
-0,0784648038588822
-0,0295339416615998
-0,035717514061828
-0,129911685207042
0,0208265467172056
-0,0267731792279228
-0,0564715982122731
-0,00365405399246101
0,0156893880031807
0,116610399657625
0,0314535308884534
0,0352657655110303
-0,101186447824587
0,0242812993870848
-0,381544543375411
0,384013746350232
-0,333857056579405
0,261758303331924
0,341831986309551
-0,0243140252455511
-0,0953738745638866
1,38680586710605E-09
3,08248888016274E-06
-1,72638646602426E-05
0,000543233082543403
4,17152136295867E-05
-2,27768237902887E-05
0,000146279031536039
-0,000438838979921632
-0,000416701691211824
-0,000808473886153752
0,00873587098539741
-0,017171133242972
-0,0161583484874241
-0,00950660124668894
0,0204309239036694
-0,0102827770336244
0,0655801367896214
-0,0749531666382094
0,00324010153165696
0,059093046710486
0,00804462880266801
-0,232135455152171
-0,166597513614347
-0,18350947150808
0,00180373088911979
0,109833037004369
0,0152680170335997
-0,020244071615097
0,00841798664477765
0,0412616928316846
0,0211398479135064
0,0753772846710929
-0,105070627730848
0,0192732092319283
-0,253336783576699
-0,0131210888405342
0,0491979492588648
0,0964104799211564
0,050120128763832
0,0615045452734246
0,0721768611402911
-0,186428745720905
-0,137102677697415
0,0497814370625817
-0,177273782732568
0,0134214402796146
0,090096455591324
0,0698370754813979
-0,0924900250719771
-0,234824250816199
0,0549827913026849
0,470298570734106
-0,0102480370235026
0,0564410255345936
-0,00651406083593333
-0,331147305330293
0,0711774810540506
0,149116540226408
-0,0722030158302253
-0,0884284181035288
-0,219530518299359
0,320885511347144
-0,0375463546945133
-0,236486039079859
3,14966607930105E-07
4,18017438807742E-06
-5,84922377519774E-06
1,26749447918154E-06
2,56633792951017E-05
-2,29018609247836E-06
3,65061861545859E-05
-0,00023592997570825
-0,00405991950813831
2,23239199568681E-05
0,00921582632774331
-0,0409785837131231
-0,0370511635891277
-0,0300244699364103
-0,216240612046673
0,06248349153968
-0,0537362972459843
-0,0757791589584947
-0,0169534757062343
0,0193195514446843
0,0836858704917183
-0,030622353128177
-0,142105934602035
0,145490313161315
-0,068120499601926
-0,0659834801929357
-0,0212185979000993
0,0117611778861266
0,0353507143055734
-0,0191742555798102
-0,0390879330343372
0,0467252579177328
0,0487875293451751
0,0114211388130415
0,081098755066967
0,114314897215082
0,401948171205353
0,289522480696015
-0,231425384449928
0,140395530944333
-0,0913547051606326
0,0426891276572119
0,116693489605729
-0,00480295982627037
-0,0352172053901202
0,0597708563116628
0,04188820755075
0,3317033768132
0,278237409860747
0,299953115049977
0,23848028152293
0,129304800804939
0,0743290908357353
-0,0214870632087152
0,0013410939274562
-0,00035382019783027
0,000712125418420294
0,0232806414167873
-0,00963192904838384
-0,0317601771115925
0,0462024959288908
-0,0365451470949895
-0,37148891438867
-0,0218250464671266
