0,999910770222875
-1,46456309180443E-05
3,84269721673118E-05
-0,000688882703846124
-6,20564878190715E-05
-4,16780950815141E-06
-6,92933563183905E-05
0,000205730209975921
0,00367800885865849
8,63200584795208E-06
-0,000853684516076298
0,000127799991666375
0,000337123406306886
0,000618791463887947
0,00172448291210055
0,000444540957492028
-0,000793819740053791
-0,000331742445710385
0,00175944953698743
-0,000794586369980489
0,00474602724045713
0,00149142400014544
0,000621463732297235
-0,00222483972871587
0,00323158181046259
0,00124547340633446
0,000686017320655034
-0,000900352262193548
5,7826040466198E-05
-0,00059660694315816
0,00228449706002973
-0,000390084892587278
0,000589361139855009
0,00276507733552726
0,00125365402182636
0,00241849145874577
0,00346313395911694
-0,00219569910584314
-0,000866541841226901
-0,000100081134468078
0,0021916277904514
-0,0023491830641399
-0,000514772959922474
-0,000436928821705775
-0,000420876823646414
0,000317208327005972
-0,00135373443834073
-0,00316285570072573
-0,000461185709192477
0,00260051818043825
0,00198346854411552
-0,00315248119163416
-0,00181351028593678
-0,00160639969035834
-0,000122855229362591
-0,00224745539908472
0,000772791509847582
-0,000922909999150767
-0,00224299950953537
0,00198267633592704
0,000424911570956759
0,000207037282400519
0,00239998555749921
0,00153836949382037
6,60498496585715E-08
0,992615257988238
0,000385659742316763
-0,00960300676815198
-0,000400263383042774
0,000205762138776695
-0,000467583757463636
0,00185126659853255
0,0177595857887805
0,0031762159934959
-0,0100668245807086
-0,00838967868481559
0,00530129504548965
0,0158659801614812
0,00112863540279373
-0,0262582268107296
-0,029295447560452
-0,0066205317727838
0,00368025083500741
-0,0142448145093847
-0,0105042745937674
0,00251889198711519
0,0110342521159428
0,014402773872183
-0,0484942750767125
0,0122540370418536
0,0114435118137074
-0,00201583714562293
0,0284987153096699
-0,0309566145640705
0,0169516174408021
-0,0306001062831407
-0,00592969506900627
0,00920796981799835
-0,0140522222870663
0,0105656713811576
0,0205942999721583
-0,00918275266770543
0,00864492352164944
-0,001547402550853
-0,0319413941791066
0,0164964284235483
0,0123585115026464
0,0232743568407295
-0,0143766347567439
-0,0121070718183007
-0,00950882631107715
0,00979410609614499
-0,0042572077755642
-0,0186200146854951
-0,00537915360239947
-0,0128823135224769
-0,00637145126361314
-0,0375863350950307
0,00275885889109601
-0,000143712367461404
0,000183080641024741
0,000874665645870974
-0,00395224628323649
-0,0078942578359329
-0,0107398445456187
-0,0128575123057972
0,0051584169130541
-0,0027752485143249
4,39090336632333E-07
0,000287639495089165
-0,998946307384955
-0,0078356066308644
-0,0275677699817981
0,00213421227012759
-0,00614362499019387
-0,00274015574018097
0,00400846568849096
0,00178764532618537
-0,00901783291423656
0,0285141165162477
-0,00052974277843086
-6,93605996840866E-05
-0,00655327237827741
-0,000646789468505283
-0,00424595046024065
0,0034954417926441
0,0011936083534367
0,00534899956386628
-0,00064758482035762
0,000392645201420658
-0,00169808621860697
0,00300050673667032
0,00166226907874655
0,00300981763897283
-0,00422755821906977
-0,00395030266284448
0,0073098899208175
0,00180595665375659
0,00580453237285796
2,65520308738237E-05
-0,000462276626984017
-0,00192763346849067
0,00686423652844348
0,000372417808587106
0,000279887286420665
0,00276457882112684
-0,000280005027509748
-0,00109446224405613
0,000504229620025675
-0,000569374115072444
-0,000623317277699837
0,00132471340631091
0,000334695450955322
0,000912811940453906
-0,00103001385218717
-8,70246244854726E-05
2,3062292431156E-05
-0,000226480540499345
0,000478664927274331
0,00107574953372017
-0,00137859567299411
9,98245310034675E-05
-0,000310649476501625
-0,00080801057012549
0,000460986409973792
0,000205068861859005
6,64038184816424E-05
6,26210986431219E-05
7,78044099353369E-05
-5,56095272250114E-06
1,28620406989606E-07
3,49737746151265E-08
0,00066727528897409
0,00961855093137832
-0,00283553067989607
0,966575564591325
-0,0530014264311984
0,00870538634128726
-0,00127042612511678
0,00326459455067656
0,00544846344532512
0,0108206926963378
-0,0225776445964473
0,050607247820199
-0,0262382005572242
0,0213204551917181
-0,0481701906139302
0,0411889760890426
-0,070257930834443
0,0972870563262001
-0,00461093004686424
0,0204397417496849
0,0102302136319669
0,0240315758351351
0,0219555865119885
-0,00714446934309783
0,00490851966636071
0,018163593894142
0,0377151036197845
0,0354973543011739
0,04066173196225
0,0205144523704226
0,0123861066538391
-0,0101535805669604
-0,0223233904444879
-0,0190876655773167
0,028637460738133
0,00688017052784876
0,0036352261316951
0,0531993524659154
0,00380846731615905
-0,0292845593408958
0,0316112900361901
-0,0524550985288387
-0,0359549101215557
0,0272167277935933
0,00576004795972603
-0,00560516201329033
-0,0126972431880387
0,0933611922685674
0,00829418230276904
0,0664569528472573
0,0230893243333777
-0,0030623139868388
0,0637052658604111
-0,0391969800261601
0,00455905615227078
0,016617400155624
-0,0162510179798517
0,0204118598483992
0,00511579726972735
-0,0212880795968516
0,0239779276333809
0,00689924682210928
-0,00768777120909558
0,000434310309912786
2,66524088040431E-08
0,000220434488246566
-0,0242001381482807
0,0452710837976514
0,981136118514097
0,000916408163794762
7,5892391952899E-05
0,00268614371775827
0,0209584966775807
0,0124596732913482
-0,0289962154743346
0,0823602142091358
-0,00276040715110398
0,0113414366755951
-0,0126970875940398
-0,0303160639672653
-0,0395676384251568
-0,00815382461226924
0,0814602650018069
0,0266532548833269
0,0820350592560153
0,00245288082135496
0,0303013374319996
0,0181206141984904
0,00520650590018744
-0,00280525209989773
-0,0122426667658935
-0,0129639625631343
-0,0107588713441993
-0,0102352305102363
0,0184392062343337
0,0161626350155629
0,0275716676223186
0,00295683719741824
-0,0138969321440486
-0,0177235176818193
-0,0207122301464066
0,0353374025751444
0,0061312325038183
-0,00334441308242978
-0,0311645649765586
-0,0181889989438103
-0,00314147484309192
0,014469531299411
0,00318142863335096
-0,00541588150307677
0,00466695618627274
0,000457117254997186
0,00332468574762575
-0,0100461724951017
-0,0157113613198782
0,0285657233733833
0,0168605650174378
0,0170937654337519
0,00419440398707134
0,0132370329622819
-0,00648625231469226
0,00548462539629165
0,011491692238234
-0,0119878293340921
-0,00312256784309591
-0,00104497072405014
-0,0140156079908001
-0,00858473244912292
4,66504985963652E-11
1,51310032238511E-05
-0,000595378014410995
0,00498514415837657
2,24368872525219E-06
-0,957050193054274
-0,0393881287815188
0,0150593688065925
-0,000224466135939169
0,128224627706993
-0,00081076145072885
-0,0142191751677191
-0,0476683058005387
0,0367446837459726
-0,0120446448114998
0,00304519366692238
0,00499512090887156
-0,00694882416319299
0,00585474067766043
-0,00307818363909194
-0,000348690634694978
0,00474639771351102
-0,0225852541422587
-0,00907062712031887
0,0101940717698523
0,0267920486543559
-0,122821312308148
0,0586038520186167
0,0189246976068302
-0,0138068187651778
0,0652333407726978
-0,0325173269536719
0,00730293019077036
-0,0357986854682239
0,0612398107513104
-0,0228217207706474
-0,0140119046812068
-0,00961478155419599
0,0221725581296797
-0,014611098592559
-0,0157538437000472
0,0139838723555362
-0,0271331067700054
0,0108547880210427
-0,00628082666261432
0,0518752780308113
0,0577756658602558
0,00621767863981064
-0,0327727171614699
0,00837021472974469
0,0215320063794029
0,0108675106332051
0,00470930669602317
-0,0187108582611007
-0,122932616830535
0,0181994328109623
0,0595535360465513
0,0135192146164113
-0,00120281557982416
0,00890773444277567
-0,0126326621113032
-0,00672656188160695
0,0133817958340964
0,0124420719155496
3,50152089933129E-10
4,48710120555589E-06
-0,00673415936732799
2,90176066804779E-05
-0,000709117330900186
-0,0219543089744911
0,823351417019379
0,54386698538516
-0,0201733448743079
-0,0151385844390747
0,0107544373928123
0,000356223220822986
-0,000301466026236488
-0,00434062585929054
0,0226158490118891
0,00669913722567585
0,0012741447683775
0,00795883084700681
-0,00534865037120941
-0,00601277263642362
0,0156613265353867
0,00355638116328919
0,00804795765229258
-0,00381132700366159
0,00140123374264286
0,0129178006185551
-0,0165827384731554
0,00305538170002866
0,0151847813721983
0,00859163047052614
0,01457618775457
0,000620211715611397
0,00726254287024226
-0,0310325477429692
-0,0167972590569071
0,0149129020351234
0,0256035586123485
-0,00163117578482778
0,0176521262069498
-0,0238730899900931
0,0134981910780806
0,0126695167470793
-0,0158788093122145
0,000416497877580143
-0,00103238017039229
0,0211680417411901
-0,00553355890701529
-0,00293979614870142
-0,00296239572077758
-0,0478643632818189
0,0534500121949927
-0,0247042141667092
0,0203692202691951
0,026317989445117
-0,0214287922306582
0,0416257768996787
-0,0420914219606046
-0,0509096737277054
0,0246616261708551
0,0182021416335395
-0,00660769848980515
-0,0440999746261069
-0,039867354077792
0,0302982053647025
3,3115646800987E-10
3,67838994639176E-05
-0,000317746599158025
0,000745882117274727
-2,08102749963929E-05
-0,0210723767509604
0,537363156109537
-0,798251515837751
0,0471488727862915
0,0470364188645336
-0,0678117463376006
0,00143917151699863
0,000305406977239604
0,0458971303791344
0,0225559039870398
0,0537660823398391
-0,0372182858230727
-0,0502822205362966
-0,0218515448801852
0,0120199434734123
-0,022443079529134
0,0330344839789437
0,00987604399827592
-0,00656437712668437
-0,00908668848939442
0,00587046167734258
-0,0196520693113683
0,00783328606518106
-0,0209053881003405
-0,0291699255977761
0,0367543662625574
0,0252196793396163
-0,0422585876695076
-0,0366915466772978
0,00490015935265924
-0,0443015168368922
0,0121350370141878
-0,0100212665615985
0,0366631862871562
-0,00017325130115041
-0,0132356108299129
-0,0638283405288473
0,078081240914151
-0,0897865584323421
-0,0274810949389272
0,0294871961347574
-0,0292092943810663
0,0097891782408316
0,00322280847620749
-0,0174580890353955
0,00646552836020115
0,0136391414289429
0,0152219378063
0,00202238752867
0,0327122985301762
-0,0060468114220437
0,101603031419886
0,0446466513462782
-0,038153906576393
-0,0457062742100243
0,0511057044218865
-0,0146718542179792
-0,023179457569405
0,0116218028171034
7,023560993322E-06
0,00187969311062859
-0,000285288249517554
0,00037015380252024
0,00296159157855873
-0,000209155848414097
0,00367848837960389
-0,0391824335753574
-0,928965876854011
0,00161520100121029
-0,135164817661639
0,0844137530115866
-0,00128867675847504
0,0716710263050425
0,0679274121401933
-0,0694278593276897
-0,087099618623933
-0,0289080138130459
0,0836097557462274
-0,0867259409788492
0,0887470130206414
0,0346016660064729
0,0183389612613415
-0,026227772279934
-0,00060828424117695
0,048169956177164
0,0155589154761703
-0,0137905945782246
0,00998748749264257
-0,000468607134530487
0,0421915434819105
-0,0515139038410617
-0,0232662864828839
0,0831497666271949
0,0235705908466376
0,0659636299200443
0,1077920632074
-0,043089597125439
0,00769825518548219
0,00823429026126628
-0,0176281512314756
-0,0328958273458962
0,0304386234825985
0,0144311126528173
0,015489711275223
-0,00184606962264715
-0,0305111837335421
-0,0462343612808652
-0,0077218342385167
0,0634172731169124
0,0637041783672427
-0,0667510977248418
-0,0326055041400928
-0,0156888360273667
-0,00321656151008478
-0,0448858482584001
0,0177529543794896
-0,0208019387474485
-0,0407753568328691
0,0393057929394306
0,00980354291060784
0,0025455238962922
0,0495790972411242
0,0303639903815563
1,27022052777392E-11
0,000332623705452101
-7,55718858955192E-05
0,00103304299902743
0,00159827208023324
-0,138693049341322
0,00922502933032424
-0,0469616164926446
0,00415390049110727
-0,92809823560969
-0,0163336325763891
0,0651303435079351
0,0239527920098108
-0,0173423397097058
-0,0281368460864958
0,0232878195293996
-0,0391107883948294
0,0919893748943288
-0,0136216425338229
0,0248812702349807
-0,007489809547773
0,0138255717861752
0,241237000941017
0,0270530099949403
0,0277589207380633
-0,0185891873307083
-0,0235152640134054
-0,0397971696587901
-0,0233146641589939
0,00411403166457755
-0,0316145396718395
-0,0805718692032839
-0,00747242889628345
-0,043067817888519
-0,0566731757338051
0,001490476985391
-0,0120425622312732
-0,0641088021382463
-0,0556559834763815
-0,0110200848619565
0,00146544951308731
0,00617532046593637
0,0154492453595137
0,00479868238829583
0,00682914663633544
-0,0109770218065242
-0,00842630641369063
0,00778614766034417
-0,0096490131280852
-0,00433434354558185
-0,0262847561751597
-0,039014697382667
0,00557306499835286
0,0530974555821739
0,0152630526016342
-0,0145864615690915
0,0365933981563318
-0,0144725424289133
-0,000825752880108236
-0,0245899684983742
-0,0800340702689421
-0,0202050854179515
0,0356031281726154
-0,00616822846019169
1,16112264741409E-06
3,87821983155919E-05
-0,0234385743600899
0,00951977295146707
0,0814700919904288
0,000402582197400353
0,000574904723078915
-0,00880922581238882
-0,104167102996063
-0,0295974985371282
0,185975113933876
-0,766720609139757
0,139336599942245
0,0180917362108993
-0,127356967384485
0,273004155266698
-0,114098636156646
0,0324951411895454
-0,113579361378375
-0,071259276103039
-0,0444347899563471
0,112924554376503
0,124269432666554
-0,0472142594872098
0,0897737622402546
0,079955416189231
0,0629659073811649
-0,0603310170505081
0,167004390149975
0,0392706519979246
0,0459281240119116
0,0148609357521367
0,00928596921946356
0,113981009026447
0,0940224922177597
0,00462071152911555
-0,00191375557078811
0,138200221372732
0,118190301737896
0,0244561558501504
-0,00606103175853781
0,0188818802280873
-0,0562197438578598
-0,0290676587985676
-0,0722078012911235
-0,038549959772298
0,0332441643280269
-0,00693205824668085
-0,00208803052601197
-0,0275596224863303
-0,0542606240249467
0,0113273498719322
0,0489715522475605
0,0345574642090878
0,0164440060337978
-0,035163033785591
0,0461853948631783
-0,0503331928147463
-0,0781716181115066
0,0976146491009877
-0,0990047881272737
0,114429362941643
-0,083640494666876
0,052074057982966
3,11918187114821E-10
1,10230279542664E-05
-1,95586004410907E-06
0,000899048223191865
-4,43869264869377E-05
-0,000445143817389023
0,00146661685201187
-0,00645213018524195
-0,00932737856737175
0,00362503322609749
0,348222245046188
0,143151211626187
0,467409913909026
0,729578766695353
0,058100335563112
-0,00739462259671083
0,253091730249685
0,158560443481187
0,053702199395239
0,0241998893973007
-0,0310591972481235
0,0458525208762626
-0,0124853129843239
-0,00117972451475055
0,017326475907128
-0,0045335663142608
0,00742995928705818
0,000791679893512357
0,000312580511919105
-0,0019515787896138
0,00355359536996902
0,00241560732684053
-0,00128171357048248
-0,0135283169534562
0,000771494668083807
0,0193377028174545
-0,0453363444550504
-0,00235147151525287
0,0229131260188527
-0,00689674682014887
0,00227574442752459
-0,00155836109912365
0,00498790545574107
0,0081196658185933
0,0138611783748329
-0,0205006373212374
-0,0165933565004222
-0,00220832734353092
0,0579659663758931
-0,00700249372157048
-0,00396065247920261
-0,00230678747767794
0,00158263217403619
-0,000262811465629348
-0,00299735673970771
0,00104636333256291
0,000268737490079266
0,000342066813843298
-0,000311834238363952
-7,88581572838658E-05
-2,28247086387715E-05
3,35382275452206E-06
1,31584127917663E-06
-3,36861480665201E-07
1,41361287158817E-06
0,000835899291554164
-3,41593537367044E-05
3,72373964377089E-05
0,000345529751059608
-0,000465292101696949
0,00644285011327368
-0,0242077212718508
-0,0527160650524152
0,00392240037565448
0,678539868419746
0,228488726565015
-0,155072174101612
-0,0830764358814944
-0,10300562861055
0,173416037369609
-0,233655722327198
-0,264887561817821
-0,165982841135494
-0,093495535584859
0,138414246052879
-0,184381679817826
0,0861455190381452
-0,00743862075873691
-0,119047217482953
0,0139275911156584
0,00799536879518864
-0,00159046970365515
-0,00657016515811256
0,00504870567737198
-0,0108118618764874
0,0279717828962694
0,164625259649685
-0,0762519583454873
-0,0527622524446213
0,00458010143422346
0,0619315500957489
0,0774860957042162
0,0402214436179124
-0,0282997719652922
0,0395558900204918
-0,0575698350593387
0,100966056242072
0,0761467725742527
0,065922880182625
0,0720056497417476
0,060302404670951
0,0915971259009804
0,00789205463847974
-0,0820439511504301
0,128275862764026
-0,0586458069515967
-0,0901238075506671
-0,0483045117455862
0,00858201415630747
-0,169775310433615
0,0364880269901215
-0,0144740264146991
-0,0683429838616152
0,0290141121292704
0,0289318498893038
0,0617010484189216
0,074587300526856
-0,039093937860118
2,18001642338907E-07
0,000248140819012499
-7,59130247140815E-05
0,0561233415850516
-0,00359570368828407
-0,0124226619213555
0,00082047109994703
-0,00498777985246349
-0,00413918051446117
0,0184245243437193
0,0450256704419885
0,0820929777367244
0,707761287410984
-0,417613166277698
0,157051977355485
-0,0375518883671725
-0,0989271298406054
-0,133846192520002
0,05992654718452
-0,0202657122839618
-0,0810896948112461
-0,0411403816561371
-0,00544925732524487
0,00280939448092543
0,0195237578399782
-0,0175273785942968
-0,0795972401350811
0,0116153820044604
0,000447134938780433
0,0311767866787074
-0,0621546442787681
0,0314273438350013
-0,00593182366329167
0,0482906718320997
-0,0473326253587132
-0,236837213240463
0,243661702110589
0,0751570323587225
-0,156272704297576
0,0376926562540086
-0,0713266323433118
0,0248755564911023
-0,0313955521314974
-0,0360455820224416
-0,0545440850369594
0,0685495493393097
0,0610710330703582
-0,00382254665005694
0,0580470717815908
-0,0103277667019197
-0,00616852728807968
-0,0134323947907135
-0,0155235379866757
-0,0106121971974265
-0,204455712971649
0,0547985776005757
0,0728399951645049
0,0473657203196412
-0,0378857472392811
0,0234416437435014
-0,0453716868973769
-0,00671921861157617
0,0400833221849543
0,00852362028845013
5,78679590461254E-10
0,00100451864108659
-6,7275602482762E-07
-5,50076350317514E-05
0,000131550006311435
-4,72848360829054E-05
0,00145666001549065
-0,0060317018567616
-0,0203249405537254
0,00196832108055303
0,120322689570823
0,0581430541591244
-0,0817145191455152
-0,173444048356108
0,0151840349616805
0,430367418731399
0,305684930144286
0,0474948681893994
0,560847488065358
0,0680493784077539
-0,135901702829757
0,16789424693279
0,0219071737946208
-0,0236323296403794
-0,227125408665823
0,0606974136833043
0,0248453945724119
-0,0260908133045716
-0,00775505501401217
-0,0189100884317751
0,0458222854473308
-0,0627769447932292
-0,0668505706328627
0,132783393543551
0,073478187584778
0,137964684630192
0,201847584068651
-0,17362508334271
0,0142183713682082
0,0275811731230367
0,0978405245718154
-0,0378058075789042
0,0704564258278134
0,0321927875773895
0,0129758936907551
0,0309118585420181
0,144931731673826
0,165272199679446
0,0197554313376168
-0,13056487763705
-0,0844759246610953
0,0989810636538296
0,00460604394282531
0,00823062307102415
0,00390813416425801
0,00329200432018264
0,00161655473066608
-0,00171630714456991
-0,00248324729105452
0,0102778356984577
-0,00891671465163999
-0,0134359655803758
-0,0590998344179085
-0,103386592662229
2,65254067808588E-06
0,00056209153626469
-0,00148197319854279
0,00579331448344481
0,144747976590663
-0,00132351017204748
0,000192353955559766
-0,00131196009254341
-0,0299976189927901
0,0100728365703569
0,00473802315262409
0,108884413382573
-0,0314350773433658
-0,0912108750944137
0,0471174808247815
0,0845640548956009
0,210413767018027
0,183489684511606
-0,483335835489266
-0,0495971077863318
-0,54195152676692
-0,0581507405399838
-0,0529478398505305
-0,0131998092907854
-0,0686948629775264
-0,00972627190437869
0,0436159981851811
0,0254976880606835
0,102400183295291
0,0621387494165347
-0,0509407832205239
0,0112908012780825
-0,135479633341931
0,0428058459027081
0,14500519056751
0,12421043449264
0,154061597842945
-0,192560369508196
0,0134691377267526
0,0170278804957954
0,202237771701225
0,11622213645366
0,00511344651917238
-0,0947093201479722
-0,046554164120043
0,0297318929890028
-0,0302700612778119
-0,00207290502112392
-0,0246665854150948
0,0666040642945452
0,104372529633788
-0,203315258075881
-0,111011574796882
-0,117771267434874
-0,0283425892218012
-0,092728223943117
0,0453157192005438
-0,0381721705010066
-0,0808166038377744
0,0835919984263762
0,0215595286989614
0,00732085881344613
0,0979963797140886
0,0600241184234117
0,0072176602420651
8,38238862432555E-05
-0,000289030852616593
-9,09927958238754E-05
0,00266837254083022
-0,000149160653569618
0,00816447449638619
-0,011236573495585
-0,152588966479408
-0,00324036275891883
0,0450364580172593
-0,132270884149689
0,0497541550579838
-0,02074047236576
-0,393896011866373
-0,126909778997642
-0,0141792668127997
0,022453423665301
0,112399145993441
0,375288886979849
-0,22519431897488
-0,207836158173137
-0,131672518724828
0,470148998123923
-0,124901928573334
-0,0868146749412412
-0,0356029685449184
0,0737888896764267
-0,128082831015413
0,000696134941546028
-0,137193876379006
-0,0609888627875274
-0,108781002771533
-0,184797485912206
-0,0528997793044867
0,00462976606652299
-0,0101188320148106
0,173171848839519
0,11571311148769
0,0458537928102002
0,0371339656079515
0,198199645852696
0,188504604077004
-0,00120037558102456
-0,0150130121627645
0,0850884050111121
-0,00676322307738355
0,0881167095228213
0,0234001177857708
0,00261650275806626
0,115635712681372
0,0514069434883465
0,058140016094228
0,131969339009625
-0,00522066573227708
0,0245558931959016
-0,00192182620989423
-0,00454638703768357
0,0519301720454078
-0,0162536832963564
0,017333116316845
-0,00565343833044094
-0,00955244181736294
-0,0153940273019674
9,5701406643376E-05
0,000687481560306028
-0,0133570106973781
0,148392087119248
0,0421700694103641
0,00166803037324991
-0,000239740203882306
-0,00245001911378346
-0,0151277808069594
-0,0519708280956708
0,063960792141847
-0,238603249614438
-0,0634771439975474
0,0587213477489181
0,127331395991696
-0,0274965782865041
0,179749779093897
-0,318954960557716
-0,00323485003070272
-0,125728114237489
0,0016391008963548
-0,0508210038003778
-0,362006022829991
-0,0305672210364423
-0,00189156125168903
-0,0525941185305895
-0,251847724015702
-0,469381199343447
-0,0986018462305365
-0,137912520730394
-0,199676498203818
-0,131101350776967
-0,119777517480636
-0,116517104069098
-0,193241270539282
-0,0253809596397139
-0,0155235134312332
-0,267743088538541
-0,0795948068573443
-0,00368836288050185
-0,0281478226456349
0,0428085916321595
-0,038692013047602
0,0410063731645529
0,0262149808635869
0,128441388297895
-0,113054821104987
0,00516627341057961
-0,000958180838229816
-0,0126969389648844
-0,00247946846021484
0,0075897785880964
-0,10666741668399
0,0849705617681769
0,0178576660487991
-0,0576410036976254
0,055009872980719
-0,0449735084393606
-0,0224737376608593
0,00513171218932579
-0,135229743186565
-0,0342418886282517
0,0579219310014741
-0,00534465533817018
9,92945797045468E-07
0,00607258344581744
-3,0849906339405E-05
0,0202853484673669
-0,00115726076412991
-4,40113204233051E-05
0,0118377326172465
-0,0167230442877266
-0,0134726717369092
0,00357957683081557
0,0478819765815479
-0,00438724022714156
0,0327153970287053
-0,114605543337313
-0,56285021688306
-0,329400348868686
0,287570308685501
0,0853773037092292
0,176126364565195
-0,321319223454539
-0,0761933875066855
-0,188679596132458
0,0924019309976689
-0,39745177411352
0,118480344888212
-0,00226528151766164
0,0475888409029025
-0,0469687590599531
0,0617004387382591
-0,0243504262188645
0,0925072777836156
0,0861220891464041
0,0173355699117671
-0,0766911081360265
-0,064996346840535
-0,0473120222603121
0,0487381016572612
-0,045781627003568
0,0772694334754731
-0,0207134771068914
-0,0677106876541679
-0,107321634108719
0,0852602955747586
-0,143499978903785
-0,0359132968000554
0,0876978338506207
-0,0548341247469117
-0,00557960929058095
0,00210140353723003
-0,0672547938917187
0,0299334365381522
-0,00338346925480272
-0,00846286271242202
0,0158208116923522
-0,00754483918042882
-0,00824006382445982
-0,00686074022223519
0,0058342408617922
-0,0204913147569742
0,0129816141100859
-0,00352866473193977
0,000127052235552264
-2,39684413813229E-05
6,10939000795895E-06
4,15096407047575E-07
2,11177240542477E-05
-0,0154293399923499
0,00895669124039248
0,0225846939776099
-0,000146713593796324
0,0043897603107429
-0,0177388172578276
-0,0243555750922631
-0,0178780784193988
0,174584032926611
-0,309592845186707
-0,0579507139693285
-0,0877741339416009
0,323274126729625
-0,231142908955803
0,117846494327074
0,225301049148667
0,0662877018931241
-0,0861072080834543
0,036712977681235
-0,155164905267199
0,0977983471477257
-0,0191462352373726
-0,167160216942989
-0,211941714167864
-0,134790831617721
0,108672774185598
-0,271971600009692
-0,17905773746862
0,0293455450801236
0,153164439046275
0,0374319296403406
0,00838106230412526
0,121765998175177
0,0581187062193726
0,0869898427048442
0,0698150489369682
-0,0653579265338753
-0,0998816617383837
0,101972099930414
-0,145895193668061
0,130925389462991
0,0990569965404901
0,0896622112508507
-0,0143010437024651
-0,016271635220397
0,0699678801028119
-0,0183293770165085
0,0839472938784727
0,0906270117395044
-0,253440288794555
-0,0144872683703084
-0,0687015487265057
0,0178384754539081
0,152293190924499
0,00193647008912389
0,131633266273746
0,141949489718065
-0,273326129926221
0,0135186619340008
0,119440044831892
-0,0539819251931373
0,037035746900324
2,25859561586767E-10
0,000402797439570352
-1,24738745047432E-06
0,000791515900684206
5,9995823273361E-05
-0,000290933120980024
0,00370217699391424
-0,0108919938765632
-0,00769020119900342
0,00294625617302882
0,0133757477332384
0,0121411583401737
0,0457613656977316
-0,126851691045297
-0,183620247414614
-0,0393208708485744
0,332310037994382
0,122235402286952
-0,226488253800469
-0,252886255248479
0,472198146559624
0,30459886046949
-0,0275018853745876
0,419232437301689
-0,211308385242071
0,136546276808528
-0,141626826282082
0,0497026622198962
0,0065214951332991
0,152569712164811
-0,119513447550611
0,0130974895147436
-0,0460632481301769
0,068202224927103
0,0461168467360138
-0,0323956242025385
-0,00581744469645497
0,00185481269034138
-0,0631603273914075
0,0384084719521481
-0,0373935081854578
-0,0495570191288284
0,0261134660394573
-0,168547342808745
-0,0519219122928818
0,0220143020613558
-0,0724051736170293
0,116417027388402
0,00517750878556631
-0,06062161111964
-0,0376828486095495
-0,0650564255785148
-0,0319959097624387
-0,0906219209809787
0,00116732972429127
-0,00345539559331338
0,0207359835894987
-0,00554632548011908
0,00795661000736563
0,00645166659417855
-0,000760849378771876
0,000268929304006597
-2,2522443805761E-06
-8,84113722389228E-07
2,04490986222213E-08
0,0108841216009046
-0,000366650254762252
0,00542979712901864
0,0150202460852582
-0,0159939428571426
0,00227913289364364
-0,0096130791959661
0,00183794024177701
-0,330902424738818
0,00216649703985537
-0,0154205422619064
-0,00436115373976821
0,0161037815060052
0,0250406679809975
-0,0282948117255463
0,0678814043979971
-0,203634752766748
0,0235159746575207
-0,0613112592834395
0,0125093047448955
-0,0167381310459814
-0,610189187884512
-0,0734551079892362
-0,0776548011147842
0,0116412777776398
0,0672690846643532
0,116544896121937
0,0628301507973928
-0,0104420713135845
0,0848255127311296
0,255308247448362
0,0437876781754929
0,150108396666276
0,186247402600102
0,0259444078339055
0,0440537815542105
0,215854517520474
0,182469694299205
-0,00324293432930868
0,00337294717715351
-0,0113270186436441
-0,0348883970867277
-0,0166844374604705
-0,0108965268686935
0,0189018903603959
-0,00691501627682445
-0,0285324661938534
0,0123799499242787
0,0224633152192392
0,075783650495586
0,149079125877275
-0,00122311522110716
-0,194461569161971
-0,0786988173367225
0,0638219548323471
-0,134985305906901
0,0521485795323921
0,00425754972028954
0,0959562984529129
0,291799945768918
0,0720383583452595
-0,12744706989247
0,0220833071683513
4,4964302766753E-10
0,00138326944579203
-6,15590181064783E-06
-5,14775258573696E-05
0,000193021341763502
-0,000691336528984501
0,0186233455125433
-0,0420793545199912
-0,0196527518848242
0,00340289597334886
0,121778939532459
0,0452280717331084
-0,0663726902281812
-0,117101579147946
0,0470794937658522
0,194785540687086
0,13347850083758
0,0919991730053558
0,131473314890697
0,0451341282972443
0,0692758232514148
-0,128883344780101
-0,0739811858375965
0,0783063048196853
0,412440162363564
-0,00807685628274425
0,00140617433381648
0,0464944211428945
0,0624499141337101
0,0713483163288056
-0,0577003147002599
0,0794068582641663
-0,100109426240791
-0,0364388797068877
-0,0244687894041669
-0,0624873505445794
0,00721022548643582
-0,0546401904347547
0,186101224845456
-0,0331380087954581
-0,456487934856865
0,27304984944552
-0,00738566707665951
0,0580914352637723
0,17362031536292
-0,315468891810425
-0,174152126467777
0,103611775828487
-0,0902296770601429
0,0386161214131048
0,00473650334491781
-0,277149390560773
-0,0713284364407159
-0,179820784014582
-0,0255655577124173
0,0698146707717898
0,0141486380361683
0,00731559800199983
0,023668583464579
-0,0175773034079876
-0,0230504219869155
-0,0304296514805592
-0,00036797758694807
0,0950551390475475
1,33144970431097E-06
1,57278871929618E-05
-0,000312047968336476
0,000273977213701975
0,00268745592748986
-8,10260018265223E-07
0,000659783255833724
-0,00331704302007413
-0,0654743644697108
-0,00439739293745265
0,0216738123453099
-0,124069429940865
0,0378272279497731
0,00456630443266525
-0,127596200422531
0,0286216081634972
-0,0387797766230838
0,0128505521384848
-0,000192569056168977
0,17194625813043
-0,0784898694111482
-0,0507268653206162
-0,0442153338879976
0,262749894540818
-0,0611477360118456
0,013674882803662
0,0373048236639817
0,0148468830054375
0,161648112993667
0,0841174155015228
0,231612092784736
0,32568740638787
0,162670301642206
-0,17435270968642
-0,196300431881994
-0,0563015174632215
0,0350902698000534
-0,420518286785109
-0,146336944916239
-0,207120199209402
-0,0243694308447999
-0,326160062050993
-0,26404402742541
0,0796765207789334
0,0453360417051707
-0,0443697545069834
-0,0174217517860013
-0,114889211840806
-0,0412975995800113
-0,0322491526458028
-0,163703144389747
-0,0579582238335371
-0,147655452814615
-0,0284026835773754
-0,0554818905757275
0,0187890316867014
-0,0503828137803236
0,0852343799188724
0,0535221969046422
-0,0300517666076297
0,186380398372704
-0,00846953217723869
0,0300009313065012
-0,0458419440895157
6,06866279448765E-11
1,91748954756497E-05
-0,00799924986269889
0,00103461880650961
-0,00053367647840755
-0,182527647366571
0,0382562931953373
-0,00858857433456687
0,00020654905048296
0,0295238576544764
-0,000876565875933188
-0,0030247470199637
-0,00297664410220606
-0,00735365457956007
0,0189920283689143
-0,0137929293170394
0,0239742905138834
0,014580318065815
-0,00962008666148245
0,0110315304328285
0,0626002369266801
-0,00159408674036602
0,00693215801327163
0,02927964188291
-0,0707650685737182
-0,241852717434717
0,658532500484923
-0,270486371517946
-0,0439643309107933
0,0695763077073061
-0,311569732938975
0,211513961053884
-0,0923518019168062
0,214024486094836
-0,329353816558883
0,0909739612751194
0,00839961358320193
0,0891826095701117
-0,0761578196291474
0,0870111215689139
-0,000161561930334963
-0,0796192915599201
0,0635530771817591
-0,0501257771408799
-0,0535518562821519
-0,0829158495142599
0,0508722852997979
0,0240261631272542
0,00974872058585332
0,0574429462173092
-0,0216213838307332
-0,0492613889942391
-0,0489579305674549
-0,0232836830266196
0,0225412302516448
0,0792018645150715
-0,0383101847870588
0,0146498841394229
-0,0213758864123885
-0,0189590507894882
-0,00174001471486032
0,0301583626749261
0,0268925845849993
-0,0204550305660644
9,80395329004611E-09
2,21619044509361E-05
-0,000127293444252587
0,00256054929195453
0,000236992932199914
3,82457518427729E-05
0,00016371914978455
-0,000879115663346295
-0,00482681958892729
-0,00322480623968153
0,0118203497250455
-0,0174630577929653
-0,0185692534820004
-0,0102854107427052
0,0463680852692358
-0,0853436480745181
0,151058470597699
-0,178854868263435
-0,0357229738631033
0,194124112803903
0,0213830150575724
0,0214280427691685
0,183101398729666
-0,0542859220337879
0,0292170261117621
0,14119473823327
0,0291703267512168
0,177472390414803
0,294202112195112
-0,0854113910495682
-0,137199595578052
0,0634322647413969
-0,0364886664921829
0,156041011303048
-0,0669532750015727
-0,0476437920298453
-0,018476946293092
0,0573367834400247
0,0856394209474979
-0,0212209792550065
0,0826049936836383
-0,036924867936944
0,104685100386308
0,131427042317536
0,155665821668443
0,306379614540298
-0,200933073502655
0,130228003692574
0,0320192131477469
0,282000430755993
-0,165240469890894
0,0862551540427834
-0,38588091307374
0,0553941968314799
-0,0624011895104253
-0,0814679176406261
0,00625351509893202
-0,00942477623882686
0,144133547569914
-0,0600225297839668
-0,0801145304178438
-0,170806637491326
-0,25962615503434
0,166245923630136
5,33175526225496E-10
9,74270582547289E-06
-6,60255274842601E-06
6,73629705626561E-05
6,46756968996913E-05
-0,000112634779209709
0,00177308344215995
-0,00627680014733567
-0,00838932627561734
-0,000266008621216958
0,19232289201755
0,0399353145770867
-0,0609255920162014
-0,0527013312856348
-0,00412138973833101
-0,16969806965947
-0,115894492345967
-0,0077214394451233
-0,00907024157261297
0,0821232905939501
-0,0865336049502173
0,45029266722793
-0,0556367422649242
-0,0337037235991254
0,124736511429126
-0,0105320145008051
0,00633195419735658
-0,0655075045038782
-0,0190246112314342
-0,00324485962614305
0,0292006003755299
0,0410445494923381
0,0388178377917642
-0,121591432248621
-0,0522909446637222
0,0844476242909662
0,168778545820917
-0,127282624271584
0,132738529668118
0,223112003163488
-0,0605892684086988
0,0796340168877366
0,00949055020729322
-0,165816975119099
-0,133610838563743
-0,0200357882681408
-0,00131726184691361
-0,0728208675004576
0,0230596367667523
0,118129174393753
-0,048465385301631
-0,00196201997911416
0,131830373043239
-0,00320270124808986
-0,220220954922275
-0,279923656677943
-0,217880242667675
-0,0141619422075398
0,277791554834745
-0,379550746577416
-0,0504732577260744
0,169833779759611
-0,0857159460084903
0,0130149369856204
1,00223429901292E-06
0,0453960069907994
-2,21149750011053E-05
-0,000694410881110628
0,00510388068665729
-0,000205088993619058
0,00211413302374004
-0,00955153367787267
-0,0766771905161918
0,00561895723454631
0,0796243610698372
0,068159232306863
-0,0331917242675339
-0,162563200256873
-0,00621047292907092
0,229602881199339
0,323494559304965
0,138462593348315
-0,256343847293529
0,0832964188896075
-0,00405171519686443
0,0330163995716444
-0,111901992753793
0,0549554286139198
0,290586785951054
-0,163625486497698
-0,0210634233594894
0,0406643049788678
-0,108965029633294
-0,112175800045258
0,186143054642633
-0,180077844870685
0,0417796688684915
0,0676367124406955
-0,183615520876222
0,0353723542446634
0,0501287005309745
0,208326993382171
-0,0533164196091223
-0,00276529119472764
-0,173171687472277
-0,334197881423206
0,0511630139034996
0,162493686342818
0,0247042588552822
0,111583950450519
0,0413214546879753
-0,264820657713529
0,0548693351376234
0,144818431279701
0,0664820128724135
0,202127373883694
0,124066954184387
0,224777981653683
0,0230705296743844
0,0176763393417027
-0,0287751370166996
-0,0016880330609083
0,00754147643453778
-0,0103736965139639
0,0026693979942821
-0,000855826300826158
1,8321097150488E-05
1,20696719188714E-06
8,50693250426791E-07
6,33275819210424E-05
-1,01331850979779E-05
0,000440423000167911
9,49573227784228E-05
-0,000289736448616742
0,00869874763445119
-0,0126273253379025
-0,0216088422202622
0,000878223792169569
0,295476937491215
0,0654812048364981
-0,060030734880839
-0,0547134925908777
-0,202823823233734
-0,190189317296317
-0,120804846266585
-0,0879492132369286
0,00033353482863425
0,0605110671181415
-0,109597252705791
0,160554941786178
-0,0254338406329042
0,0195637515083442
0,0681805406321821
0,00223111633848962
0,00798642238751024
-0,00722321134864799
-0,173383445953967
-0,106288840037696
-0,0418308085031529
-0,0980080055333317
-0,208025925292858
0,327349906544106
0,180623798134965
0,000597262355052578
-0,0928716564545367
-0,127409663922634
-0,193687181410812
0,0560900428205366
0,00145985904554447
-0,0658409324826348
-0,274196850676511
0,0465832064154527
-0,0361793729514042
-0,146191959005872
0,00614121535447494
-0,0968309076577216
-0,019944619160194
-0,0448040329641699
0,00622191826395121
-0,0685464745686797
0,0907344313906055
0,0244151408345524
0,0980132135977325
0,165483389721364
0,191843021455025
0,147990571881165
0,0809944130144206
0,0705013566397095
0,0642463963618039
-0,298948835370172
-0,268479531485014
0,224413247575446
6,69334199227454E-07
0,089098984113863
2,26765040589006E-05
-0,00218208649840198
0,000290262402773386
8,76256702175045E-06
0,00157190650444387
-0,0094465029013041
-0,129002317960546
0,00555175043580241
0,060764742308587
0,0587966441276933
-0,0507393445454269
-0,071592069766874
0,0398414242610907
0,187710071928528
0,101753370243948
0,021006319692699
0,122163077417722
-0,0142370649048136
0,0491986075314375
-0,0242796774495395
0,0181631598701944
0,037002199707543
0,460936950836418
-0,054338283937323
-0,061940384768774
0,0344258568479051
-0,102183574038558
0,0292519251149196
-0,302022676453488
0,339470816236767
0,0856490745187156
-0,183808137232634
0,178978294040248
-0,0952776960412144
-0,253480293259903
0,0273463213463744
-0,132208097692201
0,0111813230585894
0,444860595584044
0,018752779801755
-0,101839879588057
-0,16520506006805
-0,175614156411011
0,119953777757561
0,00644224015691698
-0,048216351030397
0,0182029987132077
6,97756812458965E-05
-0,0312900081861887
0,0523593477293399
0,0170572250504211
0,0396659150116173
-0,00182959281452901
0,00572873372327804
-0,00784128910801453
0,001948980583239
0,0113039933161645
0,00344286689836681
0,0153128318890285
0,00755652192640702
-3,89403967035723E-05
-7,73487994515891E-05
1,8258441460272E-10
2,56639069117847E-06
-2,82635615588017E-05
0,000233906721820135
0,00164785537758665
-0,00277249757020596
0,000903026912902742
-0,00324710711432218
-0,00122511586893541
-0,000887088199381864
0,0110713818921092
0,00148654947938188
-0,00100794089623381
-0,033350162721912
0,0476430929407953
-0,0338704031897241
0,0353812518209053
0,0861679794290893
-0,0574128110420472
0,0188524124883496
-0,107515072718076
-0,081244718403299
-0,047325557615287
0,0320913722351865
0,0317205182166326
0,707555403490994
0,192799431527994
-0,178519028440879
-0,297225955761238
-0,0590890884765741
-0,0607892547248216
-0,00219528754348655
0,276185031308106
-0,0399930094781187
0,0157327266989673
0,0790558963362574
0,0250264860549437
0,0741924604446542
-0,0109830837780152
-0,0099091108466484
0,0357759729239955
-0,0743881261874039
0,0867846487305502
0,019799340894929
0,0780996959941796
-0,122087819016788
-0,189118477716364
-0,00329465882915673
-0,166341062591911
-0,0250013210546969
-0,0401364574002492
0,1146003242549
0,04518469332729
0,0264433268307118
-0,224194679788222
0,117850504405568
0,121364517728356
0,0466302736067887
0,0179791096802677
-0,0421458970733675
-0,06183876444241
-0,012815905164268
0,0116392004990263
-0,00665671436125796
4,36662013710254E-11
0,00778747659448457
-0,00503134564398403
0,000646734595035951
0,0184305074917321
-0,000595342577519864
-2,1382924429751E-05
-0,000681694979686307
0,00146134902867916
-0,0352359836532395
0,00167493839207348
-0,0158352354594463
0,0042424159744528
0,00816327844047863
0,00281659056349934
-0,00167461720457568
-0,00126563060633633
-0,0651231401244037
0,0224357385577123
-0,0420995089039139
0,0361779993502117
0,0179681518625554
-0,334957139502754
-0,112683512409061
-0,055776514640552
0,0498351252756697
0,186898177456946
0,481656603182884
-0,0883378066394376
0,0571434351971166
-0,040858474282018
-0,0131517638866338
-0,0221067776077182
-0,0677076397523628
-0,0651160421604189
0,000745476806749738
0,0606618769233129
0,0201641702666443
0,121366084987293
-0,0809433527819767
0,0571893467086548
-0,111235043658205
-0,20225035816705
-0,041176720857587
-0,0665207876984922
-0,0668936075869787
0,0404107057514757
0,0817206944785535
-0,0157606809646151
-0,0278649778644768
-0,134201577504881
-0,23924311886896
-0,000713157629825766
0,347625816838187
0,112907676898072
-0,0948000249210713
0,192348015064247
-0,0735004728637704
-0,000833305386979645
-0,126969911271299
-0,393264638066741
-0,0864900627856067
0,170564338200201
-0,0276727946192866
9,57839322681529E-05
0,000564858097581006
-0,0101561621456639
0,142307813688958
-0,00611792227631913
0,00209162617859902
0,000103811288113994
-0,00235699498907063
-0,00655265229946648
-0,00907660453532298
0,0375476970392333
-0,0814171849577666
-0,0983592052568449
0,022358727400869
0,183055304789311
-0,1616819609595
0,246381559770286
-0,239301559329618
0,00108505790336955
0,0393137294672837
-0,055086248558913
-0,0786828491565186
0,275802495581394
0,121575138789188
-0,0339460301705843
-0,0680224210159324
-0,0343105833810136
0,216669703082437
-0,216478389369783
0,00504739187858369
0,0295254191607892
0,095032692649066
0,204520135707952
0,146860848223043
-0,0873595224502376
0,011016587593647
0,0621858074323772
-0,0983907322347833
0,153331680863597
0,0424379391278824
-0,136504538350303
0,138356404430309
-0,0751357527276997
-0,224630428723099
-0,23323734780288
-0,25602223344322
0,0729175862198932
-0,196293930400229
0,00328397410957617
-0,102399919728532
0,114967854490924
0,287913255049516
-0,224532047754565
0,0441245342173131
-0,010089375490367
-0,0721680224206234
0,037312278956045
-0,0910235194230306
-0,0625029251096819
0,153910936582085
-0,0433302238468596
-0,0132175923654981
-0,00598580817768131
0,00115120174928465
6,84035030777551E-07
3,75438387808639E-05
-1,43599095894336E-05
0,000356466165415441
3,47441953768553E-05
-0,0021956098550719
0,0737720969857285
-0,142637701623227
0,000473349507837273
0,0122026579341066
0,0122993285224834
-0,00804468936523481
-0,00134279524082374
-0,0110514268420681
-0,128419544763431
-0,0858680989840857
0,0102987937892042
0,013156940503491
0,0595863017698424
0,0255764350816528
-0,10401935049202
-0,0198078043075546
-0,0557154446657903
0,0173968773753962
0,0191870384353305
-0,0764475607038063
-0,0696265639620774
0,025996584158427
0,000877334279581885
0,0384208463781734
-0,22600235524376
-0,240357834800113
0,301769140301946
0,265070171827116
0,139238258478392
-0,0338871463796866
-0,134953720824286
0,00929048997363955
-0,122530904191604
-0,0558636761910965
0,00405367784399279
-0,136086746234467
-0,128395809150967
0,146361582190744
0,0635454800376008
-0,097923455402384
0,0601245254672702
0,0535319933534947
-0,0230522847300887
-0,0142368845689904
-0,0158835260188739
-0,134078243909744
-0,110285172111864
-0,0516686561060082
-0,207860913530208
0,056939378055916
-0,426727747630905
-0,477375437522716
-0,0161780716077578
-0,00710724986438541
-0,0987218654433357
0,0796781522992966
0,0674259576141275
-0,0515792157942939
6,87376467240771E-09
2,43432264344754E-05
-0,000195319282637435
0,00208311295833511
0,000542058945129229
-0,00331329800941239
0,015561247416201
-0,0309023912542383
-0,000238929651384337
0,00143616903746457
0,00905974276336441
-0,0267067242166262
-0,000951456300037551
-0,0147828146708601
0,0589662655915569
-0,0523797660442125
0,0842481852848334
-0,0771213941336901
-0,00385271207104884
0,00397730637714296
0,0218817569413582
-0,0276262712230918
0,108181869036159
0,0507795017729121
-0,043495103048055
-0,151653933109282
0,306282026432058
-0,0085778560804018
-0,153470088671126
0,0414697732996974
0,0868569934201903
0,0170159175228799
0,0675404622528949
-0,256348358586219
0,419880490670118
0,216783981055035
0,0524357146227256
0,0132389852465815
-0,175328069943
0,128160731144394
-0,323353176971443
0,0844788195689916
-0,285367355375064
0,0819599282605973
0,0462672078633526
0,373301325494503
-0,246814678400043
0,0988539624348197
0,0555687554521978
-0,0486425867336463
-0,09945663512001
0,0387987394547904
0,0528983467489064
0,0368474261164667
-0,041175292435444
-0,0799176777017916
-0,0486998265792781
-0,0343901454598537
-0,085141483529467
0,113407204536555
-0,0498290843496552
-0,0116976870195068
-0,00183166609300691
0,00149837200995594
7,68414233147033E-11
3,02362968026534E-05
-2,34232042786663E-07
0,000244868360469484
-1,50065917764961E-05
-4,46968017801124E-05
0,00194774908666921
-0,00516460375791694
-0,000383137536282055
0,000824529511328603
0,00220370382817256
0,000305618551102312
0,00554310552258161
-0,017416787681134
-0,0663702443986338
-0,0338960605986483
0,0572267699611196
0,0187798588734904
-7,71247700889565E-05
-0,0755741875028611
0,0407658338799229
0,0117760178356244
0,0164654370415308
-0,0219717246233726
-0,0132888452817296
0,0311971121503238
-0,0403869530458861
0,00461773469612751
0,0225077870588644
0,0446626880362768
0,000556157011177089
0,0830016941146659
0,0118740041268141
-0,0257587634819105
-0,109067047429252
0,121905193798732
0,105009698814366
0,0673557402814001
-0,0868788403738129
0,0191705758021721
0,0729162242398545
0,280613562948061
-0,178084065850797
0,216247633171524
0,0536321851244932
-0,0350560258695237
0,0623929072753315
-0,0721890019011866
0,0414592331198082
0,0754904904869982
-0,0559018318463382
0,0894752919336253
0,0112029626504059
0,0498884792325098
0,0302014835359784
0,0522145145025324
0,295227344938042
-0,40344307466076
-0,366447256555568
-0,471929782433354
0,315811667201129
-0,00683988965728127
-0,105429670222624
0,0239611476015869
8,97350641039378E-05
0,000529720433378633
-0,000377906223455039
0,126065225285126
-0,00675430899886152
0,00162657058850641
0,000224408907497362
0,00112990483436551
0,000892935157909566
-0,00904551793274966
-0,00420178077370419
0,00121772476539797
-0,0398330844806883
0,0319532746375024
-0,00531845280762182
0,0131477301405999
-0,00620230906891104
0,00664695880941866
-0,00492418629077562
0,00954821138690984
0,00374302405381516
0,00779075818183616
-0,0797201356340326
0,00862906781468441
-0,0137175454620705
0,00612588181416754
0,0107161367316914
0,0344213939794878
0,0252504631260613
-0,000294888878914752
0,0623202064820154
0,117605489179169
0,0699845186963773
0,129758525349107
0,0796666282513698
-0,00638964904970537
-0,0840817120906316
0,016583890452085
-0,134775522201741
0,190889502295799
-0,0703114241273149
0,205553739572251
0,368654684647393
-0,00505602814039059
0,172101756779511
0,184217670605052
0,132617161470429
-0,485030698334707
-0,0809314990742937
-0,372757239282287
-0,300620213460714
-0,284243057606431
-0,130519400158165
0,163641396674464
-0,0421875171341081
0,0123650453924529
0,02137152609557
-0,00529219512197856
0,0437959176025804
-0,00764199737216231
0,00987251180492647
-0,000986298194456125
4,38067076727794E-05
-1,45919143804335E-06
9,67798287961423E-08
0,00323518596578148
-7,8584128209426E-05
0,0238774566019012
-0,00138937637316502
-0,00680145244595364
0,0181181986033495
-0,0379370011150514
-0,0296161752259682
0,010364717690634
0,003986346622932
0,0277509964801834
0,20764473505446
-0,192025478021723
-0,0303697555423926
-0,0305395069189186
0,117066233339767
-0,0111982130665496
-0,0964480933566324
0,0116584276986296
0,200275532604408
0,0716390454985095
0,00675738487080343
0,00942088807371661
-0,0744313918660472
-0,112085110230121
0,316994815559747
-0,131923845212227
-0,0684496812832446
-0,175545293790322
0,148527537829977
-0,118658429441832
0,0385072945592389
-0,137206665594378
0,224034308982792
-0,189090825910584
-0,211260305892547
-0,253146806210492
0,381575502804802
-0,13688080830212
0,233967257323043
0,178781021810666
0,00844280823614111
0,211705383851001
0,152833650839845
-0,0892172091265547
0,155540651366473
-0,136980962341495
-0,0731163427632005
0,0706809345315238
0,0359985432958521
0,0710696277727671
-0,0243683318252418
0,00363162404836663
0,0211583259277543
-0,00184848808216085
0,0459290123313132
-0,0965253172769381
0,14983708929349
0,0162015382725873
-0,0245732135229753
-0,000279115004379019
0,00550698420152889
0,00368220932618271
4,43989731130554E-09
5,01653025305607E-05
-8,6755068684264E-05
0,00103039036038681
0,00083347192216734
-0,000260461984928922
0,000881445347698124
-0,000100717986554943
-0,00535919865745852
-0,0153666578287741
0,00757054517794304
-0,0339768347076285
0,00731973134427324
0,00199842675100158
-0,0195039626739157
0,0161299414782883
-0,000407734887765108
-0,015330869326849
-0,0107343374715352
0,0212007975292742
-0,00819176614005336
-0,00136794185357093
-0,124234002940209
0,0269921920683438
-0,010523393793938
0,00815205267662543
0,047394065161476
0,0291298371588198
0,112474328584188
-0,00437524185026548
0,278577445070008
0,274838450133944
0,229381632118013
0,181895357687648
0,0204296937256943
-0,0955788441270946
-0,16967199200313
-0,232562389456139
-0,332736936667788
0,168660640126505
-0,0496806242798291
0,149905977207814
0,261755465213032
-0,0121627087758152
0,0504735728829565
0,000626591720076378
-0,00397682473093414
0,206598403987016
0,0759234912667032
0,180511782848753
0,324136263878496
0,105401905321779
0,213579382880992
0,00748623453253618
0,10788105603531
0,0055435060092451
0,0513935964650441
-0,126962211752352
-0,0125621575277244
-0,0743165174029841
-0,304263786983248
-0,151051917475769
0,0523952529829861
0,0335397741522277
5,41420421083053E-08
6,50318029528249E-05
-0,000127435010707696
0,0146833663571079
-8,42739389487995E-05
-0,17103477603141
-0,00670106789683524
0,00143561048233596
-0,00137379842766127
0,0266392410769712
0,00572565570491533
0,0171420569683551
0,146927276189182
-0,110719370094231
0,0370738888442413
-0,0069865934925276
-0,0176601355224564
-0,0212250224264339
-0,0146524469957682
-0,00634144934256321
-0,0552931908858359
-0,0211598241676659
-0,0133338365184921
0,00282487618167315
0,00444781282062621
0,111590194379913
0,00408234059186486
-0,0204670825130623
-0,051149811414829
-0,00451178092398493
-0,0258528081664555
0,00103976446800777
0,0642434040941389
-0,00103479839245621
0,0371708017769686
-0,0597699025813284
0,142658631038079
0,008298690799847
-0,0381557819468439
-0,00243131845944493
0,0934492097184024
0,0141462133970321
0,0712294016930879
-0,000930025698885761
0,0888068817046811
-0,204646368631474
-0,366676685068597
-0,0656498394968472
0,194088313902136
-0,102381787054406
-0,0856461910244439
0,0061669253621234
0,0200179346189818
0,102447120770142
0,66532547607319
-0,17735858799677
-0,319731970697753
-0,0795833841559656
0,0325998306672926
-0,0151616341007767
0,11123698142376
0,0179835889359127
-0,120375634688528
-0,0466526993890517
8,19759366237273E-11
4,95191231811523E-07
-1,67395259691161E-06
2,52643735824243E-05
3,51329279778933E-05
-5,99215612327098E-05
0,000283223664895386
-0,000904833244879461
-0,00125036888590976
-0,000279976114378794
0,0295657231597051
0,00295842375179083
-0,0136007241087247
-0,0189363249501741
0,00268825756701097
-0,0605062700421682
-0,0154296501689974
0,0103364900545195
-0,00087093310863914
0,0382050045158644
-0,0596978215852412
0,152706310481643
-0,0218975570498069
-0,0035411297411305
0,0715349698306097
0,192298593969714
0,0593424640213028
-0,0664304558261511
-0,16051321763521
-0,0489961685143388
0,00923145033991968
0,0555800465608168
-0,0207205113280821
0,0432584643017478
0,0152854743791298
0,0539622215181095
-0,0515154115523971
0,0448957874058319
-0,129797310757233
-0,684053091861463
-0,234404501050434
0,199034028036603
0,090646302955035
-0,125510709384335
-0,128086493157774
0,206945478712052
0,33554484264677
0,0396553505069794
0,172172911018209
0,13134228246278
-0,0319231770174929
-0,083962145621184
-0,0599863505617403
-0,017043521190276
0,145492787366726
-0,0867400753394673
-0,0791067686017639
-0,0304116115532726
-0,0145101886380083
0,0299720804317431
0,035493817519077
0,0150121019977487
-0,0127698051424363
0,00719833241306164
1,95172158304503E-10
7,49239121727301E-06
-0,000264366275243436
0,000314430466541328
0,000843190364300597
-0,0032114171873394
0,0222170667842418
-0,0502335245266361
-0,00308669424534763
-0,000794631495279456
0,0980215844644371
-0,0512125680102315
-0,0559078494794312
-0,0849118991152921
0,187298558934456
-0,178971526558828
0,017688708144393
0,292836954318898
0,106826200432346
0,0320406731433851
0,0763670255872561
-0,160913339387706
-0,115981333622302
0,0312641309809306
-0,00149993724953373
-0,0877671968963912
0,0716731192467006
-0,021338308359736
0,278828771272216
0,185755338357893
-0,112312076340335
-0,158958887045468
0,0802075917107762
0,158164764127049
-0,0207893324500268
-0,00254111861127998
-0,0367928171419264
0,00088486385431348
-0,0834018392800523
-0,273668746970162
0,0623577725393725
0,0744487242420648
-0,0516638919641021
-0,00703700762399796
0,0523160380592085
0,0082734247313638
-0,12839355995228
-0,0755083435049531
-0,0587632015622989
-0,249286480044629
0,0826586773119279
0,188610648481313
0,209035945905559
0,043183012536842
-0,142471499065051
-0,475353812123685
0,157573761189755
0,0850123229336208
0,0526665035780987
0,00239290426283803
0,0312708586481314
-0,07152046644755
-0,0626226821760957
0,0478074703228698
1,17606581435352E-10
1,99269048348979E-05
-1,94923939634844E-06
0,000229607514998749
1,22666227441242E-05
-9,65861768550549E-05
0,000481036877707694
-0,00167881075342542
-0,00684860152376731
5,83385041412872E-05
0,00255407085632488
-0,00307732974087223
0,0152921497669807
-0,0291415624358813
-0,0209895364496756
-0,0140236488368824
0,0816387313230919
-0,00854379815384512
-0,079001806810444
0,174148510249314
0,142357316449592
0,0274010634934808
0,0321885241161879
-0,120107361885779
-0,102856706307305
0,0805642383087054
-0,0111230668988349
0,047732100566586
0,213491728989339
-0,277038590198946
-0,264712145096465
0,0857546073081909
-0,0174506116153262
-0,0699169594350596
0,168165046345899
0,0219447087373102
-0,00280161320719095
-0,144818361108844
-0,0269444305191133
-0,0134758190175372
-0,11285793457868
0,0153387346495962
0,0563825774395951
0,0825770279059677
-0,0919340955479887
-0,17297776394707
0,0625728322994107
-0,0227449067819853
-0,0393549499527111
0,00324007261621092
0,159934755952221
-0,0509241388570115
0,0829728989371098
0,362820478785068
-0,122354356683557
-0,0102904185907788
-0,285688674866698
0,318260920885939
-0,450492110377898
-0,0691307355946717
0,057966689458232
-8,40226140805442E-05
-0,013444959758723
-0,0089746767681862
5,44059095204927E-07
5,77607802478581E-06
-0,000241170446926513
0,00033668772112007
0,00090888608930937
-0,000282600291869406
0,00350191971005717
-0,0121459724064391
-0,0129124764237208
-0,00425931710345633
0,175941890184988
-0,0305174336325242
-0,0872127325826005
-0,114312824615061
0,152807672438234
-0,292406560255179
-0,050946387752849
0,207139482903608
0,0697400381675611
0,0782453846430207
-0,100623548238569
0,406911053658276
-0,0890962040308196
-0,052846067117888
0,0185440542267623
-0,0808205500135077
-0,0427886224598277
-0,0295137609144588
0,0329324102861934
0,00141726006632564
0,0588200801302973
0,121534668298918
-0,0270026099782409
-0,284827989109923
-0,0548155173046993
-0,0574035640504077
-0,0412381045844535
0,156396937579478
-0,0142961952739301
0,0483771783819477
0,0288261230581157
-0,103130254874119
0,189804275399396
0,104522667585904
0,0621803750483621
-0,15520640993498
-0,0121463210962523
0,107601041724244
-0,0531551575504298
0,00161564716402078
-0,122922809643591
0,0641203783046296
-0,136008850967858
0,00262221713742575
0,000174899717338791
-0,00786481797480999
0,0713286016176366
-0,190339081818439
-0,270008763210051
0,394335284783676
0,0183612041826149
-0,179655946321607
0,0912302145891535
-0,0138532791193633
3,17827220642471E-10
0,0662047842007445
2,86168072948304E-05
-0,00160147485577497
1,64854581007731E-05
4,59321844421871E-05
-1,39874744386494E-05
-0,00018700689128804
-0,00600381544820317
0,0026323442721214
0,000506981927067241
-0,00775750965229141
0,00640382478253448
-0,00874960586758218
-0,0162454126180564
0,00822931965217449
0,0280018591776743
0,0106026113702609
-0,0626137778521219
0,210250964434592
0,0820919260841384
-0,0138823476156914
0,0143670678259035
-0,239383376165117
-0,0820772394963962
-0,00578290317613876
-0,130687776081512
-0,110280639740551
-0,227431318968134
0,493689759459273
-0,00400193772025315
0,0896498363593689
-0,0572644704600429
0,0640466155607962
0,0627390416501645
-0,0489589432971636
-0,015758157855048
-0,06770642083858
0,0178522366445012
0,0315733105451265
-0,0114676482012957
-0,0273556358556342
-0,064003874566958
-0,231882394928067
0,439981913711434
-0,0438588599608972
0,0989953289682944
0,0854019297856795
0,00586183219752426
0,181763251437561
0,0762424172693419
-0,00390964871615485
-0,0152627966059358
0,361057670781301
-0,0564297009385336
-0,0184569980047994
0,0258712551168983
-0,0137103929762746
0,0330724851010962
0,123813479339531
0,138467898164059
0,183480935361619
-0,0773644758670859
0,0417435895678745
1,05088954558751E-10
3,19732749549819E-07
-3,44026812865352E-06
1,41920473268398E-05
2,87492782629766E-05
-0,000119934682031659
0,00265413775684665
-0,00756562257866724
-0,000995392529624407
0,000327516021921874
0,0309847196319273
-0,00315036160340307
-0,0184724841311872
-0,0274537724492609
0,0240806622613501
-0,0849805274405667
-0,019037956696369
0,0750049975341014
0,0369334571582924
0,039019858195632
-0,0405860513435354
0,155717431317257
-0,0843683134609712
-0,0122515158239289
0,0551990056976415
-0,0953486217701807
-0,0121112015278496
-0,046264376128085
0,182132569597169
0,169731378289825
-0,20682584613628
-0,223719003946627
0,597717466919257
-0,0274586753221496
-0,00964357724941516
0,0746132295967529
0,10436810207057
-0,091664226543694
0,179274820572358
0,0539526531400042
-0,0416288587562432
0,0703909294369276
-0,0262593395200296
-0,0464603124595296
-0,024512962416485
0,18622895577734
0,0604516862059725
-0,00258058607451707
0,0629527184781295
0,0749892439187196
0,0563256689275605
-0,0643889797376005
-0,0555341857624691
0,00263015630132779
0,268572134945849
0,342002503116133
0,184417931954575
0,257724171005891
-0,0290182644528018
0,00647222725049513
0,0433682916213988
-0,00161984722231689
0,000111458831858485
-1,57081104739002E-05
0,0112198601846666
0,000646980902050436
-0,00282339180704239
0,000471643991612336
0,00666507984690003
-9,33216348176604E-05
0,000980064589859466
-0,0112287679663578
-0,229127143130167
0,00126384800097921
0,0475309036895259
0,0733943381542532
-0,0587833473799087
-0,043967823942499
0,100009787863382
0,0410860252004027
0,0804293770533406
0,0140237508765363
-0,228701289878049
-0,17112733890531
-0,27818763253787
0,000395723741672158
0,0293725384742547
-0,104535756998756
-0,207515706078464
-0,0552579457840002
-0,0381342637497279
0,0325437415031522
0,0772786397686384
0,0526363641214441
-0,115162300281926
0,0739609628178868
0,0174790693427232
-0,127763993408631
-0,077675044240016
-0,218782753599691
-0,302122598182583
0,0841608460087182
0,00304528582287652
-0,02068302812682
-0,219162610895455
0,0818775323606706
-0,0751900610284506
0,0397040985268018
0,0472142086046047
-0,0830567096812948
0,125064286968758
0,225239697972978
0,0261977773476918
-0,233507496358721
-0,251119343943308
0,247926052241762
0,124352534493422
0,0582627334041036
0,0143105835520367
0,184586395450538
-0,0676486394306285
0,0851871761609546
0,166636075245771
-0,166329969368258
-0,0490166306495393
-0,0148208660720901
-0,207804085990762
-0,127238131433407
3,27292184189472E-07
1,92141757578148E-05
-0,00720707260064882
0,00513125349975195
0,000492649515390513
0,000100935091016481
0,000266694694056606
-0,00214622154177854
-0,00487326902662501
-0,00589444898725727
0,0246501842525771
-0,0434127539666749
-0,0336026904269987
-0,00800997994954134
0,105539096920525
-0,100666593799043
0,140287413342704
-0,130270798080831
-0,000582687999749897
0,0270423150087361
-0,0418785131913838
-0,050147142165984
0,127873763681768
0,0524965814638123
-0,00382566154661454
0,0902414521730085
-0,0399366346994446
0,0718571983337639
-0,0924315075209687
-0,0444643603044621
-0,0330195907269421
0,0654451931159184
0,0861987668693251
0,167386131952044
-0,220474571726433
-0,12568303563162
-0,0583714721536641
-0,0956734734495286
0,248938353925812
0,0951006893002932
0,0426450596626799
0,0125446419981514
-0,043531256211987
0,0652968342703561
0,040171199985802
0,207542875725009
0,0487401585551029
0,0715438026404951
-0,0040542500326323
0,117736996180579
-0,257833568181711
-0,256470209908321
0,598248234741516
-0,0816715449701934
0,00140664476531682
-0,110288209821567
-0,0741679974691669
-0,0371641989912739
-0,138400559502779
0,191861225995685
0,189963468880766
-0,0914841614458865
0,0968280616416899
0,00608189881031867
1,75970668837317E-10
5,06323649589992E-05
-9,92666743958286E-06
0,00053275497190318
-3,17041935407334E-05
-0,00224912748493035
0,0702894254424194
-0,143350772466072
0,00765537523825802
0,013109452733182
-0,0135118665060782
0,00105006711141167
0,0159087882842213
-0,0177226862894912
-0,11555859358808
-0,0428320630729572
0,082661758853578
0,00427908640542156
-0,00627753600638244
-0,128616439506368
0,0457548174144093
0,0437341222327445
0,0311791021145818
-0,0461577329925214
-0,0315797784801062
0,0542261022318736
-0,12993809673794
0,0295729088833125
0,0184987886651795
0,0622584842610092
-0,000728105110594175
0,156870282032563
0,0488504002252133
-0,035914217717226
-0,210628977203735
0,304613185269224
0,13154046749956
0,148852968559738
-0,158558131529647
0,0127145133704614
0,175377551758569
0,365483805992127
-0,219936673966885
0,385480945320166
0,100391444923533
-0,115804591663509
0,12729635981425
-0,0891830771364284
-0,00841908025489843
0,10209567747839
0,0123956152817349
0,0227449770398725
0,0283183530821696
0,0290986629160408
-0,00879669025029652
-0,0165071025508778
-0,173774805981411
0,234107677296345
0,23257502736219
0,26575719373142
-0,188156594717911
0,00387543571557972
0,0648514984314772
-0,0147388907057791
5,55483215850312E-08
0,00157578710451649
-0,000496038128535823
0,0138434866976622
0,0137036148557054
-0,000129849057796243
0,000758899022599003
-0,00263395758698466
-0,0019582654389638
-0,024356719597696
0,0231344682436749
-0,0537983728898867
-0,045567912268155
0,00716313344761686
0,108795573165881
-0,170265311822452
0,295070255220637
-0,456363316167259
0,024208719641857
0,0503933524674687
-0,0472068665618723
-0,0327398233320617
0,083072265247564
0,0941436910247236
0,136274358512698
0,0754054405385629
0,136858200699794
-0,057940032020901
0,276776578415798
0,291351057689624
0,153969083164227
-0,22764340229076
-0,0648722788720086
-0,209412659036677
0,145892681533121
0,0474924347651284
0,00395297038105934
0,168777042000896
-0,209856960143464
-0,0322164654080634
0,12595217273395
-0,11287619719693
0,146271457129577
-0,00760089803357959
-0,023448113292202
-0,236795936683735
0,185441182611185
0,0118964644383015
0,00205640360673311
0,0149794864561793
-0,0111181396858533
-0,161747699764611
0,135926163439603
-0,0250738008328472
0,0181034288622651
0,0621157045278954
0,00977599407531265
0,0500907731546644
0,0456959605647935
-0,0980566002248704
0,0334813036130636
0,00980266770552493
0,00449023111357018
-0,000859091211841827
2,21843225771285E-11
3,02155951729044E-08
-3,11154251775905E-08
2,1953542287698E-08
4,50611321561596E-07
-8,59102162728542E-08
2,29510128373031E-06
-1,85922852650554E-05
-0,000131672523184625
6,01120218428879E-06
0,00100863663353664
0,000457028376522567
-0,000793822992347046
-0,00144740563684121
0,000254407670796202
0,00353796080736543
0,002204747888518
-0,000221325308991261
0,00617742334112851
-0,000366624326653785
-0,00389135183396566
0,00390067334029143
0,00188397935215713
-0,00320041262162778
-0,0182734802549842
0,00224215786050897
0,000566104707635791
-0,00197300843703181
0,00442177164440313
0,00104510633832272
0,00255889301264677
-0,00365557991373345
0,00451386518864172
-0,0110097799454998
-0,00964404991314785
-0,0208081699768015
-0,0388945159349815
0,0313526827792111
-0,00998628711919893
-0,00515155754381345
-0,0106679184968617
0,0146203688136102
-0,0377421024796362
-0,0335907792963137
-0,0246299699814053
-0,00147612046477994
-0,0903615078832841
-0,15253716440579
-0,0155731901894632
0,183286208344745
0,141510534495581
-0,226090484531186
0,00369452922952397
-0,0370401861701049
-0,0733009995638255
-0,0600683478807549
0,114728424810282
-0,0274287112510032
-0,0333058552186824
0,0974445956653455
-0,0719696777083442
-0,101489089024538
-0,445569139251472
-0,779374252211729
5,60398889000073E-11
5,18562377897272E-05
-0,00631688104795233
0,000870609535442096
0,0224398660872115
6,06269568886782E-05
-0,000147781044977355
-0,000165318957349674
-0,000273323665104857
-0,002148880268594
0,00438093427723164
-0,0228667963212641
0,00675648697473427
0,0034895353467497
-0,00488582302756413
0,0134926538862937
-0,0143831026721775
-0,0111501279788981
0,0117784463754271
-0,017898246464289
0,0369355959673785
0,0264267699549723
-0,0713202910815354
-0,0912867525452419
0,00143055062475766
0,0382015034835943
0,122332410783877
0,341403793452953
-0,132485458091392
0,108889349225059
-0,100935366225101
-0,185791689668013
-0,05565756258218
-0,174773989626028
-0,199903887028384
-0,0487858463821077
-0,0598020452779339
-0,276475184701157
-0,200037109441434
-0,000382005186903926
0,0253451584800545
0,0214533213236416
0,183584230733828
0,15871477872754
-0,0774548314530258
0,0472832860729177
-0,0538244026728908
-0,0655397599835544
-0,0152954823729265
-0,00507718317590628
0,0224004534838869
0,0407292833631356
0,0676625490057129
-0,190199980363577
-0,0191960676117842
0,0547158141366814
0,0178213661312617
-0,0172063554008997
-0,134390684320267
0,182128047086491
-0,0517368233683981
0,467870028874568
-0,380776321713462
0,197187606727234
6,85144598830123E-07
4,97047240515292E-05
-0,000233018342004296
0,000565960069105936
7,19940019996278E-06
-0,00281399537697439
0,129090568708266
0,0782501254676546
-0,0107637069529531
-0,00593248475713028
0,0252462697844618
-0,00613155462916539
0,00171995368288272
-0,0185564184661742
-0,12430998003653
-0,0733170668692671
0,0209383886920865
-0,000201614629598815
0,0478035636897885
0,0172852895622097
-0,0767547191345038
-0,0469592030178349
-0,0540871407937263
0,0197378496803467
0,0157231039059234
-0,0242943407729766
-0,0369480805376451
0,0377525952758812
-0,0631453995349529
-0,0425982519263567
-0,0489352681787655
-0,0734953871975635
0,0128501845191559
0,173848592853382
0,173664900510192
-0,0758906276945109
-0,172898831324405
-0,00192529736774805
-0,125191257777945
0,132536520113047
-0,0747079057356426
-0,00858409610547409
0,0212317179607846
0,0852204280828118
0,0423075590675032
-0,143945018617705
0,0495004618306043
0,00538726317685834
0,0144579690446959
0,316566225318082
-0,353054969980548
0,162616403514005
-0,13635998068634
-0,170902199171232
0,109183204232706
-0,289094996112616
0,201547056209323
0,296975823890396
-0,126560216542792
-0,0777185812213844
0,000691067759283886
0,299090092997388
0,278938272161774
-0,206862471250314
9,92597946061189E-09
5,98074618504674E-05
-0,0143233964294742
0,00444056816247572
0,0496138001455299
0,000192810344437662
-4,23853662271277E-05
-0,00252919719512673
-0,0168220150079322
-0,0111439909847425
0,062921608174804
-0,248829344410929
0,0398965748013496
0,00716577175684092
-0,000746381219547723
0,0868490470010472
-0,0331171872925086
-0,00648783934947614
-0,0206536275785937
-0,0979550811903306
0,0397736834707086
0,0684132267891387
-0,00581785392585502
-0,150646693122887
0,0414136151605469
0,0402122613401469
0,14505791837901
0,335302500010902
-0,126651951514005
0,0189964372881138
-0,127991107578181
-0,246374418483853
-0,0509762588395825
-0,117922276437698
-0,105876601508035
0,00771940107600421
-0,0391356196084677
-0,132188171373162
-0,186077178026881
0,0711429968158037
-0,001866298231759
0,103496664208079
0,0826954228393615
-0,126437523029904
0,191648586246058
0,0283651388164616
0,0191363968508817
-0,0202216025866168
0,0213586827289665
0,046725003216336
0,1055894346318
0,125669809549747
-0,0721328884162178
-0,115496667566211
-0,0742800428859793
0,00974822863719321
-0,16379190759794
0,0690034710112697
0,122134982614315
-0,0677160987260527
0,366669770686909
-0,398268559700788
0,259642517236837
-0,166675756765091
8,40565352689365E-08
9,65870762682759E-05
-3,38877411739955E-05
0,0221278870251941
-0,00141549780355156
-0,0265692932336357
-0,000196025594319317
-0,00317462012195345
-0,00153743468483288
0,0152855564828488
0,012828144188216
0,0301703053494701
0,285139775931442
-0,212879002851663
0,0644148020350554
-0,0195001731114072
-0,0571607056076274
-0,0698688051649004
0,0257442821878533
-0,0188520780538585
-0,0304300192345871
-0,0293892663100581
-0,00802856702137198
-0,00313182979048415
0,00757554150029357
0,00975621567664795
-0,121016946547755
0,042590701635563
0,0329472492870777
0,0374403178936319
0,0298060911517465
0,022543296512137
-0,0307000262735774
0,011288174354926
-0,0964350974040426
0,68656413818087
-0,518259860024454
-0,0763209474067668
0,149118097259544
0,0244867586796414
-0,057240699833906
-0,13593227428398
0,0703462899480901
-0,0678103622267895
-0,0102818828308092
-0,00263687523560781
-0,0308215429966795
0,0354997280664234
-0,0917897965448073
-0,0318332184384373
0,0174970946958134
-0,0202750320752394
-0,0164355401750529
-0,00222890443092497
0,0711748552010604
-0,0404928765878872
0,0051759628900207
-0,02880910110001
-0,0249870691465957
-0,0401802309231546
0,0377437224323298
-0,000848233271650603
-0,0224052639800931
0,0050925639326733
8,49802949848588E-10
0,000342377907847195
-4,44749091355366E-06
0,000246932248214036
0,000158222030258992
-0,00024240811680191
0,00382671251260832
-0,0101723269844175
-0,0470974504383652
0,000773926915333847
0,00383084420048671
0,00865474669095798
0,0103397134063937
-0,0390712505435849
-0,000675706617927761
0,0215767741120946
0,0734351691484646
0,0370634173811042
-0,0771167499508873
0,131359081166381
0,0989835621463587
-0,00841185053694216
-0,0664482526188758
-0,0902620886326539
0,0667484674650458
-0,0725429891466614
0,0547844867341168
-0,0425212760386117
-0,0520914759764133
-0,1749837740281
0,369222081319712
-0,197908892481094
0,149968013398632
0,109162768648196
-0,187621918824064
-0,0319079183523765
-0,115082286543564
0,0707282698213505
-0,147542494008098
0,0533616158284559
0,163372934915057
0,253747662259045
-0,0737043800022081
-0,101240143182213
-0,256011804562548
-0,0493834155065543
-0,155936733513539
0,392655135163977
-0,0299137175788982
-0,106843628913487
-0,114465838395869
-0,199692195063487
-0,179531447957458
0,207875290355404
-0,117883422056946
-0,00241195288160052
-0,0108715482836575
0,0919620410026246
0,0313035412860004
0,067716444072756
0,257321053936737
0,123897955151048
-0,0433912909243996
-0,0277805534688457
6,96190261928661E-10
2,66588094380081E-05
-0,000180200586681792
0,000314824361789167
0,000676061190130327
-0,00359810177064673
0,0249157996261304
-0,057984801834751
-0,011642106820669
0,00106452888009653
0,289709743306024
0,0306671441460789
-0,0789272201257389
-0,0695452501367651
0,110485352869443
-0,108119707594297
-0,0984732093709899
0,124574036157967
0,00574325550266843
-0,00193307668214775
0,142173121755439
-0,227777108467594
-0,0497007988856855
0,0309875960313995
-0,0304955563881713
0,0430025992641792
0,00211561378727647
0,014126123986109
0,180170728629235
0,0726052114583286
0,12094904109481
-0,0840086913917619
-0,220616648503391
0,0710826094224541
0,0354037700723366
0,0828691165467023
0,0727695029429922
-0,140082544133177
0,00363973004285057
-0,0713119625329934
0,0768648581241525
0,150266380740597
0,0140489903375351
-0,214683626606777
-0,128350530208045
0,049542841453804
-0,134026724352393
-0,146441257080001
-0,0307813537772098
0,240922947724543
-0,305657820725999
0,21377724802201
0,091209549871584
0,108086725564986
-0,0142850362390236
0,42319705463143
-0,179075552886272
-0,102254355522325
-0,0369664335849342
0,0433609269813346
-0,116840652008806
0,0489599933844317
0,112338147665723
-0,126560166544055
8,88500522447243E-07
0,00107336434185155
-7,99961058196605E-05
0,000319551987894874
0,000879562042226331
-0,000149059545763195
0,00131634659983784
-0,00654184584276515
-0,0976014222416241
-0,000167108008716945
0,00575418812383701
-0,0315735458452574
0,0338479814268691
-0,0560335934976669
-0,0895189250176031
0,0138748338664499
0,141924613503218
0,0197064950967709
-0,164568539212163
0,552972276592112
0,205775717031335
-0,0463881183430625
-0,038825687626016
-0,319367353301915
-0,0994009669545183
-0,0204160635727665
-0,0861461979872571
-0,0429676930422626
-0,0523563241178476
-0,0471492751861486
0,00756066805806222
0,00101596802227749
0,0386076998567614
-0,0662712332026622
-0,0555796630464769
0,0644378191236903
0,0464197742774527
0,0905538994454945
-0,064127997831732
-0,00404956228570148
0,0596943460404548
0,0188964769095369
-0,108671246926176
-0,182230092725341
0,0467323049729293
-0,00997463151606723
0,0393424538283372
-0,0657856112193014
-0,00296254883635654
-0,17599113460975
-0,104078957833806
0,00985896678927801
0,0593137705832719
-0,47276067515133
0,0837029171996295
0,0162310150282782
-0,0127914262665697
-0,00840235422010213
-0,0993297307817284
-0,094211174609932
-0,239484959024581
-0,117009367441057
0,000412547649363095
0,00122170992744081
1,33486769266285E-10
8,94943592847379E-06
-0,000197685600767324
0,000281400981993658
0,000706614334526015
-0,00264198610693066
0,0251868729018219
-0,0565801807466571
-0,00215633328102715
-0,0271461636847365
0,0819280054981367
-0,0389240316195079
-0,0475526873296016
-0,0770413129583342
0,178479710017255
-0,143692188593597
0,0286548162544533
0,265484020514751
0,0684350703750745
0,0525866497911936
0,0653542988767899
-0,212200045325568
-0,0634459408118392
0,0345233879546379
0,0236049549053172
0,35513181766069
0,0673096848373902
-0,0522149445149752
0,0830670236606215
0,023511047990008
0,0600667102108678
-0,0575068474884892
-0,153699810314872
-0,0617924613293263
-0,0533245381391534
-0,116730544792268
-0,13264769433642
-0,00599513040476156
0,0364999734282682
0,398069762035371
-0,0753649431088034
-0,0568656178945228
-0,244354397351855
0,0674740036738526
-0,109676676947352
0,157055360670029
0,37892224419558
-0,00279853407024882
0,195325607804368
-0,0357387759667404
0,180075043201874
-0,0619718010903947
-0,199176149916826
-0,0269620225564644
0,170601145644651
-0,0863743667909623
-0,11045453352599
-0,034625303714592
0,024354850751723
0,00501325067070068
0,0219969220749383
0,0378202896938714
-0,0388263290340988
0,00495454333307766
1,4828863705518E-10
0,000503219835663515
-0,000114273920007463
6,34582447739207E-05
0,000954578719602485
4,15673000331098E-06
4,55640869731844E-05
-0,000477447501793518
-0,00708406599744834
-0,000920720828545875
0,00835036115521567
-0,0374251283905807
0,0119038556630215
-0,00570590813290865
-0,0216268899521851
0,0236816529137363
0,012590625203726
0,00775825775096827
-0,0523603237653642
0,135728851444452
0,0548529114110559
0,00559777104194274
0,010758231774996
-0,199980013353601
-0,0462732503886104
0,0169243289459468
-0,0728854591535305
-0,0625582794817173
-0,17103345827734
0,474094841922634
0,00326051395419144
0,0747226498094765
-0,0654890672500539
0,0921409287836267
0,0928008520954995
-0,078465018106977
-0,0479489952513026
-0,0719675410869707
0,110204909274928
-0,0275508268294623
-0,0583532629254751
-0,0138567881362928
0,182925823155928
0,454191462978598
-0,515632954112679
0,0568397356683373
-0,158270179950829
-0,0210972832179064
-0,00589605787988306
-0,0373073450347031
0,0177947701343336
-0,0104454252455807
-0,0470226044932002
0,00497911817257928
-0,010207481365685
0,01104573887146
-0,0269405126926447
0,0332655260907955
0,0714021510598359
-0,0954618500346679
0,0625011935897731
-0,168733054731493
0,132302528343913
-0,073191198030648
1,36864395031135E-11
1,5777315638182E-06
-6,42552515050703E-07
0,000530232535871412
-2,27663728775486E-05
-0,000186064083582394
7,25809420423515E-05
-0,000384539465321579
-0,000422376188786726
0,000708283186870083
0,0189396545071072
0,0105334442393744
0,0679319158853591
0,029850504989055
0,0157838629048754
-0,00459916599277741
0,0187289714380554
0,000881449275522315
0,0114065929853065
0,00202247402938657
-0,0119595936788544
0,00114909498572727
-0,000330453286543416
0,00135530590078601
0,00724325477624693
-0,00409710970575571
-0,00550217907705421
0,00143882546780835
0,00497645599770403
0,0125806290540152
-0,0107294819212258
0,0041587111964428
-0,0027728183218492
-0,00430873882724827
0,00215866122972617
-0,0799211810299226
0,0946353352325331
0,0471005890187963
-0,0929573691970406
0,0284710820735896
-0,0672450108166915
0,0181470288289544
-0,0442190814256156
-0,0314427689077929
-0,0770519456186885
0,138678793265629
0,135204942319696
0,0648872657101243
-0,888810774173434
0,083756328471871
0,0477329988552768
0,0602905207216494
-0,0168309552841286
0,0114964289206901
0,284496317060377
-0,0776380365286883
-0,102032114361076
-0,048762439285486
0,0304915675817709
-0,0347467666803983
0,0451057141501287
-0,000790894513511411
-0,0539648437736459
-0,0061530550219273
1,13111428235961E-10
8,55810466445344E-06
-1,6617524885237E-06
6,19300348737626E-05
2,2315133676539E-05
-1,98839909863981E-05
0,000150817334485644
-0,000696395331347972
-0,00599925365506874
-0,000289040914490203
0,00268629159871463
-0,00397464017420511
0,00681261759207666
-0,0118878168891294
-0,00893195789915059
-0,0101043250541028
0,0541564555117589
-0,0153224753164481
-0,053569741968838
0,186668399678525
0,0851734490058393
-0,00573453584861826
0,0328324455665747
-0,159414915611655
-0,0664779955770706
0,0735569014100021
-0,0330711646092438
0,0562641698028012
0,209689768818268
-0,254240228519891
-0,251487873874253
0,0989170650554159
-0,0145449865322142
-0,0478911409465949
0,0876381885567599
0,0747132815472835
0,0643102011472122
-0,0476223107969614
-0,12768527966331
0,0281323145581216
-0,173962197980228
-0,0483224520766175
0,0243870743491427
0,0364445733458969
-0,133657822634365
-0,0702918890646406
-0,0125975335568179
0,0072765520352318
0,027251212561057
-0,00951115958805945
0,0458684238088504
-0,0122897129988513
0,142915566328899
0,0840477256949997
0,0689378221579347
0,0566273737763905
0,314081534299762
-0,306735822473783
0,46074860618601
0,203287441769658
0,232160283808662
0,223966733756324
0,183087528287921
-0,0995592673653168
7,0240659595083E-09
1,24401920711555E-05
-9,1961187509421E-05
0,00183060399465588
0,000181770144123911
-3,85862791423082E-05
0,000723434146144091
-0,0022060808912943
-0,00296054906951546
-0,0033074161778889
0,0616037947461081
-0,0046666547650898
-0,0397042399663076
-0,030347315215464
0,0347467905485501
-0,157378253153264
0,0488773197015353
-0,117780323527362
0,0107574328195653
0,109999649322149
-0,0979444742278158
0,284243792401986
0,0942455889853011
0,0229423617247236
0,148165663283442
0,0902385389576477
0,0482523231787287
0,0820919507810028
0,0459914034474063
0,00856548379635579
0,0597534783866936
0,0614910782544934
-0,208147462182536
0,194684052154967
-0,0898512252413301
-0,0880024369333154
-0,092081409649065
0,0218720423122114
0,0571041842666816
-0,101233204392615
0,0671417790740917
0,0475206163751034
-0,145651566300699
0,0863706197909481
0,208561375881058
0,214505881327959
-0,206431457527488
0,00377866052093446
-0,0511587931496027
-0,313541219274839
0,300601162481667
0,044526482064262
-0,00627446663446
-0,0194905892849028
0,0655454284605653
0,191142284025119
-0,00424102790539232
0,0739379988379423
-0,0867537369341125
-0,104421686393581
-0,0507789065141595
0,320682841342962
0,285714067346479
-0,241104614989212
1,06320079062099E-06
2,38693417155496E-05
-2,06065150943068E-05
7,16134219933914E-06
0,000128227136922944
-1,80722892178294E-05
0,00037551568321571
-0,00228281518983943
-0,0150510731886484
0,000522986645109641
0,0774157770369031
0,0330885243664068
-0,0456872781899494
-0,0730737287165624
0,0121111999920826
0,16252850658281
0,0930008543720309
-0,00837842572963084
0,215241630403332
-0,0122453022345809
-0,122783290516041
0,111396723974242
0,0473829208798734
-0,0754565864553092
-0,404401799111548
0,0456950197169909
0,0109458982946295
-0,0356449552442789
0,0707751323147193
0,015331254451224
0,0356623451845379
-0,048550655271962
0,0533686529823323
-0,118940189860315
-0,0981364326365731
-0,188738334890359
-0,318828915951972
0,242583719747284
-0,0747507892489858
-0,031078904919994
-0,0643261755015937
0,0717117917580971
-0,165367934945291
-0,133019187719888
-0,0921611029248097
-0,00473337210179539
-0,275913625157746
-0,358789031481267
-0,0275766921053324
0,266964975195882
0,15022143454452
-0,171767822217275
0,00216296325564657
-0,00943071075103342
-0,00652387771912794
-0,00271882518015353
-0,0097744044594479
0,00492142066420112
0,00729967818705855
-0,0234612528480456
0,0194210245793934
0,0296435908876256
0,130310411365106
0,227981484747304
