0,999841314978443
-4,21436864006602E-05
7,9014754670932E-05
-0,00094616617330978
-0,000138487970682708
-6,97329814445671E-06
-0,00026890676384037
-0,00540604856407372
0,00269065510780592
0,000398526495062047
0,000136341776548046
-0,000529960944063478
-0,000197841156479965
-0,0019909865120851
0,000380939322675055
-0,00027711016870424
-0,000296501636654283
0,00208718677000623
-0,000191965559852184
9,43484179136294E-05
0,0019627655046556
0,00688421629033136
-0,00195170862505158
0,00141450738215279
-0,000111795463156385
-0,00440493255555241
0,00162582673731178
-0,00061497141368652
0,00168874271331065
-0,00230258156383911
0,00298158444479035
0,000155076727519448
0,0029219308421923
-0,00106474673333504
-0,000363467106541855
0,00354670239951699
-0,00426970010596642
-0,00192634644036935
-0,00177162316621511
-0,000319534227536979
0,00265753333524358
-0,000429835794486129
-0,000281478751179054
-0,00336785222445948
0,00197248770137887
-0,0010000739295906
0,00282186409426795
-0,00354704005642389
-0,00128272287010684
0,00313231271965912
0,00129222894321579
-0,00201373207290577
-0,00392177621283042
-0,00110460569420196
0,00411065865133785
0,00326310679275814
0,000393564636987793
0,00231807204896135
-9,74956154177112E-05
0,00201199240216343
0,00120051611877542
-0,00297529246688784
-0,000833968039551441
-0,000761890668935855
1,58121392447832E-07
0,986696143774889
0,00118353032850824
-0,0170309065739423
-0,000616085909449174
0,000473041439229972
-0,00213364821535759
-0,0332544808861043
0,013266201953237
0,0111995711228369
0,000973519910691344
-0,0206490609275187
0,00608705959935762
0,00608376134694109
0,0314570739352084
0,0493265763500341
0,0120485454624466
-0,0144748579468683
0,00610051713560801
0,0111764725045705
0,0163238911585949
-0,0145839699370389
0,0245974919546526
-0,00968442157290497
-0,0416379500527179
0,0460486927255168
-0,00718308551936129
0,0158949441683271
-0,0333950517241272
-0,0105615211936706
0,053928643346536
0,0227201401564827
-0,00504706577399289
-0,0203250094328352
-0,0108180977844058
0,0145189571173697
-0,0274527018469681
-0,0220656815160861
0,000612768261072452
-0,0121893495249063
-0,034680284715521
-0,0338806029095158
-0,0208810255552873
0,0264176880048866
-0,00851833905450603
-0,0151850734596401
-0,0124132399730572
0,00914278004875575
-0,00541594269163138
-0,0223647770380669
-0,0106211283235447
0,00194075702086112
0,0113814807081481
-0,0244436469686539
0,0452074311570982
-0,00143186177580881
0,00962467403039361
0,00794370928628912
-0,00631487292119595
-0,0138552289115029
-0,00694051712302136
-0,00190601442080605
0,0156508143772687
-0,00370942449730583
8,18949286276472E-07
0,000835293998006316
-0,996879250563173
-0,0205369682535216
-0,0515687896992399
0,00378862152205943
-0,00983056531617518
-0,00449289397429859
0,00811387600585192
0,0110889164592991
-0,0142308166334301
0,0420152215159809
-0,000614330013081977
0,00901565105640811
0,00551894852417596
0,00737713628637173
-0,00589980148801883
0,00900586956356658
0,0019298456461747
-0,00635229788540594
-0,00130424985791468
0,000803527219333437
-0,00850273685592095
0,00019451558648548
-0,00388335563053794
0,00517903360848281
-0,00672060054616944
-0,0131078498595122
-0,00364703010322821
-0,00100164334224292
0,0053936348901476
-0,00252845352979605
0,00274611226091538
0,00933024965364667
0,00304856173761812
0,00273390171673779
-0,00164852718865044
0,000782884188450596
0,0016695119882731
0,00413510191063976
0,000494448211447003
0,000148615243469416
-0,000321426056182305
-2,52917056677802E-05
-0,00145470049251346
-0,00158855100299744
0,00131527410164624
0,000655601735019734
2,40370505933341E-05
-5,25847701052079E-05
0,000966124005972938
0,00235478395143823
-0,00130728749027123
0,000896078624523607
0,000325338422517674
0,00108470189980368
0,000268528717255649
-0,000412736489981776
-0,000113634294463903
0,000123358651278116
2,67084230517335E-05
1,14965259633139E-06
1,32909475052097E-06
-2,38835500459119E-07
0,000889894046519728
0,0171481539148791
-0,00710674793375194
0,940307498039725
-0,0902228293550567
0,0189977484162529
-0,00454209363967933
-0,0163825823938401
-0,0035790154473512
0,030548683616472
-0,0453670480316599
0,0836187845312139
-0,00251346467818155
0,0169404318089783
-0,0539765888496307
0,0951674920383732
-0,0991039833670198
0,0558535546568156
-0,0170577694254589
0,0130318672520587
-0,0229869357792576
0,0167274034041499
-0,0108371518479652
0,0209360213999212
-0,0409177685389421
-2,29830900446997E-05
0,0497770681990315
-0,0315801584256091
-0,0645425535121425
0,057333464670236
0,0186183143487141
-0,011874032546304
0,000180935399685015
0,0432717728811754
-0,00854570328304922
-0,00236123432399098
-0,0211942102554321
0,00365631724922417
0,029442004159216
0,0853029557196674
0,0386824101943517
-0,00991334480606055
0,00727852445126122
-0,0592615580952734
-0,0280487001270684
-0,0204853403963125
-0,0331271395978815
0,064118225803806
0,0344200380961162
0,0804811677220901
0,078225336711941
-0,0546012758854579
0,112438915474169
-0,0207401833270891
0,0204560882213299
-0,019516389671716
0,00676960513810043
-0,0379718362644759
-0,0201144879110828
-0,00309330870763955
0,0389077597441393
0,0173821588036443
-0,00893589806250358
-0,00264394302724586
6,94830085213476E-08
0,000555333651882214
-0,0445415741798521
0,0755330348297464
0,964458148665418
0,00127117560991668
-0,00104981438586369
-0,041416395932349
0,0128788089081077
0,0251780072469933
-0,0484920634712425
0,094113969751928
-0,0108229785609859
0,0277379127938891
0,0410040813646319
0,0382733217673085
-0,00223592187082475
0,0286237164557502
0,00824514000030029
-0,0576292872578752
0,049835093154536
0,108911706329266
0,0257314570630938
0,0575986918234781
-0,0230821674466382
0,00882657137166895
-0,0259976885651402
0,000322904157882571
0,0327011928602195
-0,0242368919979587
0,0154936689497972
0,00481338046251122
0,0438568969761954
-0,0135173826658706
0,0152933973459683
-0,0269028606855004
0,0286755073086926
0,0302252649354738
0,0247011296833304
0,0415574363235862
-0,0528360799101272
-0,0202088515859526
0,0137014759755648
-0,0161754322637726
-0,017338212755284
-0,0241231712632837
-0,0111227200971228
-0,00856869676058941
-0,00356490341916865
-0,00503331618558688
-0,021640360936723
0,0261556684901151
0,0341711346203826
0,0210775438958008
-0,0432205476815978
-0,028636119845669
-0,0110994131120198
-0,0176065354349922
-0,000696449311620734
-0,0148774341666808
-0,00575941840377594
0,0227657845921751
0,0055704337324298
0,00570303360119124
1,55938219633509E-10
4,6031952423378E-05
-0,00106176041943146
0,0106661665723661
-0,000945744845979726
-0,923585152944396
-0,0855105806958647
-0,0110223069002803
-0,0234253314316931
-0,00162533147584308
-0,13378212188738
-0,0675912531096039
-0,0612671538092658
0,0510117888976966
-0,0408623887496417
0,0278781844062441
0,0300867863143714
0,0146236595489052
-0,0247242993782344
-0,004539706157403
-0,00624853582039551
0,0110912537958366
-0,00536482849305227
-0,0401148857179804
0,019953403589062
-0,070571196624128
-0,14004906061673
-0,00510619239463054
-0,032301345250937
0,0424791482108902
0,085967125910996
0,0149508272760486
0,0133195992092458
0,0958515944697721
0,0779686622751881
0,0265307634303928
0,0415233122354817
-0,0328805960960985
0,0288333951666942
0,000776696844762862
-0,0238485338325718
0,0170230219668098
-0,00565139539023606
-0,00884178607601299
-0,0547105781072951
0,0566460459802279
0,0516832780328985
0,0274537060569491
-0,0600035460487896
0,00148730906808231
0,0373011950748762
0,00822642635768702
0,0345218211334464
-0,0491956296012294
-0,0695167491796706
0,0894448977555112
0,114481492855126
0,0150813807798598
-0,0270931536453858
-0,0138739413475727
-0,031667255730003
-0,0315262347880851
0,0012558386871103
-0,0210726110258349
1,11160067923235E-09
1,94139078485981E-05
-0,0117226733617757
-3,88896502559099E-05
-0,00216643478940946
-0,0424004054325152
0,697485034089101
-0,31830275654219
-0,598496619696882
-0,0774330258711415
0,0295520470464635
-0,000398647390553882
-0,0147783875545416
-0,0319092691167919
0,016458164536905
-0,0179493481275705
-0,0238438505776033
-0,000546487180177164
-0,0199857554722786
0,018601042455507
0,0136942820677205
0,0161769019514871
0,00453681864329928
0,00284413688008373
-0,0156426600395009
-0,0228846060532275
-0,0134243238069141
-0,0276522895446241
-0,0147084440699284
0,00701195489247894
0,0184023948088724
-0,000315609741116381
0,026291301975957
0,00151642559449092
-0,02086378332881
-0,0272664741088733
-0,0178086741656007
-0,0493839737120456
0,0186740723262761
-0,00720798345406802
0,0188486352584959
0,0229754114910813
-0,0145082500758608
0,00082339214894517
-0,0236343311250873
-0,00675256492335365
0,0306649213230541
0,00566712407367579
-0,0034756230278686
-0,071916230212445
0,0379697213619745
-0,0585162027052517
0,00194403598059616
-0,0611989351751125
-0,0702740892679394
-0,0445863083394076
-0,0359755699008639
0,0472343226293918
0,0652890557827694
-0,00136290518970633
-0,0355986736820238
0,0208484223938486
0,00633385276610481
-0,0359740626919516
1,10191549253723E-09
0,000121714242013243
-0,000763112479551943
0,00230164893413628
-0,000183236743730446
-0,0533481955511626
0,660991747611606
0,250234620077987
0,58756839889911
0,183339088974031
-0,0593128649305399
0,0039217323512548
-0,0497009736350446
-0,063255109120088
-0,0657828747441499
0,054736620652638
0,0872771635742484
0,0223500137026055
0,0872252844283619
0,0488133763691064
-0,0401415366069299
-0,011661042623724
0,0110417523377559
0,00446488958640741
-0,00981188569303517
-0,0145657026672111
-0,019289503608812
0,0230598983316365
0,0115865328169828
-0,0128815122453905
0,0410264498088043
-0,032928319721856
-0,0269631689643595
0,0404139977428134
0,0449443541079668
-0,0250669002485294
0,0358383174150239
-0,0486676754963616
0,0096725088470468
-0,00924438509118326
-0,0253068225725733
-0,0354655714939618
0,0451547965451327
-0,047226080801937
0,152373193547223
0,00667356116484358
0,0520071257648897
0,0451035372352065
0,0329975450459818
-0,060102810061076
0,00427218519660363
-0,000920730573090873
0,0132894399179676
0,108770251770727
0,0227340819554631
0,0107584478736124
0,0848498952043611
-0,0194040375095896
-0,0472113006070924
0,0120914439242567
0,0566214641692077
0,048955654039133
0,00185226387232729
-0,0351940488963675
1,2488061193739E-05
0,00354530112293796
-0,000633596274958355
0,000901182292250199
0,00659568445746651
-0,000816487261318415
0,0131330246230566
0,747505712622814
-0,406600711086763
0,229766253952623
-8,77402131257227E-05
0,0659032795063196
-0,0821340675994904
-0,0157102403692539
0,159331638826528
0,18812797766554
0,0477907791729167
-0,0848182331243733
-0,0141357509675279
-0,00399969385189619
0,0899029599645457
0,174921225808504
0,0116565231863945
0,000691323843370645
-0,0659053667180078
-0,059823218116419
0,0105415320253112
-0,00377405419772004
0,0355563873662536
-0,0140348030387947
0,0664052549707783
0,0195645573040532
0,000355060878432433
-0,0374541595958582
-0,0196627770625327
0,117765101233634
-0,136603182219278
-0,0675903422511825
-0,0467399759030678
-0,015389322071727
-0,0163235248663676
-0,0602923009013514
0,0369967608781326
-0,00813736063545232
0,0289852291698315
-0,0351664545423272
0,0407410835737681
-0,0494469866414994
-0,017575087100096
0,0643547659922222
0,0630395829184775
-0,0696900104196743
-0,0843363117222016
0,000953540019956831
0,0575321671412508
0,0609404065807545
0,00476000012356345
0,046970886255853
0,00222715324911573
0,0330596533954465
0,0182522537542572
-0,0602077005378127
-0,0141554277988634
-0,0152094678180363
4,59005470103528E-11
0,000580424881487437
-0,000197994106834637
0,00264590837162484
0,00323139801691934
-0,175699505199135
0,0127473800672829
0,0224456169363249
0,0610568638070937
-0,000230946277803885
0,81445999324265
0,310949393049105
0,07687080585428
-0,0158096520923202
-0,0139136855654855
0,0243438837727829
-0,0952120249382154
0,0221677002667767
-0,0186086520247808
0,0155315846847734
-0,055219679678914
-0,0412404045444647
0,100903469739457
0,313029405961756
-0,0695800963313959
-0,0437105891930173
0,0498342477376475
-0,0351436528201458
-0,0373375328445727
0,047857394213457
0,0220785549641164
0,105565171976194
-0,0307080346835523
-0,0201799102817049
-0,0391334706254851
-0,0280818216961798
0,00999897425749319
0,0162850313616954
-0,00219649216867161
-0,0828420426265449
0,020528000330946
-0,0133500839703778
-0,0200154800718027
-0,0188995023752555
-1,24874585012589E-05
-0,0118160508129125
-0,039285610890793
0,0156814144082869
-0,0142706045829621
0,0148744971119708
-0,0783507528997585
-0,0576549701600726
-0,058853115716009
0,0671734126992726
-0,00495519928317229
-0,0132459614888631
0,00737017880828971
0,0398974880669583
-0,012885135629148
-0,0912321282275988
-0,0678931834469306
-0,0365663871101958
0,0225722468318531
0,00658762400850532
2,07856103399876E-06
0,000132946029226501
-0,0326875859448847
0,0171285609642136
0,104929833752342
0,00109354599142319
0,00345018600441466
0,134344724522462
-0,0566632062199614
-0,0536942105299431
0,163032063060512
-0,590257548687274
0,289565604971234
-0,143931185348272
-0,350254389956123
0,0686017303620502
-0,0791998924683758
-0,0312702936675403
0,0900191506985625
0,142166186315068
-0,0962748136420529
-0,0834301113872881
-0,095854786102948
0,0690337099268524
-0,108168518898912
-0,0272820484420243
0,0748924607941786
-0,22590039459808
-0,135812110001261
-0,0656668878873738
0,0444421142436043
-0,0508163854595391
0,0571634296924924
-0,0504488983628123
0,0521913607856622
0,133285363080289
-0,0325693162302695
-0,0269265795209533
0,0247612286436974
0,216932703588459
-0,041327300470433
0,0527141672007288
-0,0287125025065895
0,016973404709964
0,0322860476847936
0,0775085131986862
-0,0545087144721627
-0,0309078867216176
-0,0177180430905528
0,00307341761135349
-0,0810578808923059
0,0256372376458272
0,0445424338879647
0,0440908024137411
-0,0108861649962624
0,0453469893611193
-0,0158195846084949
0,120362275270835
0,00541670048389135
0,105200411272857
-0,0930518545678801
0,0570049337641627
-0,216643738199595
0,0610436479287086
9,86200144428329E-10
3,66569920145297E-05
-9,18203006350024E-06
0,00189009865401709
-0,00016058351311471
-0,00139016066257168
0,00586980680938643
0,0347792434824259
0,00999277011124903
-0,247953946938045
-0,0486363643974703
0,117708708712775
0,299114241400921
-0,271635285456223
0,0219937406138906
0,232583662961633
0,520594042292166
0,150323498388909
-0,542157855084092
-0,015338660885879
-0,280843073096505
0,0889426591409829
-0,00891233178285323
-0,0226973273245735
-0,00220279564297904
0,00739354579546641
0,0199174038523226
-0,00604156201296192
-0,0133018346601008
0,00635925134903107
0,0100539688098931
-0,0099680696889636
-0,00126120401127306
0,0259005546722505
-0,0519384832494998
0,0365813805539484
0,0987852980984678
-0,0134087435719467
0,0138948509956949
0,015600893822989
0,0187394916245179
-0,00331183015509652
0,0131535307299478
0,0146228838929068
-0,00947912364193747
-0,048179435297753
-0,0352687700367636
-0,0380853302501373
0,0770138760461037
-0,011035943697295
-0,0055484601619081
0,000181091923747082
0,00209694843505584
-0,00231613541105326
-0,00239348803828461
0,000882430911626795
0,00147852028286175
0,00048420267545978
-0,000432211866518072
-0,000105603605581262
6,5714948701255E-05
-3,44411025803177E-06
-3,75183711348949E-07
2,60505670890958E-07
3,35160970300203E-06
0,00198904001743271
-8,92312230018769E-05
8,83885019781663E-05
0,00103848005924645
-0,00153805800915732
0,0210503549876889
0,142995822768259
0,00671443431528833
-0,567687299226986
-0,0807857765067032
0,216327100103834
0,00139594031034586
-0,00894179901670679
-0,314239154884101
0,0359157770040146
0,0988074969941643
-0,0376305622879695
0,170614904251033
0,0841702152692695
0,404846522450444
-0,127519481242303
0,0828197889273206
0,0346612018831434
-0,0499036357132641
0,0183176740888874
-0,00100812133177645
-0,00174287194634558
0,0151812127422385
-0,0168456527791806
-0,0582699552902628
0,110821858284581
0,205238838468237
-0,00570841979187793
-0,00324460580385432
-0,137787861111445
0,0025673322075958
-0,0460148843800845
0,0343467797944073
0,0950925598934723
0,00386764350076298
-0,157288289882862
0,119761755596154
0,00692120615763138
-0,0890480535270531
-0,00663149739017428
0,0503571780963364
0,114114217328387
0,0237573857175245
-0,101422663626718
0,09335716155894
-0,0536806994031005
-0,130986211275868
0,0289475352911866
0,158170911402096
0,171252358211332
-0,00748678219355858
0,0514573859721885
-0,00278407513893541
0,0412345638942641
0,0517308780026665
-0,0782013701787577
-0,0110050423430475
0,0666419828548834
3,87670968527345E-07
0,000586258271561714
-0,000253058788195744
0,0698512577567806
-0,00797344283932533
-0,0211108943577084
0,00120224395732912
0,00980526322862313
0,00494930902704329
-0,0172906847839214
-0,0784501950863743
0,10742230313055
0,456247210130082
-0,404359435266053
0,300575605816127
-0,148887615375356
-0,038804733599503
-0,164689179434348
0,232980656799897
-0,123206041377604
0,00795478597748841
-0,0654716480341308
0,0263526359092535
0,00347069710290412
0,0590166412444196
-0,0382560863818222
-0,0632028142689341
-0,0040807761540347
0,00851576434046163
-0,0111702960657419
-0,0756942918056581
-0,00871847790957036
-0,0419676237338245
-0,101404220201914
0,252075421267215
-0,22883601827492
-0,31939785633235
0,105095254070741
-0,0160990411592875
-0,03731345808666
-0,111714085029578
0,0161193168612151
-0,0293739099754667
-0,0272511878376066
0,0207054323080176
0,0820560279393712
0,0378882759525364
-0,0207011832894922
0,0603317937044615
-0,0364398682030191
-0,00799605133946486
0,0276109562170831
-0,000576127704289912
-0,100612950557276
-0,124984257308124
0,139420556231311
0,183311459458174
0,0542166398537878
-0,101711788794506
-0,0290207635896711
-0,0632990914310271
-0,0702706461828942
0,0117192321035593
-0,0196551776185012
2,16376724010482E-09
0,00236192787048257
-1,4191767354111E-06
-0,000209781573771802
0,000413124464383782
-0,000274331977177131
0,00512334867005822
0,0526405638524561
-0,00869361592694863
-0,12004971911829
-0,0311496362165314
0,0926776922086861
-0,0707660720838139
-0,0756862069377704
-0,309932604455865
-0,279981190605243
-0,0826451575715043
-0,132920762651428
0,0411078319979591
-0,350781908503639
-0,339489799098328
0,285691094214218
0,138282838840574
-0,0741651991355353
-0,179735638474437
0,0972251119128294
-0,0203282471353173
0,0476582649282427
0,066677205286981
-0,00227002223037447
0,0868607957311116
-0,0344688184349994
-0,0646839030718673
-0,020353773390082
-0,0488935481145992
0,218251424391169
-0,219083418370593
-0,181825473327543
-0,126437125858648
-0,121273693891346
0,0818594434831888
-0,162090670701529
0,0841108781439952
-0,0490431570710676
-0,133237198406805
0,156711903872247
-0,0894154697185412
0,200430462522009
0,0736789844732726
-0,123934317799897
-0,0812548379376671
0,119551706616606
0,0595362564651319
0,0101642428684376
-0,0101190070093547
-0,00259096113596145
-0,00189222220111814
-0,00059730583093449
-0,000107439016529009
0,0105685925423246
-0,0276751546299003
0,0767049360807684
0,0533419266854306
0,0724639967942497
4,71622814989778E-06
0,00102645148863968
-0,00355921933631232
0,0120903616398412
0,180591929483338
-0,00224962285650369
0,00070128926004359
0,035711802733623
-0,0199652193604987
-0,00284047738283599
-0,0568043983374645
0,143275212469119
-0,0794815283873603
-0,00317515679876524
0,0164175428314635
-0,131288365146352
-0,0574250888375082
-0,029521100500886
-0,0965149610248138
0,167439118752892
-0,259413041417021
-0,562335231294923
-0,0835234288907778
-0,0615439575868746
0,0672405752721317
0,0951643067119994
0,0294773379692017
-0,04569438526611
-0,110532972497147
0,0574783807195958
-0,0611637322707472
-0,132411798229284
-0,100799051390133
0,0595348070689466
-0,0445601703724359
0,174367419073993
-0,157546788850219
-0,177668542114712
-0,101227953566881
-0,135487310716177
0,250394387048237
0,0996229002357178
-0,0855060386336468
0,0739063253369257
0,0936576425096903
0,133343789459215
0,0444914323140355
0,0391369517065127
0,0132669158225336
0,026277275102257
0,103017219702496
-0,144509986244794
-0,172114936746469
-0,108270309149527
0,225903207213483
0,149905668909136
0,0576924902430392
0,0932470106674379
0,00319262637816655
0,0782507961176966
0,0301280727656558
-0,119383439787842
-0,029213942557416
-0,0299062413222812
0,00962328512448107
0,000243586636300753
-0,000540463541839694
0,00052542241235123
0,00456444844479189
-0,000791046736691746
0,0200946732989673
0,161855552805592
-0,0785526274196322
0,00827563841339518
0,0235677308187974
-0,109125099753954
0,239877164181125
0,266233107743775
-0,0378684695871929
0,0843338026889791
-0,0126461073035472
0,0840585294339084
0,051212520568041
-0,322827500746383
-0,0593662037367368
-0,152480144130947
-0,181686767240404
0,103738577418681
0,000350144041342449
0,383505977680711
-0,193878939141965
0,215814417461859
0,0431878195620698
0,165960133647897
-0,138181704104602
0,0471422479570098
-0,173290488776651
0,0993547562034454
-0,0897886270031344
-0,208559262075899
0,0836150919669549
-0,016668452274657
0,0470663436766209
0,0665227603647498
0,00378153250573128
-0,0436977609016445
7,80237103009157E-05
0,340816031640134
0,038596884315891
0,076320693950709
0,0479530282504219
0,139588022536605
0,0857195526108885
-0,0891953464279233
0,153827564022678
-0,0903821536223794
0,042035086692826
0,124356193117782
-0,164564248614081
-0,0439862520826425
-0,0303069015840467
-0,020094157500976
0,0237302560253885
-0,04389457582285
-0,0290679054378589
0,0140045535032131
0,0149592281459753
0,00522946750146348
0,000170168740140297
0,0015792695932956
-0,02503273707718
0,193249728306773
0,053378096153652
0,00568373554346446
-0,000575452021562304
0,0231046445074637
-0,00398908252014024
-0,0505928524949866
0,144575489040996
-0,236563274553435
-0,0843301990920582
-0,0253570963272389
-0,0587803995234326
-0,0910239666137567
0,190981668814115
-0,0890930469292248
0,00430934891094991
0,0419330121903793
0,0589640960384431
0,014231237871301
-0,0537488373210673
-0,25202060753306
0,145078836405448
-0,0157309197855678
-0,187218932097839
-0,0773114639349454
0,218839179620248
-0,387781760679582
-0,0703310830901911
0,240431492543244
-0,345811941013553
-0,049020328204517
-0,0929597811343347
-0,136312630911737
0,0748667682343324
-0,0695532278117545
-0,0596305075376343
-0,308742328690019
-0,0356976318385105
0,0650042975305259
-0,1353647636039
-0,0401862792614563
-0,069288344029916
-0,103290898242073
0,096916698497638
0,0980791770995957
0,0516894628117344
0,0240501107049953
-0,0440590029944404
0,0321552876105663
-0,19591835418371
0,0986611020988812
0,0229937845728928
0,0237049375932454
-0,0161690205850596
0,113392778633348
6,67574761896783E-05
-0,101905989455948
-0,126553106502607
-0,0732137000714555
0,0349324860209293
0,00862330608351368
2,35413182059535E-06
0,0108354636248002
-0,000131284709392774
0,0341223332371955
-0,00354771403441266
-0,000626649834713051
0,0305504726452807
0,039119253036922
0,0156703735816405
-0,028235996918939
-0,0240797626603762
0,00547079706362436
0,358122322126045
0,580146850847885
0,0351967311910937
-0,1184615982023
-0,0308115416484285
-0,22893909586363
-0,233097546664384
-0,208540414518399
0,0226615413125741
-0,0801212202405309
0,181410739360027
-0,0778318489583102
0,104331225393697
-0,270364330572751
0,24186313627273
-0,127082044948906
-0,033190337604888
-0,139470250525419
0,103123721248869
-0,0934650393888856
0,0731297730903534
-0,0262114495314744
0,0390687183889242
-0,0429889728771696
0,0432182530586481
-0,125302255488653
0,0264491322128178
-0,0558345716264039
-0,0922219243401921
-0,00771278159890802
0,0559155420413889
-0,113127704722423
0,190103701106792
-0,017178777435349
0,103603148910081
0,0350831685201761
0,0306854019630406
-0,103937937541425
-0,00921973780349506
0,000525456181621048
-0,0375660447345208
0,00448095195613716
-0,0184452921134616
0,0198061997044703
-0,016765793189233
0,0205909101099554
-0,0134940597015275
0,0166227046694473
-0,00390168935244674
3,75437528587325E-05
-1,94434382558596E-05
-1,3450606928311E-06
7,83532773811181E-07
9,10056229380578E-05
-0,028200919622077
0,0200945740558171
0,0378916995189714
-0,000103640770998124
0,0143988139256137
0,0652205814794265
0,0234524411530769
-0,189961379877335
0,118269763166917
-0,383407054181265
-0,0985989979003892
-0,110991726604185
0,168313475948702
-0,108162015930505
-0,0941718135880233
-0,119089329053862
-0,199211925262493
-0,00374137225114678
0,016714970732514
-0,0541570922525855
0,285164254414361
0,130984632066957
0,168382037284963
0,0121521937810981
-0,0703087988919728
0,245867616355526
0,158709018520571
-0,0846544684793342
0,0146805224909766
-0,0818225974794301
0,0650219451320855
0,171353336283191
0,00635570686693902
0,0222193380305233
-0,108233688192107
0,0410612588160482
0,0473535206179539
0,0834980391578913
0,149350475825485
-0,153635454261607
0,110333790026075
-0,0611655544650477
-0,0154349590386771
-0,0593837218410358
0,00973035251101598
0,0204221255235306
-0,00106527740089916
-0,00434105941702037
0,10696981711778
-0,241907246111839
-0,0397237839323024
-0,123750105358638
0,0602091861343622
-0,176906984714981
0,150548100156679
-0,277697891738875
-0,104116618375451
-0,223956509432027
0,114165945657515
0,0571514501641977
-0,116345706781375
0,0190912108969835
8,263244148428E-10
0,000807162970570736
-6,96063209331941E-06
0,00228448526467196
-3,83980902161345E-05
-0,00134886180364127
0,011688797761389
0,0277635063275615
0,0132885787506818
-3,33074744452279E-05
-0,0232565374760597
0,0312301115724087
0,187582599022825
0,184980324253768
0,00962441583783737
-0,329936853064335
-0,0712474981512764
-0,108484202656959
-0,269591330219644
0,505673389597497
0,114286988359882
0,292895335032441
-0,100846490231128
0,0488929922161251
-0,247911360131161
0,15464650472487
-0,3365646150242
-0,00630886726208096
0,0214317446490951
0,175391779630788
-0,14380519817366
0,00705115662192042
-0,0722157079199462
-0,012910817291019
-0,000853722010834513
0,0316477847616266
-0,0581740052667184
0,120201633304913
-0,02480173150185
0,00878995112046566
-0,0567812373841078
0,0350291589711463
0,00809756009433485
-0,0871417319062779
0,179345120898157
0,0083851504167909
-0,0338734887467856
0,130584531718748
0,0727073069997133
-0,0605609654598281
-0,0289391793635371
-0,00989525808202236
0,00901038749559428
-0,058787005639919
0,0927767661253001
0,00761185732930683
0,0449531262062356
-0,00326869284147247
0,00791019558650592
0,0089679576502091
-0,00577087753317623
-5,03686241207467E-08
-0,000117062693921872
1,20339461372264E-05
5,18854031214291E-08
0,014427501183204
-0,000975090041838938
0,0102435463415354
0,0255520288844645
-0,0260901451299646
0,00363194618595387
0,00262800203299016
0,0188423805801819
-0,00821955671166759
0,422005069046535
0,107837496169121
0,0215452907200685
0,00705362383367634
0,00598661273660899
-0,0321734195293573
0,0867133597389245
-0,0394007975123561
0,0532485478295235
-0,00414300672602982
0,0761831963045254
0,0671126883183749
-0,147949617025767
-0,531920160998833
0,165488612826941
0,098382672655532
-0,0881092755943406
0,069520926348793
0,0753499653867936
-0,101151699038806
-0,069768659664877
-0,223450034468458
0,0917365001246754
0,0377228018944247
0,0570275573639562
0,0973241219670458
-0,044041350208477
-0,0432707996441704
0,038840933720409
0,19888779838093
-0,0138640191293932
0,0331247602877606
0,0583876870420491
0,0742750066994286
0,0214604032594202
-0,0196250361245609
0,0950377396775277
-0,028238123062523
0,00741036824625251
-0,0205217694999539
0,199744207464798
0,164167540633045
0,18722680813507
-0,202745941122717
-0,00990483684224249
0,0409113026031224
-0,0157140807625028
-0,109961229343144
0,0364454465362099
0,254199275480629
0,183540425172313
0,0981876822896515
-0,060553217413841
-0,0176923688052703
1,42206394864115E-09
0,00245019537533089
-2,49129585376478E-05
-0,000101327922226029
0,000500648457561169
-0,00292401306261642
0,0417823274169543
0,0699646634530701
0,0452561978551555
-0,113878775054709
-0,0240426061970583
0,0517728274607165
-0,072825375417128
-0,073688330201953
-0,134697128322605
-0,149495512790452
-0,114544808621947
-0,0177532730374016
-0,068700822685887
-0,187286706832094
0,0119088782331545
0,106100738626464
-0,2306353404743
0,0679389774693895
0,106716759553761
-0,110340512553723
0,0158499162131991
-0,0456611771213601
-0,0738497711593133
0,0229437916726509
-0,0795700745962328
-0,123509841389935
-0,0800822829061668
-0,0396510474150366
0,0504334655134313
-0,00389414593478432
0,0558477603169011
-0,146630175682631
0,118332204800201
-0,0917436875992334
-0,406659755930019
0,156691806137539
0,0539262370906228
0,29660893140856
0,0204868192091592
-0,300084682378172
-0,344299590139484
-0,01242724428354
-0,152216637039889
0,0760652742640937
-0,00240012388529849
-0,209080504580475
-0,0603864541355771
-0,238585552121741
0,171493264025455
-0,0708549375028111
0,122427574743758
-0,012483286879138
-0,00634116183317958
-0,0237826491927155
-0,0342586720868668
-0,0120770388482585
-0,0392182796604564
-0,11872233864093
2,36778972523568E-06
5,50371019844488E-05
-0,000642586700415044
0,000724273505638418
0,00501130624458413
-3,72747501327576E-05
0,00249422177102806
0,0858876149290844
-0,0451471095074623
0,016085454648382
0,0313123202939949
-0,112585115348224
0,107955751042474
0,0242162231228201
-0,0743528982821638
0,0501802137852059
-0,0189747820880831
0,0661472069283421
0,0512711072184327
-0,0750982664160762
-0,0381592649010468
-0,0614014113659394
-0,159357137254605
0,0589126769317711
-0,0892711863601096
0,258514245504932
-0,112187805311764
-0,0294592303018213
-0,0587614257607434
0,0689536882660451
0,0121767814662078
-0,222298121789539
0,253339216526919
-0,0131594657331002
-0,0353177171345641
-0,254206404667342
0,080676132025493
-0,173706603960465
0,0515791310512908
-0,325658612063457
0,0616439445993892
0,0200147096108095
-0,076508776219993
-0,455797332941072
-0,132635961786367
-0,180283003970967
0,00341207239273883
-0,0757706026862153
-0,0799106243858956
0,0593337147557259
-0,156700378178759
0,12700093215146
-0,152901553537484
-0,172559353572297
-0,0125313329672573
0,0058492621531525
0,0389954846913596
-0,215905655886942
-0,00188037001399333
0,0506576108331513
0,194646320822635
-0,00888314926348351
0,141314689622267
-0,0371489249730845
1,75687514212212E-10
6,49463493552939E-05
-0,0107170949418234
0,00289222975460273
-0,00156210054075543
-0,241674723464185
0,0443204653401302
0,00119037995685578
0,00593334383306586
0,00858294678278583
-0,0455088543664812
-0,020941895230439
-0,0197857481500842
-0,00220482969289268
0,0115045715903545
-0,0240898688336898
0,00541982182289504
0,0144345953050952
-0,0205699428980466
0,0526886173717716
0,0353078222555511
0,0682656325851251
-0,000645319808432218
0,0200311586084171
0,00231027669312306
0,341827199000461
0,548668494890171
0,0197348149428798
0,109688784780285
-0,178423902713302
-0,318384707682605
-0,140779562020725
-0,0746760444238976
-0,380623017048057
-0,313394338861839
-0,096215883557107
-0,0775456246920954
0,154694688127697
-0,0785130205409484
0,0511722217045319
-0,0361310311720035
-0,07482051014547
0,0173577693339073
-0,0352728095352667
0,095065591979533
0,0654237051173382
-0,0847915508105796
-0,0221295371184618
0,0116584365632634
0,0502016866673354
0,00617252147583071
0,00349777158544378
-0,0217524016624332
-0,0657920960658029
0,0246963842420144
-0,0593769846463474
0,00651386822334566
-0,00917074220520786
-0,0491100642792906
-0,0110052772845441
0,029306751826627
-0,0188373560700413
-0,00579625466689633
0,0323980356317234
2,33093668980132E-08
5,7584909392759E-05
-0,000319321029756279
0,00445317904830734
0,000463224167523493
0,000159529350887844
0,000756720561756763
0,0135551147223701
-0,00390622796001955
-0,0164236176433028
0,0194859760078339
-0,0377400549127385
-0,0344421093359408
0,0373399195256315
0,0805510788045136
-0,155706242832885
0,143407321335878
0,16031350901887
0,0738950577551297
-0,0519099496380514
0,014778832131752
-0,0112857041463342
0,0422150187694174
0,0368722933771015
-0,133963096531425
-0,0751657152438397
-0,0105166151331582
0,0337082358918697
-0,330534203200518
-0,0335681880358271
-0,0721006278766171
-0,0816371275986095
0,00823422684857047
-0,175934582045144
0,0536796752679488
0,0730459465570146
0,0159479240923787
0,00168335962463721
0,0125522841256531
0,113127473478737
0,0344732557421689
-0,0700542991944982
0,0760270568706435
0,0802602427948925
-0,0206043134420007
-0,0800706248874527
0,218461511319436
0,233988569118487
0,184279490999541
0,323655462893192
0,0710837885129491
0,237672243499053
-0,295456389565161
-0,0673533452644886
0,000298363810441364
0,0311016268709321
0,0211430147915548
-0,137811388009788
0,136354897962227
-0,182625929000033
-0,193141183146923
0,26881585565287
-0,0584228455518647
-0,319225167033307
1,6368773181285E-09
3,23249652743257E-05
-2,77482740287615E-05
0,000278881973726218
0,000241451564686761
-0,000529030446355837
0,00799537292514968
0,0392025315908617
0,0131774224735487
-0,247825558193973
-0,0129633396862583
0,0208571854315786
0,000604875449960516
0,118773959062899
0,133675633524543
0,113912445630203
-0,0210065043090513
0,0706547579130244
0,239870868260536
0,194202015373672
-0,233703025312047
0,126850786782144
-0,0623579345842195
0,000611600077666902
0,0012338326637005
-0,0657922872463984
0,0208672465413563
-0,00545047534656888
0,0482292248839565
-0,0633781493857719
0,00682613554283988
-0,000667969379528156
0,0361823842368058
0,0302978952164444
-0,0488594607997231
-0,0293890307960679
-0,0350044373458485
-0,181070670579011
-0,156217338939007
-0,102475816273619
-0,143547448381347
0,105969276917335
-0,0790107305291943
0,0550621218066734
0,168294279486661
0,12611777307848
-0,0439413342675464
-0,0985650534531902
0,0183260333736251
0,00753067722849902
0,00242925211960409
-0,0547294133400897
0,143729912381446
-0,0688420136062154
-0,0688026891580205
0,328066843797935
-0,2308700094171
-0,312664149508279
0,165463454927983
-0,419532802458836
0,0598040740990282
0,0704051004191961
-0,135901009653805
0,103936752727089
2,37723587697594E-06
0,0612154127476751
-3,99656357104191E-05
-0,00160971541175324
0,00861560815848227
-0,000800843896495922
0,00776870005137433
0,1378026737116
-0,0527279191874176
-0,0693955288092691
-0,0457246158496329
0,118519398007386
-0,0370303935380645
-0,0463362869960146
-0,177601197241321
-0,380465193838564
-0,10337109143841
0,0891991625951104
-0,10322603722737
0,136658331385124
-0,186736793639713
-0,105967882847678
-0,271602617474572
0,0559078836017266
0,315295380015026
-0,0338744913998579
0,0284477546197918
0,084127638003932
0,00595804596132253
0,0435177558438508
0,201739391884257
0,109161028816639
-0,0246260097395478
-0,0678391810860654
-0,084764517719615
-0,0751269322314615
-0,0638203044271048
0,0608403563461073
0,0240584659892784
0,12876396997452
-0,184359698350495
-0,214137633311814
0,10057334956221
-0,154410993596377
-0,0442775617122724
-0,107322505934094
0,236291509689336
-0,270496792153922
-0,0232485351252983
0,145282378609048
0,0658763462439832
0,0362397786636028
0,0396673488614314
0,19683028421334
-0,246725534309922
-0,04560011628924
-0,0951933851944553
-0,0112410630290569
0,00274831876581166
-0,0204073137472564
0,0136631543242372
-4,77887253845159E-05
0,000366581074603347
-3,62876773318096E-05
1,51339012946254E-06
0,000166359129119836
-3,88822514255055E-05
0,0010978388402822
0,000281118202091544
-0,00121621491336042
0,0218798566134395
0,0679696362560552
0,0130165082315671
-0,335914794266453
-0,0291184693914756
0,053615778930527
0,106832940548474
0,240000850884021
0,0444769236135392
0,141817195042652
0,0466640162396541
0,0466861337347015
0,222981247796892
0,0577128994373449
-0,0291889750302115
-0,0205395316199209
-0,0812740867800117
0,0572206273749692
0,010822094684676
-0,0340715926155895
0,00518138557168147
0,149938498708014
0,115473416430639
-0,0354580767705069
0,0307744699109934
-0,0194209507524419
-0,216676224358247
-0,0333931921085699
0,0324756308578424
0,277186749516307
-0,110518055805111
0,162151010782096
-0,126335190197718
-0,0473356092802023
0,0425071376658119
0,145176222929429
-0,14095597222286
-0,195685394077487
-0,125460774994037
-0,0117760128827998
-0,06644664586712
-0,165548895494233
-0,0849904442172982
-0,0628251089774396
-0,0332485019971919
-0,101696249816759
0,0628921304477616
0,0831223105097564
-0,0133306346580005
-0,205421578433768
0,199158834176073
-0,0480759607685231
-0,019039622389213
0,192587963949073
-0,111468910724812
0,224468574396342
0,0423607521529226
-0,384061175986633
1,5876425422717E-06
0,11887156505329
0,00012002947012264
-0,00505263319500837
0,000980618774668442
-0,000161526173781805
0,00583123460387084
0,154272559703298
-0,0684707046672299
-0,0538083419540498
-0,0338350046668344
0,0884394884740514
-0,0903878558362276
-0,0742954613878532
-0,161376325355276
-0,134797244485009
-0,0419595396299194
-0,095040906529392
-0,00661837165510547
-0,137077016899831
-0,0748018791206729
0,183594522135289
-0,184824554022265
0,194333583263164
0,14400450588928
-0,284450067325343
0,0190115210133303
-0,00278424804421435
-0,00440506304302703
-0,123414527871222
-0,424980151751851
-0,136407240081519
0,0775211615730297
0,191958871956853
0,0837246275726431
-0,113554964521475
0,242481947878016
0,198758418318307
0,00201598947330674
0,0632049083616676
0,357070983380016
0,200823168647214
-0,203365269451631
-0,0622709064896536
0,121079975140186
0,148184927613554
0,0937776475318139
0,00233169299248144
0,0442810113418916
-0,0135182696946394
-0,0197421242438699
0,0411924701392124
0,0263836465639098
0,0139264080324107
-0,0329245418836439
-0,00473729056636368
-0,0124938298362316
-0,0125267552543898
0,00569125469861944
0,00478976109116064
0,00804406584678896
-0,00117669804870817
-0,00301449968395721
0,000443954017498182
5,69442957680635E-10
8,75498281065527E-06
-8,51020311242283E-05
0,000621606240803921
0,0035426688516158
-0,00493988894304283
0,00371255439558944
0,00831641527299879
0,00830027113378932
-0,0214078903308661
0,00248497999849889
-0,00177435797718026
-0,0276019451935905
-0,0238110653008203
0,0742657162156071
-0,0349730669631849
-0,0796886551139144
0,00487354272342415
-0,0966026602928755
-0,0558345777705041
-0,0544196012578784
-0,262670752840884
-0,286806699120967
-0,159306202602922
-0,546665737688501
-0,221167263952967
0,0952408927433021
0,157062594218823
0,270830708083295
-0,125979668763482
-0,112112449853813
0,20776280816434
0,21325673536168
0,0360573517889899
-0,0582961960950629
0,0166360984863161
-0,0416255584031499
-0,00631947316824022
-0,0323242697364167
0,0550927573637899
0,0823803228572586
-0,0358252240109817
0,0584042350111537
0,0313917087755542
0,118211474861904
-0,247562247613553
-0,0312118491578483
0,0787586704955383
-0,182864161985544
0,00645181762201181
-0,0425718238241772
0,0761602626528288
0,0927176274591217
0,0064011259987658
-0,173928894359574
0,0184574543947139
0,139332003385618
-0,00881289598673952
-0,0611014966210803
-0,0883049587410787
-0,0586918121833382
-0,00479025608293573
0,0188284054470269
-0,00520089600145517
1,30597040473075E-10
0,0135635032171527
-0,00696042310251662
0,00121745530592698
0,0241483033224767
-0,00120733867104742
-0,00017930641365786
-0,00372229932222299
0,00369703103009492
0,000200374163759658
0,0586281855236534
0,000477823195522075
0,0167169048188244
-0,00497024431290237
-0,00713425363678213
0,0135200695142577
0,0180376391742537
-0,0196529979088242
0,0272620983337154
0,0168996168934788
0,0558734692573506
0,0797264470917424
-0,0387129310623397
-0,387233757330145
0,0752706048819606
-0,0529108528830854
0,087153053451013
0,31230607811725
-0,0671590445970825
0,296776004886697
-0,0679696303063315
-0,124739406426676
0,0307843789399954
-0,00268109666334262
-0,0103239829782604
-0,0490830381644976
-0,0377539293818289
-0,227009431201664
0,106595181872066
0,28112751989638
0,0251456843495048
0,121439533351273
-0,0969722105311008
-0,228809588602815
-0,0119095044196305
0,107179952018158
-0,178334908089595
0,0339217679074247
0,00115816488043849
0,0539475436372741
-0,233427826515628
-0,196656607621035
-0,233232808122912
0,249609799522001
-0,0379766226784379
-0,0420987250280294
0,00606882726457063
0,106535497576293
-0,0315886187610219
-0,251106777642797
-0,183188295315027
-0,0996285487369041
0,0469661227490506
0,0220044142679561
0,000170334543314029
0,001369244175067
-0,0191767332195554
0,1871187257642
-0,0138420047655319
0,00653072197945293
0,000621260126710277
0,0168302940245338
0,00203263312604336
-0,064337936189507
0,0720858741754968
-0,165578097480919
-0,207525250333095
0,0346195361904323
0,137154677393127
-0,211409971853206
0,293476657971982
-0,0610842785483507
-0,0121399003165083
-0,0499409094291209
0,0106534022863255
-0,0808561332956262
0,117395279477966
0,245722413888101
0,016470897026454
0,00825933701442323
-0,0824696947883884
0,24180057559262
0,0979573724938058
0,14197201852034
-0,0416231867492894
-0,0567795994277168
0,207559144514325
-0,165386310052851
0,0362186241231978
0,0506214807361039
0,00757775193190572
-0,116819340158833
0,00850415108449485
-0,0363211328075712
-0,122158971581282
0,0856478952943244
-0,0947214129058023
0,046705707076095
0,179138334996244
0,108396855587399
-0,196861985735391
-0,240544323902969
-0,148304801420621
-0,178538130064295
0,137998938588911
0,355860580908361
-0,08736343996906
0,0851308158389282
-0,0383692865650253
0,0888912741690996
-0,0619016672040559
0,155227714708834
0,0741593787985783
0,132778071007538
-0,085869810840874
-0,0157582702587289
0,0123569994858052
0,00585230030581441
1,62150121959662E-06
0,00012060415000604
-4,80163476724571E-05
0,00109336117699969
4,18668170493731E-05
-0,00727782219437022
0,117882482604954
0,0746611821241962
0,132515616578111
0,0215885455863607
-0,0212524357621996
-0,0127366195230665
0,0794862208708067
0,154551055402654
-0,00287025020364939
0,0386082190922042
0,0174895687399395
-0,0200444980401367
0,0218417790912179
-0,116934619285571
-0,0847051068653533
-0,066675603233564
0,00917602855329502
-0,0252332996999728
0,12433766199043
0,0381046464708176
-0,0934937046861997
0,0608242550568556
-0,0122707812304244
0,0482749755198446
-0,176455362947575
0,305251671779046
0,0399589091391362
-0,069279943637208
0,10028381672193
0,225606039454597
-0,0130265002698466
0,232241752290456
-0,0121103033637282
0,106104453192424
0,0568737136867078
-0,0656496441493231
0,0126268865565357
-0,192046104492513
-0,170937550390329
-0,0689432014035014
-0,136020009586556
-0,0351834414807501
-0,0698028291067648
0,080980951838283
-0,0254576867418803
-0,0203254284086313
-0,0781244950242616
-0,487289849080375
-0,0635217928077968
-0,0169391029359766
-0,230709409003156
0,266692274101936
0,283924914412359
-0,144079593814254
0,0220111137067524
-0,0844386955076731
-0,0268858117549738
0,145581967716947
2,1739639142144E-08
6,43103385553329E-05
-0,000569937425892859
0,00487813402113803
0,00134866662250718
-0,0062593564690749
0,0244953292120326
0,0184627771553535
0,0305243216906455
-0,00847698132096795
0,0147746172726301
-0,0556024106323908
-0,0338922629532446
-0,00937746795754231
0,0645030109796868
-0,102028897416289
0,104109850403426
-0,0409116903764642
0,012796780128605
-0,00333787186791362
0,0441202983194778
0,00546838301947551
0,0313568500928609
0,107672530500131
0,0154410747979319
0,159651226224428
0,277480546618194
0,0554862010762125
0,0894441790173415
0,0798287348291814
-0,0197320827669612
-0,0244258927765707
0,179170940277733
0,531439997521079
-0,117469898552597
0,123218893209765
-0,177217198597355
0,0962379321363722
-0,0590955070422653
-0,0360990838069522
-0,328314725251975
0,261230782131488
-0,155903619207152
-0,00585403655676324
-0,161814666723002
-0,166552334600118
0,221849437685421
0,205282544870663
0,172155372130848
0,0955203288110486
-0,119238025977071
0,0262282013391161
0,0341773431509728
-0,00380483965404159
-0,0268657993384897
0,0850273088278619
-0,0930274148745308
0,120280937350598
0,017351144109181
0,0738601174770502
-0,0617377883475361
-0,0159400493782926
0,00932375461850777
0,0033151806100314
2,4291526823758E-10
7,13113342635272E-05
-1,24396515064977E-06
0,000529337564294675
-6,1507336036532E-05
-0,000198301259051865
0,00417816860603182
0,00465243874063646
0,00647638602660449
0,00125139378598216
-0,00365271186770048
0,00195664937324336
0,04077653515857
0,0643470211475791
0,00173093038596953
-0,0342940471894333
-0,00453909420012237
-0,0381895060122033
-0,0500540360991086
0,0301797465051941
0,0124115587504501
0,0220353706973971
0,0306439279135525
-0,0122321424867557
-0,0177705590133528
-0,0558196963896736
-0,0287847732055193
-0,0423945834594175
-0,00353374211205341
-0,00429941268212526
-0,000970534546644778
-0,0517085300557451
0,0653178794286673
-0,0398042402656722
-0,10276630957935
-0,0872006962426473
-0,107441075952993
0,00188068406284933
-0,0108453674802677
-0,0171218325773262
0,0429705084274739
0,0919500564703109
-0,091316487316589
0,178669123368821
-0,218011643289285
0,0214996411065935
-0,0351711139998622
-0,0785510826143853
-0,00643995581257329
0,0950554986493269
-0,0313778780498086
0,0710482136983388
0,00868674910397066
0,194276232704765
-0,00813861299022783
-0,0135091938214299
0,309513083032909
0,385212786040175
0,216039501575303
-0,258361079624922
0,591192462028547
0,271120459905413
-0,0409147734521707
-0,0109326149045941
0,000159536357293678
0,00125724925358307
-0,00124872916555829
0,159195211748281
-0,0147417782870848
0,00479842040709758
-0,000590905218405833
-0,00410803094643847
-0,00195900098866937
0,00440010711325523
0,0202286165295096
0,00902356193446701
-0,0470993719365782
0,0205011533359752
-0,0421006585205225
0,038204795917671
-0,000259188712011578
0,0334492849951742
-0,0185107208244879
0,0169291794902274
-0,00832106963326638
0,0168946049925345
-0,0482231797654271
-0,0888146560959347
0,0181486134862415
0,0432593273579857
-0,0445421537684859
0,0234147901685093
0,00876121745984685
-0,00506998725236213
-0,013113932325856
-0,128316009563114
0,139066722471521
-0,00878725376025044
0,0524946769872248
0,111421103488641
0,0157521826302444
0,229469116263944
-0,118891794823982
-0,0906960873869228
-0,0585234016406194
-0,089474567519192
0,188169685604524
0,33260444351098
0,029801860408788
0,117602482172902
0,287495893798827
-0,189134650091349
-0,109397963668249
-0,276332972165376
-0,547246029937544
-0,0944375649457064
-0,337079314044876
-0,0726402682585891
-0,103654086790059
-0,00960045371837264
0,0415344582176622
-0,0670633113814272
0,0296051143307647
-0,0124187928394
0,00697608886262979
2,43038041166783E-06
0,000242478514947563
-2,83797636716946E-05
2,29653198789391E-07
0,00585820911029975
-0,000257587776351904
0,0401535247979813
-0,00425720103770565
-0,0165496660036
0,0385262736409909
0,0607826098919331
0,0297136368616037
0,0284668800275487
-0,0482452149932169
0,0524991087757071
0,242307084560354
-0,0620081939537388
0,129999201603612
-0,244168757812639
-0,0617993144764381
-0,0198010542566446
0,0372932952093209
0,171113204885211
0,111976393075994
0,112845832237269
-0,0097689957237472
0,030406699692145
-0,0435087620831404
0,233109601078065
0,304977104131374
0,078631326143405
0,0912611171354606
-0,116011247184767
0,0789197333213889
0,0770820535139146
-0,0356695119931219
0,130131442221037
0,288078656632663
0,150600371655731
0,380512497666076
-0,293168125766574
0,0610896431589838
-0,0565157328743153
0,226720463095739
-0,00632726980950139
0,0308435003063508
0,177489472193517
-0,270739493220696
0,0400204642329745
-0,00409724429839308
-0,128033158787542
-0,162982419533895
0,0564245651855088
0,0302562374921611
0,0390694449667853
-0,0280765944258777
0,0257663122783982
-0,0328329884188563
-0,0259526336017048
0,00708931095371945
-0,0314420268461119
0,127871233571601
-0,028523770453101
-0,0687423939005584
-0,0353267958233917
-0,00294805479572979
0,0120835475394878
1,39533753665298E-08
0,00012062239186264
-0,000221170625252017
0,00229808026362725
0,0018641206211783
-0,00068087967977605
0,00147408462195203
0,00902728956334631
-0,0047197819352075
-0,00195696576599492
0,0401727596026534
-0,0277916032953051
0,0281909669373041
-0,00361251520880208
-0,0344271812352562
0,00346529312774257
0,000132330371733624
0,0122746325688472
0,0192397465045732
0,00558825654875887
-0,0048095568856848
-0,00635319047390825
-0,103894314797271
-0,139015616117783
0,0332906417591514
0,0985716661036611
-0,0424929224555232
-0,0136026054643847
-0,00361420544679172
-0,0486419487698128
0,083127099653238
-0,276042423960651
0,394220267767925
-0,0808962994279401
0,18139362960309
0,108499848024977
0,106316148205791
0,308976291940319
-0,167281467326404
-0,363312544763705
-0,0130074944160475
-0,10752979747825
0,0653115242133021
0,0108543056441285
0,0102806329005732
0,00412348885336296
-0,0892026565806506
0,0630756934650465
0,0829124048920637
0,0764953894849369
0,278557499573915
-0,172724749942812
0,148169810098015
0,216040138176857
0,0566526989526239
-0,085802462502409
-0,044085129289233
0,21104671408235
-0,00503436300361644
-0,250892574507184
-0,21507970348685
-0,0692934555755717
0,0668290978085613
-0,0237051280608804
1,28379399529106E-07
0,000205300065573998
-0,000342905016032738
0,0251340965124591
-0,00152551540959592
-0,220280197324527
-0,0193288832576273
0,000534602814082881
-0,00418428336935486
0,000263172269275868
-0,0533014405783846
0,0170860033019605
0,105710448312144
-0,0967428961550618
0,0813875103600233
-0,0525690729556091
-0,0336842933964176
-0,0504258861388927
0,0741632813295424
-0,0291097192357815
-0,00248760068621387
-0,075369007232591
-0,0345509670711849
-0,0284615127339971
-0,0511786344691031
-0,043356479507803
-0,016775777575285
0,0233777049710744
0,0357406808493957
-0,0165163994862666
-0,0367176511565702
0,0390919560132054
0,0272833579222431
0,00591500126705801
0,133922764482454
-0,0535899857766484
-0,16351421675883
-0,0301244612316911
-0,0363075016855164
-0,0149820795817249
0,130548323131062
0,0136760610014187
0,0129445361544305
0,0901545329982502
0,118621569996554
-0,299909844643607
-0,118050388855798
-0,113927648948692
0,265512876801903
-0,0646187985972839
-0,124556838645756
-0,0106732799464957
-0,0952583965491472
0,241255069190895
0,27419451890663
-0,314477225533519
-0,501204331301674
-0,0789962625135648
0,170274408596399
0,118054509236226
0,136153034049724
0,170718508582043
-0,0108704746423695
0,053493226444181
1,95215247352447E-10
1,70643300692461E-06
-6,12835918420778E-06
8,04815392119757E-05
0,000101281822307954
-0,000166229314822007
0,0011747228866511
0,00580467691142002
0,00218802998496231
-0,040789839687859
-8,77783750865892E-05
-0,00231079728247438
-0,00340927477360823
0,0342287053771602
0,0520117518515584
0,0178339849946766
-0,0142416743973253
0,0197820518648853
0,0602508733176738
0,043951295619879
-0,111487033558205
-0,00057480890822365
-0,0886800485786338
-0,0269904797464775
-0,135359607418553
-0,0961693665256883
0,0398843076098368
0,0666266364369146
0,121850723405896
-0,0657610570048763
-0,0134351688719008
-0,00638227283204617
0,0100807517127845
0,012048322497004
-0,0585617926892578
0,0926308839325371
-0,0675921535190516
0,134503359720015
0,819822453522138
-0,237678181109805
-0,0872126062721804
-0,0704520348328563
0,0234174931288535
0,0015848994922015
-0,0488720635162104
0,2945834299293
0,0262788482376722
-0,0418042125049947
0,149860525279049
0,0554528887451592
0,0167581291995628
-0,0262843046595988
-0,0581894223028647
-0,00622936220098675
0,0863557901005578
-0,00573098807664457
-0,0679376025490354
0,00632671078169995
0,0285863688721118
0,0432561716504378
0,0251352688766438
0,00416025078033965
-0,0154534184179509
0,00420021308233763
5,65225929583019E-10
2,61346339434647E-05
-0,000638787444494473
0,000990781923681546
0,00194485111404002
-0,00774957072760397
0,0538691194014805
0,0601729596024569
0,0839789561125995
-0,150060485749031
0,0194897238327905
-0,100758839035501
-0,105431323718276
-0,0538314641795659
0,21485467851559
0,00564711069344793
-0,264338790703045
0,0240791521233754
-0,225993918825208
-0,160222038447459
0,0659106655145447
0,0668799920510866
-0,0178278802870702
-0,08232316798317
0,123073497961275
0,161232471913575
0,0234825055796047
-0,179574711047216
-0,169034550208978
0,104715926867975
-0,109434937775691
0,105281746041537
0,00897742637229331
-0,177653200609271
-0,00111053694527057
0,134269720496731
-0,0711154644559862
0,0938200680005082
0,19723894082543
-0,0368912473999453
0,166045128041617
0,0974263213398168
-0,0218409472476726
-0,0349390872648718
-0,102610025498555
-0,237363895885707
0,0624567967910321
0,0328402637898886
-0,110366138214568
-0,250778791095672
-0,0381996403582252
-0,0074015036684378
0,124260203032271
0,273598485065091
-0,00323637373977495
0,425007532199353
-0,0556995571104558
-0,0572106797316789
0,0820883982502449
0,00555566022375407
-0,0661846215690015
0,0586389133691895
0,0182782943909058
-0,101113645893807
3,73055887094594E-10
6,12959598184874E-05
-8,57084899630972E-06
0,000533050813210048
5,20289354179992E-05
-0,000327413287598113
0,00160399983300858
0,0181413365971048
-0,00602438481512664
0,00335703746293303
0,000245330912819561
-0,00579939229519648
0,0381696130264644
0,0176878196176218
0,0224815315415217
-0,127170449119308
0,00477467712063018
0,24199920883913
0,00492776384345416
0,0282632120209358
0,0612081678516927
0,0254091269398956
0,130777595032378
-0,0498100291314563
-0,12046020970177
-0,0218880099288623
-0,0429906400793986
0,120571840004916
-0,319629658395501
-0,225072680201644
-0,162845724021942
-0,0211331664615198
-0,0511002630165856
0,128620575128923
0,0285039063865
0,105544975655534
-0,00438707331602647
-0,0113030352939228
-0,0163957386908391
-0,0957665138811175
-0,0531816928979845
-0,0992450186871222
-0,0987699144302854
0,000711702863161424
-0,0237699038476838
-0,00995296218616002
-0,14674405370851
-0,0533577208336192
-0,09625608382503
-0,0362690750258097
0,0642605960010572
-0,158407330096547
-0,096711157035059
0,0142970514644273
-0,280460441146214
0,112408320918932
-0,308829316342165
0,144133751374256
-0,512684275205026
0,0540228428927963
0,246959409791459
0,114960861472306
0,00996975121501403
-0,0393360504159465
9,67804021774521E-07
2,10244581433014E-05
-0,000595741985145552
0,00106822374976335
0,00211272885296707
-0,00126333450490376
0,0154230297666102
0,055968831280245
0,0284442577027775
-0,275993292774984
0,0200732806113879
-0,0839206935992646
-0,0873550770013981
0,0846306935870528
0,32032693674498
0,0780761807549896
-0,213994554499323
0,0440641836473654
0,104620352732909
0,141820817701655
-0,35547244095185
0,163557523972399
0,0633493386248431
-0,078141044310747
0,0566042416749944
0,0143721614413043
-0,00762110721984115
-0,0696015604011239
-0,0156225912000166
-0,0365618450573786
0,0166178983639053
-0,0702782108565201
0,0327507349625547
0,199101017684121
-0,0332323522273124
-0,292723545987699
0,106168371158548
0,00885405363049422
-0,0250187533600606
0,0913232299323294
0,0443416545679913
-0,271624359680021
0,109588059420526
0,072461653001356
0,081418948005284
-0,0718243921433709
-0,12593432044675
0,093051302012425
-0,0439023327511709
0,132777722332339
-0,0889433008319699
0,107023141173206
-0,0908250443131187
-0,0145041050448995
0,0293499169825745
0,0184868642948391
0,0308776054205665
0,321669837811673
0,0384829837842508
0,268317458117973
-0,078398838567583
-0,0562719490004335
0,108344606882333
-0,0830237620290754
1,09539081047652E-09
0,0875333598209292
0,00011681829029838
-0,00364290096925002
0,000172374512585832
0,000102275923976829
-7,79846998615269E-06
0,0136824555782112
-0,0078971736089264
0,00605965760236541
-0,00295859774075666
-0,0152706421784658
0,0215352028076333
-0,00351826868448675
-0,00798103425151359
-0,062015873445715
-0,0108899613058601
0,254425101925481
0,0229767080547313
-0,0161141560311967
0,016530524053432
-0,0375161199546289
0,172246305575036
-0,0355539520538879
0,0161096197031815
-0,0990913811160164
-0,0196455426632637
-0,266086166990461
0,381331436495967
0,235038179562097
-0,172265383303209
-0,0854699177921479
-0,0549975977553819
-0,000879811055954298
0,0401528050700878
0,0269655177457693
0,0202591354669311
0,0169148757509041
-0,0590185476406512
-0,108396878147696
0,030643269466088
0,243743118065017
0,435903442693159
-0,081212326572311
-0,0398824098495586
0,0343603422635882
-0,131973275165704
0,0699335948830128
0,0205836309562681
0,172476464912749
0,0991898900303965
-0,089072725323248
-0,194316684885649
0,125559283463166
-0,302309927684115
0,0558436551831716
-0,0295413626959748
-0,0602982863393546
0,0593869617655094
0,166211486543689
0,0578657226239953
0,0230509793341172
-0,172364375171439
0,041176756504779
3,32300044064814E-10
1,5066751644613E-06
-1,48432514892108E-05
6,89539560582463E-05
0,000113083215803119
-0,000525880028403753
0,00725753251547278
0,0127563245589505
0,0141797785596553
-0,0534270256658363
0,001366031074974
-0,0181827945329743
-0,0180886009209693
0,0341576212983007
0,0979920112073257
0,0325171289676912
-0,0818280320912451
0,0222976182856886
0,0183526629866217
0,0147515680734234
-0,158840630154095
0,0864294250891704
0,00085378286956869
-0,0800304580665582
0,127501460640524
0,0791838996740437
-0,0198344550975247
-0,157669367824704
-0,118550776288038
0,0487695101817502
-0,277017365438139
0,496220544862482
0,404888619033652
-0,110830803379259
0,0227181646920381
0,0969092420783003
0,00514504568599833
-0,230581960254727
-0,0511286118873057
-0,0552657261830424
-0,137381262231105
0,111791835459632
-0,0265130241195278
0,0385983801425347
0,00384137325275438
0,171623120212789
0,122186309360392
-0,0135294369748669
0,110314959096797
0,0304049883894408
0,0742553085615209
-0,021284774260611
-0,0471678450157729
0,0651098916081128
0,0352333534213418
-0,330008900098777
0,175335500214541
-0,09398934129059
-0,211253719535451
0,0757487784348816
0,0381330130150059
2,22697096317331E-05
0,00030297893994267
-3,14963541484413E-05
0,0149620078426227
0,00155393319951383
-0,00393022419674903
0,000921575699599384
0,0113094065710519
-0,000338365495187016
0,00526370438618047
0,25693783503632
-0,128649544084653
-0,0324714676223804
-0,024228861892663
0,105044067369895
-0,137130639013786
-0,0396040353660742
0,0016708675825056
-0,038356613212056
0,0283384010659739
-0,195433397018887
-0,0188217220441315
0,200459993649052
-0,0922873202868132
-0,362285175371969
0,24769589289671
-0,161462496027442
0,00765190938416175
0,0473389417281782
0,016608125361335
-0,0979335052205797
-0,140482054576958
0,0465885021374567
-0,110110420595721
-0,0406906020926946
-0,0837866909536177
0,00722412259119484
0,0826306072458711
-0,103032751094516
0,231806019476466
0,138947606676229
0,0882639494893101
-0,0216154666590944
-0,179990372486954
0,0566791403358698
0,0189355126576979
0,00588383089494648
-0,156598882228823
0,0176876736263744
-0,219478559692293
0,147209750269901
0,0308504725042889
-0,152162858408954
-0,185218251117984
0,192635939366107
0,235316743251027
-0,00619079647444262
-0,168966450935915
-0,189918242633192
-0,00678619040431212
-0,142150253655132
-0,00870342911567929
-0,106339786602216
-0,0615620953516268
0,189918263591211
0,0461375518656137
0,0475760313510623
6,12081537648247E-07
6,74931784799161E-05
-0,0130553620220193
0,0113352356478983
0,000717856373574208
0,00056517581955219
0,00132330728055525
0,01327438216852
0,00244713659066034
-0,0420894325066395
0,0412396069562509
-0,0914583421427182
-0,0924700750685497
0,01139129344701
0,108354499792692
-0,140973383842932
0,159993216201576
-0,0417517400401467
0,00367874379610998
-0,0464488996447611
0,00253738993030568
-0,0734007524000293
0,0303926805200887
0,096568517587522
-0,0632761572709008
-0,0562269218424862
-0,0807064113229839
0,131761958146921
0,0536759746256378
0,00694671508380399
-0,0300057035689103
-0,0224540561769579
0,0470804658984556
-0,334149270030251
0,0968522752585241
-0,0283131837144047
0,169198118575494
-0,148210326227717
-0,0433843024371047
0,0190695798026892
-0,0146595039667334
-0,0142161011287437
0,0144126215285055
0,0105813287915607
-0,0657958904493974
0,0767335822864415
0,153159150772485
0,11094383442571
0,125172167763993
0,271832462076646
-0,33970062343572
-0,402827878127636
0,407022212235338
-0,0297451487284409
0,00625100810118212
0,127243197371577
-0,0882792687380838
0,0731142905308132
0,0348309558999209
0,234701656131728
0,115544801691177
-0,0316968656861766
0,0808498526973681
-0,0538735082056136
7,39527486830458E-10
0,000161356408034841
-3,31244807375453E-05
0,0015325405617774
-0,000174084152681948
-0,00731580242236723
0,111869151858364
0,0648467417170851
0,143545618100639
0,0537202278091312
-0,0280587147979235
0,0057915405243284
0,0907279808218159
0,137216384893837
-0,0201786765500539
-0,0567255020606771
0,0304577863045283
-0,088603742064678
-0,0636071188411384
0,0876646878672404
-0,0093703049337367
0,033717495113641
0,0953671303892712
-0,0352515860404506
-0,0251001798600087
-0,165828487312898
-0,142137390223445
-0,075305595235773
-1,95731974018139E-05
-0,0116599762224427
0,00127908155253835
-0,0975035137751176
0,190289134718407
-0,0779617704697417
-0,303204656436175
-0,192540078097702
-0,239991296318291
0,0386181527820133
-0,0257282655480241
0,0228431401513284
0,191467539583864
0,0704750501515123
-0,143455653831367
0,314521571332908
-0,462590402139167
0,0223033863344706
-0,0921151747023725
-0,153057751671153
-0,0867593897305778
0,150600781415343
0,0350878365413064
-0,00646106479265508
0,0287381919292646
-0,0276839047216098
-0,0485067605770494
-0,0200815344126248
-0,144655428752442
-0,188303086815222
-0,0889708347143208
0,0924723411457128
-0,262127070271029
-0,125060488482788
0,0189758943188638
0,00503410619393895
1,26404305306236E-07
0,00220743495115041
-0,00145516271038992
0,0236549408415478
0,0233678192842527
-0,000101069121842936
0,00233061419181878
0,00813082628534151
0,0054684383491998
-0,0414741847871107
0,0905284332906503
-0,0968609794290286
-0,1192432572836
0,0906721912824814
0,177238790829954
-0,291275988809581
0,441829749765314
-0,0706030568461096
0,156737306421518
-0,141599150299977
0,0847059962227932
0,028002107841775
-0,24974320336186
-0,058957045472684
-0,0849069487147411
0,0453975876977402
0,1409531466275
-0,406838156610462
-0,169728409926475
0,179510145278457
0,106150244957416
0,130010553848532
-0,0483032517974204
0,204801587514035
-0,0499930094595775
-0,0731626988066047
-0,068686161160721
0,117420324821082
0,00581054464312511
0,0257019871526106
0,158843685369911
-0,160110232979988
0,0741087716101448
-0,041300997441638
0,052418910423978
0,105380202790002
-0,164127567539492
-0,0995269423053514
-0,0578549635294629
-0,0304660462675936
-0,0329762750035495
-0,169760361404665
0,0530056037497857
-0,0124625409207398
0,0135978863841007
-0,0547483653172956
0,0589332202336536
-0,0834628429485314
-0,0329948996096314
-0,0632922823760616
0,047147624037845
0,00890706715953415
-0,00695348780698978
-0,00330806183501024
7,01171915673123E-11
1,38443289727442E-07
-1,01947141785809E-07
8,46560782336702E-08
1,73033199056494E-06
-6,49972966984567E-07
1,51899763315588E-05
0,000365734954330053
-9,76391282018563E-05
-0,00118063660188772
-0,000238680603031466
0,000835178234830676
-0,000838328328639521
-0,000586041715938807
-0,00305689156837067
-0,0021493201592031
-0,000428776458211453
-0,00297600923827072
0,0018340028984946
-0,00372317509936395
-0,00579067495104665
0,00151149539847001
0,0148988686224258
-0,00845011017995752
-0,0121252161967482
0,0103463470703292
-0,00142460358557491
-0,00236167675116058
-7,42010428839202E-06
0,00267641607859554
0,00957452458512008
0,00549262834046689
-0,000837356760844247
-0,00242786005868543
0,002742690125615
-0,010190282147865
0,0157515516455746
0,0243859834279647
0,0121653613129403
0,0127759362239043
0,000391908547630585
0,0528892418396051
-0,0368770919702677
0,0072587797148604
0,0611375998531615
-0,0401815277637614
0,0578148678702556
-0,121156625978071
-0,0350003297092018
0,119124685479021
0,10340411997099
-0,186594569549055
-0,111594685546288
-0,0551511491219609
0,0364080905140042
0,125142646408546
0,138933425385236
0,00458857577854199
-0,00209242379908519
0,111738403851062
-0,224378995607547
0,578562444603712
0,402171622556947
0,546203204174093
1,77980160816168E-10
0,000127917155720799
-0,0115796106615045
0,00236215632138197
0,0380183384413963
0,000188758545128038
-0,000426276257137303
-0,000613977799914232
0,000742638938634266
-0,000621629499974113
0,00766539328101958
-0,0241119837087389
0,021562665247697
-0,0127577439271
-0,0260888632856672
0,0142291737840303
-0,00660523253477608
-0,00286589905441192
0,0175041932808922
0,0220378760822994
0,0271674274529792
0,0727430884397398
0,0255297246057377
-0,137485041381015
0,00883600684931599
-0,153237185860596
0,159061320553274
0,229115170802247
-0,0823508122744494
0,384202757361811
-0,0561854005814181
0,077744197193143
-0,0704006831783924
-0,028621322655043
-0,0478464543404358
-0,142562714675424
0,0912598332617402
0,0387169007617608
-0,071155298762368
-0,370038041373729
0,0701826311573154
-0,206097387929576
-0,144177867468307
0,017449585652347
-0,0214281018859271
-0,108834025612439
0,122759243284756
-0,0207624648183406
-0,0197467961144139
-0,0155366844647779
0,0138550443613881
0,0186402295905412
0,0804607895830652
-0,0917364854086802
0,0623951987555684
0,00535852478861066
0,0671698118097042
0,0613330531786265
-0,0483070117834368
0,144175462008379
-0,0887087047486657
0,178973621150948
-0,563615048762825
0,139435665599535
1,62413161055497E-06
0,000139939483615856
-0,000541613145336739
0,00132403638759238
-0,00011506644120104
-0,00761966376063272
0,150172663248469
-0,046174096302173
-0,120064630172977
-0,0363027363199592
0,0101304138207895
-0,00638386687927443
0,085338883917132
0,141442704453393
0,00541951778791452
0,0100275288512026
-0,00261403687817432
-0,0224466639949293
-0,00351556712494041
-0,118735133028687
-0,023714759756731
-0,0653646595031792
-0,025276592335841
-0,0196888597155908
0,0711327122879767
0,0260998996097077
-0,0519773269809182
0,0942967039687592
0,0275842266336018
0,0219776594944799
-0,0434051743366274
0,0621169635103737
-0,0780118560308417
0,0434427299598744
0,127817402554944
0,168148215026053
0,0698427679857575
0,23648893696007
-0,0789822008189116
0,0295960905013552
-0,0604181196059102
-0,0639181468623645
0,0279677372893282
0,0443673070328235
-0,0357593936478377
0,0129005532257633
-0,176750208809119
-0,0617340062561662
-0,0135779829480992
0,399578712113811
-0,196044265267779
0,294109065845655
-0,0159286434799188
0,231632951287406
0,330658928701125
0,230194370746544
0,108448652875652
-0,221051629142504
-0,279973958696665
-0,000924691667018804
0,125772483929739
-0,143434922080817
-0,032437888834579
0,205429081471262
2,97888935150637E-08
0,000163735788717504
-0,0263502539965024
0,0105205502503632
0,0836964662712538
0,000697534196568483
0,000376879700951431
0,0259184727383329
-0,00608000310626643
-0,0334525526454721
0,0690559516895732
-0,244248265613078
0,0975775098495554
-0,0851009291773676
-0,139340381621034
0,019388590575052
-0,0266173422939158
-0,0603525175920265
0,02897538673889
0,108573641593072
0,00363264723326678
0,0615076370086578
0,0476465870656455
-0,108958408598392
0,00753116969451783
-0,241272578008464
0,230521384513174
0,216096971078104
-0,145844950680357
0,286487447180583
-0,0122317527905901
0,161474409885178
-0,108978893176099
0,00389138602156982
-0,0512655241310334
-0,0243539565919171
0,0108074611606983
0,120746871280941
-0,0908678080936591
-0,203218717455394
0,0422158688934129
0,0838855233341492
0,183205608886992
0,129214440146979
0,0337222411214848
0,0322399178116423
0,0301254048140982
0,00414676071759247
0,0174782535226681
-0,00911576291692223
0,148990705560288
0,0709227266936938
0,0314510878001315
-0,08229301270777
0,00517385187767329
0,0477880747921789
-0,058683468547474
-0,106466089836339
0,0678586158179467
0,0208957599388431
0,20333343798795
-0,142533833160196
0,530132167272026
-0,158214847661519
1,9932244537069E-07
0,000306204985912308
-0,00014588019418023
0,0373118394668649
-0,00427340227080704
-0,0472043240508452
-0,00226503493338962
0,00514225009408234
0,00349874536425905
-0,000978136432925711
-0,0574951286306836
0,0492171509799331
0,248858749361139
-0,216868872847359
0,17968939651251
-0,110023756537652
-0,0709899851039734
-0,125520410532385
0,210261152362244
-0,0830584340825907
0,0642544646559303
-0,0582177740035728
0,0264247342460645
-0,0146776480485759
0,0599968632523998
-0,0939633476579715
-0,187041469287265
-0,0264693507202024
-0,016946205580391
0,0385547669367898
0,045434920573231
-0,0467167272923893
0,0668228384813673
0,00802335656974052
-0,647446590945124
0,30504417749421
0,387354288980269
0,0188011610700287
-0,0217699449106667
0,0259599046600816
-0,0420345470146673
-0,0300654332057273
0,0279889489973666
-0,0535819789786596
0,0828479754442293
-0,0118244649809123
0,00253234428453911
0,0597467684158201
-0,0709373324456286
-0,0223800975191668
-0,00958821806297005
-0,0172093484997752
-0,0293282831417727
0,0375751002680587
0,0593317056304357
-0,0279752673517327
-0,0408391740655051
0,00433292686511067
0,0251253387786063
0,00171220588537599
0,0407620617440614
0,0322438846157232
-0,00497626008835712
-0,00129388226656623
2,8045722863622E-09
0,000832623648382401
-1,70013009655752E-05
0,00053413069285997
0,000506153189242256
-0,000820056187974752
0,00784838914646647
0,0772647514613143
-0,0283117505717771
0,0123539307429826
-0,00615732748811145
0,0177964519551518
0,0126408064374716
-0,0158694304986581
0,00250514175813123
-0,11392735597073
-0,0368479178219665
0,168883789360789
-0,0255535623907102
0,0321761257169699
0,00990918441022687
0,0176885839091821
-0,077390914007982
-0,0353894685390264
0,157467665076463
0,00436130365085806
0,0932738158980225
0,0764922688740697
0,0930129880288863
-0,0482993922096896
0,452950930209688
0,170946650923906
0,179152761703109
-0,166108528610376
0,0246869048514194
-0,0447861624677174
0,056646072442807
0,208963798488011
-0,00285174818889272
0,0242446366772798
0,101969783333935
0,106981459578171
-0,32879092805111
0,101047979718599
0,0957765040590098
0,0651252927075321
-0,277654548693995
0,389323370692062
0,103344065193235
-0,0633347580123904
-0,043924931151055
-0,0460795391932081
-0,205988075144089
-0,083267089608122
-0,139458764677153
0,0621867573793379
0,0427492755095718
-0,147068192342633
0,0150639347533046
0,162082730979423
0,134651343958667
0,0431398824862538
-0,0412986657967027
0,0146974973985042
2,16218175926696E-09
8,67782749631333E-05
-0,000459206143746604
0,000973039520162662
0,00162785439934287
-0,00776777163051973
0,0621283693385624
0,0937286466778627
0,0919780225068265
-0,334042480692938
-0,0136543208193255
-0,00616575895580108
-0,058376707583831
-0,0491178683600398
0,0816635109017442
0,0769679392341114
-0,142653738567425
0,0467609105813957
-0,117950177645413
-0,0820655354519778
0,324314508209849
-0,0109737186858299
-0,0536556479642137
-0,0112984703461586
0,00859182890858621
0,0504000902166036
-0,0359706313818469
-0,0935210572319392
-0,0805850632801807
0,0791318128988817
0,144824612082335
-0,109260107800901
-0,125462693955181
-0,0306144834979264
-0,0261259254329698
0,138648084197797
-0,12818262314164
-0,0929364005099214
0,0344577184771512
-0,158924769203789
0,148507745003103
0,0979633219417174
-0,0901308193455391
0,102054190837636
0,259405309896488
0,0831491213194675
0,0814758855196131
-0,0131638218639995
0,0180054253047874
0,293146829189426
-0,138182238471862
0,227166002993462
0,12110665481422
-0,106600642904801
-0,271029855939833
-0,296380052066109
-0,0693437258465804
0,100142531385644
-0,0580785869230281
-0,0644019300625611
-0,0230459686143423
-0,103184597251215
0,0478926860488121
0,19843619718827
1,58169365186232E-06
0,00242337921663725
-0,000207722189369995
0,000754255082761324
0,00224347177664309
-0,000580081162349877
0,00516836376684463
0,153048137465302
-0,0764383306184356
0,0359244873971607
0,00557952496855723
-0,0314572059866836
0,0969560988138993
0,0258829518713534
-0,0087458126921294
-0,239703262387352
-0,0279038976841551
0,64146668631015
0,0385242463719622
-0,0537963359369163
0,0465159457120717
-0,0360934668057379
0,158781029454349
-0,0862591679835308
0,0496427925991245
-0,0413636402389297
-0,0145784400049177
0,0162933277941823
0,0694831635084619
-0,035986063249095
0,0508651163131751
0,0470110448344232
0,0336508667751379
0,0367537619736944
-0,0822815728636578
-0,123986909394503
-0,0338399760624886
0,0091517201728296
0,0241512540437855
0,0230836869055024
0,0697926799828772
0,174654934178718
0,0944117771574413
-0,0220609965005139
0,0345193810018034
0,055259441088384
0,0483445776111469
-0,0715966362618596
-0,027554267463677
-0,158408333968189
-0,13976710231192
0,101497728404392
0,254274540302761
-0,144816523611735
0,373702634044792
-0,0513566783875179
0,0385658437550062
0,132783230341744
-0,0771559155555622
-0,147563610382802
-0,124791549066095
0,0195351974720815
0,0503163146182896
-0,00739221023630193
3,68528923278151E-10
3,03421837334811E-05
-0,000500192355844293
0,00090809519347428
0,00172426750727118
-0,00792157496998003
0,0601073895292236
0,0614473575861202
0,0922239697964573
-0,1259265180607
0,0565119500602538
-0,0687790437237736
-0,103764723535835
-0,0747432908409507
0,194968387522083
-0,0165451121554756
-0,251141636918999
0,0466403933057825
-0,24446285252382
-0,184733976434944
0,0978734036678451
-0,0648166344791288
-0,159896550272997
-0,0812146515656875
-0,285563803088771
-0,083388114115092
0,0196461568439767
-0,0285635523566118
-0,00502891828970639
0,0196735619377681
0,0922097701838173
-0,0442976986672403
-0,11896540060816
0,00265519714188253
0,0344084631028567
-0,120795053630292
0,182797661468824
0,0781043842251445
-0,255467307155432
0,0985465983404172
-0,259699731631262
0,041141762828666
-0,0775114530810241
-0,130762576091761
-0,276020188648697
0,368502959101987
0,0395494568334325
-0,1414834144592
0,174822969411955
-0,0851950615149567
0,153553065297683
0,00270064491566886
-0,146609055594281
-0,0425520183822205
0,145609170310419
-0,0237730400040733
-0,116610785585641
-0,0144504449615293
0,0578944905638786
0,0554488948746326
0,036444086293614
0,0115150963065335
-0,0357772798057172
0,0165352359850351
4,70596131142822E-10
0,00110022284331255
-0,000279896954723627
0,000181548573443355
0,00212573288462656
1,13366075416302E-05
0,000340245042008822
0,0165617618455121
-0,00813496551680456
0,000520357478796628
0,0105230651974337
-0,0458361128593561
0,0420215962218377
-0,0109746463174722
-0,0386592733334578
-0,0428771306326792
-0,0161449521590996
0,187433690262414
0,0283217957247729
0,00701838481216188
0,00130563750093639
-0,0365988786290875
0,126190955872654
-0,0505987729607697
-0,00267096133616776
-0,113263134511658
0,0268867320146798
-0,296193028252948
0,326781107099292
0,26573403165897
-0,1808391935755
-0,136692947266017
-0,0406632174534573
-0,0335967217531374
0,117425197748519
0,158036494307039
0,0434264323556404
-0,062782148135639
0,0216148011221911
0,0816459474835077
-0,103426361213009
-0,422573575812629
-0,514309941778272
0,0880887694370078
0,00131105130275677
-0,099666997466205
0,0865430497875194
0,00564964113060649
0,00665112343672403
-0,0363581975236709
0,0343454704417871
-0,00397396111469988
-0,0262717888300682
-0,0127422268123759
0,00166120369585728
-0,0254299391194695
-0,000868908172648056
-0,0731938176416157
0,00328568576825844
-0,0823233439060332
0,0637909869965552
-0,0613064616912472
0,21290004567
-0,0566450320173515
4,33125466084292E-11
5,21830140060722E-06
-3,17935386300932E-06
0,00111239754444676
-0,000109143061757748
-0,00054556783133641
0,000300782067061747
0,00220463719894865
0,000799654870989682
-0,0174548342105251
-0,00740187660993307
0,014749113821696
0,0613146270004969
-0,0601342304961525
0,0292472933884564
0,00976977224864287
0,0598115555398066
0,00223451168152303
-0,047466356126795
-0,019792014384509
-0,0462039376009397
0,00675525527325763
0,000228335153960621
-0,00438368862548718
0,00909435940261577
-0,00342665539035847
-0,00243138429667543
-0,00870417044366555
-0,00563493870129665
0,00262148968312755
-0,0176687852058015
-0,00450708784112227
-0,0140525188442621
-0,00790433359459444
0,086094936581316
-0,0949614313970535
-0,124972194958317
0,0687117835709957
-0,00221340395938183
-0,0188739052450601
-0,118817923861574
0,0263966165358229
-0,0449603860469938
-0,0449541815776369
0,0211443486544138
0,21302765784065
0,182893769449788
0,356154432453009
-0,73475431151273
0,115300836339378
0,0446648928826109
-0,0229141433186186
-0,0145668959939696
0,133692106044626
0,173138800730617
-0,173804776313669
-0,235107909728444
-0,0609707611228762
0,108301170926607
0,0287901248978418
0,0742523821569979
0,0911550395871624
-0,0131224541384932
0,0157764125912299
3,58412868671158E-10
3,41018317623422E-05
-7,32799399327197E-06
0,000164474799408787
9,44054050803848E-05
-7,9868543994858E-05
0,000688783364293222
0,0159039266588794
-0,007035893063044
0,00191521588977734
0,00245875857251807
-0,00835310213619195
0,020237552181
0,00972500265160326
0,0159504454461136
-0,0949095512980666
0,0134987368482058
0,245376359267139
0,0182578441417275
-0,0226554832245881
0,0405386811196373
-0,00737806942027537
0,137550109017411
-0,0563169754178505
-0,0865106537710251
-0,0631009652232455
-0,038054989356415
0,10683595109261
-0,321563111689258
-0,223773684015361
-0,14618571574861
-0,0341032421147183
-0,0290562999710515
0,0964883838890505
-0,0338822326683231
0,053233407315192
-0,087067675015229
0,0376924491025726
-0,0262577496623241
-0,0705938662844997
-0,114132248694127
-0,0977183662221036
-0,104197354565317
-0,0499475325955553
0,0372934857307648
-0,0342147764077842
-0,0770780812452695
-0,0303667324402077
0,00212968650553559
-0,0116131172440831
0,0239966164928656
-0,110024585793807
0,0461017534004065
0,185919424550842
-0,107506750255349
-0,0816607142280101
0,269819074470807
-0,189092513853167
0,502014701941881
0,208922165183822
-0,000120635390637523
-0,308071736734184
-0,0205859582026037
0,251051378343876
2,22133835099113E-08
3,68393591127935E-05
-0,000310059089631996
0,00429209755994057
0,000480796260496988
-3,93155045774795E-05
0,00326892297261908
0,0168543474812336
0,00561574731241458
-0,113015720722423
0,0168228297047585
-0,0346699247489096
-0,0470092052316019
0,110944015535463
0,170321484749567
-0,0405987886094081
0,11288934332083
0,0412491760405373
0,211157502929952
0,0716261577019414
-0,219796706388759
0,07732358827721
-0,104313240294617
0,0845272137231506
-0,0957131889049999
-0,104644172393048
0,0366650760668622
0,00680738447208543
-0,0674570224685303
0,0623415642701382
0,0763844757038126
-0,19511602007887
-0,117873049456048
-0,239460374468158
0,0694231820042003
0,0747819765519408
0,0661121660651767
0,0448949763975114
0,0550872254637673
0,107501913366624
0,0305961669421744
0,206292068927708
0,0502086694957426
0,0178680141745593
-0,207420685947561
-0,269746610245636
0,22986073391349
0,170288901399231
0,00844691521433498
-0,237367048490874
0,134750456358717
0,0251324978028957
-0,0725423467695842
0,0124607900668682
0,0204524693565539
-0,154450268303838
0,0306934352064683
0,039565576792428
-0,207226171869491
-0,057922334747768
0,12954304212368
-0,255067835372988
-0,010005482108048
0,384290367426923
2,5208050985485E-06
8,37304484093609E-05
-5,16974299123502E-05
2,2286473906058E-05
0,000393766872843938
-0,00010982502064251
0,00206086148717559
0,0369377927108824
-0,00960388745967042
-0,0908099445068075
-0,0172285485444354
0,0562779443999109
-0,0462264454343397
-0,0297981361980782
-0,150331942360963
-0,101631155657413
-0,0195501126624184
-0,119774668417234
0,0706117790435265
-0,124403943798981
-0,180463688734419
0,0465347033956298
0,384232726944657
-0,207929689334716
-0,289833632970549
0,23514687250997
-0,0303225370914175
-0,0462995482063194
-0,000143968096241263
0,048001371414703
0,155960012931349
0,0813005960004085
-0,0111833925837846
-0,0293736028757814
0,0302861849112773
-0,106905519869019
0,154234466045276
0,220010842278276
0,0927920194414019
0,091998618462301
0,00249426553692648
0,268906266897228
-0,176895352209096
0,0312694883303685
0,234019869441407
-0,139137994684471
0,171586152480621
-0,292940834891279
-0,0789541486480123
0,182479979908853
0,104276993019323
-0,14775154675959
-0,068984919298395
-0,0111888397934556
0,00610750208621001
-0,00087143046758309
-0,00524668693110508
-0,000676616238844165
0,000346977859162401
-0,0192226641123189
0,0460400084649157
-0,126860862553117
-0,0882238286503893
-0,119842662051285
