0,999997522455278
-3,56919738899579E-08
8,60795123410989E-07
-0,00011125775997503
-3,31500531872144E-07
-3,81606284611949E-09
3,53412756447839E-08
5,4351126163664E-08
0,000107942001112042
8,04827823642842E-09
5,47661259884776E-05
2,67638995574779E-06
1,09987019532226E-05
1,02002040935783E-06
1,08421551108415E-06
-0,000145144130362645
0,00118139889737448
4,76595806999036E-05
6,18522868197769E-05
-5,21581973736434E-05
-2,13370301251357E-06
8,02631039587996E-06
4,60208858015414E-06
-0,000119079901864123
1,36039666529983E-06
2,15714651152761E-05
1,37983132119175E-06
-6,99851566026063E-05
1,79028873536518E-05
-5,23609670766961E-06
1,7575783686219E-06
1,62345445191214E-05
-0,000152516781133511
-4,70782985724578E-05
2,86306289675072E-05
-8,8211507809115E-07
1,65514309546347E-05
2,28232629656292E-06
-2,93946519947336E-07
-9,83501221374611E-06
0,000362674913884128
-0,000176284480846455
0,00046211751755916
-0,000833855654994902
-0,00040840174534885
-0,000219634496053491
1,62559978967677E-05
-6,97604818515954E-05
0,000350211074834735
0,000742107218688696
-0,000336087116406454
1,12851045703714E-05
-0,000142578266877678
0,00100564422238388
4,48741322038109E-05
-0,000398284507263653
0,000108300336028805
9,48087198907821E-05
-0,000316084590588611
-0,000143939463364629
5,60921458686E-05
0,000189301733290472
-4,06945055711531E-05
-5,51441228058373E-05
2,98714272163885E-10
0,999798461239658
1,13608292912073E-06
-0,000266582251538219
-3,764470534411E-06
1,17980174769124E-06
1,12659909037263E-07
7,52982593210316E-07
0,000385709671268105
0,000109230918419541
5,84102394706343E-07
2,457096420325E-05
9,85129403211682E-05
-8,02367899899828E-06
0,000285385638769315
-0,000641033275434723
-2,50567008414298E-05
0,000331664776325132
-0,000177115244041083
1,03942628851541E-05
0,00108906235879721
-0,00167539513851619
-0,00443575880507842
-1,39168871399821E-05
-2,0705296012205E-05
8,14071491117844E-05
9,02949884045734E-05
0,0001533571644675
-0,00534543300973592
4,8634318087328E-05
-0,0150379758859014
-0,000279303872508039
0,00011893365324963
-0,000666883364497
0,000201581973593603
-7,39074702461231E-05
-0,00151592087737488
-0,000392805067694935
-0,00344598507583061
-0,00923192755873544
-0,000588364138476487
4,34107303726707E-05
-8,71763817601902E-05
-0,000197199061372392
0,000260449587014507
0,000459964529718312
-2,51709360283923E-06
5,53624380368346E-05
-0,000544509683599987
0,000543146323729173
-0,00202712029091887
0,000876409803043138
0,00261537905601923
-0,000785439255765888
0,000165118040121271
-0,000690653853712487
-8,77725617763603E-05
-0,000394106393498466
-0,00161892443697238
0,00010286356385587
-0,00220821966253835
-0,00061536141123896
0,000232124534980641
-0,00117750807612593
1,14454875454017E-08
9,43936703200527E-07
-0,999991409060149
-2,86548529133481E-05
-0,000695292212493347
5,7216964477571E-05
0,000198739584466515
-1,61496049550969E-05
3,43484244145617E-05
5,40645766149061E-07
0,00372041939236736
-2,4327485097532E-06
-1,88004754079429E-06
-6,18387600689466E-07
6,41128427249172E-07
-3,77952953315098E-05
-0,000177923641188087
0,00014084468097222
-5,22171540490636E-06
-0,0002041698122594
-3,50861423583391E-07
-0,000116521435129822
-9,25413921917671E-07
-7,14029362976911E-05
-0,00130712484746889
6,35847583065055E-05
-8,1288134663175E-06
-6,43208453792298E-06
1,92400416828681E-05
-1,17394537883702E-05
-7,11612098772622E-06
0,00082991382053215
-0,000154881182069939
-0,000178026268112657
0,000119839162982388
2,93627304088293E-06
-6,09228154567453E-05
2,26794969173104E-06
-6,369430972837E-07
9,27410469872701E-06
6,2931235273841E-05
-2,36055010212934E-05
0,000214735713648113
-0,000185147284313971
-0,000106843533085202
-0,000199442081492694
1,65033498390614E-05
-2,88045961985632E-05
0,000103064527343159
0,000171938579718702
-9,87666386820516E-05
3,65596871860943E-05
-2,8614231081686E-05
0,000175851785416611
1,2867690066736E-06
-4,81423081263802E-05
3,13199996299143E-08
3,45882804084565E-06
-5,44456772924818E-06
-4,18416024245576E-06
-9,99269145072397E-07
-6,83491045023141E-08
5,15292436525954E-08
1,0907674212212E-08
0,000111182331681457
0,000266096336375109
-1,21121976014927E-05
0,999077898765826
-0,0012553713185909
4,07989069196619E-05
9,59856239763637E-07
1,98167516354249E-06
1,46066354959219E-05
4,15035843690851E-05
0,0016877133803441
0,000159960608135018
-0,000139080374529342
-0,0100968828345997
-3,01183582343566E-07
5,89190203961085E-05
-0,000631364189671506
0,0253642728553325
-8,30418278197729E-05
-2,99204998396821E-05
-1,25040800514254E-05
0,00417911518028524
6,11024038805408E-05
0,000134540435189617
-0,000137681559399375
0,0056555993553514
-0,000287000292247866
-6,08533664513178E-05
-2,82487617212366E-05
0,000216888729910035
-1,35274498112718E-05
0,00234964458419354
-0,0215174168672928
-0,00418718141867467
0,00147209977284791
2,29785740664007E-05
-0,00200460545030883
0,0213265988311217
-0,00697769996324624
0,00192550128423126
-0,000120044513336766
9,15059497783872E-05
-0,000764739092437316
0,000673685949815708
0,000833486666395616
-0,000422638460284718
1,29013623995639E-05
-0,000153412634595661
0,00491842700466557
-0,00248988845515786
0,00152897262469389
-0,000204663803200501
0,00107964259489289
-0,00191979180880201
0,0010294429404567
0,000537139458666475
-0,00153963123074955
-0,000737149896786478
-0,00012240401719679
0,000151287531636614
-7,51907183383627E-05
0,000347075805689746
-7,54648963280888E-06
-5,13430685693803E-05
9,27900834443245E-11
9,38604065054941E-07
-0,000638739436351001
0,0010973299318147
0,999534880738795
4,57661791196547E-06
-4,76041192496736E-07
2,57134549154973E-07
0,00010085937770815
4,38936524822893E-05
0,014181292413096
-7,62244831430224E-06
3,30913495421486E-06
-6,24618670486556E-06
0,00024327909069148
-0,0260645155299382
-0,000613139520142982
0,00537429082059209
0,000100089151267665
0,000450302593124314
-0,000454094389731733
-6,9404843529054E-05
0,000584997296360492
-0,000236913842975759
5,7650512691625E-06
-9,19500918908077E-05
-3,61206965337885E-05
-2,69713469527287E-05
0,00183171203945718
0,000171839542526584
9,61375631700866E-05
0,00317052354846792
0,00053322212505158
0,000195085651776246
-0,000102816058747003
2,92543447936657E-05
-0,000234645684703818
8,9474819734885E-06
3,10461100673969E-05
8,94036795056795E-05
-0,000281879976971144
0,000421321424299168
-0,000503013743863374
0,000929424165326623
0,000366658908979558
0,000263750987972944
-1,66939827724018E-05
7,42372407423107E-05
-0,000362315069581107
-0,00080394206062774
0,0002787569425439
-5,34807468690946E-07
0,000176708370516053
-0,0010563192559852
-5,82428243314346E-05
0,000396661373315988
-0,000139144070011679
-0,000102952914892507
0,000293577855304667
0,000162747837793118
-6,62660575958222E-05
-0,000191140628296574
4,06958110307497E-05
5,51287375743266E-05
3,08307806802548E-14
4,74294343255557E-08
-1,65055564213963E-05
2,40945987801998E-05
2,20717168270318E-06
-0,9987785908066
0,000744439972008866
9,94378863801861E-05
7,98053125202104E-07
0,0247115140724923
-8,03649452627429E-06
3,31083997102426E-05
1,33950065327588E-05
-0,0016556519936562
2,99685163910801E-06
-0,000376203628462598
3,01109596659882E-06
-0,000165579465606573
-4,472683865142E-06
-0,000266307792675033
6,46703926718957E-07
0,00083288731075957
-1,34173788486695E-05
1,97073309405559E-05
-0,0304539794376184
-0,000539137988040114
9,15617862712211E-05
4,32608070743995E-05
0,000617091864281225
-0,00494516706278723
2,29410767142184E-05
-2,43843170802425E-05
0,000667005290566375
-0,00261027896987665
0,00156503190505819
7,89240836331346E-05
-0,000942083221848418
3,94484507540467E-05
0,000212765651538514
0,000492849703255602
-0,0107663503823615
-0,0270766006689655
0,000159722322060348
0,00186201038558821
0,00103308926397539
-0,00280060325881558
-9,4451035568567E-05
0,000697697689178741
-0,000409398625093783
1,50746347214611E-05
-3,44818439870289E-05
0,000109340662580161
0,000331306226953778
0,000586978360918492
-0,000332816586358743
5,74630402536235E-05
9,98406252038791E-05
-7,86053546526914E-05
6,85603716310478E-05
0,000216656898696802
0,000132736420164954
5,6416572111043E-05
6,48433674393144E-05
-0,000393241796969737
2,68628104558666E-13
2,61206865602553E-09
-0,00019135818392484
1,96494718696839E-07
-5,70468904828446E-07
-0,000546038619889618
-0,995084352196999
0,0954414065398295
-5,46370379569114E-07
-9,0966966786213E-05
4,68777159099664E-07
8,70419467438292E-06
3,38186570031739E-05
2,30529753361622E-06
-4,65988258080128E-06
1,51541695071845E-06
0,000219905401064446
5,18173750045655E-05
-0,000251094288820714
-3,25308969750789E-05
-2,28732321888992E-05
-0,000373987194547201
3,7384456810827E-05
-5,32013206529969E-05
-0,00599302442135655
-8,56026258047578E-05
0,000606115707434924
0,00313918667567295
0,000121030652931506
0,000250838052758564
1,3096044786411E-05
-0,000214168476892541
6,8117347134505E-05
7,78182103898531E-05
0,00170288192643019
0,000187839489278387
-0,000622105714314247
0,00193373881038409
0,00158759316403973
-0,000536512200975318
-0,00132171120861671
0,000435471776689886
0,00069330695675046
-0,000761787203777068
-0,000169525341672813
0,000887291395182482
-0,000237364515040567
-0,000420548280797246
-9,83578789989314E-05
0,000762551411187827
0,000123287437496757
0,000127692498731321
-0,00165930238258909
-0,00224629188245991
-0,0239599394252199
-0,00686826643184689
-0,000341819883364287
-0,000239410217459017
-0,000184377913230394
-0,000212519801125977
0,000640995129076894
-0,00257926279691435
1,01549836699897E-05
0,000528245475773891
2,22007164482061E-13
2,59261615495524E-08
-1,44623696757091E-06
5,50882228093903E-07
5,93823686889826E-09
-9,06195386425139E-05
-0,0954205889938974
-0,994530807582315
5,49331881929366E-05
0,00184012821723653
2,32227867957143E-05
7,62087752711279E-05
0,000253309591068418
-0,000101013899577207
0,00011878981150736
-1,49779901024829E-05
0,000318921781654094
3,07576461943957E-05
-0,000761775659595456
-0,000664603902831348
0,00044873288742505
3,79898446342149E-05
-0,00117263093521666
-0,00015197868094506
-0,00199656178675548
0,000104986307260814
0,00200598583063446
0,00772960776070818
0,000102903825200843
0,00106533465085486
0,000345332373585773
0,00023064909887186
-0,000647613985916349
-0,00635708813097263
-0,0266649023536123
-0,00939651041786041
0,00243234542728935
0,000171362695506159
-1,96600086675683E-05
-0,000566079581833625
0,00200431453957234
-0,000590992853296347
0,00443615033616395
0,00232226368385334
0,000341742518756626
-0,00212183093591957
0,00638844315147401
0,0179279517660079
0,00120166845798649
0,00232552363124578
-0,0013741801305252
0,00165626867777713
-0,0084454924610566
-0,00953140931463488
0,00626088428979784
-0,0161118393247246
0,000654715657124829
0,000564495791043117
0,00250210585147447
0,00103276587629751
-0,00130613334658445
0,00177768854691571
-7,86297326114515E-07
9,41471776959382E-06
1,95066936704742E-07
4,50572135791332E-05
-3,77153492664837E-06
1,44394937734001E-06
1,42559375546537E-05
-1,41137465331593E-07
-2,1252471409286E-06
-4,4211999561425E-05
-0,998553304813542
-6,47158074106969E-07
0,0046466402552395
0,000162201174191338
0,000572398475985179
-0,000356076414110758
0,00042022255181636
-0,00435515602191035
0,0271724031562829
0,00106129178317462
0,00131271480816297
-0,00118065082655122
0,000496482291123908
0,000308308175728332
-0,0048716880021007
-0,000834209908624972
-9,36347597155133E-05
0,000592958457405979
0,00019791630997743
-0,00120008715295107
0,000843785378327768
5,91976319060507E-05
-0,0217974126306325
0,000157200555760418
-0,00362139943465061
0,000906891054142118
-0,000478346713808561
4,26403093106447E-05
-0,00318075954243534
-0,000274847783886693
-0,000224093768390956
0,000887241230519518
0,00785976908421278
-0,00382403963705915
0,00964484587456828
-0,0173765468671925
-0,0102176808343782
-0,00487924169807736
0,000353659120256944
-0,00151095185314468
0,00775657034147079
0,0155327181651303
-0,00707952101292347
0,000121261756293784
-0,00339376067752694
0,0214962722371766
0,000906547251641406
-0,00839108324429948
0,00225995656517705
0,00203038407219048
-0,00645969035319763
-0,0032299573854042
0,00132707564564666
0,004021433748044
-0,000863549458472615
-0,00116767096266498
6,31425871027431E-15
9,48943388531755E-06
-2,94340117136496E-07
2,53553072461577E-06
8,43327329379358E-06
-0,0247463786609925
-6,75157958512614E-05
-0,00184046598158414
9,46479428611474E-07
-0,998193144341398
0,000274274307823954
-1,83718758727757E-06
-1,78312336013077E-06
4,60293390332757E-05
-1,92445461514153E-06
4,99414261952138E-05
-0,00018338855503191
0,0106058340779329
0,000233742730031258
0,000370509201468857
-3,6964625952575E-05
-0,0529533640628468
-0,00077129239945054
-0,000205129472901763
4,9634171144547E-05
0,000194827751679026
-3,59606881514244E-05
-0,000142040459183237
-3,43192108875668E-05
-4,54703655317411E-05
-4,24494982489999E-05
-0,00846558632449947
-0,000969408052922627
0,000151928834794956
-7,74267872722165E-05
4,97566767732145E-06
0,000135953066266761
-0,000543203767470884
-0,000419956978449507
-1,59354830351988E-05
3,70903833374882E-05
3,06225765367674E-05
-7,6812177947641E-05
-0,000129985786949676
3,82010700844438E-05
-0,000444353534653161
-9,74395033873884E-06
-2,67842935765684E-05
-0,000136853750540687
4,39652520086225E-05
0,000977938219783655
-0,000179183782446341
-2,38905110000949E-05
-8,78559545900997E-05
0,000542432503999036
0,000137884832788212
0,00123541950170044
8,43380314197484E-05
-0,000436471979724451
-0,000614514963280172
-0,000385606971751815
0,000187323704089901
4,92710256490428E-05
-0,000386968943798001
3,17096685861322E-08
3,23275428414872E-08
-0,0036855375502057
0,000207473107437549
0,0138625868790777
8,9464586075384E-07
4,11216818559425E-06
-4,23102346764629E-06
-0,00332914369328208
-8,78043650243569E-05
-0,993291990221875
0,00086360772686661
0,00137851974571694
0,00059943382977772
-5,87067626309526E-05
0,00304029245978484
0,0453714992729705
0,0597843616214899
0,00333371351956934
-0,0600421377288094
5,80726971786213E-05
0,00680372501035685
0,000285754460872218
0,0210256640205562
0,00075597455278302
-0,00141842553554137
-0,00215171027014449
-0,00103271296237377
-0,000252263538006926
0,000213269692733928
-0,000280908464818652
0,0140035725118604
0,000843750203652733
0,00175688582255667
0,000633396830842565
-0,000106314892198146
0,00200541174052103
0,000263335805368799
-0,000249497669989174
-0,000770237490096424
-0,00307581261657753
0,00124100855828526
0,00419747842240885
0,00578913971015922
0,00227688081953768
-0,000441924069179525
0,00071220272196337
-0,00117711758139711
0,00860079606632509
-0,00139700093369973
-0,00165119556744877
0,00282593683246333
-0,00146608536558422
-0,00396608335337056
-0,00232775254750689
0,00593058779268183
0,0545221705391047
0,000708013720106542
-0,000977076744633867
0,000425164442079493
-0,000982698642488306
0,00108600257225512
6,97911010239678E-05
-0,000141130537839344
2,40558656540319E-13
7,39696028119152E-09
-4,08569825818172E-10
4,88602055625641E-06
-5,04863460707713E-09
-6,19665105593772E-07
-3,18315478385166E-07
-3,92146329727845E-06
-7,17769874180989E-06
3,51532261336327E-07
-0,000477316831694532
-0,960206654913394
0,278656109523636
-0,0186201545756914
-0,00077640433371307
9,33581600104925E-05
-0,000204392013811264
-1,72222315705156E-06
0,000146491462773309
0,000200804187843881
-9,3016393381978E-05
-1,37187752265531E-05
0,00113052468856765
1,5491759123538E-05
-1,66441363197138E-06
-2,07856087525094E-06
-0,000324859942055322
-0,000220640359267451
-6,56136661832084E-05
5,77550336676662E-06
-6,45523582140043E-05
-2,20286210735302E-06
1,10964871508685E-05
-4,76690050548246E-05
-3,31369790558447E-05
5,34494340426874E-06
7,29966465410417E-05
1,24913539289263E-05
5,25625745194338E-07
-3,86214337740871E-05
-0,000114809445243962
0,000190214516351556
-7,05806825241559E-05
0,000113198931404857
0,000199870794597626
-5,74301478359857E-05
1,60182853777043E-05
-0,000136655632116715
-0,000206943389620578
-8,67302558655237E-05
-1,75990635647818E-05
-7,92080157600665E-05
-0,00040847339918264
0,000232138403597825
5,30462228468132E-05
-0,000133366002486776
7,28266934884009E-05
-0,00209610515853617
-3,75025213265973E-05
1,08607686635145E-05
-3,2642429897756E-05
9,86810170188326E-05
-1,54278816015186E-07
-5,63430996898594E-06
6,5424935453185E-09
3,8480056191839E-06
-1,28619680997749E-07
4,99066039006916E-08
2,83414600194569E-07
-8,19387007705583E-06
-7,41225427170358E-06
-8,19524280910638E-05
-0,000214878747098207
2,40107145309894E-06
-0,00103627817062962
-0,277314912287101
-0,954708785701885
0,0088837960185143
0,0122535785863569
-0,00149810930925366
0,00713784038823196
0,000574384641716529
-0,00740858294371116
-0,0104094591661832
0,00197046179566249
0,000273660063523363
-0,029746236306821
-0,00210135368107512
0,000124317640576845
0,00179800012489487
0,051969145073834
0,0561053730866238
0,00353656502952328
0,00543985614394622
0,00266561456053477
0,000260297264551553
-0,000667888285011661
0,00799278147215457
0,015657829834766
-0,000696889889948168
-0,00192906115563139
-0,000769328960948088
0,000498432221687332
0,000851173349377892
-0,00831579452763739
0,0025402915901474
-0,00783337389450036
-0,010295367363125
-0,00374092582591501
-0,00344447573339479
-0,00136783428309281
0,0140549366223722
-0,0045851857169334
-0,0153004480810334
0,00870046738158136
-0,00842807957930347
0,0260269719988311
0,0243467097481198
0,00491902566888298
-0,013699096244258
0,00222691215623759
0,000293698836691898
0,0279046784127521
0,0135418795130572
-0,0157843915727477
0,0223838433064673
0,00125883056582099
-0,000120066952619251
6,05340861647583E-09
1,15287480824172E-06
-5,40626031045938E-08
0,0102097644825781
-1,4624986777919E-05
-0,000339326021268787
-1,13782528415313E-06
-2,98622258487206E-05
-0,000144082463571441
4,01642583049793E-05
0,000427818776323315
-0,0153363606639868
0,013752160116266
0,995782709141079
4,99029832257467E-05
-0,00132992692453762
0,00017497110393597
-0,00302685519972314
-0,000418745610405932
-8,66047668540252E-05
0,00130213269911936
-0,000355040530084163
-0,000604158721189215
-1,07917123457283E-05
-0,00128411980178185
9,63985191327602E-06
0,000133587456679067
0,000144086504631024
-0,00773368601262852
-0,00763337142404286
-0,00121619045322602
0,000285938257264389
-0,00140754076124323
0,019379194235846
-0,0104055953087578
-0,00134652415119769
-0,0275353930505567
-0,00398017035821101
-0,000436669429218409
0,0132265868330726
-0,014691659846737
-0,0387004472072109
-0,00365127401702333
0,0065279617455206
-0,0101133030995565
-0,00605961728112637
-0,00516548845858363
0,0480979453425108
0,00467281203083594
0,00818039720860986
-0,00197210353310597
0,00255298275296125
0,0119274294103635
0,00822955721920803
-0,0129021019854742
0,0356747348864262
-0,00272985622094956
-0,00486403399548587
-0,0167683505847514
-0,00054797527104397
0,00163741938384848
0,00035523998205447
-4,80814934367918E-06
-0,00203647156693483
2,42463267039834E-13
4,69704110417292E-06
-3,39607631206645E-10
-8,4061810278906E-09
1,02563062388998E-07
-9,63903440012828E-09
-9,68028161855815E-07
-1,86544180670361E-05
-6,35041328450062E-05
1,55981306295126E-07
-5,57930749443504E-06
-0,00200252595075383
-0,00929305595648074
0,000112122710687645
-0,993540107083439
-0,0108802942159976
-0,000747770264411191
1,09060916822206E-05
0,000182528621669923
-0,000729451987568949
0,00704554578733168
0,00119944319550742
-0,0824334776855646
-7,21770720248463E-05
0,000213266403876752
2,80026520152577E-05
0,00124700048292814
-0,000101142256666071
0,00567599587122868
-8,96434087865985E-06
0,00453396816851307
8,79695375725585E-05
-0,000341012859502482
0,000364569633827345
0,000425056525987219
-7,11988577418772E-06
-5,72185486679576E-05
-0,000132591625406287
-0,000451173086456554
-0,000303733373128077
0,00925164517916629
-0,00585423150581347
0,00788161958712516
-0,0146113337610582
-0,00789091706482086
0,0128670825723375
-0,00115802010020652
0,00206348206410308
-0,00479227202137084
-0,0145698553695321
0,0105183450706
0,0287596828584125
-0,000745966811953378
-0,000878463183222857
4,40786968849993E-06
0,00136435075901437
0,000899248244458698
-0,000280383225155208
0,000811760536688719
0,00512783302032507
0,00623875404671201
0,00179114595310783
0,062382648830477
-9,61722278448856E-06
7,36700800567118E-08
1,51157759165596E-05
-7,74589881641558E-06
2,555658878019E-05
0,0261901180723824
-4,47638077780883E-05
1,1150138099347E-08
-4,19161377659619E-07
-0,00109720770425268
8,81344086554172E-06
0,00326400758492418
-0,000150546902765327
-0,000704162139356647
0,000714959695589976
-0,0091656228891601
0,992830753150382
-0,00410363016060405
-0,00218046295837792
-0,000665845531885317
-0,00475486163397286
0,0180654293221806
0,00102705590021339
-0,0235859511628391
0,000146299991999073
-0,000316743214600728
0,00171390079612486
0,00170897331637195
0,00127737657214784
-0,0756036963448766
-0,00707268354834539
-0,0053860185086198
-0,000669633756923822
-0,00624008196313664
-0,0102318498120686
0,00523896620991732
-0,00115877892685517
0,00876247997511159
0,000582945176825166
-0,000275829295141239
-0,00290592341746487
0,0114178850930568
-0,0174594080696114
0,020172834641476
-0,0378332642289866
-0,0148901548349154
-0,00991819096794262
0,000626270582215916
-0,00289771162996725
0,0145935125386134
0,0311608815307011
-0,0143207855835961
0,000124361254810574
-0,00694721044731199
0,0433290869510386
0,00187356077194683
-0,0167151169497179
0,00442641354272341
0,00427734012344605
-0,0122846462816944
-0,00672336598387373
0,00287173806208953
0,00801891416243844
-0,00170777910958446
-0,00231285206092827
0,00120298420501474
1,67489657314542E-07
-7,45693256248274E-06
-2,21197215939955E-05
7,35122940673343E-05
-9,66436562002954E-09
-2,98605064921073E-05
-4,23043949107055E-05
-0,0274952821286822
-2,19607338632317E-06
-0,0453463541221862
-0,000675314042187957
-0,003058896234137
7,70190846763355E-05
0,000684040345282151
-0,00375423115565055
-0,989370894580949
-0,0210479198716901
-0,0512627482978553
0,0111007868969456
-0,000771773246360771
-0,00160163585810219
0,00127105812302413
0,100253116408483
-0,000236030169484272
0,00169493124450473
0,0134527942825984
0,0528940331618327
-0,00215193581630207
0,00321392523455005
0,00064887801363359
-0,000474543733086622
-9,25899671058527E-05
0,00767590238205077
0,00302292399098198
0,000115905151832458
-0,0137590666556335
-0,00373376859136389
-0,0109946091929615
-0,00679000569734263
-0,00615062647702592
0,00172062887962738
-0,000404784761024346
-0,000898424440692726
-0,000858685966124275
-0,0013570511549241
-0,000188499176633079
0,000191869807370541
0,00168324606012869
-0,0146112585993208
0,00179282763588096
-0,00699054721248746
-0,0231086529032308
0,00684533938895578
-0,00164162162303305
0,00659599563631463
-0,00326643622023394
0,00451812636975501
0,0197334027467963
-0,0127823928383048
0,0098445037062134
0,0011056896009493
6,92762031620105E-05
0,000139851787667833
2,65772722279983E-06
6,22301851065818E-06
-0,000343539284662016
0,0254467092171439
0,00607790791545006
-2,06194977184951E-06
6,8372869512875E-08
-1,1754239672448E-06
-0,000197010759621212
-0,00126801992060429
-0,0581964201679691
8,24450925766134E-05
4,49437004333506E-06
-0,00330390802981074
5,65087720922435E-06
-0,00302099033426226
0,0241948985899158
-0,979464156841712
-0,0211494865798535
-0,0208303896317868
-0,00020435611218175
-0,170063408760593
-0,00229412427272968
-0,00410835702932009
-0,000553401025543445
0,0252468461689284
-0,00118752972122133
-0,000767541523704694
-0,000501717242296098
8,66827946156709E-05
-0,000104669887121632
-0,0135107520439655
-0,025524636779948
-0,000855714066234507
-0,000152384327962348
0,000341834222472339
-0,00131132159654202
-0,00132800618312138
-0,00055622711660895
0,001526972782243
0,000835266337480754
-0,000407039307388573
-0,000398529163159424
0,00190159291425536
-0,00527938206739686
0,00972750486013431
-0,000698958872883052
0,00302434232412794
-0,0583115796947594
0,0200643541863321
-0,0122374338149813
4,14384887728174E-05
-0,00967132173025309
0,0176466722101678
0,00161728069139116
-0,0019933660460803
0,00879827400536317
0,00846950698313635
0,00120291998425099
-0,00143825337694789
4,12493143849225E-05
-0,0034536146857496
0,000137014901193928
6,95116762008696E-05
4,59579237062072E-09
0,000167905208358979
-5,74895908133207E-09
0,00060384196880246
-4,03591753882502E-07
1,08151531789541E-08
-3,17517063939214E-05
-9,37430356415184E-05
-6,9055883149722E-05
1,21879952812698E-07
-0,000265735202659147
-0,000620723294496547
-0,00261379439673616
0,000118015558705831
0,000196890810056534
1,04469470091992E-05
-0,0474906377279743
-0,0214945449201852
0,994593325220453
-0,00148908986517939
0,0312319839314859
-3,1501349736544E-05
0,00359686906536342
-0,00447414050277777
-0,000392294742469501
0,00514352874565574
0,0174748840380868
0,0688647857189436
0,00180632577805673
0,00434974513072317
0,000335157341883187
0,00054367804657681
-0,00368004274590076
0,00586131629273399
0,0059433210556902
-0,0398649539850036
-0,00513062263754174
-0,000942875130803031
-1,93416043166362E-05
0,0024449848159145
-0,00621871057809504
0,0016414014147381
-8,8085129659176E-05
-9,03747476100878E-05
-0,00295245739878562
0,00414605445247423
-0,000153197415184777
-0,00119375542158522
-0,0122940199043114
0,00314409637539859
-0,00204684838507268
-0,000136190467314556
-0,000800164846302521
0,00257856745949133
4,97633300957425E-05
0,000494957219174937
0,0012774695027416
0,00150798721660887
-0,000329910508736139
0,000409287308285216
-0,000256372462274831
0,000257401548769997
-6,59256328747602E-07
-1,98087786823314E-05
1,06363005062806E-08
4,34044311582764E-09
-0,000413403486416515
4,18567611029955E-05
0,00063976506243799
-3,63909882580449E-06
-3,19735628362576E-06
-6,30931438266296E-05
-0,000233451864068773
-2,18049082854022E-05
-0,0608989010523358
-0,000698610110978885
-0,00303858376928981
4,9496678734839E-05
-0,000106033546015481
0,00298101759714757
0,0136039168850547
-0,0171620129809051
0,00131740607254948
0,977338541855169
0,000413723081880361
0,00463958528633585
-0,0053352544601278
-0,00692967211966276
-0,0152130616564183
0,0125793743148988
0,038481478023157
0,000986836084850526
0,00145693873463211
-0,00578127114857729
0,00209147301176483
0,0040521749376853
-0,0186724299536558
-0,01212403530725
-0,0276619257645116
8,95421762455777E-05
-0,00683158471818386
7,01414267366093E-05
0,00239022753344403
-0,00209770484102074
0,0622783021966026
-0,0245418222322488
-0,0860306784583092
-0,117470777136162
-0,0210683948434574
-0,00430725716188793
-0,0113679958543609
0,0176053338838151
-0,0283007261844509
-0,0528880185770202
0,0217838717539429
-0,0389318442158347
0,0337193048151871
-0,0124697494729405
-0,00528910010098957
-0,0161762330829557
0,00909421463452576
0,00308374716222434
0,00257796827797326
0,00126596214242306
-0,0109220246789313
0,0484228682526825
-0,0290850336408866
-0,00961327482849654
1,05788292711883E-13
9,43817612637305E-06
-1,95068572234131E-10
6,82383170607738E-07
5,9238894068626E-07
-3,18269086435567E-08
-2,25653659923513E-06
-4,06832742008697E-05
-2,73410194483063E-05
3,03986113107209E-07
1,9422595092173E-06
-3,3362979396239E-05
-0,000141555161424199
0,000300380958683548
-0,000967680816104559
0,00735612379323097
-0,000780086395438232
-0,000596322051669721
0,0297337435527239
-1,12203848467212E-05
-0,988237445827447
0,00202941795395459
-0,0818096722380129
6,01329019659981E-05
-0,0016017649215824
0,00151024161895019
0,000200450747132235
-9,82112527478002E-06
-0,112695468858214
-0,00120086491678453
-0,00788165238289053
-0,000463591198781676
0,0010700017620272
-0,000172844487520634
-0,000709725898161066
-0,0429520319755401
-0,0106646143941538
-0,00150877153506516
-0,00206256416033048
0,00700259366405159
-0,000255980820986495
-0,000102462313855402
0,00612225627609164
-0,0102049627741751
0,0271257182132176
0,00330292155569821
0,00011794329982342
-0,00189392249793701
-0,00128219350202761
0,00446447744982397
-0,000936293740408843
0,00197792084349033
0,00665399808386304
-0,00116695349985411
0,00011331445192522
-0,000488214599156206
0,000141909693915938
-0,000165531446494934
0,000417975947424806
-0,000444195098091516
0,000325975725635021
3,44617726371393E-05
-2,57488108130825E-07
-2,46057223489197E-06
7,80605848656817E-11
0,00182733466684816
-2,56702671628848E-06
0,000125092246718494
0,000429889022067609
-0,000492498446609735
-3,12685974764994E-05
-6,26238953030729E-05
3,32379109233244E-06
-0,0546969088244199
-0,00196614426231444
2,61491002344841E-06
-1,24738340495132E-06
-0,00015178292676017
3,0513235101619E-05
-0,000702732468115902
0,00274961723182324
-0,170566481343274
-0,00380917903278145
-0,00776124838522194
0,000655898639067919
0,967320309940627
0,0140589423251797
0,00391610733485741
4,84390064362356E-05
-0,00322892844224438
0,000745391927951765
0,00280195995558468
0,000716202665461577
0,000200966885728156
0,000930726836964045
0,172440399958497
0,0201641846926346
-0,00284914602756149
0,00193430192176394
0,000113480736164188
-0,00357522784973188
0,0113385827766817
0,00887072832738518
0,00032882872257339
-0,00038830278778099
0,000160534825573432
0,00016931703538374
-0,000119705691186682
0,000139704081169163
0,00156871433754151
-5,96390907203775E-05
0,000165682596490644
-0,00186445068113412
-0,00717919544035488
-0,0183447389426678
0,00198808222807433
0,00082555590176673
-0,000170484082032701
-0,0114690658681449
-0,00577141448813466
-0,026534302735615
-0,000621111129996617
-3,81296471095726E-05
0,0075448693461548
0,0105050034568138
0,00150029690353948
-0,00105938690142404
0,00832999023543931
3,46588277596475E-13
3,86053211102289E-05
-1,32190434561041E-09
-6,44718097230362E-08
7,83484659190535E-07
-4,4922727689687E-07
-9,0146985736403E-05
-0,00125117774854398
-0,000383348647782609
2,93526869548013E-06
-2,85070829333735E-05
-0,00765474232080503
-0,0305915105561405
0,000339101908150516
-0,0819395181478992
0,00666462007811953
0,000787433429204128
3,68263604981107E-05
-0,000606054497087473
0,00375104669292512
-0,0549529601957457
-0,0129313410266931
0,951403038221485
0,00124421283610816
-0,00341490407410481
0,000345601620561948
-0,0103075480840397
-0,0053722436310852
-0,192809523132101
-0,00158157141694482
-0,212561034377824
-0,00339533766477552
0,00451398585764649
-0,0227384175499071
0,00376888510310829
-0,00219071883061902
0,0169225369532024
0,00222012324641583
0,00393244264288217
-0,00312155931878625
-0,000634641993864543
0,00108773907950907
-0,0124652760643902
-0,00602850941704704
0,00578004470171301
-0,00607908283105526
-0,00116698533288626
0,000885036596699473
-0,00300982588627526
-0,00268413504481145
0,00128852048059254
-0,00536436915634165
0,00616028480813506
0,00196428012706143
0,000717270606681249
-0,00655831041577603
0,00103874166162805
4,43092534799639E-05
-0,00397366396344495
-0,00124294076346361
0,000461274969714287
-0,0032020741845487
-0,00745280799365384
9,05356681513146E-06
3,69682231201045E-08
8,89263114551602E-09
-5,83541502836881E-06
6,25472458429625E-07
5,56520124495086E-05
3,84586810634357E-09
-4,20948208862698E-07
-7,12410807144163E-07
-0,00199317595872791
-1,96227640926694E-06
-0,025326793405699
-2,71844894646632E-06
-8,9278032670872E-05
2,23736350036517E-05
5,74343440067025E-05
-0,000196365029696481
-0,100642691024805
0,00277928647539044
-0,00762399516455908
-0,00711686023858794
-0,000270051595465969
0,00420362797432343
0,00109136556609421
-0,990578998025546
-0,000465553982244341
-2,52535627781704E-05
-0,00691382677054674
-0,020484460832019
-0,000631340780575194
-0,00101569133669597
-3,61150408555066E-05
-0,00355252596413565
-0,000349739510002649
0,00106662087912772
-0,00238031885947084
0,000237642935299438
-0,0142366999468188
0,026315831249598
0,0740062459928552
-0,0260056088289179
0,0037801636472553
-0,0010275466190623
0,00387931937370622
-2,07379748896777E-05
0,00552056331963704
0,00174319468796117
0,000378474791900909
-0,000542939424474875
-0,00109329130650637
0,00337643235740211
-0,0017437559039423
0,00126035616953611
-0,00231798728034544
-0,00144477861968139
0,00389883856957443
0,00598900324877819
-0,00715395775093742
0,000488821627182816
0,000627952197093283
0,000728332600312366
-0,00217043322222647
0,0103088858909904
-0,000120135816185084
-0,00169064239290108
2,03439864193308E-13
1,34609877707897E-08
-0,00132174996217047
8,90470423769666E-07
-2,23617761323106E-06
-0,0307200422091363
-0,00618813787698736
-0,000466512194216565
-4,81035659036891E-06
0,000812371312605843
4,97012607022458E-05
-2,50649740811123E-07
6,44764328796415E-07
6,55364466080502E-05
-8,26555180569248E-06
1,06640483666233E-06
2,57714477430034E-05
-8,66258052208785E-05
4,99121333869768E-05
0,00692906180335353
-0,000443426565518128
2,92039962736605E-05
0,00143719220130766
-0,00053286777011056
0,990924620705261
0,0183752853795557
2,00691993625742E-05
0,00349986960961542
-0,0134121955614047
0,00081215462188207
-0,00134427493193556
0,00507408511499425
-0,021664395950416
0,0820116961962697
-0,062723219042455
-0,00203840642106784
0,0346086553895887
0,00223236348865292
0,002219349399567
-0,00607968802379515
0,00301763861573563
0,000565797331062803
-0,0552938251772068
-0,027822597471744
0,00244582762171306
0,00696776845447195
-0,00245091218521
-0,00431074342018061
0,00630379168864782
0,00707326365145993
-0,00307568546358442
0,00263229442680912
-0,00456241656113677
-0,00290429606079376
0,00239041707314699
0,00482689150464398
-0,00337059622621776
0,000507671512995014
-0,000194906383733724
0,000292154373786603
-0,000364083216019741
0,00075914089050673
-1,42223664336223E-06
-6,69164102069869E-05
4,50723174611775E-11
3,5403702671783E-07
-5,43784358550754E-07
7,13267085635735E-05
1,59149409878418E-06
-4,39757706704522E-09
-7,83309034419886E-08
-1,45516808663498E-06
-5,2806599477684E-06
-3,76580868026595E-06
-5,95127297748811E-05
-3,50772619373721E-06
-1,2818250047332E-05
-4,43652124324275E-05
-1,94776277349881E-06
7,67113240092796E-05
-0,000213946296662777
-0,00744525395127711
0,00125160580418405
0,00363282026667572
-0,000521490792123459
-0,00425281462679279
2,14849685515673E-05
-0,000305205121014977
0,0151857852011241
-0,935842886465146
0,0324091568188074
0,00695287741591064
-0,00536394686208786
-0,019784295322714
-0,00164085055275375
0,0302278727208848
-0,280396144566359
-0,0295197171451989
0,0118017531246632
0,00153359142155779
-0,0258499467758636
-0,00339013651260845
-0,00488408975927176
0,00224437576728019
0,0274608557194242
-0,00183278875695006
-0,00939345451736629
-0,00118233464493761
0,0132616045130145
-0,05843856805225
-0,000393039940997035
0,000918694387064793
-0,139814448552612
0,0317234324679643
-0,0273468638825905
0,0125058249074519
-0,0248057873707288
-0,00244770367277908
-0,00392420280547221
0,0222174478774403
0,00674686716682176
0,0102433353741507
0,0275510732769692
-0,0343313502102623
-0,049982008139471
-0,0147824676129648
0,0118903845460978
0,0955275111799219
6,59616107090935E-13
6,8743513470153E-09
-2,60784888087252E-09
8,23947520620798E-09
2,09683921401144E-08
-2,69995369716901E-07
-4,60800582391241E-07
-4,1089043424148E-06
-6,35241191562114E-06
-2,84905243978708E-07
-8,86992366898569E-05
-0,0100687140238947
-0,035349489030011
0,000332636455619569
0,000808770335289615
-1,8449668832292E-05
-0,000247433818793409
-0,000175890788103893
0,000754315436183573
0,0137158800054684
0,000563744126346489
0,000285896522059224
-0,00984713196732582
0,00161855921261572
-0,000338551467949129
-0,0259764436444936
-0,929824086007106
0,245695448618828
0,00152976507089185
-0,0429970160904251
-0,00098088746793229
-0,000589039011109536
0,00390102377359475
-0,0108689996413275
-0,0201945700812733
-0,00170398282429124
0,000383085000780957
-0,00382064230539696
-0,00879604498112273
-0,00742835330278969
0,183237449630991
-0,0745244535399075
0,0370955142025897
-0,0331854375156451
-0,021154777851309
0,0370147035551469
-0,136510842376248
-0,00642357633313862
-0,0212261400347375
-0,0339185670781192
0,00964147522517057
-0,0364489741751705
0,0125236122181339
-0,0519686778053098
-0,00161267123063958
0,0164209808153969
-0,00254620864713541
-0,00376832160056819
0,0124998681441639
0,0030551286724193
-0,00831167156406761
-0,0067178806945331
-0,0405423682225989
0,00198955813126354
4,63463369287661E-09
0,00746080606182681
-9,20930469932667E-08
-3,8099396571458E-06
0,000154525022722912
-4,19200942978832E-07
-1,28134315833276E-06
-2,31195100886542E-05
-0,00148738223185628
9,03889212202909E-06
0,000111544848944558
-0,00102717099372155
-0,00414153497896029
0,000737208817616955
-0,012945109732587
0,0822784331431008
-0,00047400157399134
-0,000263828924164514
0,00214629572756172
-6,86704621877368E-05
-0,125223452916663
-0,0041677341480313
0,204348210543391
0,000485471547176113
0,00433200682111604
-0,0018676941248314
-0,00560830509568759
-0,0168411483280978
0,94545256393484
0,00963582361830189
0,0720285066945481
0,00633966952635085
-0,0199246673537371
0,1142784669595
-0,0546282668161326
0,0163710401201756
-0,125259992693544
-0,00932517098935105
-0,00328227927851417
0,0328125855735187
0,00300928828173923
0,00236121717670088
-0,00260951645522826
0,0202933467205742
-0,0431956808016294
-0,00202379190920554
0,000753440474760803
-0,00117427508346863
0,00804522626328202
-0,00121563524670004
0,000522745312447021
0,000259212736110788
-0,00488623804254252
-0,00237436190908778
-0,000958030854648995
0,00288539656170586
6,58565408504395E-05
-0,00113680297508142
-0,000400282829366055
0,000317678530576448
-0,000241757027874456
7,93984555007557E-05
2,84481043718512E-07
1,62098617143214E-05
2,36099832007704E-08
2,20633392285428E-07
-1,32592935055244E-08
1,9103225672925E-06
2,77005080708974E-07
-5,76038596990825E-07
-0,000141817792156466
-0,000188610096719822
-0,000299545155028033
-5,13545243751475E-07
-0,00102016280300996
-0,0194801314918517
-0,0680972396911026
0,00064239532293883
0,00163686891901723
-0,000388031830058866
-0,0552129990877472
-0,00294112590532855
0,0680543744576324
0,0023680713676196
0,00430869807287894
0,00151273867748123
-0,0142093917294974
0,0268575733952543
0,000738760278910787
-0,0110872585314825
-0,213822713429635
-0,914291791775315
-0,0119612336003584
-0,0582997226407394
-0,00240007405436257
-0,00425236394702757
0,0109587507189139
-0,110488029028101
-0,224827500623201
0,0110957534497931
0,00860388809339154
0,0148710587774902
0,00813113510670446
-0,00930599913996984
0,10943907147449
-0,0309142561568485
0,0154128004698985
0,0512604338438525
0,0225194436847437
-0,0182261042717084
0,0404613750461936
0,00482528279799769
-0,000348321937308317
0,00414103496646934
-7,14504799119913E-05
0,00377837447732291
-0,00399352448148866
-0,0128880670471459
-0,130343899499324
-0,0427223779477311
-0,00169636245422534
-0,00224319187185052
-0,00401879195942864
-0,000312715722782392
-0,000185444559755493
-0,0140747703182062
5,04483330171545E-05
0,00274075433426385
3,0959775646177E-09
0,0148343109158166
-4,69188793946421E-08
-1,03812009760343E-05
1,54926980191316E-07
6,03780894065406E-08
-8,93409482252131E-07
-1,66179200038474E-05
-0,0221680707024357
1,71213320566791E-05
0,000191350571456115
-0,00103780603432793
-0,00419716420908726
2,85835875401776E-05
-0,0121954528299298
0,000885481396032792
0,00278976209058772
0,000331975965252036
-6,40187582378009E-05
0,000291234979572845
-0,00990223306504997
-0,00535004720358919
0,19179682814842
2,46474358808019E-05
-0,00117733447281457
-0,00015120279210736
-0,00381209426107811
-0,00395102803236609
-0,120588895762165
-0,00854391028494128
0,972843239440475
0,0103692388967393
-0,0016605700422053
0,0134962753779469
-0,00125623820358764
0,000434152499154026
-0,0121586249512079
-0,00171862885554451
-0,006447614491428
-0,00831235081840385
-0,000745166148342793
-0,000248342766676839
0,00537733681677887
0,00187257340746622
0,000968421682307482
0,000247682899471134
0,000494231308152289
-0,000854838675569611
0,00306758733611102
-0,00565964999837438
-0,00051833637912742
-0,00285039534452185
-0,0156222470806734
0,00332085631606844
-0,00130352180412627
0,00579948879169586
-0,000774729425529626
0,00252374630938796
0,0105647617740232
-0,00711318013363536
0,0052312631018717
0,00138971820568832
-4,48358169436524E-06
-3,94930234174389E-05
1,82002846907769E-13
1,71093502619288E-09
-8,75646823981544E-08
7,69399474994516E-07
8,60540079556817E-06
-7,99883704874007E-05
-5,53756587068859E-08
-2,37160101218489E-06
-1,3977226671268E-06
3,27112872572683E-06
-8,42418072418086E-07
-1,15867394380913E-05
-1,66114416571346E-05
0,000590336563599391
-3,85484336683223E-05
0,004463758048318
-4,94043294139238E-05
-0,000148886467329406
7,87597890937736E-05
0,00169203061647187
0,000186718892826669
-5,32154308324423E-05
-0,0002562963982545
0,000183896110930173
-8,62191657438854E-05
-0,0120294425940046
-0,0325225963880354
-0,0400087081984563
-0,0112179128929471
0,962159359678049
0,00675444812340851
4,25314168062644E-05
0,00396894736952217
0,0167117709430297
0,0334771851449544
-0,00123725385357875
-0,00447888577318522
-0,00314065277945012
-0,00552353016430299
-0,00542431690365855
0,0881187968684449
-0,188530591032004
-0,0435931558148991
0,0501368203913613
0,0424833819416047
-0,128648000795727
-0,00472764107735596
-0,00871346894733783
-0,0221141013506232
0,00812079142771707
-0,0058859751559875
0,0204800614540386
-0,00545018963202262
-0,00830445156189034
-0,00960611716582161
0,00383859192603104
5,84631818996301E-05
1,52452721444756E-05
0,00226344794734748
0,0200519742656035
0,0165461080120525
-0,00450537062715495
0,00757102960545987
-0,0399346988184009
1,2743494612036E-13
0,000221872532207238
-0,000798347679930895
3,44752442007113E-06
0,00309458204581851
-3,44174879347978E-06
4,12652452661323E-07
-9,38659654964043E-07
8,99262268040182E-07
-0,00102968564844298
-0,00078348016133678
9,24688836917045E-07
2,01476072033058E-06
-5,18462559833854E-06
1,25824346305801E-05
-0,00108179045331927
0,000433687864940585
-0,0147964416068365
-0,000333976983640965
-0,000560165069158473
7,45293097796978E-05
0,177014109614726
0,00267821986958845
0,00226413100622293
0,000236907573378672
-0,00244966563184497
0,000683333460155128
0,00258950816996537
0,00209564063372132
0,000489945470810236
0,0101794204589899
-0,930922201021527
-0,103173812050122
0,0226208770170228
-0,0101301444956982
-0,000760234936863587
0,0118414431586558
-0,0052480418335244
-0,0070595263993981
-0,0128859684116423
-0,00141098530648619
0,000490188303894412
0,0010769729424285
0,00359790993103033
0,00546275417836067
-0,00200269742106769
0,000119000576883561
-0,00134859654979363
0,0140493037202844
0,0593718810805163
0,150175334415905
-0,0154779130722287
-0,0186035088763448
-0,0141562316770504
-0,0032146722198197
0,0254903255524355
0,215165302153776
0,00491471061888421
0,00317120950331279
-0,0621302552218192
-0,0851167164301474
-0,0130626804352811
0,00853319929485794
-0,0677350812484833
2,65965004625337E-06
2,73308896906465E-06
-0,000261419750398029
0,024088524505067
-2,48235536209132E-05
1,51966625913879E-06
-7,44076670042398E-08
-5,7413584949736E-06
-0,000128045735479749
-2,60577476642371E-06
-0,000619143265216872
1,51663537533909E-05
-7,45983107143741E-05
-0,00195309429304127
-1,43781902239931E-05
0,00114866783373833
0,000472616193463252
-0,0121251137862159
0,000408316985492706
0,0221486863831649
2,31743349511813E-05
-0,00433972538383336
-0,000342601477307349
-0,000479947491642512
0,00582083424462293
-0,250432268986952
0,0128018841055524
0,00502994727481892
-6,99941648264072E-05
-0,00830453154767027
0,000646482654066311
-0,0889404513119853
0,911710726081614
0,181799840657024
-0,0618057372092609
-0,000513959232148313
0,0413311398882921
0,000899840138943704
0,00292204846827539
-0,000167662680148204
0,0114556541787315
-0,00451338825082147
0,0238166135424146
-0,0201457729716969
-0,0381777678979707
0,0129267352957591
-0,000236418332784654
0,00568454379935226
-0,180742155794574
0,0895486946341611
-0,0578792754806416
0,00792634429882996
-0,0338120501957803
0,0738909980725223
0,00181566591259197
-0,00902864408901042
0,0597169614090463
0,0274824404862665
0,00336097037366129
-0,00364654127767667
0,00226609527690273
-0,0103757203798574
0,000208746806127044
0,00207525854400028
3,16662146718288E-09
2,80052156870202E-08
-1,04920062439572E-08
2,64425355278784E-07
4,44398881147263E-08
-1,75807326599044E-06
-0,00220749735143716
-0,029825194282655
-3,85453028953129E-05
8,0401317708982E-05
-0,000154702046985662
-0,000307884977192413
-0,00121891249870003
5,0392646619967E-06
6,48850329195195E-05
-3,11373750244514E-05
-0,008459747960834
-0,000512340562473711
0,0108092268221557
0,00514498458122318
0,000678657424493998
0,000309305955142644
-0,00115621306753998
0,00520282948803371
0,00596081120381445
-0,00152813714708078
-0,0658974268378698
-0,256068862986173
-0,00532160496089841
-0,0375990906133741
-0,00527995345160596
0,000447915096789571
-0,0141702651225205
0,373255973684187
0,804480740608392
0,000183961387031171
-0,0291415602319949
-0,000139646514669104
0,0106702075441085
0,00734915601607252
-0,0678784419358738
0,0250219609973879
-0,197880739302162
-0,11057731755848
-0,0074508313112577
0,0280391907415258
-0,279205315973231
-0,0440144617182406
0,0171750138635712
0,0304590673222702
-0,0156060053253762
0,00990381922196148
-0,018820920154664
-0,011477128555249
-0,000135362872258137
0,0174774997576957
-0,000123988712963151
-0,000479130353357886
0,000178440465058647
0,000696777799061977
-0,000617822638840746
0,0013029042847343
-2,18144337165006E-06
8,57277774994226E-06
5,2984275404929E-12
9,78136255209456E-08
-1,24049376521681E-06
9,50691331212537E-06
1,16058906020232E-06
-8,39522935737147E-05
-0,00048319335400754
-0,00627571861661549
-2,61937244190448E-05
2,236485657696E-05
-0,00028507967850501
-8,45194139382794E-06
4,33561744305071E-06
0,000585509044603338
-3,58174605622765E-06
6,26044871719436E-05
0,000103853871486391
-0,000695361557865579
0,000262636710880414
0,00799824793638026
-0,00100055344301344
4,0641617698281E-06
0,000626841618999926
-3,50754801442623E-05
0,108082647854239
-0,00868568349226075
0,00206936371193741
0,00352877465755543
0,0339608444663283
0,000294103451201755
0,011011097042316
-0,038675791107276
0,176072738410758
-0,739815587274377
0,33523322882693
0,0284478572132245
-0,508885955646847
-0,0363561573015195
-0,0149418865071368
0,131773162588745
-0,00334380935055569
-0,000796404739086881
0,0121239656538196
0,0567881434365617
-0,073136565484702
0,0128267288240361
0,000551391636639763
-0,00663623504805028
-0,0212549223270024
0,0284709492074264
-0,0134000968465877
0,0144100158633259
0,0131037481867401
-0,0146466649259059
-0,0108669235168327
0,0174408454664968
0,0451734719145124
-0,0147280926800904
-0,0223567863644525
0,0167611672649536
-0,0185599851371229
0,0336963379320258
-0,000446411570861683
-0,00616641053806488
5,92710914817486E-14
1,40876935861847E-07
-1,2640398821141E-11
1,27272210718929E-06
9,96692784262777E-11
-7,28588697404658E-09
-9,46790436903475E-06
-0,000165469045948615
-5,9025223987574E-07
6,43922680806425E-07
-3,33166026327637E-06
-8,68176963078514E-06
-4,08493618476624E-05
1,04317165794957E-05
-1,33407104799635E-05
0,000156777073447114
-0,00143592686073182
-0,000795835862402849
0,0389561629886081
-7,66704012761307E-05
-0,038983635423483
0,000101604953359785
-0,00411017467802976
-0,000418973579110307
-0,00027852722295368
0,000764125318271436
0,00258935575172758
0,0136329078278602
-0,0174720329300384
0,00102982722375128
-0,00191084282280297
0,000164176590876458
-0,00195467768238107
0,00936128232721242
0,00135488135228874
0,947069573445025
0,0334312658712648
0,00258344268221687
0,000982249823881388
-0,00576693855777095
0,00463913823641793
-3,99949373312579E-05
-0,00192175487779351
0,00420484664334894
-0,00710299503643167
-0,00880918113197609
-0,0209734131986699
0,207017305035245
0,0280923488680459
0,0464021631900085
-0,025861693451223
0,0258004501220545
-0,106053825615783
-0,109946660511913
0,0629965987679051
-0,148008864137016
0,0074991586309969
0,0038914542731731
0,0255894619173038
0,0110933378444949
-0,0131146455017188
0,0164631366479186
-7,65753449330872E-06
0,000108223397354073
2,49249694828671E-06
2,44590646724391E-06
-2,72693667715398E-07
0,022525181470095
-2,82275463170546E-05
1,24811949505389E-06
-1,8273253798528E-05
2,3372137239254E-06
5,76608733443266E-07
-4,5188337399272E-05
3,39665166185384E-05
2,26377931680796E-05
-2,54751605984586E-05
-0,00174611296267084
1,42887161336905E-07
1,35597577484081E-06
-4,3879914489865E-05
3,1593886496401E-05
-0,000190937838422398
-3,89634898060424E-05
-1,85186127260567E-06
0,00671508767239328
9,44300684737827E-05
-0,000704164105402313
-6,54592491842482E-05
0,000299667973523053
-0,000581914458703326
-0,00379728059383066
-4,26281714308651E-05
-0,000420733723958402
6,43075710519142E-06
0,00616372714292267
-0,000647278659969504
-0,00231024911908315
-0,00227105364754557
0,000577463371390666
0,0382334871722734
-0,945611481754225
0,306739692999297
-0,0823185759783388
-0,00795973678696882
0,00176455881510016
0,00651075110756849
-0,00418808531236525
0,00472628121184486
0,00285748639023052
-4,57149368542209E-06
-0,000716609530786253
0,0029443346263052
0,0032713162111665
0,00042532271226329
0,00111360910709212
-0,00530098615510369
-0,00695911898626502
-0,0497289661513587
-0,0119299081207529
-0,000810741691900285
-0,000536008555839604
4,58771847303707E-05
-0,000317785857329351
-8,72584764838328E-05
-0,000325009409040931
1,43202925931863E-06
3,80081810971599E-06
4,47319127773304E-10
8,77185237862449E-05
-2,02814317449573E-07
0,000711290239558522
-4,76976438644953E-07
-2,97691345180556E-05
-9,05904379907566E-05
-0,00118349290261788
-0,00461404965453309
6,0132476974056E-06
3,26683116106898E-05
-0,000572585694219659
0,000506790765627852
0,0433849222035377
-0,000289228853753341
0,00190151359256839
-0,000809837340118728
-0,000701357912535212
0,00552388511741972
0,000439675865455484
-0,0211994111816201
-0,000368165427828901
0,0111550915684379
4,98310673969983E-06
0,0275132444120845
-0,00785408104101504
0,000598893514301333
0,00161957043965074
0,170717094669077
0,00250335176624859
0,0261516265639112
-0,00996847325040907
0,0649792282640121
-0,433486764553758
0,220567565628003
-0,0153488128545189
0,635610083047768
0,0621911202958033
0,0315168297957237
-0,30017100440263
-0,0154345128238345
0,00984937273110675
0,00622803331500947
-0,132226773320081
0,279168116519379
-0,0148051572346998
-0,00891993714611346
0,0179786260636896
-0,0472107186277107
-0,128448914638185
0,0254400316762069
-0,0696696025686311
-0,0862614213611499
0,110602745098207
0,0398330815398125
-0,0572347337798417
0,0189621846759526
0,0332786947780423
0,127301195170388
-0,106879561247316
0,113972847961745
-0,195683576259684
0,00243776008192989
0,0343854018700032
3,82090636824682E-12
2,26817059893984E-07
-3,68102614382184E-07
4,93801314063768E-06
3,65880700781164E-06
-2,54155215184638E-07
-2,76194288477162E-05
-5,58663807050344E-07
-2,04411173762222E-05
-6,89764263762661E-05
-0,00159407428340664
-3,21786953904477E-07
-5,65949294488936E-06
3,18490944485538E-06
-3,91639892497464E-06
8,59961377011314E-06
-0,00282580304355998
-0,000622667605707256
-0,000203578299614806
-0,000606960620360884
-7,91923194039973E-05
0,00994847038401616
0,000667341876668288
-0,0854360996785079
5,00658238532924E-05
-0,00015886951753496
-0,00168246346709639
-0,0086068691025974
0,00401528382204185
-0,000638078055629475
0,000119401457455107
0,00740251898011646
0,00262958970240044
-0,0211539026786903
0,00892584547114268
-0,00199015040103884
0,155467736439757
-0,295182741633757
-0,856674872233378
0,30695058065787
-0,0290938821061324
0,007667878957143
-0,0569763415743137
-0,00430352075759561
-0,0723664273919665
-0,0244721431575175
-0,00585396945770566
0,00905422274599328
0,00208531718034474
-0,0439916471287177
0,0264542165385593
-0,0213465113504658
0,0355614956161829
0,0262130480153588
-0,0526274158134302
-0,0949091044667976
0,0208368450090695
-0,00818587671585689
-0,00773402764552155
-0,0113631842641374
0,0329282163917676
-0,152137051797958
0,00165174587771732
0,0249178400024726
2,50553515303458E-10
5,41347347949113E-08
-4,93848765840987E-07
0,000424701259629578
2,50605182492498E-05
-0,0297298804928112
2,21576943768573E-05
1,74807602558335E-06
-9,03358845361601E-06
0,000745260155500911
3,47590153890128E-05
-0,000551374697846006
0,000554622696625971
0,0426074974939215
-9,22456966187755E-05
0,0111090382055352
-4,17237086646268E-05
-0,000175201271890191
-2,65043598084433E-05
-5,31772534726093E-05
0,000443827253641799
3,44124006388391E-05
-0,000662014085887692
1,80402623718995E-05
-0,00118875006878627
-0,000955574808446304
-0,00310863763456039
-0,0049017196061728
-0,00684200690454125
0,16283752527375
0,000688747376171563
-4,26426883604997E-05
0,000136842153092742
0,00482092292823346
0,0104769407576995
-0,00128223765089645
-0,00345908103396438
-0,00323337636846638
-0,00887779996036782
-0,010416152354862
0,358370958837088
0,910516172340802
0,0473057405024237
-0,0356097534189459
-0,0372413890986941
0,0851375354997619
0,00308094029277336
0,000822098326341905
0,00765366478586473
-0,010553111550028
0,00567785900232183
-0,00851631616728334
0,00279489492118992
-0,00711203711872982
0,00398390673095195
0,000717191210558057
-0,000888852358253012
0,00159384141922085
0,00104581001995551
-0,00578548408399699
-0,00579026282180121
-0,000223406306809328
-0,00222058144673467
0,0135944937784177
3,77303980732346E-13
4,64101701280474E-10
-1,09063648087016E-09
1,75256079623277E-08
2,92383054819002E-08
-2,62453279850665E-07
-4,81376948227995E-07
-1,13885967074274E-06
-2,41855441918466E-06
-8,60371363647618E-07
-3,00429557010079E-05
-0,000322169670917926
-0,00127540612781168
2,18932106057671E-05
3,27863500022592E-05
0,000142704473356906
-0,00118882399992475
-0,000154410215515775
0,0019200914724063
0,00449462770943244
0,000207080341539313
8,85263634342569E-05
-0,00136583934172392
0,00177319711852827
-8,1417210841627E-06
-0,0126697003958819
-0,127664170647765
-0,0815095210408626
-0,00318865696773261
0,181368963308862
0,000931419758606795
-0,000246443487132459
-0,00274448140555805
-0,0336971504390557
-0,0733287489757306
0,00569286357512342
0,00426316507752609
0,0142963112257404
0,0319980153812207
0,0313825351684051
-0,681099117020448
0,170155532919898
0,202066498177817
-0,404983045983595
-0,226741054058172
0,240040928285554
0,038055520241521
0,030629844981426
-0,0340442311361002
-0,0704866763635187
0,0428103508905891
-0,084105793743204
0,0431749125875709
-0,0981046082306272
0,0477722737754761
0,0394609935353765
-0,00342381318846009
-0,00747562575607395
-0,000405842538101233
-0,121520354400336
-0,107889614101016
0,0268844406420493
-0,048764854405559
0,257156346643405
4,34698135134928E-13
5,02136175593347E-09
-1,88264886698485E-06
2,25177383522057E-07
3,84684681781111E-06
-6,97012047241269E-05
-0,000111042124391198
-0,00129247592493858
-6,28648823619956E-06
5,47218451561394E-06
-0,00193450941618502
-0,00014344692350497
-0,000594288296525225
9,84572868444824E-06
-0,000317018485634415
0,000247056848311079
0,000803321650021476
-0,00155082806253001
0,000452485338480369
0,114398670295825
-0,000382773881580043
0,000634616741807139
0,00868596544353314
-0,00121190281102956
0,0633671606739799
0,00385920933528954
-0,00443025771626514
-0,030708961111203
-0,00540479320542829
-0,00636340733736933
-0,00810149694255096
0,00362791749244157
-0,0221689865192175
0,11999697701976
0,224915310648345
-0,00283916375178731
0,0314808941894452
-0,00354258774278146
-0,0228175502579141
-0,00595947996943282
-0,0323340176406865
-0,00794489156418281
0,83219250199316
0,395135893289054
-0,0117229590705578
-0,125845182783122
0,0416000168907246
0,0635783862605646
-0,0707291658842244
-0,12777577837771
0,0627083184513655
-0,0471448650926271
0,084672857512751
0,0467618026254081
0,00933727163052939
-0,0781125390790686
0,00175503461548679
0,00174299649360087
0,000687899395468549
-0,00223323462414652
0,00349649961328383
-0,00733778153871279
3,39044798346149E-06
-3,71400839009756E-05
9,00830041291837E-14
5,44070141320876E-08
-4,07690853767007E-10
1,0220156250553E-06
3,82873642402493E-09
-6,79781299592942E-08
-3,29001934342082E-07
-5,67552851149808E-06
-2,51928050989902E-05
-8,25955496626598E-07
-8,70847709183641E-06
-7,27413512893757E-06
2,90595822525827E-06
0,000457042368835246
-2,2262751260006E-05
0,000169096506408634
-0,000359501553754834
-8,75312959176119E-05
0,000817930268719086
0,000512715718878062
-0,0331435454597595
1,62339300502136E-05
-0,0027359407646295
8,30625549526338E-05
0,00191648346708127
-0,0171285241147222
0,000831751280233175
0,000685800504803627
0,00753732970812563
0,000655190523514433
0,00426923187348117
-0,000304378827852555
-0,00213709532792527
-0,0985165244717961
0,0522752577967389
-0,0203512757970461
0,28276006207264
0,035454257652085
0,0521854087669358
-0,148022648921849
0,00286271369715344
-0,00642700449915366
-0,178771868197541
0,312141750507319
-0,828925190970179
-0,0885145028458634
0,00472008055938108
-0,0078089731579524
0,0337469007811356
-0,0966287080802659
0,0234985707735682
-0,04004337453791
-0,150558229245824
0,0133782414304056
-0,0246870770303543
0,0458347144262633
-0,0130787191618785
-0,00566269669626481
-0,0649338579212357
0,0571107886549748
-0,0563051431849981
0,0781415018757984
-0,000983115640020451
-0,0139337594251515
1,5100588188583E-08
3,50008014654109E-09
-1,27119777725222E-06
2,39624155927945E-07
4,13681001359327E-06
-4,17954790191922E-07
-5,58358517598141E-07
-7,137058104569E-06
-0,00017187937023842
-2,06482498920773E-06
-0,00193860730528395
-0,00268145992735036
-0,0103990127345101
0,000104014581322969
-0,00065671113720289
0,00152469018994133
0,000737102624465786
-0,00180830334486065
0,000727290682032611
0,113705989977477
0,000296912173486347
0,000668283984180001
-0,00374985465524879
-0,000679990088490409
-0,00205816283192356
-0,00645244767955454
-0,203743949819977
0,0237123062864213
-0,000612948809677346
0,00800219213818433
0,000220434135187026
0,00121840482693843
-0,00178538983136097
-0,0130973172562101
-0,0418484364654533
0,00206659114136805
0,003739347902285
0,00713558448173862
0,0191338592794139
0,0165467550675656
-0,487775688990603
0,261010693488967
-0,192126250792684
0,370917364152644
0,19663060358755
-0,318144140646895
0,0232498497319053
-0,0536822473018387
0,128996349357445
0,215213621800607
-0,0789977979831338
0,233539257325264
-0,0834033595271237
0,315343248537065
0,00710064653524015
-0,0982916399216701
0,0147982772660775
0,0234097042858474
-0,0780375677884146
-0,028065884919816
0,0421201869745469
0,0406849204240727
0,259191620903023
-0,0127197820199301
3,14801436966697E-13
0,0111245455032355
1,4498485785845E-08
-7,74243170021069E-06
-7,30281710685595E-08
5,24927400132586E-08
2,95485659785131E-09
-1,47255512679316E-08
-9,0410680686517E-06
1,23376867350948E-05
-3,0331039011456E-05
3,72765535639414E-08
2,3531924513211E-07
7,06419552593512E-06
1,21511284033112E-06
1,92871784594607E-06
-0,000959538639140396
0,000139492303081876
-0,000155611934266644
3,49564636254081E-05
-0,000109227066302539
-0,00153444257013458
0,000206168514833386
0,000286601182317154
0,000191729648703373
-0,00122581235226783
0,000173419963364538
0,00110727660675162
0,0063190063697841
0,00055380028892935
0,00617460180861709
-0,00227988133586925
-0,000484768294533197
-0,0309368357342679
0,0178971804532963
-0,00405580222697687
0,231109988503779
0,0411727962368144
0,318955902594344
0,82146973506173
0,0518457656796145
-0,00520294843393551
0,00107430079037553
0,00501779769133742
0,00116940787703615
-0,0359601029194892
-0,00118075401816339
-0,00196083265671178
0,0210406279327571
-0,0350613134458115
0,179163035638918
-0,0750272039715004
-0,213277059965379
0,0714677192905078
-0,0106692798520135
0,0529865441527699
0,0109861391264821
0,0352746247928841
0,131459500492905
0,00050263987953555
0,191452951043171
0,0539028722013452
-0,020891404078751
0,106014776738632
8,10184538141209E-14
3,21171699279992E-11
-5,93551319571825E-10
7,99140932134784E-10
3,80633241952895E-09
-5,0545308006115E-08
-1,02090664759004E-05
-0,000179148435335105
-5,50069082319064E-07
6,95000987242137E-07
-1,25066392109675E-05
-0,000172434719580466
-0,000682649167635607
6,72667937398845E-06
2,12531276716174E-05
7,51530467458355E-06
-0,000251518830060941
-4,6875004456763E-05
0,000444249859105415
0,00283096053508369
6,74657303427165E-05
5,37309889943919E-05
-0,000742214888234281
0,000550109256116904
0,00158513717146442
-0,0031684354807204
-0,134481344354812
0,00356470915228156
-0,000684361040469625
-0,0160111280301295
-0,00156208138278595
0,000135235579865065
-0,00329295865586187
0,109086528318271
0,240369496507662
-0,000836742009884602
-0,0107015028795362
-0,00222992640332629
-7,65966450357E-05
0,000551928404443525
0,0442809132333522
-0,0202982243138155
-0,112538019031334
-0,0454115127389943
0,0072225163870685
0,0310807109411473
0,939518762170072
0,103437022272689
-0,00529158981344756
-0,00976660535688265
0,00960819245406421
-0,00180369789356312
0,00447330132941293
0,00625761309079948
-0,00091219486605863
-0,00411199592487113
6,45927481272834E-05
0,000224435658132248
-0,000472739045898288
0,000907305839767039
0,0014345492484249
0,000305222642400489
-3,0580130037622E-06
-1,10081787081753E-06
0,00186963376121021
2,93360982342377E-06
-0,000447840019296233
8,75416621914879E-06
0,000194774547504161
-3,73043935591036E-07
3,25950950270489E-07
-1,90619204834016E-06
-0,0399387862545292
-3,48986173070658E-06
-0,000114703083239953
-0,00100538735989898
-0,0039019556415835
1,18051561984008E-05
-0,00101950091797422
0,0800080027125917
0,0047100348895676
-0,0120480245783781
-6,69799425413961E-05
0,0207497285107854
0,00163828638682309
-0,00327232764629467
-0,00327844793350707
-0,000796335521582625
-0,000574912454003378
-0,0126439158940136
-0,00938854199899335
0,00341334306392048
-0,00818817977675235
0,00073269871145224
-0,00135728850445607
-0,00838030876707781
0,0816554714223087
0,0202383969604763
-0,0172536864298056
0,00039537226004361
7,95561126033879E-06
0,00117362834687125
0,00723092484940545
0,0096205483967017
-0,190022456864977
0,093179692144622
-0,24690450412625
0,446566450818873
0,218996350401217
0,118336963915793
-0,00857299798896707
0,0371869191524104
-0,188357227952908
-0,387544296703058
0,178617290250705
-0,00154077160500175
0,0911273136232422
-0,54229796989232
-0,0229458727878056
0,208788470959926
-0,0558303930171616
-0,0536226982615931
0,156374618139856
0,0852088420421507
-0,0363322473935526
-0,101964188921351
0,0217218170565717
0,0294051981418674
8,50162842377132E-09
3,75967349627589E-08
-0,000195591495589649
2,56355861122366E-05
2,48698253344471E-06
-9,59768281291224E-08
-5,07930474450939E-08
-4,02625187889891E-06
-9,347439249841E-05
-4,91763263963898E-06
-0,000258023121351063
-7,10934769557806E-06
-3,30719146322866E-05
-1,43610692649928E-05
-1,29660223051352E-05
0,000804891071399931
0,000225906341776836
-0,00602751949724444
3,1804585003372E-05
0,0101268130930776
-3,27656551373306E-06
-0,0019703329997078
5,19332376770943E-05
-0,000238439094151211
0,001407480607449
-0,105771469009153
0,00278756287287608
-0,00130102324940725
-0,00186156466592064
0,069457766205134
-0,000101642831327076
-0,00031766600408199
0,00725587533590734
0,00831146643894834
3,9452129842459E-05
-0,000158224418036402
0,00102302093948187
-0,0013056193568038
-0,00294295022985462
6,41066536979978E-05
0,00185271460159159
-0,0600918199015875
-0,0892617276543216
0,276148816064344
0,105064482419099
0,685603241469904
-0,0331780410121002
0,0601322024095121
0,187517983592104
-0,161244837433064
0,0721872640957731
-0,152764327146739
-0,00996698124613918
0,263637951010665
0,0333697329145504
-0,234584019929233
0,00658236507128893
0,0524464967806644
-0,337673090391818
-0,168140922750274
0,103718150486149
0,187521571123601
-0,0140740239616309
-0,0581568492103356
2,39525764054574E-14
3,83411121973466E-08
-7,28411508119181E-09
7,88840749921261E-07
-5,89687794120385E-10
-2,23064553419573E-06
-0,00215203703817539
-0,0291610028672745
1,68331114895276E-06
7,8055832486952E-05
3,81153416452927E-07
-1,43450963951463E-06
8,4557276952431E-06
0,000308589699227999
1,15360972222567E-05
4,04925619425662E-05
-0,000387406042224619
-0,000220866374994573
0,0107732055624111
-0,000125932961448214
-0,0108533612645827
4,23607580596532E-05
-0,00153257437463
-0,000120738822780392
-0,000905828915907385
0,000250562425499066
0,000807053907715501
0,00422911282331744
-0,00528716373446741
0,000255366623416887
-0,000434877581339913
0,00027830315517805
-0,00171148792313823
0,00857339538390343
-0,00347764524297992
0,310749364062197
0,0145059306917461
0,00122618567204595
0,000894064282645715
-0,00301818918745026
0,0017579771082107
-0,0015084967194004
-0,00104148201437846
-0,000358907438612994
-0,00346898806989921
0,0154737568754151
0,056138089941367
-0,557014201488473
-0,0667039009596324
-0,14461979302479
0,0808254297969732
-0,0811116681199604
0,33424896929246
0,353586030108152
-0,209491308681004
0,501967624859396
-0,0270042770141222
-0,0152349095033212
-0,0929140515459835
-0,0405782664918734
0,0479716260354333
-0,0607354651507884
2,90991115480057E-05
-0,000377617121031469
7,11879217814306E-10
0,000248467208685859
-1,20679928275185E-06
0,00104754121567838
0,000394173946793856
-2,66998290018063E-07
-5,58571622881821E-07
-8,51130128040183E-06
-9,79378639116311E-06
-8,99802359817846E-05
-0,00154303983178422
-3,84210889199599E-06
-1,67977434997517E-05
-7,71429701259464E-05
3,37497071129175E-06
-0,000226226126561144
0,000932136812069926
-0,0730750725260478
0,0128106694248774
-0,000233040969900122
0,000352947499036274
-0,0136062162139193
-4,44382809708601E-05
-0,000872060209275367
0,00542569855955203
-0,184414774708767
0,00784717509156724
0,00561633689782703
0,0041783311223461
-0,00504136503943604
0,000171629513330448
-0,0169065813986534
0,177301175147202
-0,00738017247826838
0,0113464314299854
-0,00457729818645163
0,0178459261109329
0,00488066617172854
-0,00235282273440805
-0,0216410583715734
0,0137546448217256
-0,00347819477427969
0,0573497025545855
-0,106624628842545
0,0337407822089838
-0,204381845104745
0,0145131268441497
-0,0544851208900552
0,851485676855019
-0,204015957889906
0,155941720430031
0,0114101221650168
0,121566940730726
-0,184195354661587
-0,00963269133774659
0,0185512682084037
-0,0963022329720316
-0,118001336337232
-0,0192723048444934
0,011076857279149
-0,0115244983669873
0,0477984656173499
-0,000906618702896046
-0,00936493556412758
1,71163772949606E-14
2,83419394331727E-12
-2,26922350967356E-11
2,21693547583023E-12
6,34132032553138E-11
-5,50567806586242E-12
-2,35671362077152E-11
-6,62627333478008E-10
-9,87147635121298E-08
-1,21012202560567E-11
-4,63670996601078E-08
-2,87587667793089E-06
-1,28225583546685E-05
1,3853853744725E-07
-0,000478429322196862
-3,18799337677088E-06
7,71555487016861E-08
-8,85248557989839E-07
-1,86100550742169E-07
2,42940323911932E-05
1,32720351977296E-05
2,82291829256586E-06
-0,000233815060876431
-1,56286561057447E-06
-7,0158506071382E-07
-1,01422128495912E-05
-0,000212366239769087
8,51860582761247E-05
6,68777102214063E-05
2,94814858168187E-05
9,94401867369633E-05
-5,91314254639593E-06
0,000129372040788233
9,08626308217287E-06
-0,000238921442837597
2,05384542127021E-05
3,11918000932308E-05
0,000101533258591954
0,000404309706672658
0,000439169996900871
-0,0139615263723393
0,0107571788022771
-0,017654759868923
0,0398081918094784
0,0217658270771765
-0,061927008067118
0,00784520932857535
-0,0147745605880144
0,0466146058911687
0,218290983672885
-0,190408794614818
-0,807931619263823
0,0648449898537397
-0,151978812567981
0,00160670801817458
0,0208969884620952
0,0169999255087617
-0,00279220293211711
0,00696874394948743
0,0419222756034033
0,0505670213602886
0,0137434449076492
0,470935571182809
-7,48329465581371E-05
9,84825850930355E-14
2,31413407836716E-07
-0,000168581423580293
7,10692497549219E-07
0,000656542068889839
2,23252535079654E-08
1,52960679276647E-07
-3,81721133249283E-08
-3,84851607616248E-06
-1,07007108719568E-05
-0,00229259129513324
2,1306017078879E-06
3,86224832812111E-06
1,6286069789807E-06
1,68154183344823E-06
-0,000205255713783891
0,000273043168530952
-0,000200504911925228
1,02232275759192E-05
-0,000408238979411215
-1,19452436434363E-06
0,012862230706649
0,000213455399592735
0,000622373471029347
6,13701213201092E-05
-0,000427788522527543
4,97820466412032E-05
0,000367609103065834
0,000506438291977328
0,000188796431093671
0,00235296606503083
-0,215355433186712
-0,024201001846078
0,00473054118706938
-0,00213820655124459
-0,000284469576047095
0,00965770279376977
-0,00170709093081644
0,00840256390218524
0,028644291365348
-0,0012062556363659
0,000989328154553515
0,00300552060811794
-0,00265388105693729
-0,00110210492233715
0,00123749747147654
0,00302090083535738
0,00041547183935155
0,0340449233801531
-0,319982817978972
-0,694879852347939
0,0899806454202638
0,0802893756235772
-0,000823706767681922
-0,00882084423946921
-0,0219576460543918
-0,0211946941451826
-0,00272135831975386
-0,02957347583714
0,301866127499368
0,378415198431306
0,115469422741155
-0,0611654406813247
0,31237316131711
3,17175694113796E-09
3,91858433936472E-07
-1,09907123797497E-06
8,10419630859138E-06
2,71103589716162E-07
-1,09570316550138E-05
-0,0255602976252118
0,0024258912459111
-3,93071747023677E-05
-0,000111247144918065
-0,000138368694729556
-0,000291009661133663
-0,00114077677410893
6,89008927091008E-06
4,90648942799507E-05
-3,56706472186858E-05
-0,0074816345813
-0,00175960631235444
0,00917843007512966
0,000128412265605274
0,000525460291094017
0,0133833335659782
-0,000671433346700722
0,00220011399305633
-0,00288395561376317
-0,0011129696435974
-0,0242784007042538
-0,125166028018658
-0,00157851814530107
-0,0105788886062767
-0,000484555022289952
0,0067485326955466
0,00290453136115281
-0,0162240869335417
-0,0279346371718115
0,00128371911802517
0,0139275847468881
-0,0750355635683217
-0,061650512281658
0,0225488880864593
0,048586151595481
-0,0164510743385287
-0,0180329366684439
0,0338673273474599
0,00572060446383287
-0,0342223246172319
0,00432426033260261
0,00201239869679266
0,0013589613444645
-0,0332706547661776
-0,00292028728580528
-0,00698600997028309
0,0728709016003554
0,0962889149927984
0,927683193380516
0,28035790213861
0,0135328739749346
0,0087398678846554
0,00510093172708885
0,00734362911589424
-0,0238127995624286
0,0989571030925954
-0,000395303792447066
-0,0206076360996621
1,5546606751962E-11
2,31803728281245E-07
-0,000380166834990255
2,36476372661734E-05
0,00144852324182003
1,25974044616666E-08
-5,37982747993629E-08
-7,97096717971624E-06
-0,00010391121871094
-1,56120531690793E-05
-0,0573734094509652
4,88964356372296E-05
7,50544503134897E-05
2,99366289057546E-05
-4,19816584833661E-06
-7,05801034626723E-06
0,00612359108611229
0,00275701397348622
0,000422535465832278
0,00556437744515937
2,24218256467868E-06
0,0130657720611902
0,000148618343868655
0,00717138439587138
0,00184873841294826
-0,00502115051472005
0,00101469663071281
8,77425932074785E-05
0,00134628829871716
-0,000376115281973628
0,00265526800268956
-0,213263362229854
0,0176053183908845
-0,0204212215963198
0,00883603569804401
0,00152027750268869
-0,0273562495233607
-0,00557882375209413
-0,00452698971217106
0,00785601139934309
0,00631035897035081
-0,00324429423871541
-0,00669345719629078
-0,0108675073986894
-0,0193298672513276
0,00390907019399331
-0,00340747241733327
0,00489188427764668
-0,0909462599598126
0,0711553794268158
0,0596198833147252
-0,0239916456868624
0,00273167316369868
0,067475387547948
0,0438463158490832
-0,0888885994384497
-0,955061382371159
-0,019917479967047
0,014089399978361
-0,00857913443230855
0,024255150311766
-0,0530873078007646
0,0205617351443714
0,00959059222282155
3,88962109482421E-10
7,41302983460652E-08
-6,83510846492468E-09
0,000656782821072838
-9,38586670566038E-07
-0,000677625158233934
-2,43770700964711E-06
-5,4880948994666E-05
-9,3008192828613E-06
4,32602443499968E-05
2,43181908014874E-05
-0,000881254877413942
0,000679169819566441
0,0645174599311725
7,55976670050004E-06
-8,82296913664805E-05
1,41119851784906E-05
-0,00020767092509975
8,68658710215376E-05
0,00060870010189835
-7,47276805411111E-05
-8,44088770411377E-06
-4,03896138699573E-05
-1,92833535972192E-05
-0,000641053360646707
3,25541354013473E-05
0,000167391463020649
0,000237696234359333
-0,000771710689089007
-0,000653062575472954
-0,00026097405297591
8,62707781870725E-05
-0,000488441966939463
0,00191276586893917
-0,000541227453012729
0,0304242661181247
0,000594672901581749
-0,000347147770721556
-0,00119531981884865
0,000379968448073654
-0,000626545036221515
-0,00925433792294445
0,0217897562170628
0,00765031893563733
-0,00151939424218597
0,0481925878708924
0,0830356673781102
-0,751012639746324
-0,0545117477386346
-0,035689098420378
0,00874395285579827
0,00956599317531946
-0,137434763832306
-0,188765208345316
0,171246245983779
-0,518724597242233
0,033326056516097
0,02317525455393
0,177781661457668
0,0810227688945478
-0,095428929244883
0,121581218466264
-6,02174769494547E-05
0,000804941046717616
5,83564497390706E-13
1,51254113202007E-06
-2,04911211201249E-09
1,27566118200332E-06
1,04407482948773E-07
-4,95757919915712E-07
-9,13633834465665E-05
-0,00123830146115576
-0,00129343887551602
1,98965540125223E-06
-1,59829094566959E-05
-7,27419088027923E-05
-0,00026222456275534
0,000571033415856127
-0,00040119649954675
0,000563030277269383
-0,000202184647522398
-5,54038984045709E-05
0,000150731723669673
0,00205133989890962
-0,00267802885075692
0,000123772247026781
0,0125752312980933
-0,00335398045185915
0,00284639154515781
-0,000998748740623071
-0,000114894027594948
-0,0010710159060388
0,0431296964577297
0,0015955343736394
0,000899779449930973
-0,000379029820294823
0,00809410471597641
-0,0782388040476153
0,0504388071234983
-0,00450101979384755
0,218410620611099
-0,037218583481889
-0,173156233730576
-0,013439876131521
-0,0102452488651373
-0,00103515616240253
0,11297532777706
-0,00573298128823955
0,151762782959614
0,0908266472708353
0,0180496565743094
-0,0322200844688457
-0,00829840305049703
0,190337971597531
-0,100521521871709
0,0912980219864273
-0,1864266880013
-0,157406846603837
-0,15888330697728
0,326305229768053
-0,0974465536253528
0,0374240472514949
0,0375146410843314
0,053566184646863
-0,163122356086146
0,749137613982637
-0,00819719098575896
-0,123877691575875
7,5086194555918E-13
1,97056282757574E-08
-7,57508949614946E-07
4,35656396599241E-07
2,8940921323795E-06
-0,000454743127048512
-0,000104538270530266
-0,0014218957982871
-1,20643687607692E-05
2,93512792003873E-05
-0,00149222553901146
-0,0173664961087347
-0,0598260669459679
0,00073954264557564
0,000890449111477925
2,31163069657251E-05
0,00116636875392356
-0,001056091866873
-0,000375708029186683
0,0796306830026646
-3,42527205039896E-05
0,000473461602655759
0,00265692962101711
-0,00118487649706023
-0,000735448416482336
0,00191359714320934
0,00704909981846595
0,00291046829580629
-0,00201756357847027
0,000660872096184038
-0,0050347219376397
0,00160691724397827
-0,00877457592388842
0,000212211376547054
0,00939888837721785
0,000101496647361635
0,0197934475685642
-0,00264433479548863
-0,0158057382293855
-0,00314524859682814
0,0148559949164208
-0,0184935330594651
0,140518732545255
0,0387842273714018
0,000104560086094248
0,102173583058311
0,0466544000553275
-0,21846741242551
0,0751160627924581
0,243043725538929
-0,137816236090157
0,134056873377011
-0,413872790937614
-0,363783650616789
0,0525291630920355
0,258202239713981
-0,0312677481525689
0,000193032860672212
-0,448650091617077
-0,216903968981795
0,258062074996377
-0,340647073032747
0,000108363851939217
-0,0018103735676278
2,46412638234897E-08
1,05238191733468E-05
-3,22094794324938E-07
1,32570469543384E-06
3,26720800816667E-06
-9,13264639852189E-08
-7,2092150478885E-07
-9,34325339338026E-06
-0,00258586200668533
-7,80534563278409E-07
-0,00195757398096739
-2,66525618701953E-05
-8,57973753875781E-05
0,000613045631519191
-0,000107797637271142
0,000414318754436534
-0,0430365244342264
-0,000966507591951775
-0,00259537607730525
0,000984277209661083
-0,00300405585217906
-0,000310984151770146
0,005703270894403
0,0043228135084486
0,00252515705750348
-0,0158895235091746
0,00257708512589454
0,00986771094711644
0,0501919505888121
0,00187976171455995
0,0344175241344543
-0,000715424143645555
4,96850488089522E-05
-0,101288389294884
0,0572318279423885
-0,00674859108977754
0,309734941610753
0,0358845482627427
0,125333548092032
0,189667111482294
0,0149916340902046
-0,00201669294515217
-0,0084162613333877
0,00804919920805829
0,00749621400133894
0,0560055434016484
-0,00130764606544288
0,00193487978810251
-0,063327226107922
0,297381212625555
-0,0196115267777067
0,151412185582636
0,543257955713132
-0,192958718769827
0,0390944807319262
-0,150580503090381
0,0120187402605468
-0,110331566870481
-0,445171888033406
0,303141576677991
-0,225196814137551
-0,0501992409913012
0,000191077610056711
0,00179105950035178
3,92109784967322E-13
6,8990517532979E-09
-8,4017006921687E-07
2,06807641012137E-07
2,90120726310916E-06
-8,91097420341059E-06
-0,000111665125341576
-0,00151449113422651
-7,41533184127175E-06
-0,000815965464609676
-0,00143520482436034
-0,000118326931708561
-0,00048291393175931
1,2895236124536E-05
-0,00030497892394679
0,000229458365249967
0,000581038478284443
-0,00118235107263399
8,02946608048444E-05
0,0811301107400026
-0,000593358487425491
3,68040936334358E-05
0,0080926154622477
-0,00101985642948135
-0,000422566398863188
-0,0097193747769548
0,00264481723589764
-0,00142960443907961
-0,00237182877496607
0,0426278735396541
-0,00426986229827443
0,00184607216734818
-0,0123516587463909
-0,00502856687830339
0,0111139676153496
-0,00248778013921515
0,0413924478856036
0,000681266883177142
-0,00508817756185773
-0,000880844399831666
0,0195215130445115
-0,0518840529102609
0,0694265429671988
0,185562328235273
-0,0435941152159434
0,437511573020019
0,010223989670435
-0,0236115847168279
0,273152591032652
0,359512670921951
-0,152326111945351
0,112925022494934
-0,0167752624343094
0,111457450510745
-0,0115574300875037
0,163742665263803
0,000440962604994219
-0,0684327242494522
0,516231560324809
0,239165357497939
-0,184922004746144
-0,3028462710534
0,0162085951762721
0,137923722850705
1,13404228012124E-13
5,55945303304099E-06
-5,04745017933537E-07
4,64562970043004E-08
4,71104341442307E-06
3,841783679023E-10
1,74521225447183E-09
-1,35061220189511E-08
-6,10773838884203E-06
-5,85719921534844E-08
-0,00155645859320149
1,08816495345911E-06
1,09494156558107E-06
3,05188243227233E-06
-5,85076432647911E-07
1,05763600100714E-05
-8,22124189210687E-05
0,000240459795640804
-1,24166126532005E-06
-0,000299332749133061
-2,86028835056338E-05
0,000224462228593351
6,98951617608392E-05
0,000285238350310409
5,88725522195632E-05
-0,000422351182260581
-0,000789019799978066
-0,000333255208441697
0,00162381963791249
0,00188530720113937
0,00175578530836609
-0,011609706782848
-0,00149916353962257
-0,0081873516535196
0,00354703666307377
-0,00101156830547035
0,0628277689729453
0,0112591043614848
0,0886794384094617
0,229101630193712
-0,00495025405362888
0,00442066740227489
0,00974981337444873
-0,0170459612761581
-0,0101644178704254
0,00638794521520054
0,0045514923881163
0,00214445158632394
0,027007255179457
-0,271230964396024
-0,507273854024998
0,0424807807807749
0,0146118042233197
0,00341687696405002
-0,012378445117544
-0,00121508959245062
-0,0552221441805953
0,00180723837086474
0,0363341659534616
-0,38106225341925
-0,483894121375577
-0,154175401491707
0,084357061951554
-0,43164415955257
1,09920510583948E-14
1,62199177201542E-08
-1,76500680904165E-10
2,97697480960653E-06
7,07669502342768E-08
-1,60769877499704E-07
-1,34166185132746E-07
-2,2736719742177E-06
-1,4873003650228E-07
-4,0728323957025E-09
-1,99776021387056E-06
-0,00204290484032525
0,00067954015258431
0,00193097337864143
-2,84079587505735E-06
-4,42169965458024E-06
1,69461517387591E-06
-0,000201959900074376
3,40673116041702E-05
2,14873298039959E-05
4,87717262225062E-06
-6,13962701138229E-05
8,08322415853351E-06
-4,83672119536397E-06
0,000578538924698596
-0,00130755564079996
7,01218956405136E-05
7,57784907828884E-05
0,000179801896082707
-0,000193120584065438
8,83097411138012E-05
-0,000591377771859427
0,00428510801208187
-0,00908556429836494
0,00429401092060415
0,000325897862870859
-0,00941907983978626
-0,000719571207700851
-0,000269099371623286
0,00314811502037947
-0,000364196766499032
-0,0025580068780042
0,00242573208480125
-0,00131735115487824
-0,00465747968594071
-0,0148156854011529
0,000687632466175856
0,00160127706647297
0,0968819005793728
-0,0126770182783128
0,0187353210029143
0,0130415880477981
0,0671370129531364
-0,0622719321051479
-0,0126464029768125
0,0342694088677985
-0,0358914570853592
0,973685330858633
-0,0350604851158735
0,115581789426393
-0,0919267397424876
-0,0795286249444011
0,00346750106928272
0,0315823418296852
8,85955095500043E-14
2,37994568923849E-09
-2,79264847660978E-10
6,72914360463917E-07
2,59159794842377E-09
-3,68878913726601E-08
-6,29214404416304E-08
-1,11207417633316E-06
-4,68557830986359E-06
-8,38981410970249E-07
-8,87742452213361E-06
-0,000472690549171376
0,000155942509362888
0,000450935766021158
-2,42479307976237E-06
4,204596536254E-06
-0,000315548368331482
-5,86250717317116E-05
-8,70930592004738E-06
0,000467731860015989
-0,000451798670266392
-4,46889157324471E-05
0,000104803275916988
7,07500384101092E-05
0,000304170830442507
-0,0144963514624766
0,000655956749517948
0,000442957663914929
0,00167390231292987
0,000356289794042143
0,00146306135420859
0,000830149970677621
-0,00885087552466756
-0,0120638220612761
0,00681422303708549
-0,00202788602864704
0,0464422623420383
0,00606503935057321
0,0171164167604432
0,00463726266688351
0,00484950380932546
-0,00521449282681281
-0,0271482189705648
0,0748634099589959
-0,1570901258091
0,040777240136029
0,00275585961994319
-0,00420766482374223
0,00962882707489051
0,243596250137072
-0,0582474334690793
0,147433473793695
0,461678770579455
-0,199434868294292
0,0114073523945897
-0,0725634271323375
0,0154952438109115
0,0920390031238182
0,311868364640737
-0,525450973544353
0,454434770493313
0,138970716898687
-0,0146109714084844
-0,115128654676527
5,41480092908759E-12
4,16049380853771E-08
-6,42110247690635E-08
8,38107805878638E-06
1,89943151294797E-07
-1,5021585907062E-06
-5,28564667244683E-06
-6,98635932784145E-05
-1,07568447359978E-06
-0,000150397032646705
-1,61588741769949E-05
-0,000108616406651402
-0,000430362628483504
-1,29327801542182E-06
1,11512854792107E-05
1,86593799045508E-05
-0,00039910938226977
-0,000914758616576741
0,000789167337089758
0,00191111688288133
3,91805104963944E-05
-0,000519000848727883
-0,000451087967398709
0,00054062890327281
0,00175800316687034
-0,112710466291588
-0,0372768223124795
-0,024445635462187
-0,00138150383020569
0,0125842180405375
-0,000344051138146707
0,00342644076617403
-0,0334075788825383
-0,0144159513079715
-0,0248512268573092
0,00219882049418697
-0,00505766337710543
0,00382525863858563
0,0079105887052063
0,00837444918431039
-0,215335165658639
0,0781139979973264
0,0677136595211931
-0,129934215676076
-0,0598618772184838
0,0939250683488058
0,0109059393766118
0,0109468225265285
-0,0126885792759915
-0,0183661809852761
0,0271603016051074
-0,0360614674537812
-0,028031394290278
0,00918588638226843
0,0124155310795517
0,0119988643483544
0,00399803467972538
0,00489569223306408
0,0686621912635475
0,433648672663704
0,341710952509043
-0,0894082298779538
-0,0882037801248818
-0,753242899774084
4,92069875883244E-09
1,30901265551289E-08
-8,79907956820068E-08
3,93437547165395E-09
9,94772326680329E-08
-6,35173967939151E-09
-2,04493629930142E-08
-4,42683836840213E-07
-5,57141917616253E-05
-5,6071108595181E-09
-1,41686646795595E-05
-0,00082920681640469
-0,00330887381922382
3,37918870779529E-05
-0,0748652995328881
-0,000459405702250806
1,05745502650319E-05
-0,000101959062047055
-2,04213016585572E-05
0,00219680667010005
0,0010716936719745
0,000192168535809897
-0,0153434980930448
-8,15520951664145E-05
-3,1750174991954E-05
-0,000442312412050591
-0,00813673605831995
0,00270876715963793
0,00205089580642898
0,000744294595776663
0,00234978390260906
-0,000133650095162654
0,0026677410429258
0,000159807854137911
-0,00411121420144758
0,000264053412898984
0,000376545576235902
0,00108630905302921
0,00378542384461576
0,00390934274203144
-0,114538627885842
0,0726569475518601
-0,091962740984681
0,189163432304744
0,10042916485498
-0,162185308415158
0,015774897191371
-0,0280781667635409
0,0638534225901354
0,193798169462853
-0,139092561998725
-0,37310408007475
0,005899345404478
0,00874044913459469
-0,000639556567661929
-0,0136666228236781
-0,0126335288559118
0,00355641166238314
-0,0107378536905545
-0,0676434627177334
-0,0826952280375867
-0,0232364447358926
-0,825353851747481
0,000131356287172193
