0,999751945505471
-9,79483677167116E-05
0,000146520163855215
-0,00122626050066071
-0,000254677334016489
1,96436835117341E-05
-0,000816983198742788
-0,00785826014964636
0,00234297021660268
0,000114576929939551
0,000811615275769257
-0,000711321359080137
-0,000808053758072043
0,00156492349940114
0,00223414480032061
-0,00322362704363101
-0,00182442480697283
0,00238250158704758
0,000779992196516697
0,00130483324737654
-0,00868210141321607
0,00127556072786128
-0,00141347119455322
-0,000807048342709298
0,00435912225939439
-0,00121393161240857
0,000413256781367538
-0,00252232987834238
-0,00169684794480126
-0,00156862342737135
0,00520604770936535
-0,00262713241484056
-0,00397623385508346
-0,00229228983925965
0,000239590736019687
-0,000370512036687782
0,00535792023893506
0,000494863646532935
-0,0034029656546783
2,33463510007208E-05
0,00278112888805078
-0,00080285399967115
0,000157245146560511
-0,00146199565132586
0,00374173044596774
-0,00293701084936145
0,00443521711768564
-0,00203928079379705
-0,00246257680061228
0,0040325662384853
-0,000727110642898344
-0,000574517377206264
-0,00530438969704741
-0,000257670397763301
0,00519130398200413
-0,00529356360376061
-0,000870638019636349
0,00108168821872717
-0,00249297376904593
0,000816549882009523
0,00291847905644648
-0,00250812101956562
-0,000838061769649891
-0,000285332326011749
3,12000683379732E-07
0,978854611594931
0,00304110208971055
-0,0264836538517456
-0,000788099582385928
0,00120655647214789
-0,00716612832653171
-0,0585063812102865
0,0100113720224161
-0,00201964244997683
0,0253805374066542
-0,0255007938878156
0,0170952301795596
0,0215679926375072
-0,0478649090141615
0,00595864718270501
0,0460918306054337
0,00456808752001538
-0,0132827292997305
0,0187670952459838
0,0310076799053708
-0,0473518271588331
0,00939496640925195
0,0360448217539788
-0,00787060617977526
0,0315572752287298
0,0138894032753528
0,0576985417379577
-0,00652788030169779
0,0545221255170919
0,0456992607959037
-0,0249272334563699
0,00174342250811507
-0,0187294752384138
-0,0146560609775943
0,00195529090340679
0,0431857889294565
0,00150115422021569
-0,0114240760048684
-0,0056968165117242
-0,0423389474397754
-0,0563660913289842
-0,00980248526869723
0,0236469329276219
-0,0279556790073195
-0,00462351743798498
-0,0147133658864581
0,0136123855455456
-0,00409563194097201
-0,0266692902542455
-0,012435632219859
0,00648578289449661
0,0291404261464176
-0,00915977656424658
0,0540015593525643
-0,0121148245603176
0,0210227233075361
0,0167621626036761
0,00808439889184252
-0,000348133411642134
-0,00761650738717053
-0,000587632711490989
0,0184340916519896
-0,00800874455492735
1,35666850375342E-06
0,00203685050974038
-0,992210975198126
-0,0437061601579405
-0,0845794269335422
0,00584004504012518
-0,0138243894572919
-0,0088461782692699
0,00254598828715383
-0,0181934583283987
-0,054312964439393
0,0239986744487693
0,00390204176645929
-0,00222672329966284
-0,0275990852777877
-0,00947548331695508
-0,00616980608665444
0,0129186498039806
-0,00437891386065193
-0,0110620189152124
-0,0082124293672293
-0,000313721209258723
-0,00947020946654374
0,00561574784767007
-0,00803648244790028
0,00677884681173506
-0,0192162397449283
0,00628017726440678
0,00493253573508618
0,000759839973790114
0,00626210492357493
0,00121173693867826
-0,00726139750706783
0,0110124009946203
0,00560665257232879
-0,00119479521629739
0,00251967953877244
0,000720670449147374
0,000467345494358728
0,00630452045276202
0,000860209414345409
0,000834937745979945
0,00155636932223379
0,000937391712436021
-0,00222070240478877
-0,00124764780768979
0,000987485999698956
0,000854475601419564
0,000642070701368301
0,000278806078725899
0,00225214954146132
0,00320558796850695
-0,00174222435180611
-0,00175007579298786
-0,000258217063249614
-0,00120821951722223
-0,000373776043122537
-0,000697550162697262
0,000159127008996274
0,000113455380871244
-2,01432483589575E-05
1,59648094539824E-06
3,61108891046141E-07
-1,0548373559163E-07
0,00111267925007187
0,0268920303183873
-0,0147921941221769
0,907190097487115
-0,127506787125298
0,0331259116105533
-0,0112584965008172
-0,0251687043605578
-0,0309233618921291
-0,0285900754068248
-0,136182527108107
0,0266027884714086
-0,00931587089460203
0,101886943800606
-0,0768013200150016
0,0551952622502202
-0,0819948120431616
0,0663794834187292
0,00935094414094161
0,0102166425683865
-0,0280375184466212
0,00330946228788871
-0,0304908879175403
0,0503970821846922
0,000849365803666128
0,0326147938774438
0,000685093582881914
-0,0257544145749777
0,105601839577074
0,0649446259429018
-0,000804146217339831
0,0130885890462188
-0,0347098708212576
0,0443061991140178
-0,00956920494843466
0,02010441122572
0,020732241104326
-0,0142743487953446
0,015609760400939
0,0948440063870411
0,054635372922685
0,00491360004724522
0,0443138364471521
-0,0420131401419427
0,0111251961300575
-0,0491567518686975
-0,0466602145804093
0,00878398829898439
0,0584524542740074
0,0795846623451441
0,0889955104955618
-0,14573408581192
0,106554218372893
-0,0540445293927357
0,00530710221713684
-0,0041536182808723
0,0325934030234289
-0,0490666342501933
0,0200800195177795
0,0239728722481584
0,0281966680140546
0,0287606624965928
-0,0142106788720098
-0,00896778174557176
1,48092774724869E-07
0,00118209883115014
-0,0723818160823825
0,103288258959338
0,942144738432137
0,000276398428605176
-0,00636262153105049
-0,0659512682580396
-0,00831210061281092
-0,0159350496733427
-0,117552420292612
0,0220589870650347
-0,00159270619613023
-0,0153748932423521
-0,0797026946514914
-0,0316350693087873
-0,00267464480128717
0,0381683906294426
-0,0275353135193762
-0,0250549453599615
-0,106111456054218
-0,0213354550137645
0,0656342510137354
-0,00223999823901542
0,0813742296342407
0,0585623880475364
-0,0437334512314584
0,00263331560438854
-0,0541616140824581
-0,0118448466276929
0,0306763117644144
-0,0328275468661124
-0,0322515323475862
-0,0295205116405805
0,0296811504535706
0,00602056951768702
-0,0535267629273454
0,00735676093355941
0,0346413434403655
0,0648285272342692
-0,0665079379629607
-0,0120479465657966
0,0391896611360983
7,52002423747659E-05
-0,0138331271506823
-0,0433323250857042
-0,0117934123046744
-0,00991390610239484
-0,0237146447061209
0,0106551026644786
-0,00576700392417607
0,0327076067669984
0,0490066929319578
0,00410952500508255
-0,0664709690502962
0,0610167099421697
-0,000536576032754993
-0,0182241077289594
0,0252367747602349
-0,00553294120249074
-0,0181163627099212
0,0243037421502687
0,00913406965615121
0,000305011109986701
4,0151857426925E-10
0,000116838356783054
-0,00166979978176128
0,0180352297366147
-0,00365612475688838
-0,876352372184333
-0,163207122847243
0,00404393985204616
-0,0198167836246091
0,0306637337296894
-0,019590468967227
-0,143483445640928
-0,0550159925527611
-0,0695359947732806
-0,0299145136287088
0,0893250553057876
-0,0331498244256586
0,0501480777226328
-0,049119421207801
0,0135932592004882
-0,0175191378828596
0,0197868964834789
0,00462888656982684
0,00619180338901432
0,0127614466307827
-0,155125072941054
-0,0994967895749269
0,0628850374445293
-0,0240755984725541
0,0908707959280385
0,0427420183982989
-0,0150416166774435
-0,0156075800742962
0,107783515459328
0,130887976709394
-0,079095079424814
0,0145005598469964
-0,0464687945028551
0,040467277066716
0,00337039327580749
-0,0292300486166125
0,0215900791518821
0,00864615545275975
-0,0484176528970394
-0,038970320317789
0,0325132069009632
0,0861073426378237
0,100901142910534
-0,0138366049090117
0,00889760375569599
0,0566170538953617
-0,0275789797300858
0,0402596083358165
0,0262947697808179
-0,0945206582162308
-0,136037978221494
0,0408143917736407
0,0821504131135217
0,031287445809408
0,0121976397451038
-0,0284831683686826
-0,0466103147742042
-0,00519149476813081
-0,0176392672768175
2,72931708858215E-09
6,331382161821E-05
-0,0177515071183718
-0,0004391607667134
-0,00506119842206277
-0,0739497519318453
0,552355959914572
-0,195308128980956
-0,619405035683993
0,434584184150238
0,0441810970938261
0,0217352838928051
-0,0235496960981627
0,0428233392190301
0,00757971141624767
-0,059216470223065
-0,0417401582769571
-0,0573965554822868
-0,00994304262499859
0,033953837511766
-0,0199152498317253
-0,0180781389754605
-0,000526829315606114
0,0172447113930946
0,0223390243971189
-0,0235452870965006
-0,0353090686169745
-0,00953845616002529
0,0306772211054664
0,00868705443846026
0,0314645194241913
-0,0131326498214227
-0,0420556107066508
-0,0229447804406517
-0,0136323605705962
0,0266870102307268
0,0356867274731377
-0,0453667369182027
0,0182255755667167
-0,018784099418083
0,0200321357613917
0,0209643128828625
-0,0161503794956086
-0,0215476396327849
-0,0469222684022286
-0,0160017498576739
0,0303679718715011
0,00965540775420833
0,00151518441134366
-0,0777381042823648
0,0154079708878402
-0,0918803096559977
0,000182174637708814
0,12598452755497
-0,014850106290934
0,0782295665938682
-0,0138421135438249
0,0609762277789564
-0,0371629184571052
-0,0518601140511545
-0,025423621404425
0,00143482163395842
-0,00294178674728639
-0,0184909652007941
2,82582652209575E-09
0,000312853049431588
-0,00151467979531541
0,00531823633074712
-0,000811250589116489
-0,115501239761898
0,72301793475956
-0,0272323109776825
0,304107873278273
-0,424489710205526
-0,0369275886371204
-0,00627835444911874
-0,13334439841104
-0,029337130630115
0,0290625955390549
0,0681215160543509
0,134329131057822
0,151019186221943
0,0995652263803725
0,0366852901295758
0,0472291923808513
0,0274387408742848
-0,0127616493036795
-0,00161960720465412
0,0240007892663458
-0,0121991397063459
-7,93551982721765E-06
0,0174851349630286
-0,0200723042878447
0,0161859938084458
0,0362340445846752
0,0250903701257504
0,0214488173860441
0,0480029022791928
0,0593235574705979
-0,0277175502505596
-0,00578207365351204
-0,0663375735755756
0,0321445938099309
-0,0307572813753078
-0,0322613755289962
-0,00734314005803499
0,0111654960107659
0,0449335967318459
0,169514547334075
-0,0608583831857585
0,0476169807912788
0,00636968909015064
0,0833037523753586
-0,107731538817743
-0,0212253821041448
0,0151111009591285
-0,0191894839865236
-0,140779072258754
-0,0743759876893299
-0,0319389854391632
0,0328604263250798
-0,0167029932112379
-0,00705873038617185
0,0393922863340265
0,0207741453339948
0,0570768993096917
-0,0106955346925552
-0,0430561216779307
1,9516198529055E-05
0,00588630675059439
-0,0012068884086087
0,00163571196137598
0,0118284250898435
-0,00297159242543711
0,0355097584122242
0,697641877329413
-0,323048392402235
-0,208295756775423
0,0530298634069906
0,0229880562457399
-0,0563433468357169
0,0718187449744291
-0,307212513294163
0,0149424256668097
0,207456456918691
-0,0554132762123409
-0,0473029112291535
0,0572890153845017
-0,206377804980727
-0,0656284420165919
0,0370396259769162
0,061855649730841
0,139510100700097
-0,0216427004997192
-0,00495612403940965
-0,0514002745684469
-0,0735948189587732
0,00456916249237893
0,0713711027409595
-0,0429939559334121
-0,0211424479459135
-0,0271352218163834
-0,0284959223253081
-0,0161607071378517
0,184557351848422
0,0310391172545909
-0,108229181411431
-0,026801075162444
-0,0230600117884783
-0,0897994949817789
0,0701180452650729
0,0324041657929212
0,0425308476533784
-0,0361125428816774
0,0533544037625213
-0,0290896662659004
-0,029240373712408
0,0673164879034433
0,00199089275040072
-0,0714275425037548
-0,13589074274924
-0,0241596861520286
0,0620679307752338
-0,0759255578691558
-0,0317924392272624
0,035290179616051
-0,0378714530751874
0,00858654441762993
0,0460750907147879
-0,0513444317146963
-0,0188833241336255
-0,000732783254374877
1,26186363227086E-10
0,000888930051843586
-0,000432270784876987
0,00517966645754806
0,00501431760386983
-0,205894415841198
0,00524977228505709
-0,00096869013732063
0,061944666450423
-0,0444590824077592
0,262452613697468
0,720615627742071
0,200170619017814
0,163345945849401
0,00396886995694691
-0,0266038137242176
-0,0647706330236739
-0,0295819621908053
0,0280257167555482
0,0194257876033784
0,0918312824986142
0,0799700050819348
0,0521767578093351
-0,122503856057714
0,23929991812795
0,210582559731772
-0,0327194491261984
-0,0725245016691649
0,212745468586389
0,143843487825693
-0,0039181207857005
-0,111893132722578
0,0127092485734763
-0,0318848269191663
-0,0501886955051211
0,00195822755318746
-0,0156978207863108
0,0259414424765318
0,0131221004214523
-0,0448835197935388
0,0215885045090288
-0,022257119496633
-0,0353583654742664
-0,0365857466086824
0,0250555318909533
-0,000619565170911587
-0,0692084646989053
0,0309344990941006
-0,0242564405772021
0,0383411137646267
-0,150237393286903
0,00739868257041121
-0,0722759353024901
-0,0267849341378304
-0,0039640726213132
0,0557184215339232
0,0098736999902645
0,0841545831929482
0,0906327181748732
-0,0276882816128276
-0,0453205768822882
-0,0378069826676706
0,0243770446357315
0,0116864234215867
3,27056554402836E-06
0,000356885918318982
-0,0431447202312864
0,0251147141865501
0,124153822117816
0,00192502578603481
0,0106507425325442
0,150698067728809
-0,0280784759239832
-0,00753029585018671
0,368320152522209
-0,258132864092072
0,15587954913124
0,29949167568952
0,350840732502536
0,240152973862622
0,0165716721973316
0,0337228166497101
0,177878175806176
0,0272649042767525
0,0900766498347367
0,0279895039741938
-0,228938844052587
0,0696212876034665
-0,0728143240371887
0,0929625160273525
-0,13472820876704
0,0457175621999055
0,257060449188144
-0,0560925877963852
0,120256423504396
0,025426571541107
-0,0455938953193288
-0,080363808658118
0,0394273284213636
-0,0725001741154201
0,116633784621472
-0,00268522314379354
-0,0394539679355709
0,218520341885445
-0,015190029876831
0,0622737693050294
0,0240322496179422
0,0165591559563563
0,0519513162389164
0,0974995096244332
-0,0140938623565572
-0,00999089204958959
-0,0431124949710107
0,0350384008650533
-0,0407857798335672
0,0830119653319398
0,0745209753699659
0,0090251141187174
-0,0233668712769835
-0,0205454765495889
-0,0847815390777472
0,0688782412055621
-0,155617229835209
0,0511165486939773
-0,0796033594240947
0,049560351995369
-0,254244895068549
0,12934372238142
2,40892108421318E-09
9,38727982389631E-05
-3,19152842593951E-05
0,00319829949815205
-0,000377486522898256
-0,00374631951282063
0,0167828997369761
0,0579921531853597
0,0874429280775054
0,157727648933115
-0,137825315759381
0,0313138074878298
0,103238156439423
0,132332704410272
0,211211212964434
-0,0827452036649537
0,408406772176267
0,135194706948182
-0,536536656834718
0,281416161306377
-0,0546834583488125
0,454225809868053
0,0393632022244485
0,162982784511661
-0,0471267557626314
0,00367853458900107
0,0075754059525244
-0,00325867179347671
0,0269071858064531
0,0244949108867116
0,0169757653402942
0,0261299411549523
-0,01339684486873
0,0408060398085238
-0,0727085851703269
-0,170564116049753
-0,0569303134907619
-0,0585279638060041
0,0325600354138128
0,0164236174122464
0,0481709776170928
0,00243346260906838
0,0212811025679044
0,0322725287525296
-0,0435479792383917
-0,0390073089454408
-0,0721390871126904
-0,113488823988536
0,0146165390695492
-0,0141517654379128
-0,00544167822032303
0,00302966594192342
0,0046760586663947
0,00322214080508031
-0,00272405454116086
-0,00178437954102858
0,000786358104763109
0,00161834781571645
0,00017458804821485
0,0003081628388202
0,000121924913703489
-4,09943554072771E-06
-1,36278493707336E-08
1,21968990200251E-07
6,54818127509943E-06
0,00390190478363461
-0,000190801872841006
0,000135948722024759
0,00238810462021522
-0,00546614072627984
0,0538878067595548
0,229738976096941
0,194504997855121
0,368819518756512
-0,263917987859674
0,138670032677133
-0,0297094485492415
-0,0513812002070644
0,269924680792083
0,229273108587616
0,0600708537262819
0,110113292896398
-0,0363728232345655
0,0173870702825365
0,0749598148557985
-0,405564362046825
-0,0107299122614418
-0,0833946916128766
0,0351792363920496
0,0242429725605343
-0,00845873676055097
-0,00698340027277897
0,00135906038712909
-0,0609096806195413
-0,0685987779440023
-0,21796718899501
-0,164494981421081
-0,0983528164653667
0,0544038506155336
0,116511278324802
-0,098449168408815
-0,122306243131789
0,0896328626266534
0,0933296102256559
-0,0243250516253241
-0,13457122660219
0,194294453070743
0,022359526973059
-0,0682432349073593
-0,0597051283584188
0,0168284670655822
0,0906582052221272
0,081567324166989
-0,106436634865984
-0,00289518423374061
-0,0509024854227321
-0,172529463953248
-0,0912103996641655
0,144374920644979
-0,174416408328406
-0,0827831618102567
0,0378133485001024
-0,0410116218975784
0,00778627673901057
0,0693685922759089
-0,0468837238474845
-0,00266603025898763
0,0697107049679909
6,05962347911751E-07
0,00114016408405656
-0,000654772084613686
0,0800962166011338
-0,0137196485770592
-0,0307708314096369
-0,000669863917961301
0,00935151637962974
0,00377922652564691
-0,0109593937601759
-0,17014318596645
-0,0312713792196692
0,12627292233527
0,237366402347683
0,179307470844693
-0,373030071029787
0,323211888633687
-0,187356942553935
0,105995659061479
-0,214292135421687
0,0653556078574732
0,0287023740818171
0,0624958608346518
-0,0592629731481148
0,0101337966536415
-0,0349023524910042
-0,0134425906023514
0,00557557794805389
-0,00318115343165841
-0,0553300241119968
-0,0438536451883151
0,0310940777840186
0,0982475630334489
-0,0862349630145724
0,222866394955071
0,465117765015018
0,0698447943857378
0,156018138666167
-0,035176792033318
-0,0199627262193735
-0,148203596075324
0,0067058180069908
-0,0364597043914221
-0,0388309623719045
0,0561853593946901
0,0402852934918532
0,0486253740433847
-0,0345434420032769
0,0334580358870618
-0,0528341166988616
0,0159510738283718
0,0458273427335166
0,0202229866558614
0,0928891195130272
-0,145431897494887
-0,236500898111283
0,0669700587143117
0,183814955375573
0,0853804636384154
0,0718094308976327
-0,0540011646484926
-0,0911632165191624
0,0085660301391982
-0,020940261533653
6,10120668665034E-09
0,00456443984621318
2,08115205629505E-06
-0,00057628234546438
0,00100429947573797
-0,00127832651444615
0,0141510045626125
0,0921276466751187
0,0279212080945998
0,0756710372902561
-0,117980448150599
0,0886866331629109
-0,121207311235481
-0,089603021314739
0,281592565920941
0,118674246483542
-0,159459010981038
-0,0982605811907122
0,144291662812341
-0,276867988698994
-0,148333660001683
0,276292513385866
0,148506771311964
0,285480339410331
0,090155750169029
0,109943253298454
-0,00364163701813691
0,0148463679501261
-0,165980459956056
0,0568132947006136
0,0658433865968921
0,0793806189146893
0,0121367611613851
0,0245632151667159
-0,0774931799083839
-0,0512248843929584
0,313468643542262
-0,0228086831385901
-0,175823246020111
-0,161894788250369
0,0239035421689841
-0,220893238387681
0,171250804583311
-0,210656089341649
-0,0422454561625541
0,108335293004629
-0,172193865964059
0,14146980904444
0,177056342377772
-0,143006400583552
0,00199276401092532
0,137244282871449
0,116234577771922
-0,00802610466368753
-0,00333943766620156
0,00680388484649114
-0,00152468348865142
-0,00203093428003161
-0,00955741313553502
0,00474198497074034
-0,0576781447059006
0,0724535564072658
0,0595254850528239
0,0503290315796264
7,3703204154981E-06
0,00166254764019354
-0,00705726094150067
0,0191122131280181
0,207636969239035
-0,0038948714652782
0,00165386606123874
0,0426242577557709
-0,0222536231368118
-0,00393215806201493
-0,148649313393681
0,0696779446824373
-0,0856661425972656
-0,0865918607085447
-0,0735826965294416
-0,06174913105837
-0,0665434624563502
-0,0922201720773171
-0,0367839750013142
0,0314558090178083
0,439564709213099
0,135579492074371
-0,192206994841966
-0,102359936867923
-0,229419978164905
0,037698004194081
-0,0100300208501484
0,0855303632412038
0,133992481199255
0,0137865810932076
-0,0842596136158493
0,194529661183429
-0,0097173247087577
0,0700935954859794
-0,0720726550982626
-0,0378483891871499
0,249079673166524
-0,0505028042751393
-0,127326087325507
-0,177138757743446
0,257259050586132
0,0450585585823259
-0,152773332915368
-0,00549440127171005
0,0711890621195004
0,188124919166337
0,0416489527242315
0,0400129326144437
0,0855488395496167
-0,0410388291995974
0,00843118444688465
-0,142097818096597
-0,195841971356425
-0,0190997630497557
0,276399761724179
-0,255140916485156
0,00103408346911313
0,0775118829017559
-0,106632072308785
0,0238224076428876
0,0759797229203939
-0,101957895226748
-0,0383198230658306
-0,00127947482716457
0,0120286846600763
0,000562831004627956
-0,000895549045529723
0,00180355101502941
0,00658270146172931
-0,00321912573083587
0,039108186320028
0,168971267408835
-0,0675332369299776
-0,0362956770958439
0,0614014800881404
-0,0967696949952948
0,310942336286641
0,00198846605441514
-0,0541425566661266
0,128599370455265
-0,0151238963561566
0,0750346618720035
-0,108668474879521
-0,300632535581278
0,0145072571396723
0,0584298401900904
-0,0767931235860397
-0,0782729881434167
-0,08078799691534
0,234191466603536
-0,0224141633565193
0,216120701844805
-0,187517683693886
0,179860253901718
-0,308416603471357
0,0450994512449841
0,134037862377269
0,139479175547516
-0,109302373685069
0,120325156006369
-0,17114757546689
-0,11026873372897
0,119647245588378
-0,00861365174218287
0,00830997120058033
-0,0539939546590512
-0,0453320574276247
0,246178143573418
-0,133037727894101
0,204357247362674
-0,00527963425048175
0,0429133874286722
0,166855966776893
-0,175504744862006
0,0780267833850429
-0,207522330956454
-0,0279829273140294
-0,0741979995440441
-0,198798841813849
0,151449225454127
-0,0631441442443439
0,0391867450659685
0,0615006832662425
-0,0352450071884017
-0,0576587294504839
0,00665460616110927
-0,00574832745253721
0,0211616259106288
0,00026595475436954
0,00307613282168007
-0,0416699183674678
0,233312529787756
0,0606236295349945
0,0137572488637983
-0,00047543769607807
0,0250418514444368
0,0255911372501669
0,0433449254555865
0,271000435952061
-0,0148285914948101
-0,0540200520350217
-0,0794890166658664
0,133685955815937
0,0890833430946492
0,0520342611105197
-0,0163205387289073
-0,00927108572036343
0,0718965339181755
0,00114030703144814
-0,00709874242885456
0,00351747526089099
-0,0205392591804677
-0,102892571472551
-0,169681674691298
-0,0644908988645712
0,0733236772211399
-0,209248773439317
-0,307691412822623
0,122091535176133
-0,213298376117755
0,444939944145493
0,0663181230062478
-0,141747094565661
0,0359683774674402
-0,0473994843314714
-0,0771440292732893
0,00721022211622821
-0,264841619823667
-0,0980599637873115
0,039406773747838
-0,233567608843693
-0,0856016878478005
-0,113006862916826
-0,111672930759877
-0,0162431429328078
0,0498988220491497
0,1377667768028
0,0571665458175144
-0,0970222476193579
0,117593908872685
-0,240670723750178
-0,0298399428391571
0,0732409002407878
0,0478194127681983
-0,0416309599138191
0,178268948889277
0,0780279881607755
-0,0487003040039745
-0,0729539891628861
-0,0850834085076315
0,0376336206715819
0,0224019088314794
4,59912554610184E-06
0,017009854964545
-0,000408747488846244
0,0497184650179292
-0,00787616011664311
-0,00376050445001697
0,0591963552647266
0,037891011722644
0,0159729708590924
-0,0373232673607943
-0,0870657638884843
-0,09068989370667
0,583981289969603
-0,249004237209509
-0,0670765735569056
0,15932886831704
-0,163522055720389
-0,238557636819239
-0,224166771166163
-0,171603981520366
0,0614424879055377
0,0298844338426054
0,147405913323871
-0,00544061411722611
-0,00157844854945767
-0,113111329304722
0,141309012818796
-0,214342347622568
0,170255745749119
-0,157852568192447
0,259271237965902
0,0579826808620687
-0,0599596531913805
-0,0877650480112633
0,067876842848065
-0,0652843397727733
0,0446167514871707
-0,106168935050331
0,0442370520137817
-0,0810848434334699
-0,105444465968951
0,0440880314350305
0,0025547081125568
0,0163396831124289
0,203700813184872
-0,125451375789327
0,0888520517867998
-0,00477342659611549
0,0606312503789456
-0,122719180224009
-0,0355057893363737
0,0435508546722314
-0,051135889210229
0,0366764393459325
-0,012510363733377
-0,00757314513427447
-0,0402482021085152
0,0164452101245069
-0,0145562789030367
0,0158415393079996
-0,00314756811723491
3,72277860138303E-05
-4,56920049064889E-06
-1,28877845792456E-06
1,31583583013575E-06
0,00029312326379194
-0,0455735180239205
0,0355533884235725
0,0536973931650898
-0,000356013938348292
0,0355414107651542
0,0847472547853606
0,140414056548175
0,139838681521545
0,366879815703786
-0,186968297105658
-0,0780281037345526
0,0462950411333803
0,0876192026719088
-0,0450784290912439
-0,039584284572396
-0,248279363222641
-0,064673658979463
0,0806865086918637
0,158908150832213
0,0599750747741367
0,268299199646917
-0,22027089265737
0,106166964686066
0,0439485751335179
0,107914640593596
0,00539377937839342
-0,169338015623406
-0,0686800132187804
0,0506842973068354
0,0256771561526167
-0,1061016951121
0,177055478118616
0,0306605292641841
0,057442088558518
0,0510438805871079
0,0372065833198754
0,00868933064611173
0,0689896067058796
0,158471005746018
-0,0931764039248305
0,144132637546816
-0,026075568492422
0,0330520860864909
-0,0816080871107786
0,0133630832853305
-0,00825194087566271
-0,021113284506634
-0,0845992999337136
-0,00241402199854677
-0,277049776707893
-0,041303465755303
-0,00108315408068242
0,0390303013091388
-0,00293268223124524
0,334525823598814
-0,223720047216288
0,289766968219
0,0263131793887864
0,0632769334391753
0,073406856170963
-0,105512361537214
0,0119676401524833
2,29260855430608E-09
0,00144673472061761
-2,84326157714254E-05
0,00496679892044088
-0,000526714429339329
-0,00469980556091054
0,0259376455136013
0,0328402366730937
0,0135688086884303
-0,0536021660506624
-0,0811334572366785
-0,0302324371187419
0,256708615238551
-0,178800186289797
0,141597816908169
-0,110468393807851
-0,192878887041987
-0,327931364546129
0,0639753122308613
0,543411132747879
-0,162195811742734
-0,0956411409180041
-0,116463202771804
0,137315431400254
0,11767863670188
0,0146811286685442
-0,304814385566958
0,15846983908067
-0,114528535725135
0,132668698440213
-0,238644268888249
0,0159429124063214
0,0554041659396733
0,0476368801068539
-0,0579430934112856
0,0550211816827174
-0,0265362156990174
0,132833360629568
-0,0414782308353327
0,0537865516012621
-0,0622004338590101
0,0459476346226203
-0,0146310399761254
0,0192225051423433
0,196290140792735
-0,0624887136447144
-0,07483295038527
0,0288757532892058
0,120208637013784
-0,0844622547090625
-0,0140178071877466
-0,00373633839769297
0,0450077793653188
-0,0110719837856305
0,0769865009954696
-0,0500005991457937
0,0497536171029499
-0,00025463996586889
-0,0216959077589821
-0,000967106398116471
-0,00858977940075181
2,12348610022807E-05
-8,25594333484161E-05
1,00952226749414E-05
1,08021390696773E-07
0,0178989441491808
-0,0021692538637779
0,016437015455606
0,0375149075105814
-0,0362742231179678
0,00190638868681127
-0,00963290935417431
0,0272670539060512
-0,0066540487205696
0,21945681069249
0,459255363461133
0,139378671496653
0,0261586270476823
0,0341946632020511
-0,0261916984731337
0,0422526066551291
-0,0111811321755905
0,0285779216770236
-0,0139560474070681
-0,0865687611261673
-0,084114421146331
-0,0108709850524647
0,0966359825223245
-0,317119016401198
-0,248967993397809
0,0467031415443027
0,0967045493524883
-0,29104495377302
-0,237096921455541
-0,0170552408462429
0,166573437683303
-0,049614623932927
0,0359918818529653
0,0421212724972427
-0,0172650130574554
0,072482499521669
-0,0252839992612173
-0,0118733082359655
0,0769504059423168
0,0156187011867782
0,0435064971718396
0,0692957168196689
0,137132536371967
-0,0581715861060522
-0,0319321485066187
0,135530942426867
-0,0291740856115112
0,0353456600024947
-0,0515952702940409
0,335003056274019
-0,0146850105168715
0,195977126424415
0,0843467611242332
-0,0103234176423188
-0,127248117381821
-0,0219842623928591
-0,186486197681535
-0,202146319172821
0,0614619711939411
0,0978417295664295
0,0812065121194698
-0,0523423794856837
-0,025101594432719
3,47475510633837E-09
0,00381122620913965
-7,31696378900129E-05
-9,9780680972595E-05
0,00105808739232784
-0,00978362498909835
0,0752326987828747
0,078137858170041
0,0976461213440282
0,0342232781704345
-0,0641897490993215
0,0408783435976352
-0,116109763552647
0,00787444571939941
0,123716949795425
0,0237361580721482
-0,143277844307683
-0,0722196085278649
-0,0392249252026251
-0,1511743904241
-0,205549105534313
0,0613285101359292
-0,0856855561095878
-0,071577253787085
0,0129586984242739
-0,0480020506880969
-0,0171067507312409
0,00534038557787815
0,0814207345550653
-0,0286582771515286
-0,0411476196070913
0,158938657247161
0,0720651408687211
-0,0448288290797357
0,0379364703054694
-0,0503491177600751
0,103249227142256
-0,0766819448230654
0,102625792541839
-0,111908781933655
-0,363521365523514
0,175835296431953
-0,0229411361861324
0,407475500041578
-0,116158484753796
-0,0542911772587494
-0,340357725986357
0,0538134472509919
-0,284553755627854
0,111920588408509
-0,0870299775253127
-0,214239899881171
0,00512037271570964
0,120747130558322
0,201233928812567
-0,0592181339847521
0,228172173766586
0,0119532104151886
-0,0173094284626664
0,00413196281152588
-0,0352848479613024
-0,039150977692183
-0,0654013275878008
-0,125157498187769
3,70118199629323E-06
0,000147481021808827
-0,00115624447780903
0,0014161898496153
0,00791787318029165
-0,000318526752642439
0,00704866438604546
0,106037309152276
-0,0483544638823432
-0,0338085362974752
0,0860769048840943
-0,064841498054144
0,0894198645698092
0,0857705103314641
0,0384555203517059
0,0606729430252465
0,010921719113815
0,0653654854676626
0,0118626894215587
-0,0808583363629134
-0,0118639194778715
0,00843017090138899
-0,144328971776139
0,038508608885211
-0,0798273636591759
0,183827429666636
-0,135620931463042
0,181627740472446
-0,0243652805536515
0,0867536155249583
-0,0598235241329129
0,14621176657446
-0,24470367461369
-0,102078970979748
0,00195039900981328
0,122297436024609
-0,0967914535016676
-0,23448743335397
0,182121549760601
-0,25963338888476
0,0296691360551029
0,0364235745987232
-0,134343027538614
-0,321088110475721
-0,00514962664546387
-0,33332442956907
-0,0158912128099951
0,0262129094166963
-0,0752782763254805
0,0987248135575594
-0,0198211905316
0,198841657536574
-0,063814866561149
0,200595205280001
0,00168532575330912
-0,120770125659543
0,133766941283862
-0,279309788940296
0,047277275932624
-0,00744398169446153
0,161181182870047
-0,00134327181034799
0,227489758016641
-0,137927944535134
4,23325742643199E-10
0,000172517217865821
-0,0134381320549026
0,00599214371295344
-0,00386451084459392
-0,298870484336225
0,0313215475197068
-0,00883031913561534
-0,00929357706226588
-0,013452528982204
-0,0121332957294825
-0,0614265174199426
-0,0394938903536206
-0,0385128635216748
-0,000490989081148065
-0,00404365949815735
-0,00634732934758451
0,0102616091466065
0,0159578851817813
0,10360152368326
-0,0824660534883381
-0,0460965505890399
0,00327507217282945
0,0757439637851566
-0,189737261550703
0,411445884838902
0,330168507821862
-0,161670408656078
0,00311396924599101
-0,321430701294502
-0,103315156682019
0,137034492938781
0,0599651916614087
-0,314433947046823
-0,440563147703415
0,155412354658926
-0,122733445455121
0,120418638283183
-0,0772495896118004
0,0591099916167439
-0,0465214968788878
-0,0617945810134876
0,0116041010899966
0,0026342883143183
0,127132449107921
0,0466613800208077
-0,0608543084517507
-0,0324739041725219
-0,0215227979303292
0,0346514387991919
0,0296621486102051
-0,00248454254941572
0,0110047315050263
0,0347063775833398
0,0524306316814911
0,00137184276246498
0,0485809154876181
-0,0194354809748114
0,0334884434338888
0,0486886672814085
0,0291691921388663
-0,00170877127762069
0,00328767641445936
0,0208117758677591
4,56700239100942E-08
0,000133469154595365
-0,000667553714483147
0,0067014934390241
0,000759317125334674
0,000410484846745818
0,0027130573726536
0,027238578055379
0,00277344905223436
0,0121177826656727
0,0672238146738974
-0,0108884184784029
0,00383162761451067
-0,151435456397384
0,0441239795171781
-0,162782485690089
-0,0142684548828818
0,130234104599529
-0,0254680135667764
-0,055845128366481
0,023192587362916
-0,0484162511980888
0,0279569862423916
0,100749434441649
0,123676397595098
-0,0351195843690915
0,0594620333806947
0,198591392124067
0,207123961223773
-0,0135928561089078
-0,0424067072012986
0,0914304501147645
0,0109367411515504
-0,165470392150144
0,036103377666771
-0,056455414097025
0,029192935514624
0,0373325740092188
-0,0247053690619006
0,101570435168861
0,0310426530152907
-0,0522374573759026
0,102631122626773
0,119370837869203
-0,0258484589473822
0,000289731890885618
0,0721460003556345
0,0209479248033548
0,343592980649981
0,236319104109555
0,207236612922622
0,155138724038712
-0,258069585830193
0,0864217066170628
0,0436963423499786
-0,020471389528403
0,104074523448056
-0,0743643269093003
0,136985868296834
-0,322858594569723
-0,29103599091692
0,137803636971699
-0,169268964803088
-0,355744212973828
3,93029262596901E-09
8,35391836776446E-05
-8,91994714885285E-05
0,000813673892920312
0,000654441569971875
-0,00247596095970795
0,0266679143587265
0,0802234751416147
0,138991861509466
0,236319480697522
-0,041593533924851
-0,0108601569911261
0,115310574626843
-0,0182010371982065
-0,166848360984221
-0,0264285243877243
0,0640491336851399
0,165052121915082
0,28611941495109
0,106934823456951
-0,0154009036463636
0,114167952300158
-0,068482940765535
0,00558059439318954
0,0481995626245389
-0,0213331588367667
0,0147949100417927
-0,020737913825332
-0,0270592596892282
-0,0513788562467142
0,0441723040744268
-0,0224883805529706
-0,0320370762542988
0,0173937251602765
-0,024428400624018
-0,000613134127654479
0,0698492747155694
-0,105487091687681
-0,108089225548096
-0,137197862908318
-0,163556124816088
0,0858872404570558
-0,142582746668779
0,0190645610392327
0,10776456678767
0,113516484130087
-0,0204475541903643
-0,0883433700552596
-0,0840114445124916
-0,0611357204375395
0,0036610042228981
-0,101061939171769
0,163698788038661
0,040998188326904
-0,0119833690025263
-0,186975326304585
-0,310462391943175
-0,220375302532045
0,394381855944244
-0,40777212055525
0,0102096524102842
0,07327933965991
-0,0910885077111435
0,143704811040798
4,64663695225546E-06
0,0776401638577524
-1,70914381066162E-05
-0,00321468542643541
0,0128311112737865
-0,00288720488198167
0,0223793306114968
0,217622101843356
-0,0347134403680745
0,0140429269799342
-0,143220945621721
0,0872474135583324
-0,108971086169854
-0,132673431190115
0,243214399401823
-0,0885800112518175
-0,263044027253474
-0,0794886204873989
0,0849837215172811
0,0621729505723216
0,0180250486528202
0,279735212142102
-0,198683202869218
-0,295337088758815
-0,237983737779757
-0,0985354969506963
0,109027142941979
0,0265596795296727
0,0301240785927702
0,174981492404615
0,0863733003765775
-0,0370160717227017
0,0605528399869612
0,000884859704052944
-0,10172455370443
0,0736894526911143
-0,0107362726377596
0,00161217423624425
0,00865539634791154
0,0851235410988894
-0,151637726377655
-0,141220400386435
0,14009935335081
-0,0277934549427904
0,00738410019798742
-0,177451163249534
0,289194864829537
-0,200269585005163
-0,121135695928904
0,183012433790659
0,0464063985546006
0,000380306566124931
-0,0719708279244299
-0,025431457403301
-0,257022912598405
0,157998776236038
-0,110158626342167
-0,0233862822017234
0,0517994993141054
-0,0104372914894922
0,0245773590908409
-0,00016250178850154
0,000260693715121049
-3,09274062596972E-05
2,36678041944161E-06
0,000358998736105094
-0,000118887053488815
0,00226938000886053
0,000678924823553302
-0,00483382965422695
0,0511370975426914
0,120344914593585
0,166016257491527
0,291538594145493
-0,0990666570430414
-0,00578516971166637
0,240524628099222
-0,0583601329709686
-0,106542269479183
0,0799234213205468
0,0930197302757692
0,20644184338669
0,122169660804018
0,00641439886931946
0,0161651808066464
-0,0536040032901206
-0,121538579674161
-0,135219842842387
0,0926314713847844
0,0232123469088224
0,0794315061582378
-0,00163939951142624
-0,129273245182854
0,0114629613571771
0,0019033924713558
0,0466092808274004
0,140596304539847
0,061795215062689
-0,0446453712219491
-0,0677966433777906
0,133756887486475
0,225036197175234
-0,216216360847621
0,00460122190445979
0,0331734014274718
0,112514280162095
-0,115804420970366
-0,271369849153443
-0,0521419699645526
-0,0392435600388012
0,0189017964082
-0,057495666369386
-0,174741364554336
-0,0387282089268821
-0,0782809229879104
-0,0614692910509565
0,0311637765298131
-0,0825803854689714
-0,120777104207335
0,0982256787422137
0,238305085533026
-0,0240234989888033
-0,261469085413639
0,102134277203648
-0,166800879255594
0,0774448955037811
-0,0481029648663973
-0,379626114336154
3,10352010608107E-06
0,148660050476135
0,000439140790612113
-0,00958434437611011
0,00243429455126475
-0,00118665439136333
0,0168452105020039
0,194917484322332
-0,0316662871317343
0,0284573011211001
-0,097307900356141
0,0751230937521548
-0,153196651409886
-0,055652342630054
0,134201473020709
0,0929224300287852
-0,0616881934401954
-0,102721830247641
0,0721235093995906
-0,136266199032467
-0,266953550628008
0,214101883846151
-0,0395812866492205
-0,128625494563261
0,241391894746976
-0,0887918250210664
-0,00508134189057034
-0,0535396444717822
0,143011041597942
-0,386267981730014
-0,22517054080219
0,0757116360535795
-0,0617144535728556
0,104207838494346
0,117400603233006
-0,0355890796293304
-0,291986040482446
0,0334603229887285
0,0726836922296009
0,113105088618703
0,319387480494568
0,216549243417209
-0,277610496762168
-0,0699514661187708
0,100769141233348
0,0902678891126272
0,0913400472559969
-0,0259009064102563
0,0646499066788102
-0,0320804806310237
0,014767867337667
0,0300867401453638
0,0373220578932369
0,00321577678893918
-0,0200106892394246
0,0113420499194746
-0,00930793420586736
-0,012551391282023
0,00161799154577415
-0,00265900439288913
0,00620724841495906
-0,00138064228260063
-0,00190935746067531
0,000355054940032537
1,38005375150462E-09
2,33383957579183E-05
-0,00021271504393695
0,0012812867878213
0,00612304058940814
-0,00823380393372419
0,0104007390758303
0,0117831554446636
0,0308937057866459
0,0130297381314191
0,00634428435163182
0,00130402859359853
-0,0361671311317591
0,0343356305733177
-0,059053245046451
-0,0826253642029539
-0,0787795014927612
-0,101654478630233
-0,130923523590961
-0,106249569671717
0,283204738012675
0,0474270627606036
-0,53681750480398
0,301728421455555
0,227118409167837
-0,0597825422731704
0,146117319435875
-0,0981902009721745
-0,217629146323231
-0,161145501938118
-0,0792698222693084
-0,276614869662412
-0,13737819742182
-0,0172527395106763
-0,0304785544447473
-0,00018100941044903
0,0404930207509261
-0,00973102487236218
-0,0756443273091402
0,00596858357570349
0,116566766266906
-0,00715164052876332
0,0273780006207189
0,199643146060069
0,0480215560916295
-0,196849178905139
-0,0311915160796952
0,175140078375027
-0,0844285448582993
0,0455073511763646
-0,0121827784527719
0,0616487324079646
0,0931328693709439
0,00651352339861142
-0,191324130686572
0,0135504066335836
0,0597032645918002
0,0611288676033926
0,111037897145461
0,00799085924062176
-0,0585878886563779
-0,00294745685269943
0,0186398751190644
-0,00935265629932005
3,21594067020083E-10
0,0206363137547063
-0,00907314784832128
0,00156326847801841
0,0292084820366987
-0,00193103038066489
-0,00113868915665542
-0,0105535301122337
0,00466472058474605
-0,00236125268137432
0,0380603720517245
0,0597832875164529
0,0344049856704955
0,028755537304874
0,0102649561079493
0,00879227665701991
0,0238800194255575
0,00385341131677299
0,0258331617208167
0,0163784823985148
-0,0676552013354723
-0,0857267690102287
0,0265166553725658
0,131307014706781
-0,136158241641401
-0,293790855721621
0,275307570547457
-0,0250861194037272
-0,163654478982932
0,135465519271433
-0,217954458818161
0,212060039955009
-0,080839751247145
-0,0209878400492513
-0,00984380957596774
0,0704322963887399
0,191486278011687
-0,307044900083153
0,0874595057700591
0,361002133905412
0,037432926720714
0,171628424990245
-0,0165048013618232
-0,220059304143716
0,148642717347902
0,0929529560595848
-0,161743139712139
0,0123748297743684
-0,0340720378483901
0,0809947106420189
-0,303289112056347
0,00564771902391825
-0,209676284954299
-0,0652865287979622
-0,0476500713397575
0,119966378227298
-0,0033760858247936
0,139006944569597
0,160143872598561
-0,0507517109151227
-0,073386268895884
-0,0665916073118717
0,024866291089699
0,0287740242545606
0,000266252268431296
0,00276670280030171
-0,0323199808832526
0,229173222226156
-0,0245623962969062
0,0154903631019523
0,00342011420537858
0,0285914163888697
0,0481591843171357
0,0784043154306587
0,266800496474236
-0,0442725763043977
-0,140740055279664
-0,337043301133463
0,0418705816749602
-0,0716039448228183
0,115363253013659
-0,0517415374158674
-0,0915192783270153
0,0103587281694527
0,101004065247848
0,052718314142788
0,101492981229607
-0,180065342157743
0,185247978441425
0,0861855560113972
0,0283240929819548
0,0218348004498346
-0,154199296500253
0,135151323928755
-0,157278526994824
0,0605868464531011
-0,174334328600396
-0,208804061988405
0,0511893485090471
-0,0433374114840983
0,0505686157477867
-0,0432022310717863
0,0138718905997535
-0,0171520514477539
-0,0952912419688514
0,0236882495466226
-0,0996695097049974
0,0665856684543444
0,121397627295601
0,11280621978997
-0,0584721939890116
-0,0384195989394714
-0,330756876736573
-0,165197672210589
0,254054195655051
0,303992446757904
-0,0543866261153109
-0,0149996652692831
-0,0386837559717999
0,0104324135981177
-0,185722906333888
0,125822715842535
-0,188460839067818
-0,0213496652764174
-0,0531743937054121
-0,033706482404503
0,0225686234074382
0,0154757816698297
3,16720738916163E-06
0,000299620928895792
-0,000125103969532354
0,00251260901766945
-9,12281548361733E-05
-0,0194187784293091
0,155650856711325
0,0198511387090803
0,0902625267373521
-0,111460689351839
-0,021038089324227
-0,0428891406417882
0,142809485848107
-0,0715369595417175
-0,0464412720920244
0,102187509979074
0,0179011369128019
0,0446031794346313
-0,019659781636514
-0,141746704672366
0,0698526839469866
0,110794553614053
0,0731272364906448
-0,0709146180176827
-0,0826904936449228
-0,0557213455485614
0,00349510499800668
0,0846458052028566
-0,0597439989277134
0,0155689934094547
-0,240080781016819
-0,221235286986146
0,0912340825268758
0,00324134385832269
0,0524245894220314
-0,072835260708407
-0,0156540444739923
0,245633869172554
-0,0973049110938954
0,201598179491373
0,0923546179124306
-0,0698704210447929
0,114153593119089
-0,185087651797867
-0,0283716987359846
-0,120505532712102
-0,102569133526199
0,0179399804449212
-0,133479844110818
0,150788478209329
0,0516675293081351
-0,0474224978599843
0,0643317791113322
0,524761110746384
0,268616252043038
0,0421264642097364
-0,049426029881347
0,183027249788877
-0,0210360976248411
-0,222512411538343
0,124207712350295
-0,0123254047803716
0,0228928659869664
0,146063589716158
5,3121087835636E-08
0,000143839264504779
-0,00136815258148451
0,00923149971777165
0,00253605398619577
-0,0105242545335528
0,0318373897737491
0,00897718820067047
0,0346351031918708
-0,00685692200099304
0,0830640148214239
-0,0281234578276146
-0,0318379423958054
-0,124340886751643
0,0477508345321548
-0,0662699356017803
0,0819171289181934
-0,0496784656481257
-0,00234261770298624
-0,0044735283108542
-0,0220586215194588
-0,0450260871405734
0,024990735244001
-0,0412243179689289
-0,0596092636037014
0,224522424901457
0,154758062302525
-0,148735112545908
0,0152214499172875
0,0138434294855073
-0,0638741785702549
-0,0278137895671314
-0,417197230645217
0,482361868658105
-0,061733564700868
0,0145681240859778
0,101107793468914
0,118359924170026
-0,0928260874369547
0,0304809591902057
-0,300087294009361
0,224589212537204
-0,130942638782555
0,00610854286039865
-0,221753093092742
-0,129452968579336
0,0478162267587331
0,0222641813682864
0,312342034743839
0,168851401616444
-0,0811542313963079
0,0562271957900545
0,0416581763202984
0,0559582513910886
0,0196216495630853
-0,00487240382358899
-0,134104195441282
0,091404723612879
-0,0842671323621117
0,0006468100776585
-0,031714003707347
-0,023844115271406
0,0132286478309671
0,00806307612786675
5,9323300556114E-10
0,000138381802220637
-4,61207061121669E-06
0,000920715081313259
-0,000168553697457479
-0,000673403599559536
0,00683364494284743
0,00249553539403333
0,00507109726553615
-0,0110578500268286
-0,0103537429575732
-0,00867193371077469
0,0581748870615621
-0,0354159619652361
0,0045769860203731
0,0105632894405538
-0,0246853336327317
-0,0449786030117334
-0,0160795148272936
0,0362820492072042
-0,00150067105671821
-0,000431520250255833
0,0165570695135853
0,0193323670393935
0,0294724988254118
-0,0509901907992139
-0,0403129758553603
-0,0186520681868944
0,0182996705784907
-0,0245321489651477
0,0407624726502258
0,0165668731753799
-0,0755878133007739
-0,051214528720252
-0,0694556896479906
0,102529539529784
0,0157168519839447
-0,00179348875657255
-0,00627993118137856
-0,0280084542477774
0,0184059186593726
0,0321157707386807
-0,0556702518280674
0,0155091856675308
-0,207757604568096
0,133737628413375
-0,0244826387452075
-0,0281531085696193
-0,0422593344401618
0,0941828720009188
-0,0165648174879515
0,0802187269484613
-0,0271791438505971
-0,190034928857694
-0,148869908605561
-0,0422718760090251
0,227042101851117
0,332796664275913
-0,0533337635275908
-0,297076976267192
0,557406051246025
0,496105243968224
-0,0370272088926658
-0,00367146041939727
0,000249290323937389
0,00246032722861707
-0,00320292466331185
0,185990439869626
-0,0248017880094299
0,0106783395342705
-0,00282205392227865
-0,00645902096720712
-0,00684891243287199
0,000780851224558619
0,0121388966670444
0,0454151661002359
-0,030859549070038
0,00776649464741336
-0,0282098507633088
0,0603923952780809
-0,042854734047576
0,0591237600869588
-0,0152069270282575
0,0437082732222736
-0,0294409437624901
0,0133650880170844
-0,0340296291597164
0,0385980129405426
-0,0828430983507879
-0,0502847050476082
-0,0213758657149237
0,0631482402195207
-0,0899522261910128
-0,0398464839580907
-0,0326199249813529
0,109846497225416
-0,148329098157766
-0,0108871285998105
0,057267985248933
-0,0741995250629714
-0,129890537624414
0,23353967234836
-0,104917763993678
-0,0909057627761335
-0,0443096452414854
-0,0782901324304461
0,144029763692424
0,210800940641386
-0,0716404708291797
0,244509246629759
0,282675746628963
-0,0162536909160954
-0,0597284255890374
-0,227378167588144
-0,570281727219046
0,223912755534378
-0,171760057022889
0,289362684292209
-0,0670463306351714
-0,0383308684312122
0,0897817138178237
-0,0984355926990562
0,0253215177288141
-0,0298652338233228
0,00543962658943162
-6,39942858256968E-05
9,57957192444037E-05
-1,31650861663605E-05
4,49138682772618E-07
0,0093672417297918
-0,000694452598022828
0,0584841214169183
-0,00944827644910709
-0,0337988141839744
0,0615419149357931
0,0481119975470555
0,0133480520719551
-0,0987093008121809
-0,117942263697344
-0,0414683517619434
0,161110191219729
0,00636160168267164
0,137201096459268
-0,276592100822525
0,0261727406036721
-0,181435601765051
0,16468586813879
0,137399501390071
-0,082739889265376
-0,164148563795029
-0,030857436878337
0,0214568048724061
-0,0786448034952696
0,319157406546921
0,230747865265086
-0,0754811989301519
-0,0736810521009655
-0,070773302645591
0,0252409188864201
-0,0598131152558847
0,116226379296775
0,0518390968383183
0,318680016661923
-0,356765475263324
0,00192273045659858
-0,238712868736268
0,0922456238932734
-0,10559532364574
0,200987272808457
-0,031146278913452
0,0398287424107275
-0,033277902476551
-0,290275868793639
0,151586498427424
0,0626597129291793
0,0496559375791321
-0,182849387319437
0,0860218084619911
0,0223079737224181
0,0245168480064306
-0,0442756113313533
0,0297443385759113
-0,028167117734307
0,0489119975246606
0,0105855508785283
-0,00216600864991621
-0,0115443300447173
-0,108232999433441
-0,0418983190994157
-0,0611653306060982
0,0037501451555479
0,0319903306530606
3,39524791580522E-08
0,000239862358654545
-0,000474478390008165
0,00409532811126434
0,00331757580635364
-0,0013122838553422
0,00212162359885627
0,0122221877657402
-0,00465908748487706
-0,00234962958381153
0,0486332247898299
0,0286566074796589
0,0340013351400707
0,0347751595846729
0,037903977352059
0,0234458001309262
-0,00201889350380811
0,0175728062073572
0,0248522651322996
-0,00549560411941291
-0,0171283214297616
-0,00658750125213126
-0,0831099739186476
0,0407626952745788
-0,185067635633421
-0,0433664561536727
-0,0331493896353607
0,111225192864832
-0,116377908958433
-0,0885166594728945
0,0679759440351434
0,204204677212253
-0,357862663380002
-0,161711951776547
0,266274655095904
-0,137997884402025
-0,233368084015629
0,308561078518686
-0,096162720141401
-0,264823532775247
-0,0404010754796108
-0,107414641757781
0,026304607578134
-0,113706850436501
0,0722473136188726
-0,0441863259271214
-0,133391546978684
-0,0400137662470356
0,0116407551991524
0,0693856227866979
0,0630913239204056
-0,256583207761738
-0,0338811288982708
-0,262441993905457
0,0583175012221364
0,209328111280552
-0,0495209201516759
0,303060523456301
0,163308245832156
-0,067597121889061
-0,115225357428579
-0,0724060950914238
0,0489253767330542
0,00754628861890003
2,50848435442009E-07
0,000501981562399786
-0,000779164147707865
0,0371787458760871
-0,0047595199336085
-0,261643707429596
-0,0466984116624595
0,00368531401393724
-0,00692663892303256
-0,0015153127448525
-0,0634660732920857
-0,0489928841337656
0,0201180531802331
0,0544747279177266
0,0348972173988633
-0,103526620806415
0,0665298011090922
-0,0662663153437701
0,0488103109409838
-0,088763104162538
0,0678462437474449
-0,0135089853507147
-0,0545786874764114
0,00164455206164081
0,0216402857005474
-0,0343711814406392
0,00541014928437526
0,00179044447865137
-0,027784568305717
-0,0288365753280831
-0,0310337348730064
-0,0377778954600996
0,0146568646952405
-0,00699939003131631
0,17026709560829
0,194571686007286
0,115158786452517
0,025259682243975
-0,0606585941755644
-0,0510359649189854
0,137026105492602
0,00100658402215642
-0,0220203654486761
0,175366858978952
-0,0275707816091269
-0,15298622967957
-0,202625915656145
-0,348739048547612
0,0823995425899571
-0,0848708804281664
-0,146859467623942
0,0919346795708577
-0,111924365509174
-0,110977293385244
0,27381652819742
0,437425131072328
-0,195381677325454
-0,307905680794216
-0,186599308677484
-0,0757384917690612
0,0882567313450217
0,17857109426789
0,0020492554420258
0,0330556628841817
3,83545241410154E-10
4,60697906406706E-06
-1,7496275046638E-05
0,000191885200207677
0,000219250741306356
-0,000486422677850319
0,00377062405466079
0,0115432551675975
0,022566035386053
0,0387786491270136
0,000289391113322175
-0,00596151288836066
0,0241860333899737
-0,00833492405999205
-0,0525912954657795
-0,0212318283728937
0,0049544546894362
0,0263042758650019
0,0736803300107819
0,00578570062587034
0,0466146456163801
0,0681497604229428
-0,130534851139656
0,0715269893974572
0,0865072927526614
-0,0214725703185374
0,0500353608417321
-0,0467032323219633
-0,0827552739803912
-0,0668130265418007
0,0159768753985165
-0,0271276295985655
-0,0175128442219128
0,0244972562494816
-0,0742052657926364
-0,0636538984664212
0,227940819074862
0,355478618311574
0,812319669501291
-0,0469559759697049
-0,0816519158136672
-0,0751205041206954
0,0315728234065032
-0,116858038914689
0,0255512850620597
0,169009951565781
0,0227711160285064
-0,101899349914816
0,0664028532731076
0,00750494486016053
0,0124619431662905
-0,0170519166572185
-0,04142084272936
0,000969952868996771
0,075372932528384
-0,00622926196907997
-0,0239656308152267
-0,0221391745554415
-0,0435140669566092
-0,00235527895511022
0,0202782343671849
0,00217512784406062
-0,0121167192305533
0,0060309285636854
1,31213586205479E-09
7,20643667448626E-05
-0,00130384873604391
0,00234250487656965
0,00358797116570657
-0,019243685908603
0,106641055840742
0,0644819324966717
0,205925951021526
0,0875262816394326
0,0910771466204491
-0,076230536677759
-0,0878434597538474
0,165793765398802
-0,159696909123263
-0,131387682965629
-0,197096957291569
-0,175326701315217
-0,163347311492076
-0,0806842635853093
-0,154505257451776
-0,0114195884191394
0,144022582418241
0,0351265918086359
-0,242750341752464
0,019641661083869
-0,0755718942706845
0,0375553175304673
0,133608548580421
0,0243918732297737
-0,137680292132785
-0,0360248296638972
0,0417310333779922
-0,164107171262333
-0,0527217201940275
-0,0372767660138497
0,128116861148505
0,206361519087244
0,0784433265253252
0,0389564547400214
0,196664643624437
0,110926862263446
-0,00475103416543284
-0,0245627311303196
-0,210871236574575
-0,280440775231011
0,0262737694115688
0,135605821444053
-0,077608069072188
-0,170124116599025
-0,13952454540407
0,0276438188312399
0,0277822349451453
-0,226423765190749
-0,135036134576358
-0,194319706680938
-0,29605125606309
0,00456638384592591
-0,0358832036532615
-0,15888467573544
-0,102480791047868
0,0066949195389097
-0,0127933987264008
-0,0811862887011149
9,14528995119148E-10
0,000154322756232515
-2,7886086469567E-05
0,000995882913741641
0,000168845988816316
-0,000922352118750647
0,00419176265922487
0,0347878495531588
-0,0125615808283582
-0,0181506328638794
0,0105253053879442
-0,0155997413079544
0,0420408253417942
-0,0431316841546834
0,0742560115049215
-0,178669773951481
-0,129005092265981
0,159945404759725
-0,0329820804784306
0,0372295411567637
0,0458084832634375
-0,0974950709975659
0,106795169344033
0,133786563865444
0,137009117385433
-0,0347775450492166
0,127857134248552
0,311053724362759
0,167485173929331
-0,161980154434402
-0,0569806450533294
0,0265216779108096
0,0168633003909363
0,113206617366056
0,0220282237665223
-0,07284036312463
0,0580527095958628
0,0404999588283751
-0,0345037608198679
-0,0248590189192842
-0,051122762629541
-0,116370089756967
-0,0911017112616203
-0,0402117174268505
-0,0230519002385997
0,000237384827649746
-0,109710892382579
0,0372324215686635
-0,13882411506448
-0,00949335738844184
-0,0291483366022356
-0,124571249759817
-0,129356165270597
0,146858209531542
-0,114834525333022
0,00483804948909625
-0,374481671111545
0,039383981111793
0,174647090068433
0,482525027193987
0,206997783003232
0,24869514283947
-0,0149104953160987
-0,130076717850586
1,51336949607449E-06
6,03601949786612E-05
-0,00123556293973433
0,00254078416276934
0,00396814910853621
-0,0053670024231478
0,04894743583364
0,104811839690987
0,209714037795412
0,276221041578055
0,0734946515715973
-0,0774732015699562
0,0576627774667562
0,0699102188464896
-0,321192990451759
-0,147711668821465
-0,0797977318208657
-0,013275144898549
0,309838381500702
0,0862725524424315
0,0020289957720984
0,251331534471171
0,12626811204781
0,119133593492166
-0,0803978403368538
-0,0284185377171885
-0,0284248631298637
-0,00979535894512531
0,0363149687206699
-0,0536750588293471
0,0671551463658798
0,0373194946605615
-0,0668233596138291
0,184188167572698
0,0165302235221049
0,138032392360592
-0,250704318999919
-0,200833886736337
0,0918763902567387
0,0281031433899036
0,0689051689950193
-0,263611112602776
0,0982512546265345
0,178050624494491
0,113409535624872
-0,0150929884445353
-0,114354357152104
0,0836276564554129
0,0176192479992941
0,153943952245804
-0,030455158023879
0,113465578387976
-0,0488272934171585
0,0481841657314346
0,0376276156023073
0,00425273339274028
-0,0159732202604867
0,203703094814869
-0,27256651012262
0,0803884914279987
-0,02729868810853
-0,0469372846182059
0,0581830410884955
-0,0918565441566966
2,92585511140274E-09
0,108163930196342
0,000374968854196287
-0,00674708987166685
0,000622495290878656
0,000153375533937045
0,000302686017580253
0,0262863984524117
-0,0156797310252799
-0,0140919038545435
0,0170890917705375
-0,0270519415189169
0,0113259415754149
0,00652069708683236
0,0585914637658078
-0,118115597048579
-0,110952484902713
0,191091259388508
-0,0286041014136358
-0,00423291962075074
0,106872364827933
-0,0183653973894229
0,089482248512292
-0,00213824086021308
-0,00317526010761843
-0,00841582579069234
-0,284807354512419
-0,424386696661461
-0,114744962362428
-0,0615300251268442
-0,163069828715572
0,0762102393071569
0,0545810355206317
0,0271673916880143
0,00851788107092943
0,000564521534458629
-0,0558624539923863
0,0397877559326383
-0,0292032930726604
-0,232174854241381
0,044560312756361
0,281733856023276
0,346282400325917
-0,0781178859232929
0,0865921013493213
0,0408917150110341
-0,17770272727555
0,0406629237717501
0,032991946671302
0,161757448541418
0,0625706312082637
-0,0831137278834396
-0,268654847082945
0,097952228403239
-0,290023052559078
-0,0123282875635912
-0,107335517415186
-0,114527892962677
-0,112149822109139
0,0156557415923311
0,0436719626510429
0,00723896951198124
-0,163590649168205
0,0716472109925424
8,11767713467927E-10
5,2070644263075E-06
-4,7166964457343E-05
0,000225012024128632
0,000310286447002684
-0,00199031694477059
0,0169854897445202
0,0197621407010744
0,0538064290874082
0,0502537586726921
0,016115801674371
-0,0267687130134237
0,0194269384569832
0,0332237479945594
-0,117144433496906
-0,0464760639793685
-0,0475782792082063
-0,0130381516160218
0,0915568952061809
-0,00162076490360432
-0,0505549712264496
0,163237789125443
0,13071534057599
0,066815704963025
-0,223471991426404
-0,0380240448629598
-0,0757740155895486
0,0522291666885905
0,119417748842335
-0,0809074596307392
-0,323428601582542
-0,533625320886033
-0,192643820812692
-0,248386428768232
0,0662063844974881
-0,128725047156633
0,15182750643774
-0,117223287024848
-0,060145402416078
-0,0908045046626834
-0,192730905139179
0,110152520193369
-0,0504350720550756
-0,0420619666794954
0,0290405545822014
0,182522822460917
0,0970462675213741
-0,102082117433729
0,10601898030591
-0,0153149548355876
0,0719106829396946
-0,0254560425024686
-0,0599854585636802
-0,0687848306412665
-0,0214457215029169
0,137347471808189
0,257570140647582
-0,0807710317219639
0,0323905790403682
0,220066822755607
0,0257364548105202
0,000119240788906994
5,28920526641442E-05
-4,58918601133817E-06
0,0187060354317131
0,00308328868831529
-0,00519050447266718
0,00132623095622618
0,0166546366619517
-0,00148615744413432
0,0190282789772764
0,311106745434301
-0,0806451315359709
0,0171958660141914
-0,0824851927772398
0,0988635441356982
-0,153138681057758
-0,0851012157601894
-0,0820419625452542
0,085131923477931
0,110221118227745
-0,179256959744444
0,0292862149370978
0,121289543895992
0,455229396321694
-0,106758628630175
0,125703121217384
0,0928081279792159
-0,181148668736957
-0,0858169937594849
-0,00692289563617724
-0,0048199448886389
0,211374270760186
-0,0326959392289931
-0,0790002557596971
0,111379375606009
0,126612877631537
0,032399803030367
0,0585660397812201
-0,0576734567963134
-0,176005719615496
0,0438970286671349
0,105212767241536
0,00385973596180749
-0,15401196912581
0,0775259311172497
0,0209078574224832
-0,0801667881142268
-0,114410697327781
0,0253235957746772
-0,233786666368887
0,0810213137751921
0,0244737656054206
-0,103017292094007
-0,0111994398874472
0,163911549341418
0,301893670303423
0,0614956121073183
-0,149777419246409
0,185723251339759
0,0872720241952425
-0,0831468768008802
0,0938474445948565
-0,0210512910164322
-0,119012846110117
0,129872504878623
0,0485225984393341
0,00165181371998483
1,01716448368704E-06
0,00019254412511842
-0,020887913960523
0,0200449236263928
0,000274589721895102
0,00192203522531544
0,00470451825249505
0,0221027112484354
0,0341995186774184
0,047457930678325
0,151410768002772
-0,0280005585610412
-0,0562263318751064
-0,195915716812368
0,0289737048435936
-0,0851232208370138
0,0827527618419864
-0,0570022184189769
-0,0487612251023933
-0,0353307092647726
0,0889115341379138
0,0250056499999581
0,00462862398200962
-0,0618057287262658
0,146969180928661
0,000445799552715943
0,00579726799235634
0,0370650568401691
-0,102481408899337
0,0297127125000065
-0,0508191898281809
0,039673644165928
0,0885922984488581
-0,364618065662545
0,0927219349559306
-0,0748457615250965
-0,049924644177202
-0,138097810681497
0,0181096506105736
-0,0286452009700751
-0,0180518951054395
-0,0401180383700773
0,0192817443167289
-0,0374398649546547
-0,0065130438674151
0,0471722576399639
0,0919959366440816
-0,0388974432148474
0,290736600042408
0,314498453926652
-0,387634308306967
-0,300202589858356
0,375634374125661
0,0158835677636765
-0,0452287465552009
-0,0956425878284751
-0,150526064189475
-0,0430804210757745
-0,213192939506005
0,0492744783122139
0,0923595248435537
0,00832835963058032
0,0531657676906427
-0,0582920673306499
2,25348843321782E-09
0,000397327394766046
-8,75271480901253E-05
0,00337469920742904
-0,000615042281305394
-0,0192156957809326
0,146684627144354
0,00274111496756081
0,0928765767075911
-0,15439751988101
-0,0457817504537389
-0,0332485716643819
0,143738143535196
-0,124034204148226
0,0233318587177278
0,0671323353618867
-0,00729749957692379
-0,06633310529532
0,00941234179046373
0,104394992357223
0,0481192471062963
0,0386386662686214
0,0661987208933157
0,0389818584327119
0,107104641529615
-0,223053668450734
-0,154740081873491
-0,0158227890260323
0,0184530718195909
-0,0634375439313698
0,112926726047166
-0,000922111088627986
-0,255975797192014
-0,123456207896608
-0,234111178780075
0,30946759422977
0,0159604716885704
0,00174819216019908
-0,0266573923446787
-0,00829628240405045
0,181041262637314
-0,0370368235094224
-0,0568248028383474
-0,0182233489485641
-0,506480730194731
0,256456515414425
-0,0459388713897853
-0,029044356526709
-0,162765595877672
0,195482258869212
0,0465823073029123
-0,0491376130434477
0,0211278495144337
0,0136530428448793
-0,00320463525017217
0,0588716127797675
-0,0727254522661239
-0,130430086599427
0,0498698906179445
0,0920327471889575
-0,194803174438757
-0,183065338045597
0,0137273909607525
0,00134823357303291
2,46453632657901E-07
0,00295587931198397
-0,00347153537019848
0,036420285316977
0,0345313783898185
0,000457309226475045
0,00554548874469915
0,0125725002723834
0,0367787217041591
0,0534821584923915
0,225463968218066
0,0456525024333823
-0,017237022254576
-0,477564184439308
0,0596964903552577
-0,195155911939756
0,259692133099533
-0,00582859978401774
-0,030704109416433
-0,222828924448539
-0,220750293575336
-0,130279315916021
-0,21954010471904
0,183946126803084
-0,243775177026888
-0,00901763764966336
-0,159445644449876
-0,124382485564681
0,299239965530817
0,0945124644280785
0,0625643131751505
-0,125915256855174
0,0237102028594872
0,175527001823835
-0,0392593000335684
0,0852172194203406
-0,0473978179361441
0,0329674256793025
0,0125322206249126
-0,0020175949957122
0,149223722163859
-0,127371869849943
0,0591589565915358
-0,0639931117429707
0,123517643636886
0,0774225519720764
-0,0693622378665684
-0,0292879687020324
-0,145183775567063
-0,057984889436021
-0,0929011333302721
-0,126353085982014
0,0305658699072819
-0,0275137713802344
-0,0128333135266336
-0,00439508763172417
0,0919130066282952
-0,05657584898263
0,0735355681810386
0,00885970362471014
0,0237753601708347
0,0152143014182751
-0,0101863700686911
-0,00699034912588553
1,71196372102325E-10
4,50741605539433E-07
-2,58503234368302E-07
1,80537866843836E-07
4,68946332639616E-06
-4,12049935428859E-06
6,29912573744315E-05
0,00069774525967842
0,000259063296063461
0,000923424524273797
-0,00108822408410902
0,000967348564564146
-0,00113847307718639
-0,00105790098353164
0,00250587384540961
0,00218050619504142
-0,000525377540624633
-0,00137555860096433
0,00283898870561488
-0,00356746552563711
0,00582792863654972
-0,000532962167099703
0,0104661018653068
0,0181831249673929
-0,00131161479369957
0,00671980213939079
-0,00263333899962185
0,000962133955787453
-0,00717839235868007
0,0107574221223041
0,00813445001270215
-0,00329333952540129
0,00320789184119742
-0,00128214291333825
0,000299764583315814
-0,000831395663319954
-0,0115723538039574
0,0118748370897747
0,00429198795540733
0,0116340363287823
0,0102136253321275
0,0407602962787994
-0,0466759544021693
0,0384038405640497
0,0258780321127998
-0,0166483395700145
0,0697152888779715
-0,06318314831746
-0,0718564418551073
0,100540388558505
0,00635029949875383
-0,161498659864329
-0,162760102893815
0,0281030502391865
0,00379761354488243
-0,192340089177545
0,0669662698787541
-0,0177368614333718
-0,120558722018359
0,0496025860837865
-0,460379110036125
0,546674787280624
0,448711472192095
0,379348230193901
4,55971790361031E-10
0,000267616311707504
-0,0187658081387994
0,00440458104987141
0,0555405051952605
0,000355597064308073
-0,00117513774870721
-0,00428108976456138
0,000516661189343259
-0,00257571918407426
0,0110639098615779
-0,0142441699083187
0,0160667618305904
0,037071627098693
0,0319299535345967
0,0228760121862269
0,00275476530071145
0,0130652351909773
0,0383556585360564
0,0212586541477263
-0,0662356960565901
-0,0439688786873196
0,0330313874462835
0,0906139934263592
0,043265610457404
-0,22226367643768
0,269750954152984
-0,178677022339495
0,0541072737348672
0,287267847401332
-0,259597259233655
0,0511953419905281
0,00220841143030314
-0,0361263573503376
-0,027398894035534
0,024269075180657
-0,14711261192099
0,0126679872494318
0,0279087605579481
-0,319489176962823
0,034094635884948
-0,246344798498492
-0,233794759913385
-0,0420489522791125
-0,0835967688538233
-0,173963353624056
0,0851171014728719
0,00868885947233145
0,00650626141298864
0,00678793293947315
0,0109447548416214
0,0231611304204537
0,0417181621052117
0,0345875905050211
0,0624811699784529
-0,0661362052230232
0,0827631814687322
-0,00161642543330877
-0,0779084583602557
0,101719264547754
-0,10277259028535
0,118330412595081
-0,508854888535278
0,234494527802287
3,17234541857262E-06
0,000324081682287235
-0,00102778473985453
0,00257344982136186
-0,000547623205334231
-0,0177978073474063
0,157336472274135
-0,0262749595689415
-0,148763830139329
0,112785308627888
0,00541465064671674
-0,0144376834081153
0,156115435216385
-0,0385151253157274
-0,0312993216974187
0,0536083023190349
-0,0299678454486904
-0,0171196799552429
-0,0640335914562833
-0,137743833171274
0,0342873041454196
0,0367830976189428
0,0140712178571542
-0,0675492132133328
-0,0421210542387711
-0,0137197562079948
0,0387689913673507
0,0498963138424883
-0,0817802737223748
0,030831764269182
-0,113055295173256
-0,00833086587787578
0,116625646148986
0,10867469304559
0,0972379452412799
-0,108307762565908
-0,0984856595379774
0,196210500512087
-0,0779914130970418
0,0826312640418021
-0,0388659819192019
-0,0611676339868278
0,0503913069827905
0,0460929626243333
0,013099863445922
0,1055171979008
-0,148628609515522
-0,0371052680791035
-0,0725499437018395
0,401111571315441
-0,0523806694084386
0,364673548176252
0,0135795841430944
-0,407738282057617
0,113158813400636
-0,297271399753052
0,0184053834613558
-0,234301026904705
0,152738134642529
0,170705535758134
0,0812736474985274
-0,0543278119445179
0,0206135796915581
0,108889497909047
7,04649405272637E-08
0,0003871336337821
-0,0428860151670742
0,0188229572579268
0,121360957537132
0,0016157802424752
0,00164714743520453
0,0254437095091546
0,0119549115825277
0,01299275325753
0,172156675169252
-0,120955535831084
0,0483564492227313
0,142806863130117
0,192593291982937
0,120291446635762
0,0159322741074374
-0,0218418956015404
0,118679912765652
0,0779637217759043
-0,0213648687128148
-0,0299049838287347
0,00228366586187959
0,0847777623425306
0,065043325215889
-0,253973225954813
0,332233744478876
-0,175819737320083
0,181037769931603
0,231638978112121
-0,14071237911026
-0,0566621257475117
0,0751149443547042
0,0276807910971166
-0,0488689951475619
-0,0128008439548788
-0,0730931903784434
0,13901567082129
-0,0711267298364151
-0,2099723243627
0,0533204623515994
0,0799686210684656
0,116460152997923
0,118875620945216
0,00416715737168982
0,115572828015463
0,023096257157533
-0,00144280667222546
0,0347445669812074
-0,0513104808667252
0,139319849478968
-0,0594264180090607
0,0120070371930283
-0,00420636167882337
0,0282648011903137
-0,0522919455093236
-0,079340911779037
-0,0461585311332988
-0,0240448283079634
-0,0719199416793012
0,155797654090605
-0,110976620521486
0,487898653759348
-0,24847887631358
3,89496088174767E-07
0,000750195998346527
-0,000464305116696237
0,054469466369099
-0,00943990447836822
-0,0718400879451611
-0,0102395569371565
0,00479010031313953
-0,000920385869310224
-0,0169286049393394
-0,120755763351461
-0,0509039808859582
0,08115348060095
0,159423973877532
0,110518750342656
-0,271835757127525
0,19687799328499
-0,170777347539193
0,188149777088697
-0,261336168642174
0,0728290634708824
-0,125538281233559
0,0587129879187246
-0,141252932352061
0,0580792085630626
-0,204203938779699
-0,151251711023938
0,0707592630118332
-0,0567963768569321
0,0277566842982861
0,0305996597993308
0,00466073124994196
-0,147730245839074
-0,00445477314131789
-0,54317985120756
-0,435436773123284
-0,156238977478971
-0,039498673273634
-0,00430687731037836
0,0260471185010444
-0,0282001149276104
-0,00421115339925367
0,00608186090751856
0,0190651235851453
0,0835929497691459
-0,0355973622164405
-0,00170748239802951
0,0728037941271595
-0,0105560084366843
-0,0191344151218409
-0,0361548588942651
0,00529049184047285
-0,0324037443639863
-0,0294288701314293
0,0557216372083525
0,0531775758872763
-0,0169363765929105
-0,0346785586513289
-0,0248509615127057
-0,0169389099469071
0,0259755709745189
0,0376073509547631
-0,00285071936315273
-0,000276175607480022
7,1380538961999E-09
0,00167377503575632
-4,86702630614322E-05
0,00091566928288608
0,00123051535994538
-0,00236683516397269
0,0152086454953199
0,110928021781939
-0,0367036719531675
-0,0383885637931938
-0,0121017621241819
0,00773032296687305
-0,00760527406068437
-0,0116968621107278
0,0472489391757592
-0,131578807563818
-0,113076229324902
0,0704612276766021
-0,00345735698986644
0,0421384901603739
-0,0586529613776649
0,0540188690127414
-0,0512434723695844
-0,141824498051773
-0,158575874729379
-0,045649670789592
0,151884830313605
-0,052783077393595
-0,14972639181989
0,212956055312478
0,359856722553001
-0,218143150014595
-0,0836712013182359
-0,173144208231281
0,0864172021214398
-0,0164803824595487
-0,148982564107725
0,159816423835175
-0,00127525226044961
0,1631468251711
0,0714145991588541
0,031617411769102
-0,326868696498157
0,0269577996354804
0,0208545599678419
0,128265576138575
-0,394812943783876
0,220194640996296
0,219945975414084
-0,11220029841881
0,0139116545847561
-0,0141913207637828
-0,115332494712072
0,147129022900209
-0,11103698719129
-0,11287272165223
0,0223027179486819
-0,170656336755992
-0,0834930315224031
0,0306808386973741
0,0574856778675579
0,0360472649055503
-0,0242478571133448
-0,00376558245224319
5,23002780565592E-09
0,000220081936600889
-0,000979772074760255
0,00231543630356152
0,00315931220968158
-0,0199024625664115
0,126979734794864
0,123164385439143
0,277246217677097
0,222289718661589
-0,0283881535215399
-0,0183414977182607
-0,0475954582101998
0,15122853459202
-0,0409551965527011
-0,0314831377364721
-0,0784256495774987
-0,0227318118268722
-0,228867434930556
-0,0186748090964173
-0,13579786430208
-0,306421885526391
-0,0240611985676906
-0,0953231284250744
-0,0400585340062863
-0,00525223071356354
-0,0815391362615297
0,0203091103871625
0,0268461484437256
0,103751469031711
0,086059494917893
0,122897066101517
0,0334818896000103
-0,00494951803117417
-0,0353451537299396
-0,0159195625640846
0,215907997921253
0,0598703660723911
-0,0210584192478019
-0,164794843854635
0,172503076354238
0,00567267343333947
-0,159928021484103
0,127567771315749
0,197141226336089
0,164666102772833
0,0777885513977801
-0,0205097518758255
0,12004084347958
0,263691736932304
0,0989848735160407
0,186845122977748
0,150740270182903
0,210206168380779
-0,104826266090084
0,271742128384295
0,0470828726285206
0,0709970795256546
0,129711261493399
0,0894602519030876
0,049688198407536
-0,0390994104078399
0,098096095459193
0,195814351472922
2,47586032293659E-06
0,00461680191030023
-0,000447794034412499
0,00138072093351526
0,00464951236988498
-0,00202092965671341
0,0159207147796618
0,2311227320322
-0,102136740244263
-0,0836702411464878
0,047243592087543
-0,0452545986323079
0,0811590771363552
-0,0226792688484684
0,155857532305107
-0,362488107165635
-0,31310197704039
0,441515362010832
-0,0755406840122158
-0,0210072901808855
0,080514450529039
-0,0305630074922174
0,112206544416671
-0,00430957836102872
-0,0186854378857033
-0,0413495854666972
0,0136568741055633
-0,0459132150803907
-0,079648348480013
0,00935646617452936
0,0566044459867255
-0,0677252567640304
-0,0351938702479259
0,0281350716791926
-0,0558259252773535
0,104684971629426
-0,0580949704721226
-0,0597207195447021
0,0588213000963837
-0,0446438298107022
0,0768357274899395
0,191057489304122
0,0648014833785436
-0,00302772392450443
0,0212537453907851
0,0225582220442966
0,106822420662138
-0,0316879436844458
-0,0501307309101876
-0,133343257376965
-0,0836136373144059
0,117159299833393
0,336911057781815
-0,105888979969858
0,341169546542322
-0,000875242842213307
0,104607047988264
0,163970309546373
0,0624939266596174
0,0122285328201969
-0,0980169266486802
0,0253549174423871
0,0355050253116986
-0,00658532649569122
8,28583706954379E-10
8,14590535303889E-05
-0,00105821278041846
0,00220636442223135
0,0033534250255566
-0,0214021383249048
0,115863840530316
0,058675565942603
0,202034961002962
0,0538217188967292
0,0987146285214681
-0,00786451194645203
-0,0977737257737465
0,172564094549179
-0,1346195976184
-0,155672023101563
-0,209230564028525
-0,180408476637849
-0,240594208151256
-0,131539038336454
0,00705540697431281
-0,0511334031109421
-0,219554623032877
0,190348473919477
0,127489515153476
-0,0159132978276951
0,00232962539418717
-0,0418601586340511
-0,00420559560985133
0,0652169867666298
0,0826725962943659
0,0721526080134738
0,0963890490015164
0,0338485097613828
0,0261539949177903
-0,00379362958128647
-0,281055779502544
-0,0771832765893989
-0,119237229050742
0,117633542932369
-0,315181125029999
0,0228514995580346
0,0229497430927042
-0,360553594683552
-0,123206359016346
0,249769466867163
0,0757068072295496
-0,210773168517719
0,0275535303692479
-0,103355061046762
0,126658245207705
-0,0314414743388889
-0,116414044923822
0,0259120504443414
0,180181479455916
-0,0158663205182842
-0,0399658685540364
-0,0665048873595656
-0,0858819505606247
-0,0143347100948885
0,0431085563644818
0,00157179088726643
-0,0275815946970948
0,0191715083613411
1,15406041904728E-09
0,00202720263962014
-0,000565500184843186
0,00035118913673233
0,00382081542473575
-2,71109813892705E-05
0,00152288259161342
0,0308633965061837
-0,0134287456899216
-0,0115847071865887
0,0399945657321662
-0,0364348612084116
0,0317374376838787
0,0341040533165226
0,0879087480419641
-0,066081016408675
-0,0909817825462198
0,154861953394619
0,00487349316619665
-0,00135819681769674
0,10470115706884
-0,0168584250021269
0,0334763668044465
0,0315331777612137
-0,0386364095523322
-0,0197476140706756
-0,29467916777716
-0,459801989781307
-0,0400392260932501
-0,0782451542065295
-0,178892072612415
0,162406892451505
0,0345210151617811
-0,031306472310812
0,0921147042712531
-0,144051278458143
0,128497504367674
-0,00300135947431322
-0,0409867890539759
0,252254841767096
-0,118790823743466
-0,449213503602307
-0,372482056734449
0,0688318320551547
-0,100791874475252
-0,0739879217133372
0,0664341454412513
-0,00573181024715041
0,0204190206591817
-0,0494370117555137
0,0169957721398969
-0,0387431521293722
-0,032835105932394
-0,0131817164717119
0,00796532074139905
0,0203661189353059
0,0343469687129392
-0,0336763381826888
0,0946094986550384
-0,0405127340272893
0,0559158940786387
-0,0427739810377059
0,205921049276541
-0,101392144262758
1,06029300939261E-10
1,43028526199508E-05
-1,14888742323543E-05
0,00186840795321587
-0,000301467601966134
-0,0012217765678946
0,000906660037855421
0,00431907038418133
0,00674565089531014
0,0122538701903049
-0,0236674151637546
0,00073456388441241
0,0220413968202235
0,0354370449279685
0,0455546755388655
-0,0507054013282648
0,0927541394470097
-0,001998341163287
-0,0775660164646205
0,0186776348070672
-0,00282717416794144
0,10471236961971
0,0194947047661241
0,0323684248977035
-0,014435514015866
-0,00493508140935967
-0,000886437636897366
-0,00194035369690735
0,0144196171525666
-0,00671851567031406
-0,0074320806195445
0,021255634498412
0,0284199490170192
0,000529637845862594
0,0729431625561832
0,166648770831201
0,00138585297452359
0,0709650877486039
0,000768871533588202
0,00240281028838355
-0,155177103007843
0,0261398216638896
-0,0455441932736984
-0,0617691877793322
0,116309571332532
0,115603579034642
0,285895008575544
0,714737445471577
-0,156821472586973
0,131532349667007
0,00192786891647717
-0,0650923843693505
-0,0427323471780885
-0,12904469085247
0,194609874732608
0,291097948684489
-0,0858088982673044
-0,219749490463961
-0,0940876441932298
-0,0789648335792171
0,0613731097312158
0,115099124975302
-0,012092695882113
0,0161122572992885
8,78091522705201E-10
0,000100620629986028
-2,37544639978139E-05
0,000353636556658426
0,000285361552915279
-0,000300400175410635
0,00244142982470336
0,0326386920798298
-0,0130773470095453
-0,0129773855850299
0,0168111264326648
-0,0126713246153217
0,0249305888550107
-0,0339403944844381
0,0612491204340631
-0,159177820757481
-0,116867422784447
0,184707358475372
-0,048471107599423
-0,00927480417035761
0,0636216523484146
-0,0726637121928312
0,117413604790749
0,117342280861682
0,129781226110034
-0,0670965836755657
0,132290096778612
0,294228865989752
0,184143390113038
-0,164936441389279
-0,0273727963877228
0,0325599156646101
-0,0116645915903396
0,0905582486889548
-0,0285891789543706
-0,00148878404139013
0,0603973234720082
0,0646896917725126
-0,0455284831684687
-0,00655435325049629
-0,098175032394444
-0,110291562406835
-0,0932993694816172
-0,0280141048262458
0,0393152513383526
-0,0567042155298465
-0,0746157916958008
-0,019608577788182
-0,0425047486983159
-0,00567703497066286
-0,0304458999332418
-0,10058507457642
-0,0391908458060428
-0,103247335862645
-0,271671512256624
0,0100146190872539
0,20763924282302
-0,153778140690891
-0,322706380949796
-0,287296222034545
0,0762068112056921
-0,362757114945845
0,0895801983542407
0,364542936137354
5,42736881158747E-08
9,23871952005082E-05
-0,000816860156506737
0,0081885809749947
0,000974144750568634
-0,000292815055016201
0,0123385527378898
0,0407515195262008
0,077055855203652
0,13669540962827
0,0653840909554029
-0,0192393273512369
0,0613797425135176
-0,182604017896145
-0,125257983406461
-0,109053229719008
0,107827270950696
0,107569013834597
0,233024585682492
-0,00781088562409056
-0,0219853545247733
0,139472287882024
-0,125580657267113
0,0493799074166738
0,120596030492627
-0,00380884149828982
0,00259823476050321
-0,0121281018644648
0,0733096982414326
0,100918814033543
0,0567296923441255
0,240637895309009
0,115760123549919
-0,221052526859594
0,035109672770456
-0,0858020845433195
0,00841053980757327
0,0785195568082316
-0,0159792119100933
0,128815633645468
0,0218461515590882
0,24846753970041
0,108147891449488
0,0719741285893012
-0,299935804041642
-0,226842590641935
0,0978380227271873
0,119624993861815
0,164067472864837
-0,141477398684549
0,0826472414384211
0,0324385881986332
-0,127768972633198
-0,0185485666976417
0,0715492107814861
0,0937327259229351
0,102779518793897
0,0498404788489687
0,159704956445691
0,241487499903321
0,189920744953074
-0,110927038548476
0,0896616100068289
0,346477673355942
4,92501780595331E-06
0,000223898539427632
-0,0001078812253051
4,15306827446476E-05
0,000922335313860923
-0,000606410072325329
0,00777831154688803
0,0685816223094064
0,0228596552751968
0,0729528645229188
-0,0768674853642518
0,0618230477040165
-0,0681793430595855
-0,0574815079491254
0,130600270166419
0,112254781506363
-0,0255638679387377
-0,064204465315602
0,11242732546804
-0,128904811819402
0,187817028867885
-0,0166115973609271
0,307563734683814
0,499161358892583
-0,0335936252412531
0,166855953760201
-0,0619735651302493
0,0223454174661751
-0,157588673900693
0,210183989457871
0,15212704850897
-0,0548269838119665
0,0469702047105456
-0,0178039013965352
0,00371536586206607
-0,00957749586014461
-0,12461785001029
0,122288528020331
0,0397062210913181
0,0891490974973121
0,0713518836482016
0,244559981467596
-0,258588054630873
0,161365136455411
0,102424111134553
-0,0585958773210248
0,224917036739861
-0,175809137506607
-0,158951591327169
0,156155303351149
0,00682948237230075
-0,129854194156895
-0,107909002902174
0,0104833060155649
0,000531901848421611
0,000955323105852692
-0,0027305067008168
0,0014130999269616
0,0153036769593507
-0,00718579520798814
0,0770433645408111
-0,0958752892705279
-0,0787576717822559
-0,0665880679956839
