0,999642609316397
-0,00019845729723132
0,000254263316648495
-0,00152206211163111
-0,00041948099337567
0,000237519985827529
-0,00195846383854066
-0,0090495992284484
0,00377956737701492
-0,00153889772472352
-0,000288624069310952
0,000333122778318879
-0,00262781217827669
-6,32572398962241E-05
0,00642177481821506
-0,00421377200633652
-0,000711204022360363
0,0013427816329347
-0,00274091818318537
-0,00156553615031917
-0,00971404568004058
0,00186927357847463
-0,000690645992811142
-0,000317469161561056
-0,00332402642422655
0,00106077033330055
0,00336357892776218
0,00207282790930953
-0,00393093502334133
0,000990724961239604
0,0056831122347998
-0,00530727748037583
-0,00221190152686384
-0,00501433384868531
0,00139564687590692
-0,001499526122662
0,00353435613485664
-0,000259163224574141
-0,0046814188790274
9,21706588540662E-06
-0,0028225980124085
-0,00145640045909893
0,00119291935065308
-0,000690260748829013
0,00259800640530837
-0,00679184854972224
-0,00214299041566002
-0,00290931562872012
-0,00188359781897321
0,00467527608039603
-0,00291588861318903
0,00212143253940747
-0,00511986332169188
0,000892337335551663
0,0042698824479945
-0,0079355537047906
-0,00215057642293853
0,000676294994322339
-0,00322423330643128
0,000713195747691598
0,00400243012297607
-0,00159407988525581
-8,54452697458667E-05
-0,000565104937436325
5,44833782423995E-07
0,968895492155015
0,00696600852323409
-0,0378228784444204
-0,00120096271057961
0,00421029948093239
-0,0185075961823406
-0,0803772329240075
0,0293376791223658
-0,0154141230716169
-0,0232900918815902
-0,0378378880445429
-0,0320793110593165
0,0197968334413177
-0,0219738817591568
0,043497421458367
0,0467729363601577
-0,000196187875952791
0,0203162922403575
0,0511441667084876
0,0433474537787617
-0,0562563035398436
-0,0103941759770614
0,000428865205171698
-0,0148661160210905
-0,0435300778545122
-0,0353256472403793
-0,0431526988430566
-0,038172232972271
0,080586104347212
-0,00251014860119746
-0,0270597190428031
0,00460168594632708
-0,0224339829450459
-0,0145135959932258
-0,0121257916793155
0,0292921141733143
0,00564269143839696
-0,0235754460218516
0,00842747868744136
0,0443600788504382
-0,0791495661937665
0,000557105862896228
0,0272576488464183
-0,030955741134237
0,0205915820648405
-0,0016600661385835
0,0175155847830153
-0,00883389640760894
-0,0295337860262836
-0,0138660242079686
-0,00790275900498059
0,0466073437510124
-0,0137988740825855
0,054868873489947
-0,0149770573084867
-0,0221178190216056
-0,0253280680852158
-0,00420682765227129
-0,00104494703046298
-0,0124112459890547
0,00200728395380151
0,0234809729005965
-0,00775343517259262
2,08938183580218E-06
0,00446287301959938
-0,982766504810091
-0,0801558335731236
-0,127121214896644
0,0086834043172563
-0,0175782426072368
-0,00761756102430194
-0,00960797528769287
0,0153395451247288
0,0712637134442912
0,00859047369229194
0,0178425481463353
0,0190947618337754
0,0270701398655914
0,0427200881475475
-0,00493594855672493
0,0125353868751651
0,0150082598088786
-0,0139220328602893
-0,0126119997340245
-0,00990723829464319
-0,0072893541872317
0,00793079458740609
0,0147122739382314
0,00612006544865134
0,00789390588699891
-0,0232168646369521
0,00177409856628721
0,00701824218125233
0,00373700168100453
-0,0011803902781393
-0,0147827195664282
0,0087850413660981
0,00735335095329464
-0,000690009012347185
0,00323910492065015
0,000206891715376428
0,000351965948050559
0,00753115688337959
-0,00151833878581386
0,00202841674487408
0,00387552679432955
0,00276320947278455
-0,0025228756434148
-0,000923818736684454
0,000584036190813353
0,000901633027343569
0,000573969741181999
0,000613271105589569
0,00198873137690363
0,00610835300012084
-0,000614477374398727
-0,00210818482879459
-0,000498572372827087
-0,00166306753670962
0,000570211824463512
0,000278626205565118
0,000294134978383585
4,69130114431343E-05
-4,10476775780429E-05
1,19351097045224E-06
9,3751405193751E-08
-4,86084524646195E-08
0,00133567307579239
0,0389107104989934
-0,0272277711286023
0,869461894320827
-0,156030439652509
0,0507538103475777
-0,0193034348118663
-0,0282562431991269
-0,0525118958267583
0,0782303511362953
0,1580912445151
0,0431180857872295
-0,0772445002300935
0,115608588757851
0,00140822128799634
0,0587334496036889
-0,0596471348800626
0,0917470911882662
-0,0139660375556431
-0,0150032259773171
-0,0420187249280393
-0,0534732571249065
-0,0421063285512084
0,0569827326822708
0,00261355209423117
0,000571445984863028
0,0148615461297124
0,0252207615582124
0,0955133658252598
0,0896477149810206
-0,022670687721495
0,000988039960995857
-0,0674703192457612
0,016355091992
-0,0152011077801178
-0,0367557571544568
0,0250475852513113
-0,00909407493891518
0,0197126288835572
0,0733670190904472
-0,0711924018871224
0,0260309030246973
0,0710820575933958
-0,0137229971732126
0,0115685396519136
0,014147365239365
-0,0868601833290021
-0,0215592565192863
0,0661478566695966
0,0806782976059165
0,113185285130794
-0,164311078529925
0,0176422228076294
-0,158299891765684
-0,013297886565806
-0,0143951260094662
0,0452189358043956
-0,0335896570165792
0,0173294909253539
0,0240131999293196
0,0156466967101937
0,0305616375732709
-0,0234100179824151
-0,0124935568311878
2,77441218426338E-07
0,00230289159969337
-0,108329411130728
0,11941020496951
0,915579884010844
-0,00201395649271584
-0,0211439026118614
-0,0810077918879678
-0,0152105485995974
0,0652112278795608
0,113916452527457
0,00995509497648886
0,00153879983358021
-0,00357914814480274
0,0610834915618255
0,0950734188959966
-0,0124088922371972
0,0322245000699568
0,0386315456474104
-0,00803653941737279
-0,0681457018337195
-0,0313212789345548
0,0750975514733992
-0,0136091047036061
-0,0413041772659635
-0,0148559912383831
0,136592224662518
-0,0318699811397003
-0,0774317759333559
0,00421855089310953
0,0280299877215684
-0,0502160036190294
-0,0020159577790052
-0,0352774737485289
0,0401639880987751
0,0111192428292078
-0,0477187833873012
0,00919707949711266
0,0603731962303214
0,0842380660862397
0,0745036861063532
-0,00761756930833588
0,0556208999570138
0,016723413707097
-0,026922305237645
-0,00335996371077293
-0,0405631823503611
-0,0266896235967793
-0,0294709568000664
0,0346218565862777
0,00493891956300249
0,0173580736935085
0,062719043799091
0,0117644195758788
-0,0709297514466351
0,0913190057103678
0,0436579265957015
-0,0023715483165115
0,044737562256183
-0,0063525211016071
-0,0276538220647614
0,0201367876206689
0,0105806419788807
-0,000970453532033246
8,75872894794288E-10
0,00026146797277753
-0,00243271974843394
0,0261306760589046
-0,00862773828217301
-0,796220082473464
-0,296024870467945
0,0412462948814574
0,0265964538854814
0,0314651019637719
-0,0397400978035479
-0,0247741244996794
-0,0755129969332837
-0,122486082863998
-0,077019715560515
0,0307962684630862
-0,0817055154077187
0,111229173902439
0,0530323055363568
0,0243353229826773
-0,0336431337197909
0,00768784028381273
0,0143668528046106
0,00538242627102008
-0,0448763018931551
0,194055203089167
-0,0745088882166634
-0,0613962344818451
-0,081747373951241
0,0790546031319684
-0,0184739716172126
-0,0104119285949644
-0,0472442870118617
0,120761211832762
0,17859514347627
0,0513970285584267
0,091564366708576
-0,044178175395151
0,0554208368368276
-0,00647840282133265
0,0315468873748123
0,028070561783095
0,0142995425368596
-0,0393470192358581
-0,0518132494886036
-0,102515696557763
0,0376695161795074
0,137105180216955
0,0011041549502963
0,0221333300758469
0,074284410658977
-0,0429842831459325
0,0105763256998132
-0,0262760196713742
-0,122448688403443
-0,0634609964768212
-0,156658075185289
-0,0329641538282057
0,0187499323385439
0,00698182397272868
-0,0198300071690205
-0,046177135404592
-0,00449052508521197
-0,0143415779865939
5,69856038095937E-09
0,000172542450769483
-0,0244184675704509
-0,00156251298264555
-0,00992663637858347
-0,12402994097187
0,384294191475246
-0,225644109351734
-0,342722822869548
0,596220835230883
-0,413466460828596
0,0136461217348638
-0,0941125328752961
0,065884290134315
0,0690835500339725
-0,0407672337836934
-0,0821267199102297
-0,153909125350188
-0,00808990833166573
0,0392922913783827
-0,0267313610763303
-0,0350936698868145
-0,00638226240922791
0,00838061163727583
-0,0185092458862949
0,0630973604309252
0,0176489740901669
3,10105881260561E-05
0,0189928289202434
0,0352053726783077
0,0391547311039393
-0,0334984146259826
-0,0293052726952305
-0,0632709157637429
-0,011558832402346
-0,0453456566564083
0,0350678574262363
-0,0155416259763802
0,0106400031573128
-0,0295485462418312
-0,018297034121639
0,0186655873368027
-0,0072179328852583
-0,0346668207777008
-0,0710661876500949
-0,01996619468986
-0,00250298087031573
0,012242986589106
-0,00948980075596458
-0,0722310530533942
0,0453842243405615
-0,136170241763909
-0,0420008795223501
0,136347397548487
0,0131560285199542
0,104951115584955
-0,0366148719885044
0,020115053068916
-0,0300450956775622
-0,0346691279796741
-0,0132172199834875
-0,00359532379956818
-0,00355492747949638
-0,00817264928999284
6,14214765011515E-09
0,000687079196463099
-0,00266359756342718
0,0101281026298296
-0,00243746471060148
-0,235863924884008
0,681531183354931
-0,20000725359746
-0,0864070411112927
-0,332000179676131
0,176880241087051
0,170698885803948
0,0420307960821864
-0,0913430155462949
-0,0289440442378969
0,045410586588963
0,206463051110478
0,224845990503538
-0,114028033992175
0,0124244857541526
0,0524930842142132
0,0516553290510754
-0,0308487122921266
-0,00287612952204871
-0,0204800797339831
0,00998707083033456
-0,0120826269154369
-0,0179149516916326
-0,0206479173391849
0,0309208645575182
0,0136570705939523
0,0168738881436508
0,0025922855904683
0,0610152509728919
0,0701151022825897
0,0155723173044188
0,045497128147406
-0,0503386091587555
0,0564214479626431
-0,0446568524670508
0,0413174349342713
0,000665726805484911
-0,0311695995735463
0,0734374320707636
0,127582273566107
-0,103519476098965
-0,0999231067540357
-0,0290388558361723
0,0737807726316736
-0,155686896000418
-0,0436019189034275
0,0761707959837529
-0,0134599027923954
-0,133073056422904
-0,0846628634007574
0,00726461525299918
0,00666885162032357
0,00233205923213387
-0,0138037993868795
0,0314221273222875
-0,00417224924329572
0,0528686799941841
-0,0204551971138496
-0,0394848889145011
2,81098904605216E-05
0,00902586304846384
-0,00205969804074282
0,00222544336172344
0,0185103900156185
-0,0114259239875144
0,0731129573785519
0,577431130893582
-0,383325761666076
-0,109747543906831
-0,0769522456724491
0,00670425632599353
-0,0706342458882991
0,140402443314658
-0,167720871103688
0,343439152691129
0,183792750718854
-0,0847044872663126
0,0332891848702243
0,0792345501102657
-0,192609808687227
-0,0921048381964398
0,032714547049812
0,00421296803450876
-0,157109516740031
0,0488676482635507
0,143521560116056
0,0746250768231348
-0,137423162135325
0,000894340438988698
0,0556010281320842
-0,0770412561946131
-0,0156759978748268
-0,046034844517104
-0,0175228578852036
-0,0354508002708935
0,123789162563988
0,0117044520708361
-0,166071672396085
-0,0245689893459036
0,0375725972221093
-0,138777982672005
0,102711111542891
0,0490786820375234
0,0460991543272679
-0,0681568906730833
-0,0112553007821148
-0,038278124052522
-0,0194698395302896
0,0630107431010721
-0,0520059093584159
-0,00457766866538521
-0,170743318165032
-0,0194320560445661
0,0559943053955919
-0,089083789154637
-0,0549073083876643
0,0381910180505212
-0,0395916370487795
0,00874261955761856
0,0618386624765173
-0,03534846299297
-0,0182690377639324
0,00164507194555766
2,91120753308714E-10
0,00125738726525319
-0,00083778902473856
0,00843491262982583
0,00643282087186301
-0,225642393133921
-0,0289949601528948
-0,00748132727395503
0,0336425976929528
-0,125045535904847
-0,0950007170967774
0,09118903131948
0,429092241883672
0,553879369406376
0,0733762786839509
-0,0858107625434614
-0,038732504309438
-0,0847109814324118
-0,0626108147870564
0,0221528029062992
0,0909114270849968
0,156223546051528
0,0484065170307101
-0,0798979705590843
-0,0631530674963748
-0,0850967383738915
0,27080986689006
0,0477692710226242
0,251031534005319
0,274895538126231
-0,127160817186467
-0,121858801520328
0,00483565365337121
-0,0684162284282594
-0,056412120037382
0,0289160291847217
-0,0154749637774831
0,035578728934166
0,000253311796863729
-0,00585530629435856
-0,0364244033614598
-0,0195250652453151
-0,0257901561129162
-0,0474139057038102
0,066273697217209
0,0705390774553731
-0,0327247153888415
0,0538530247249366
-0,0310215211307451
0,0484789377356283
-0,196005542206522
0,0205065000651659
-0,0342620180430863
0,0282854507400437
0,0316544561545886
0,0904803413866499
-0,0621450256218968
-0,0411678106793285
0,0920480713210715
-0,0260965840295452
-0,0317297039023314
-0,0320594037709295
0,0299389424082414
0,0141115798720387
4,74307150604484E-06
0,000824409120997899
-0,0549405204778757
0,0307934376533643
0,138198532978906
0,00125241861685186
0,0220230489114514
0,131451216230403
-0,0538895965176001
-0,158406312590089
-0,208623373028296
-0,183344611192685
-0,224037760595703
0,098165182101959
-0,239855971905809
-0,405850116064251
0,128118139701915
0,0620975457853605
-0,164218745386784
-0,0851744508615506
0,0297431881747237
-0,0210952305298813
-0,269336657464459
0,0926332559270589
0,14093806630966
0,0139359850325373
-0,0374242300577379
-0,229675439200858
0,2482819411366
0,113650335408883
0,110010480318589
0,00978942734239861
0,0049100309706586
-0,104508754514084
0,0383408514191576
-0,00157800553140822
0,118002073004903
-0,0232780418408367
-0,0532760402488271
0,191254502144796
-0,0173469762308895
0,0757671456897284
0,0456456678965275
0,0159024212381057
0,0883691165680417
0,00519639771608881
0,0736575420915267
0,00441308013707602
-0,0304341950298831
0,0761683163979462
0,00119090342156133
0,0620931034505055
0,125634267628443
0,0621047213458075
-0,0312567130798463
0,00115011442988497
-0,0393796960893396
0,108108221387599
-0,164090973740693
0,0563677806256301
-0,0575002945967
0,0145628409890669
-0,308830986999667
0,112442685073098
4,99819630652545E-09
0,000203551866625732
-9,03348842801472E-05
0,00472017511029237
-0,000631723152651081
-0,0105177097778436
0,0359661491431177
0,0675160377735125
0,110382496467711
0,139857737113681
0,0861955318200744
-0,0334351170319332
0,0181080502818687
0,0309474405327569
0,0642714534325961
-0,206946314220995
0,375858148438555
-0,0191097120565783
0,372885802104216
0,387409098076328
-0,177185472933942
0,328352876680692
0,0892645756155913
0,430783696292761
-0,00978012543464001
0,016454697677713
-0,0265107477044066
0,00616119954269943
-0,000648940203058865
0,0502219139581647
0,0138913439494647
0,0378312559504932
-0,0345811471074564
0,0384897119372218
-0,0490980249549196
0,241535275602335
0,0863404159221238
-0,104499421041576
0,0746793105589766
-0,000101511557427842
-0,0863585273097885
0,0165632347693202
0,0392913041978598
0,0341136103614657
-0,057309997157234
0,1123572503384
-0,0271143652483706
-0,147908400953661
-0,00256345804623594
-0,0148017394703739
-0,00672050897431781
0,000254097197522802
0,00694358712174028
0,00366080960547679
-0,00457503424845602
-0,000445786158469266
-0,00381860768295707
-0,000636959656027285
5,09963470496651E-05
0,000318018627442611
0,000138034533582408
-2,57478635627082E-06
5,4162724185835E-08
7,83491085216066E-08
1,13196267266755E-05
0,00677291815746922
-0,000349426313989537
7,80624715962173E-05
0,00465098038821331
-0,0207896196841261
0,109882118414105
0,268006789446011
0,221104002590826
0,310711177995732
0,143202322020709
0,134707057317924
0,179242222291587
-0,0690163755253667
-0,0943652666649431
-0,285348181552972
0,0492839945847831
0,154677834835768
0,0893394354281988
0,0932296560887387
0,0904390323307721
-0,244341916441262
-0,0683369925204113
-0,217750696876233
0,0255322867901477
-0,00940680623718979
0,00276862304973003
-0,00724844281574068
0,0386671024668154
-0,101643104798925
-0,0696105622517235
-0,26779766193804
-0,0404297175348357
-0,173613694028939
0,0702795093876976
-0,117418409463904
-0,126858422710509
-0,0784567538573121
0,23827339640385
0,0851411422399781
0,037355204171728
-0,10067788511637
0,212307604791249
0,107058078824506
-0,0778404973147393
-0,0307701532486033
-0,0611536060063882
0,0834406918543971
0,0493480072743257
-0,1144889381493
-0,0760172827766271
0,0301068013941017
-0,164978811467159
-0,0698262106067003
0,125501131836241
-0,184646971889592
-0,0884147386897631
0,0754319430654022
-0,0466668341791799
0,00294252842872248
0,0685830509833127
-0,0194548138263541
-0,01793719099158
0,0655782632256764
8,72985374106621E-07
0,00196030236144009
-0,0014309607668615
0,0869841161892438
-0,0196332280278967
-0,0396595964138861
-0,00908122361403522
0,00894022789414681
-0,0140109546369881
0,0615412050176713
0,165034912962027
-0,0461630745607284
-0,0906501430725119
0,0278658904960349
0,16470463738404
-0,115015015889228
0,384018680520861
-0,321181732737618
0,0518647398171945
-0,165679609608738
0,102477182487494
0,108529880733259
0,0915584880337042
0,0212723092483049
-0,00478063888537591
-0,00403967116256224
0,0101921153906262
0,00315980879545972
0,0294993242993953
-0,0429882142999135
0,0077225447359262
0,0697720410813437
0,0999075649103182
-0,0105726229460415
0,10973814926043
-0,464959775903265
-0,210557576500919
0,215943349329618
-0,0942474527027519
0,0170028693492917
0,185766458483229
-0,0145464355954238
-0,060402898923031
-0,0388995316000633
0,0637830748023243
-0,0685883785468586
0,0273304313719862
0,00203017459787595
0,0225128588105006
-0,0591898442682449
0,0281305950215001
0,0392717366599674
0,0368851736342608
0,0706052142967571
-0,194481214501423
-0,125036006738743
-0,333131676562098
-0,066115133735679
0,0703610309200939
0,0574996506789327
-0,0459866912953161
-0,086821055311655
0,0156338828614921
-0,0201950124861979
1,43514649669487E-08
0,00778237228036003
3,00850054133822E-05
-0,00129614806216431
0,00207351057913048
-0,0055518261521438
0,0311111539469171
0,115548110390485
0,0171058040068751
0,100343120961208
0,0754469236931476
0,170241013682191
0,116062436751648
-0,1150448506257
-0,0468723273170209
-0,237557731442661
-0,148545717099784
0,00980042848431047
-0,0871146741372225
-0,336075839615297
-0,0260668804056414
0,0572032014293094
0,0653743247380379
0,283482285966782
-0,106009961318042
-0,087402912971786
0,15881699288243
-0,0118062796217732
-0,214674297704835
0,0522179126854451
0,0390354210131041
0,0934074704330946
-0,0446345003329023
0,00858572479868589
-0,0757401086692911
-0,050468238616805
0,241242101183474
-0,0483256649587482
-0,208111077609825
-0,163127876207412
0,0336854975945656
-0,261744537161039
0,239149251138542
-0,210249264529043
0,0517396368215462
0,221136525058365
-0,0498167375559434
0,203149983353038
0,162999549083708
-0,165072584826883
0,0576460354310779
0,0836368423555463
0,185392612548187
0,00180027854415919
0,0121023873409076
0,0105506534135194
0,00180851515535124
0,000157398128956413
-0,0120529378645296
0,00256015995967904
-0,0813664164698154
0,060819785395589
0,0394208571538641
0,0515164381390152
1,06154118106252E-05
0,00250956679891745
-0,0122946673169662
0,0242246860198958
0,226249217912763
-0,00707080388674761
0,00202943153148447
0,0398947383975256
-0,0352565260708958
0,0773217844389323
0,112239030059676
0,0980550886485279
0,0486838645308722
-0,0533147646619406
0,0501497283886808
0,170607229349727
-0,0993132382079829
-0,0725188128618432
0,0649616998430899
0,0692632482745477
0,234918997411108
0,216062198692417
-0,137072195993634
-0,0359920000277758
0,218193680670707
-0,0609664000665453
-0,152356799917363
-0,160415198008419
0,172082915035636
0,0124721968843983
-0,0622133156989873
0,197106252280758
-0,111407475613724
0,00158563425476232
-0,0751762407458573
-0,0532955013555671
0,188946910776441
-0,044214943038765
-0,173527029430196
-0,195508674562002
-0,248985305634693
0,0254961048130588
-0,166532609212767
-0,060969803470221
0,115756908723263
0,013233072656289
0,143546756253509
0,0923619510754525
0,0889260242142668
-0,113721529770951
-0,0347013610115783
-0,071805774312945
-0,208986826071574
-0,043460975977904
0,244091486208294
-0,317370595793588
-0,153301553155291
0,010493825611753
-0,157205554356171
0,0228636228184942
0,0966602548553921
-0,0703967598857121
-0,0369900272547527
0,0033927103013558
0,0144338013953529
0,00112156353494654
-0,0013707302022038
0,00367959474798379
0,00836481138070108
-0,0116666946177824
0,0606146181322162
0,135086937889901
-0,106292331243779
-0,0282436549199477
-0,021458565295731
-0,30884029996556
0,015191792653627
0,077728517775721
-0,139024378207683
-0,00111107940068236
-0,0114664955927035
0,0875543684912996
0,213017260396296
-0,212577656588605
-0,00431754983565517
0,05297935455684
-0,00866846449885861
-0,0409752233990539
0,06625402954059
-0,208018262060076
0,0381572369704931
-0,174020551529958
-0,128222556328657
-0,0114538373850381
-0,368205566904548
0,119422913897775
0,0114157694336471
0,17826810476392
-0,152951504771111
-0,0488321529050845
-0,13759532953034
-0,046820883223063
0,198257174859917
-0,0298691951271203
-0,013363977371867
-0,0408167680724902
-0,0987802245063825
0,170191734386272
-0,0938502234604261
0,127675451157441
0,229661574931971
0,0632564117209468
0,126837363661138
-0,235697885252113
0,0656951495455503
-0,174217305297259
-0,136651791918737
-0,134073588993447
-0,114452936564702
0,262770066805386
-0,0223652173005315
0,0866617548698098
0,101108799271751
-0,0214958743330906
-0,071317164247143
-0,0057102540651146
-0,0547687834478114
0,0447330075125231
0,000383091234985638
0,00542649066850163
-0,0643435803271417
0,266133184379449
0,0646961549548655
0,0267721502886943
0,00303121478862031
0,0209155538973677
0,0476746281327858
-0,096612173643741
-0,230172484185633
0,0343173576371295
0,0470643494156867
-0,0375843196096028
-0,101045686726734
-0,133027834296723
-0,000666485652424168
0,0325470272316753
-0,037480156753193
0,0803613758033951
-0,00170930858702148
0,0424047820473798
0,0109673356649554
-0,0147445041630839
0,0179422876806982
0,0850019190362477
-0,100710322132719
-0,0935939606578403
-0,134479377863628
-0,197713684680105
0,171218059097861
-0,181353591224013
0,412039849541497
0,270075347742906
-0,1734331385384
-0,011262887705979
0,0126894189606912
-0,0540597278147347
-0,00445089745438144
-0,180753955468889
0,134338790534144
0,0177201541295397
-0,265267430302522
-0,109333907453824
-0,153209110479138
0,0661931632901403
-0,097692977569213
0,060157314644276
0,158139065965091
0,0488322724402361
-0,17791635930378
0,196066578497675
-0,171435654324853
0,0931415029531562
0,175651405495001
0,0727114782406654
-0,162954247261293
-0,000900823600508653
0,0712984209973741
-0,0434366963789658
-0,034480729308857
-0,0752337282691773
0,0473635636656585
0,0274833664544433
7,94984894788942E-06
0,0246325713393102
-0,00103002380901917
0,0660075873381232
-0,013981379016004
-0,0160737823076752
0,0865331095562881
0,0094689563854399
-0,0591956382025953
0,00769763189521122
0,177672077953205
-0,556894350774701
0,23428165144637
-0,0544823924099505
-0,184350236909556
-0,014716025069856
-0,281770883002404
-0,0970806681342023
0,249425385157855
-0,0888272898366206
0,0729442929832295
0,0167547739724696
0,126628124362425
0,019724051006236
-0,00332670037226284
-0,00603235524046701
-0,0273729097066581
0,224193977784187
0,150678878502748
0,00863707313354529
0,34309716904483
0,0171724693944866
0,02062743077308
-0,127740002303491
0,0957623434801341
0,0466046789873753
0,120472640816827
-0,0578885083576812
0,0344292449742927
-0,0884669612955961
0,121321292276512
0,050360262837516
-0,047455978191195
0,0473451229965169
0,122799397858437
-0,156582102324216
-0,141356451219435
-0,0478587268231975
0,0342969356912454
-0,132048532690164
-0,0432634391746596
0,0702211238815545
-0,0218377331462178
0,0978824720969761
-0,0111336627487791
-0,00847865249709652
-0,0148537486338269
0,0470722518912185
-0,00635761558061079
0,0123101368093185
-0,00291729151474866
2,03649773218964E-05
-2,00730305686996E-06
-1,1304030296145E-06
2,05605966709543E-06
0,000791417022980791
-0,0680773991676215
0,0527061143635273
0,0672237361240583
-0,00494749669589293
0,0689777243932183
0,0832226354462882
0,188344495034553
-0,162147662613031
-0,306280215893489
-0,0301345603755887
-0,149491728027822
-0,10566349256334
-0,127708101173601
-0,174297618069948
-0,0624567500497885
-0,213979057234517
-0,0305525772940374
0,119880361157298
0,178304853695347
0,185238728885028
0,22861459848475
-0,161743375858773
-0,0323122642193228
-0,126580995890621
0,0491067070795963
0,0509497223811569
-0,0740381247478175
-0,0638871656333253
0,115557366641341
-0,0366851122496487
-0,148054346400207
0,124170541242974
0,0311523467387546
-0,0724022586260652
0,0194831349347145
0,0345182128172625
-0,0163186852831839
0,0175125623018127
-0,147042820393331
-0,0467407680365379
0,160934863290121
-0,00687417122540696
0,0248406764964328
-0,0541147857502036
-0,0810089478786437
-0,0401919456667084
-0,0701692898400509
-0,14122455339703
-0,0036864393154676
-0,235284898290362
-0,117309626007165
-0,13358456846676
-0,0372718743838753
-0,0953096043620909
0,184207587849983
-0,398965030285619
0,212430855099543
0,0157388754952188
0,0324469894013348
0,052307725858049
-0,109757210145636
-0,00283614488207105
5,32603441935123E-09
0,00241467759557749
-9,23578619922527E-05
0,00898157410337725
-0,00170902501819972
-0,0141757305889412
0,0409058799397784
0,0243764650996339
-0,046365249526935
-0,0389307419616139
0,1516495640336
-0,238078007041331
0,158300301747089
-0,149105743081434
0,0568878205010225
-0,136395105540931
-0,216456393776016
-0,346826672976451
-0,300796241432807
0,403256104860273
-0,177600100851525
-0,109362641904693
-0,147097461148418
0,0564359650272483
-0,0609861787425125
0,217856092236168
0,13063553647811
-0,227321690675909
-0,124951912700019
0,0105282677447037
-0,286570368177498
0,0453791597237335
-0,0200693030985251
0,0916137397190756
-0,0988657494160666
-0,00502395628673715
-0,0911752260975264
0,0834427768067905
-0,0573987566112659
0,0882244511936294
0,0605377700919114
0,044020371779485
-0,0224916395418531
0,0623777220560795
0,166336653099949
0,00567117407921561
-0,152956003751434
-0,0136759979807459
0,0900351934539898
-0,0997947167928307
0,00793716346388406
-0,0231998621061764
0,0552518311755792
-0,0272398324886112
0,0453881571204579
-0,0503829242639312
-0,0131527907020749
-0,0375477601705371
-0,0398388346195593
8,70576641845315E-05
-0,0108520186519912
3,29550229397196E-06
-6,4776683347164E-05
6,03923969134639E-06
1,9823941211967E-07
0,0212845138081725
-0,00425829175629094
0,0231953812386139
0,050099548298487
-0,0440079814174256
-0,00817594864410929
-0,0177898929704995
0,0272112974413837
-0,0876696418686215
-0,133106945534195
0,0473702014692903
0,399600808397041
0,401882447784403
0,0755133334461881
-0,0729554501974992
0,0423783862331376
-0,0831278257850021
-0,036359178889745
-0,0269742588330581
-0,0306271969928125
-0,0934426524381674
0,0373981846646678
0,0215742385150329
0,0818363965928061
0,0483179437191961
-0,240400164602115
-0,0505114416074695
-0,237446240285226
-0,339502855400742
0,138161709347309
0,128663842815191
-0,0233165439395086
0,0473543864605292
0,0251168060977245
-0,0347777324594515
0,0599985839839547
-0,0170482193893431
-0,0286623401982622
-0,0168952578115179
-0,012738609551827
0,0282810251260688
0,0375171154560649
0,158906057985948
-0,135103505875023
-0,122605088460107
0,0364943250606083
-0,0614976439002653
0,0447053787609044
-0,0429244902099708
0,381792580512791
-0,0579819850799874
0,0955634043818844
-0,0357495103968666
-0,0832734221943576
-0,16614916869497
0,115520149386602
0,0782478254802306
-0,170778961293619
0,0483979427785529
0,0571668616365992
0,0573812470974433
-0,0535790625629444
-0,0252573129477939
7,21247391683213E-09
0,00545995279046053
-0,000172581477939324
5,03121836913874E-05
0,00191855055671187
-0,0298835308822338
0,111962999895624
0,0691497086506306
0,0666111204886338
-0,0134854880047114
0,0712145068908624
0,142035411211139
-0,000372966111445105
-0,0321818837331038
-0,00277539573501209
-0,110059590889641
-0,116295245650479
-0,0228561352572941
0,053981782676068
-0,162542265954784
-0,183161311306355
0,00820826974745848
-0,00110480408221629
-0,0309463564816977
-0,0294853421146817
0,0355140875711593
0,0129985292840449
-0,0220958678794692
0,0578271489858456
-0,0116637988751937
-0,000766745949326381
0,176488189119678
0,0539782412279182
-0,0239413814245517
0,0300429532962603
-0,0202798463989241
0,160274671920303
0,01295944978463
0,0254485993244714
-0,103543095702368
0,359313958930276
0,142513445188061
-0,111792312529164
0,415135731769751
-0,0526019520409013
0,327388888537182
-0,0260488408878417
0,0327160096842158
-0,324029802501209
0,177038590802452
-0,0875301880634803
-0,276508281734209
-0,0269698868419129
0,0619400725481569
0,112635800180562
-0,0792379095108157
-0,0182870704005678
-0,232461520357421
-0,0994521448855416
0,00763892118429791
-0,0222032817411882
-0,0618975986133387
-0,0336036782808663
-0,147055892094312
5,33232614313139E-06
0,000333422057038732
-0,00189761080385787
0,00217289163377407
0,0111835779988337
-0,00188050074686423
0,0149786607897637
0,102362867768683
-0,0744459658557922
-0,0575204185982322
-0,0573103345324716
-0,0940807547933899
-0,0666494179563807
0,0723653269901868
-0,067344051122686
-0,0554560592606278
0,0618707774374462
0,0468006476987604
0,0164020989030204
-0,0762230976670384
-0,0446093958892605
-0,033200624498637
-0,126783559915863
0,0443061454875717
0,0764410357762332
-0,07209829546835
0,0376617717234108
-0,257288285757301
-0,0326124432680481
0,0716678481838184
-0,0939524888406292
0,110423706664459
-0,184337402817839
-0,196315284992677
-0,0170305642489007
-0,105795880680521
-0,0532876484959764
-0,100827228053635
0,275641958979178
-0,243169038306233
-0,0129422185014611
0,0500932679447798
-0,167163304023435
-0,229796979063957
-0,146904224660257
-0,0492516015759759
-0,312600828564281
0,0145158420919489
-0,0288704695233897
0,0817698240288755
0,0344711004871365
0,133841180058527
0,00782343930251081
0,186545379200424
-0,120455009472154
-0,234096565071941
0,227315727237016
-0,170024577331293
0,0766656648226178
-0,0379645141418751
0,127753301272013
0,0254123859106057
0,339642292793645
-0,1525871699948
9,01460584219378E-10
0,000394473541386324
-0,0161035606488329
0,0102094295949204
-0,00817340568469875
-0,348213494454554
-0,0282534307132097
-0,01720949289803
-0,0235922703187137
-0,00264461036588841
-0,0112972528066901
0,0117672290801409
-0,0356632332389424
-0,0927843023573419
-0,00729170127371371
0,0261857027038074
-0,0105850696131951
0,0458988331695459
-0,0689236578595344
0,111664048523633
-0,0936616862674911
-0,10952509464319
-0,0273375933980869
0,130950872515889
0,152003153532072
-0,463750695689575
0,060563082208487
0,139171027346984
0,0952976844796218
-0,285603104792801
0,122525827425644
0,117417322135705
0,117281999972064
-0,261760326160104
-0,49403525965052
0,0206115812231831
-0,219638515041387
0,0520355889274948
-0,0504577697345753
0,0863741612029723
0,0400437905736105
-0,0533939821044992
-0,00270917409232659
0,00826167515776853
0,137151265697632
0,0359939933260875
-0,00485632738780586
-0,0319189344998844
-0,0243526898239604
0,0356803281375837
0,0430132453623302
-0,0190716773975388
0,0168621334881801
0,00992460149380427
0,0378460766292164
-0,0404608809112969
0,0154397637103496
-0,0540708927190503
0,0248164197295501
0,0418284943423524
0,0196092908487179
0,00478753430979564
0,00479512057613988
0,0110372047654552
7,9178030018378E-08
0,00028187724145934
-0,00124193919455443
0,00911124539034049
0,00118560864915736
0,0004146998063828
0,00756552283838425
0,0386337248868364
-0,00125173849004352
-0,0398291310870589
-0,0828824318310716
-0,0352109757201114
0,0485355287492874
-0,0903911797948193
0,201281950181663
-0,00177096987378554
-0,00287925120836286
0,0600676506441124
0,0604946684882268
-0,0184044297228914
0,0684703501945567
-0,0781274107886288
0,00987842825006799
0,0393946417333175
-0,233692028540682
-0,0242084756860566
-0,0518782178053136
-0,116438027060349
0,147552441330853
0,0161460523336459
-0,0231631844408302
0,100639774627446
0,0582459558269674
-0,132175876625617
0,0384546248586072
0,033513357975195
0,0166477877454147
0,0232426266817477
-0,0394158153339918
0,08529131821525
-0,0361607515048333
-0,0462769543965708
0,108364409214517
0,132105563492596
0,0151071358575064
-0,0220826868196801
0,0681623674242505
-0,0124275413613338
0,331764437126601
0,130144849161206
0,176262824318554
0,189423198936248
-0,227659838898368
0,0894336785230705
0,0392397737838172
-0,0259053219118247
0,0449487153362621
-0,185964141450905
0,0651993487645189
-0,439036344226118
-0,283200831063529
-0,00539312019544793
-0,162853720415267
-0,381834925794451
8,06867129663797E-09
0,000185094781698409
-0,000240159153139676
0,00187841967662366
0,00145025821884948
-0,0119682063205328
0,0672737929019035
0,110836931209214
0,233012475050907
0,172340143711435
-0,00924404113786761
-0,153894803619151
0,0172071438525809
0,0487909927954063
0,0696667038994526
0,135227434049473
0,106465848832678
0,147009021851623
-0,252903107194258
0,00291792047794255
-0,0165759861060087
0,0918452065535245
-0,0804069046277968
-0,00191253673566831
-0,0367862275226449
0,00613204724113588
0,0132651169724343
0,0118948688756981
-0,0177956785927004
-0,0174216185979084
0,051521091426541
-0,0420300468358678
-0,028543620585907
0,00180483273955985
-0,0128776233060916
-0,0166475513408186
0,0637263602222447
-0,0815181727386016
-0,100903483129312
-0,0940477657562597
0,17966761084976
0,0551414646550925
-0,170979590277655
-0,0471991779382443
0,0837171973387212
0,0348566837856141
0,0453971845600678
-0,0630165042298775
-0,125569109048937
-0,0629389857632284
0,0283710610046661
-0,160656347171774
0,124429264756966
-0,0345303933349818
-0,0422904651985258
-0,228379228020225
0,0796214308557883
0,238400790961771
0,393055146444001
-0,483516301399402
0,00053200894529112
0,0463889042987911
-0,113410891034803
0,187480850200878
8,03652984358104E-06
0,0948317889794761
0,000182332088132953
-0,00591660627819263
0,0178493365094448
-0,0106395202188548
0,0508756704050395
0,262140547196606
-0,0956873551051185
0,0615913248609347
0,096363900791288
0,167393602908162
0,100289184085795
-0,138032368974334
0,132708874556464
-0,143616936444804
-0,22273377493536
-0,0682177972527632
-0,142635387032823
-0,0752364046199675
-0,13976414800134
0,338673934419531
-0,0287100246691642
-0,088797098824764
0,205949406365774
-0,0366822023266961
-0,335901850630292
0,0227336326485987
0,0485229884912672
0,182012075673334
-0,0335545515075491
0,0404327757730343
0,0345792174918034
0,0508282979705057
-0,132132575827436
-0,032724787652591
-0,00493864952098242
-0,0115449352017816
0,0253095297075003
0,0351218457196242
0,116216290718339
-0,128103004162128
0,112163717380723
-0,0122729873741356
-0,0812426664521249
-0,303141239715996
0,00501091286084306
-0,241282253237363
-0,0743359282946622
0,198472353357931
0,000651138861880662
0,0584617117503581
-0,13349972729437
0,00761786475054503
-0,186844070596439
0,176940832488753
0,0680040852050688
0,0947705756338495
0,109675421339153
-0,00770583590126342
0,0348027736879432
-9,9368106389935E-05
0,000212524962507621
-1,90406482542322E-05
3,41188738316121E-06
0,000684624495199553
-0,000310231920496617
0,00414061045538924
0,00144466662153032
-0,0198940440578966
0,104990366418169
0,150181788318316
0,259553687179252
0,236383336533953
0,0359626401046314
-0,240888937140336
0,0875468940800832
0,0453246517976604
0,0101487984839558
0,0449434212188009
0,124826402671534
0,220024674358985
-0,0529848655356303
0,0238902325373657
-0,0289374690338831
0,0447158661248625
-0,128739775560316
-0,220823924060892
-0,0342478288818199
-0,0701966700331907
0,0262926704160797
0,0271632694907628
-0,0789083152098096
-0,0228993588923741
-0,0274151894925215
0,0221776292962688
0,0442303685602186
0,0909794129027406
-0,0566544841505772
0,0297100119637788
0,0397192378194822
0,0958242886015653
-0,32176377424374
0,0324271970809345
-0,00890319717851912
0,0831435728308164
-0,0527341787602415
-0,307671171916774
-0,0604899373244478
-0,0443719600011178
-0,0387321666342491
-0,0238230755689987
-0,141963672178873
-0,0213073252882848
-0,0709485497949051
-0,0267645866838927
0,00321927393504097
-0,0841480240357023
-0,13807404940174
0,142465717625944
0,0602060342052201
-0,139776044054234
-0,325932072171177
0,129713816296777
-0,145067810285613
-0,0106081296649656
-0,00758814260173794
-0,372138212366236
5,36844397205684E-06
0,178403101081517
0,00130744321609816
-0,0160421408284204
0,00487785603248976
-0,0059581608214573
0,038098500273216
0,20433296308219
-0,0480334810717113
0,0750892985574268
0,0503814376485032
0,1958588662794
0,0717630661003624
-0,0933207677352682
-0,0960525420947719
-0,0902418472612313
-0,0755791716591723
-0,0259718154230368
-0,0677740873907147
-0,240342475363355
-0,250030145305436
0,182314934202474
0,0506341927817991
0,0149467238910561
-0,235508522970544
0,0880515873420033
0,212095625352936
0,00937621151191663
0,238312054946415
-0,369411879895925
0,0493206370104811
0,0276456417303271
-0,0439488843262008
0,0687001552377971
0,128332976397324
0,10436069245557
-0,178895769952738
0,0109074309689468
0,0931006123293162
0,120028191541426
-0,314075232605111
0,272925540775534
-0,281279681702898
-0,0897338892374982
0,064599452268788
-0,0784601619801587
0,0633299409393412
-0,024279125706453
0,054570193527538
-0,0436731366368988
0,0339501372051993
0,0054873585972716
0,0410195642330539
-0,000753844155356886
-0,00877072629093352
0,00665160047397306
0,0108690539620806
0,006270726919044
0,00595236866615934
-0,00177966294185892
0,00596618557457133
-0,00119895825147991
-0,00138086507709942
0,000248320635588455
2,84934348603727E-09
5,35882036546777E-05
-0,000465114474710041
0,00217454197280572
0,00919765917131839
-0,0146948916372381
0,0209548624694188
0,0122655695687458
0,0386491585561344
-0,0251205324935622
0,00799929414107429
0,0373110773687184
-0,0475261386700117
0,0313651188173673
0,0404553434962569
0,0707495365131852
-0,113482141523057
-0,144042634428872
0,187160660688294
-0,0475486302504718
0,197755064591172
0,185661546893288
-0,64720563373264
0,125253437767601
-0,142994762655639
-0,0336385241207487
-0,029907926979154
0,116970184476911
-0,131428958255848
-0,227758663798773
-0,0352156487713254
-0,279454830273532
-0,0483820945078757
-0,0666856124881498
-0,0102437587453529
-0,0126374996378062
0,022322210619701
-0,0358797500264297
-0,098586578857647
-0,0388848569922916
-0,121800200605758
-0,00634399790378832
0,0108400817310709
0,24518748049728
-0,00592635029241519
-0,0446970743583432
-0,164486576555714
0,121862617484752
-0,06525288681935
0,0789493778354011
-0,0176115438323877
0,033276008711364
0,0896268496825409
-0,00340326770590248
-0,163788955106222
0,121856369117406
-0,0474670029073816
-0,0538399264875144
0,110946813036357
-0,000515281842135035
-0,0571466928693319
-0,000406565278216406
0,0203818991383212
-0,00733481538456688
6,94758583314356E-10
0,0287547456321218
-0,0113212205553199
0,00108652950720833
0,0333152100526357
-0,00232352781193046
-0,00421694234186944
-0,0172245564178283
0,00684024232018267
-0,0145515444340546
-0,0169058827167009
-0,00737914815918894
0,0471356058750824
0,0842209312988349
0,000500848437286981
-0,0242470390585606
0,0327841298902786
-0,0094473995448722
-0,0271637167713854
0,0081948518127512
-0,0111815632516969
-0,11899055929496
0,0153144892035132
0,0356705586020644
-0,0943107603256131
0,0330696698002822
-0,285106579861214
0,229017505138069
-0,201368596957913
-0,147348282708543
-0,151392448220461
0,254994764718532
-0,113326096408274
-0,0715951230577853
-0,047412179938649
-0,266663253163523
0,283764550492076
-0,236053204528481
0,160907462434569
0,320151128943881
-0,0734769336275462
0,250006187395867
0,0407111696575252
-0,198356067765085
0,231078108228445
0,102283244054546
-0,00508581880816302
0,0341948613637552
-0,0281407899607497
0,0654847235618621
-0,284160635304008
0,051098037931869
-0,120826355173204
0,0394913968913892
0,00234012136789464
0,131809440843465
-0,0582606104608312
-0,0283936112687251
0,122526010893435
-0,0323958140825309
-0,0270187146668368
-0,0415646739758138
0,013455111649626
0,0251651836515376
0,00038358745312169
0,00501573498770127
-0,0507886815611474
0,267187555235615
-0,0365406015543874
0,0299906591272635
0,0145056360028394
0,0379020363129043
0,0976769684063438
-0,10643948486211
-0,325627753038161
0,0538076897174611
0,134224766916269
-0,289392826422591
-0,00183711335958564
0,0371739014338584
0,0101837935819538
-0,0320057066755678
0,0734416874823915
0,0980715412892323
0,0797258504324384
0,174753973619396
0,0986909599810447
-0,13893084643381
-0,066814514146049
-0,0599347020026619
0,125428329441454
0,0137498914819315
-0,126951039701769
0,0105473576712779
-0,197267701235456
0,0888573390046088
-0,0996555760149926
-0,26298150193951
0,0652147991619183
0,0145697286389586
0,0270365748680796
-0,00984554607082353
0,0265275888103389
0,0109595174833177
0,0660368914664762
-0,0169311746964885
-0,101470129644587
0,0460705808381504
0,106034454515164
0,021941235213559
0,0707515224702257
0,0115412440044015
-0,35898704699397
-0,0763173828326886
0,240491644145954
0,314997816385543
0,0425934517566309
0,0766161678983443
0,0146947460067252
0,0740777586703093
-0,102568429972083
0,244410894314395
-0,148724179388549
-0,0129625968480233
-0,0293678919154997
-0,0304025142663038
0,0345591077924332
0,0166575360249393
5,47338315040762E-06
0,000632723014442145
-0,000277869678552417
0,00476220768458945
-0,000569570950034542
-0,0473224052070902
0,169374120066169
-0,0269832593721999
-0,0273069613274862
-0,0932204704488347
0,08644374836262
-0,145228414501077
0,0764257443169513
-0,0304011424713475
-0,0979165869623224
0,0367057320988392
0,00982121277917592
0,127306261120679
0,075801119205889
-0,126815460595097
0,0859221591775556
0,128205027026357
0,113119939037951
0,0147181967168291
0,0315155450526086
0,000945398903462444
-0,10492314234458
-0,0504763862503001
-0,0435835310986157
-0,114148629894252
-0,264126710699419
-0,117563953378287
0,0914962713909876
0,10552350424051
0,0301193259364161
0,0532096315603449
-0,0899111012830343
0,119578534736958
-0,13375569259909
0,216585329049545
-0,137757727650645
-0,0585110445095011
0,202431576336812
-0,126700928232311
-0,0137245346317311
0,0170525252394721
-0,159942677369207
0,00537110079864382
-0,115771502919878
0,220164113676302
0,142159859140002
-0,227662951480607
0,0620060031432668
0,480754654277801
0,245236717830413
-0,0454608183053911
-0,112318810144074
-0,0376577870606097
-0,0393126126704343
-0,156335319897495
0,143114465242763
0,0475915906723134
0,0484310631824922
0,11153133324573
1,10265187092025E-07
0,000292329895646378
-0,00286820553652621
0,0150541170698266
0,00397305989963265
-0,0169778498488003
0,0342129567973994
0,00200968970530919
0,0252892766306606
-0,0694838980880798
-0,0927807110936759
0,00309436184196196
0,0622815798939887
-0,140451396835431
0,0207951537581155
-0,0022112849540989
0,0696670670518005
-0,0656138253920124
0,0101372786426314
-0,00223665913998803
-0,0147337385291746
-0,0438391377381981
0,0237856558053754
-0,0222436479852236
0,107301661233024
-0,213796747418865
0,0588095338703302
0,140200668637528
0,0700645638557657
-0,0340752223859075
-0,0225350141004179
-0,127818509429305
-0,632462692365316
0,214595833071524
-0,0282929786737199
0,0136007937927141
0,0496896335835627
0,0538621404207537
-0,14116548190009
0,0851804214513176
0,271665865046029
0,175659047487286
-0,0908308231382731
0,0323925225323473
-0,2369275363365
0,0226174374726282
-0,0347181331194523
-0,0079416343599505
0,348530641730525
0,169182145772478
-0,0705871436750741
0,00875773214361874
0,050076111346017
0,0925902119178605
0,0409516920325711
0,0167907242040101
-0,0718542216306316
0,125844480019665
-0,053414076320188
0,000442626810207074
-0,0158224786853034
-0,0180714509997921
0,0169923309079717
0,00730258977390215
1,23057102598584E-09
0,000237224165499818
-1,33887780954864E-05
0,00138986764030352
-0,000352017980062436
-0,00199890714350264
0,00851475658407732
-0,000651967979634154
-0,00557915346804483
-0,00757447591651314
0,021548721479675
-0,0488357479397548
0,0288613858235101
-0,0170084379175901
-0,0142248783107351
-0,00908588131814975
-0,0351346637537169
-0,0255900595291793
-0,00338207305405269
0,0295368451579741
0,000438058514078874
0,000827504435903449
0,00584758970759668
0,014166800139307
-0,0194398787769489
0,0668233487881207
0,00807287044758668
0,00490438163471839
0,00520941189485019
0,00312295821935686
0,0640089974602888
-0,0094948631144773
-0,0415931057241248
-0,0743760894832499
-0,0562799039533653
-0,0610689255336996
-0,025523049882011
0,0116286220683057
-0,0079093600140369
-0,0244603376399328
-0,000302903125420688
0,0169543810406595
-0,0383265537727337
-0,0223466186066242
-0,108842656810143
0,098290626078461
0,159322113776895
0,020358792426571
-0,0166126051262657
0,071228514466732
-0,0512161301498939
0,113350822789431
-0,0108831265483503
-0,15456487926483
-0,118355888901312
0,140488230984173
-0,260757491615479
-0,197200406421295
-0,160747603888741
-0,269623276251265
0,465563678022862
0,645332071350504
-0,0321314466593228
-0,00366377619213953
0,000359004034062588
0,00426666058530234
-0,00695768124537585
0,206488035365844
-0,0342945058591737
0,0200243329571704
-0,00493576238461417
-0,00681884576791613
-0,00498532562506796
0,00662694370950749
-0,0141611694214387
0,0524447859963617
0,0196126364170348
0,0690282587109063
-0,0188706975425258
0,015432727529317
-0,055528147750229
0,091724506109456
-0,0138419771773505
0,0461789227951347
-0,051992499746351
-0,00835839310362305
-0,0288916260635371
0,0504468028210237
0,0283472911470182
0,0418390393122017
-0,0818338177512366
-0,074251597642815
-0,0969965116130793
-0,103728302938696
0,000847764045120303
0,10581892818524
-0,139886073543315
-0,0251186311095675
0,0729441955157726
0,175917601467553
-0,180431131020814
0,111927033577916
-0,0992976564495238
-0,0480591585314302
0,0482491770699249
-0,0848972295686224
0,116345431975299
0,122113769116741
0,00520834183351292
-0,132045577692218
0,380640492507563
0,0529748338158264
-0,0324625873982217
-0,257426929753523
-0,496460459685938
0,0917927382857384
0,070704128807063
0,417145945151714
-0,156575312421803
-0,0924945100240737
0,111039447883949
-0,127153218865264
0,0175592354412224
-0,0278286242095707
0,00615435843710975
-8,81251584822875E-05
4,87548522711082E-05
-4,66443783878834E-06
7,77335952213825E-07
0,0138654197826083
-0,0016201020949197
0,0775940615325445
-0,0167617084185345
-0,0629577391676915
0,0701335584738932
0,0223284172262294
-0,0771362264154417
-0,0494770026137291
0,188047260802955
-0,126809088606753
0,0101882988809099
-0,080314182707867
0,175553158856101
-0,0785797696272109
0,113873173295448
-0,298178643987377
-0,220958759819976
0,0610766231735847
-0,04023895557201
-0,168611711938228
-0,0674030673026069
-0,0561486357424417
0,0932958800092122
-0,395086500023852
0,0878824512570648
0,0900518676523107
-0,00897730238582891
-0,0876694739175673
-0,00687868688542247
-0,0331230847608585
0,152363529505537
0,0785274762931179
0,353355150674951
0,170705687302941
0,192467301019511
-0,156497871070684
0,114974498715084
-0,140983556213698
-0,175947491904415
-0,0246625902091879
0,0552176833571814
-0,0974271717387351
-0,223413737805574
0,0365168431480582
0,233766963953477
0,11927264553678
-0,143432347549069
0,116498830420486
0,00212468542684225
0,0210224276444942
-0,0406162671061736
0,0594018037059552
-0,0033712048611959
0,055156075041629
0,00831184691794522
-0,012862402195422
-0,00959486195368784
-0,0862412625841738
-0,00739610141988581
-0,0668512786004856
0,0146894153693008
0,0380980978156704
7,0250833180981E-08
0,000423999319805064
-0,000913308373314411
0,00623909789849579
0,00512247964130897
-0,00208724547723358
0,00243418321742809
0,0115005572719733
-0,00782730974704778
-0,0218229735359336
-0,0343113025162829
-0,0130853211392109
0,0295804272197853
0,0782008714730916
-0,0134943957176962
-0,0586878063074855
0,0162467995678441
0,00775847754695859
-0,0293032192602084
-0,0255093812657577
-0,0274782424036088
-0,0272552223107017
-0,0659580056746373
0,0386456645573218
0,107179854330247
0,00585167740043846
-0,162692687942684
-0,156630459637033
-0,122016121432369
-0,134350984100211
0,13400174226817
0,183607612538253
-0,223958679896095
-0,227918141489584
0,34484269909223
0,252413087080509
-0,279745984008241
0,17489191638054
-0,0879499645182472
-0,150919112864669
0,0644322517726713
-0,103648068390328
0,0305257823306059
-0,157242870015444
0,121793221123023
0,0912906365477038
-0,151922902078957
-0,0546164619192631
-0,0252897081184152
0,0857154128713534
-0,057130446904295
-0,118602022792844
-0,155869131349144
-0,247351551218261
0,209580561602523
0,285996324761678
-0,216029592886062
0,0230404645012329
0,146914835368972
-0,0403998938127399
-0,0680733606020705
-0,0528205971452472
0,0496339931180643
0,0171560302939745
4,33693423916647E-07
0,00104469675527975
-0,00158804209786902
0,0498548732391698
-0,00994141687435613
-0,285930684961881
-0,104052371746756
0,0153788398835401
-0,00243656024387971
0,0282996456731846
0,0529629342919216
-0,0202483886038504
-0,0609889784059939
-0,0286731765317052
0,0379777287363534
-0,00842973810827059
0,0766300730055137
-0,092725956232516
0,0125471726774808
-0,0828866781763779
0,0659933591516407
0,0261762334481543
-0,0503491851283155
-0,0217074414131129
-0,0103914795029485
0,0125904219226648
-0,0182775939467822
-0,00072916866184568
-0,00446616391700178
-0,0346912642283895
-0,0212913530866917
-0,0202428061975714
0,0278999907354865
0,0136607962676808
0,15926117287837
-0,293937739736107
-0,0319875679796225
0,0797618950088947
-0,10824478317428
-0,071405306334773
-0,109450350930984
-0,0158753268939471
-0,0200008012698381
0,117305467144322
-0,0403554121078118
0,232728326654628
-0,0767951432929564
-0,406902466783572
0,0369021890393729
-0,123738077775047
-0,155661760478737
0,131017435218281
-0,0298846883195666
0,050731861234133
0,297718923426408
0,176824541924658
0,468893834510633
0,170986345057019
-0,124866788840411
-0,0483544446660978
0,0512455074450789
0,141632640857128
-0,00715390528065288
0,022351266383526
6,67556878335201E-10
1,06758721063493E-05
-4,24042212422053E-05
0,000374820622160545
0,000397326544397329
-0,00176921236636459
0,00911369718669176
0,0151458777910328
0,0364752080533104
0,0234146157236181
-0,00732667070456921
-0,0318828598646632
-0,000285768139349343
0,00948482928713205
0,0212004938667702
0,0473768027325004
0,0094130739100377
0,0151074123829533
-0,0518998777482369
-0,0219562249015284
0,0322107078864583
0,0740684294648854
-0,142866753902821
0,034896054681125
-0,0508634982297969
-0,00533758753361865
0,0105578225148581
0,0464937548673093
-0,0517259138246133
-0,0659159787394687
0,0397112292494618
-0,0452405878387509
-0,0142500120320053
0,0194549855793472
-0,0787726911134999
0,0700806971750107
0,343219009465999
0,729268798041796
0,487667758724234
-0,00013384697148145
0,055908059333843
-0,0539421608085683
0,0155069580180522
-0,119350501216667
0,058002106967183
0,0174466187740424
0,0997403909462123
-0,058369408958986
0,0449777758498997
-0,0150840319921031
0,0143263477407645
-0,00577693297456247
-0,0306875959005285
0,00482067206305857
0,0532187646376713
-0,0390778913926143
0,0144625224133291
0,0176681827665447
-0,0363793259309599
0,00067722639801205
0,016850533509045
0,000358282111541001
-0,0109919828474074
0,00393826107629163
2,64115731274758E-09
0,00017263445443075
-0,00238864694560199
0,0045514748753474
0,00567679530644705
-0,0524176277056485
0,175797617962468
0,0565484376626456
0,231244129453193
-0,11330452791671
-0,016068773644568
0,0456367845145143
-0,215951873835197
0,095537719044027
0,0253018810568167
0,074566438694354
-0,199852243263735
-0,193670919824262
0,122104813420385
-0,0592089565688121
-0,111961085317722
-0,143105298180016
0,233933700537226
0,122861894525261
0,135505361032354
0,020602758288188
-0,0699121215659223
-0,0669819565745776
0,0783427271102857
-0,031343143573197
-0,125594965153457
0,029559850561912
0,0845644588598305
-0,132001043006934
-0,0674614670029829
0,0185645317668861
0,0705173068230277
0,223229719382908
-0,108036505471176
0,03480615579555
-0,202416281828831
0,135222030010677
0,074244542903039
0,00920569869143351
-0,322502542962108
-0,0519005968057364
-0,225287546935063
0,125042447813764
-0,0882408382181579
-0,107263149903964
-0,207252834854287
0,0764377795206741
0,0375759849020146
-0,151648718079635
-0,122298689938493
-0,0546797323860458
-0,0750976626155974
0,292880877863869
-0,0166223096164961
-0,18212523506488
-0,0881076558268272
-0,0223215717446714
-0,0224430738500354
-0,051665660121083
1,90507955581229E-09
0,000338796393004053
-7,39379854132838E-05
0,00159898201103495
0,000460532878518331
-0,00259597493362451
0,00892976940727874
0,0484661607710904
-0,0386335659966542
-0,0400242239876941
-0,012943664834883
-0,0527293769506397
-0,0172025318643752
-0,0223732023423917
0,258547584561768
-0,069930781841811
-0,0698688668245781
0,0782543191980489
0,0273375532081017
0,0673467276411049
0,115969247118023
-0,121646936470488
0,0535270095854117
0,0403174843836307
-0,328644243192727
-0,0920659422769596
-0,0845966797513473
-0,185201074411744
0,158949467489638
-0,0981600973956237
0,014043913057613
0,0178231396795795
-0,0290288460100165
0,0900183603029649
0,0238668005956476
0,0429560576662385
0,0608533512237577
0,0173153323079612
-0,0680508383108417
0,0332273920484027
0,0321300252827848
-0,123270422347535
-0,069550347186247
-0,0508147196173759
-0,0148034688110082
0,0976386767867133
-0,0392399781283314
0,0595074565513902
-0,126637871772328
0,0257485056019303
-0,03099115280145
-0,0758102704995664
-0,153221426352698
0,124294700975378
-0,0717834160567477
-0,0785812831029389
-0,00145065340468832
0,32756875712348
0,29443439588401
0,442278433901014
0,0878321143393957
0,326205690657591
-0,0713377083646161
-0,185863752565541
2,18132731641991E-06
0,000150019478436994
-0,00229837795976696
0,00496847718133549
0,00649928415055781
-0,0235363866367137
0,11739962092373
0,140372239353797
0,345990704678002
0,0957949762649909
-0,0843504128159804
-0,1571451859152
-0,137692691514264
0,109380785872599
0,0862904902565762
0,261681478854572
-0,0593341303375981
-0,0500606661913531
-0,336147491457856
-0,0741520051798943
0,0638901103696002
0,0948897110853542
0,12649471493383
0,23189672963674
0,0226781539249756
0,0278859575912329
-0,0209259631832176
-0,00147608962139175
0,0271711727387349
-0,00245465541715254
0,121424940909024
0,0131126575558624
-0,117509088765387
0,165646340984988
0,00737346941597779
-0,0617940831229074
-0,168166370904713
-0,181183439530062
0,29585903132546
-0,0168991535427928
-0,108904822953015
-0,241012402985202
0,0265990793790204
0,214166656378448
0,145598515192322
0,0602775355441015
-0,0433828823736467
0,0537296796936036
0,0370021432553367
0,142214194273054
-0,0374167068220245
0,0737575448637485
-0,00275531632694896
0,0932016621933361
0,0349778619436413
0,0632011935509125
-0,122914350944437
0,0486065418649573
-0,224357172192688
0,0938515786862578
-0,0140157969846188
-0,0248854546658049
0,0604071575294187
-0,0998704518721876
6,6209114546334E-09
0,127891719593274
0,00102893454035703
-0,0109623883574764
0,00147695793157556
0,000121635090756072
0,00162062999580121
0,0353788667047576
-0,0319564028448481
-0,0332957597760787
-0,0261901086854125
-0,0267836670634318
-0,061678427501483
0,00139315557005134
0,188066602735901
-0,0672284266580452
-0,0408491748040553
0,126565519791569
0,0287382816807119
0,0265412352566002
0,125173105192455
0,00925492525033179
0,0118713776016684
0,0119875512960136
0,280696262749178
0,244164251243825
0,304322435848341
0,192032328402357
-0,0274449714285751
-0,153246302923515
-0,0677159578286146
0,0614319757452148
0,0259273816601141
0,0630236056631795
-0,0093956947413985
0,0279752458102933
-0,10067915537119
0,0338782156525404
-0,0134260276668803
-0,304451773738917
0,0264696293211563
0,262467845361106
0,268935156149832
-0,0592387631719707
0,169588324820583
0,162917258008988
-0,0596852126577533
0,0600930201598955
0,0440169639759556
0,148957929757804
0,0574109302354701
0,0303349425371546
-0,314251322684638
0,107670688674975
-0,276945834079941
-0,01345327017101
0,102232279984837
0,122551917741093
-0,0511949899823325
0,0166092098523087
0,0617940281467393
-0,0133962676035753
-0,174463088890521
0,0578493497943666
1,68446788454974E-09
1,4901345982858E-05
-0,000123063157579371
0,000560652809579796
0,000673269326564278
-0,00754440076299868
0,0339611565870487
0,0248883549286615
0,0798014823208199
0,0046119348282806
-0,00972077322489673
-0,0447741733461222
-0,0586102802607542
0,0445301396046514
0,02236067982217
0,10142824354008
-0,0502625860927433
-0,0276013415829569
-0,105628142332452
-0,0776048084097235
-0,0080124004666492
0,032367216434825
0,205984713737671
0,257996886847602
0,121378746566309
0,0465927081624645
-0,130325219955734
-0,0898278952458042
0,109536533937105
-0,200856950187803
-0,335012673141865
-0,465136102824919
0,0354157957957457
-0,316711318977041
0,1063106823217
0,0447401053677012
0,165463530452754
-0,0768396629822794
-0,0837632410169689
-0,0636898854925129
0,238242837711346
0,0814126480232438
-0,0760376789586999
-0,0902670416750369
0,0881482299720067
-0,0210689978982181
0,190673831437197
-0,0869903636939645
0,0941530357008743
-0,0546265607720847
0,0853697040986325
0,0207488818927543
-0,0650101011254983
-0,0724553388310353
-0,00182760840065958
0,0648081587339314
0,100075015931124
-0,216997578922134
0,023893872139766
0,200334678104731
0,0170135432070908
0,000215562073685908
6,97369025943665E-06
1,29077239191019E-06
0,022452411847603
0,00542522287448836
-0,00661934448356814
0,00121693402201525
0,0224746845204337
-0,00730342023448549
0,0488198370400074
0,31567747854211
-0,0987814265655913
0,0852619113871641
0,0268993429716665
0,178945399054334
0,108275119111426
-0,0495834209913774
-0,194265817290922
0,186069087014653
0,0432630006240059
-0,122940855178609
-0,0145767973893093
0,203541932666576
0,437221356991706
-0,117673162868337
0,0374205795439025
0,0389157307319414
0,105635970219949
0,0854211283338392
-0,174335687767522
0,0206401127359744
0,257866557622951
-0,0372525307213028
-0,0145952669291721
0,159461053863951
0,0921435768554671
0,108082661349408
0,0377453708650257
0,0975471774787976
-0,0682892169130468
0,0414989301702144
0,0811657359156178
0,0180954144513332
0,134456094616753
0,0909640351885774
0,010500522259042
-0,0787487828328932
-0,0554229270661061
0,220431947307555
-0,0526350921471788
0,0882331689912671
0,00239870517671032
-0,0570595949504448
0,0878937799164669
0,0170832882008499
0,316159245140413
0,0462996132338269
-0,116703150277434
0,184652073708655
0,110315174468523
-0,0859948793636306
0,0787312513782472
-0,0179973685873388
-0,13252731383995
0,0747248209920952
0,0390323781515185
-0,00358120455979427
1,57183225139493E-06
0,000479596193751786
-0,0309012480435466
0,0303200101933987
-0,00150526289855576
0,00427685063227087
0,0130077839232113
0,0281481881158109
0,0635831947414482
-0,0660291790121213
-0,184446396915571
0,0028747924637694
0,0901341246861344
-0,176986488286126
0,0263880624184987
0,0245698783147881
0,0313301967805894
-0,0728060549741548
0,0617104634261882
0,0142078482804102
0,082810447485552
0,108636812870329
0,000176163263549755
-0,0793715830739292
-0,0813539877923217
-0,0054026000412809
0,0639195681295372
-0,0107560693917402
-0,0912824275172307
-0,006202274912272
-0,0704446902231731
0,0991752897461245
0,256772134069712
-0,28525218152729
0,103593279047704
0,0204356300359487
-0,00147351493138707
-0,0856111525629011
0,084514539736361
-0,0456848073061337
0,0140366273412261
-0,0586419226812939
-0,00334117026042317
-0,0503899034521074
0,0226288844072712
-0,0488360016517001
0,0425318451516886
-0,0744051752012133
0,393968217025381
0,260444635984922
-0,287677763016894
-0,427464501566165
0,247709034680612
-0,0597422896796901
-0,137786277661108
-0,0811618302205058
0,0461194001663293
0,193817737173322
-0,156046038487205
0,0452669387685619
0,0587474829761292
0,0359589296648866
0,0364839565001471
-0,0453775394692101
5,60259022354663E-09
0,000831049181223238
-0,000200525977415771
0,00621662308920806
-0,00160612842983604
-0,0459324722039969
0,156552689688406
-0,045463318630292
-0,0420360130588732
-0,130322047569863
0,138976767988636
-0,139636504723217
0,127489588142213
-0,10084158120912
-0,0741686213759818
-0,011371577161473
-0,0325907703351337
0,0153368387661592
-0,0613432128941244
0,08556568527319
0,0649084954678654
0,0728620724340203
0,0347086008149223
0,0473051390690528
-0,0949718814982745
0,315889492681649
-0,0156817184414362
-0,020156755332178
-0,0247904259307029
0,000958128465257521
0,20496640618479
-0,0957672478178343
-0,17747947941191
-0,231462843888958
-0,210461754599891
-0,23186350822466
-0,129467737249595
0,0286615556018726
-0,0111852054320751
-0,0279546070584833
-0,167449815944629
-0,0567365007468284
0,0118360512828283
-0,115465936634274
-0,344237530844678
0,220899623045761
0,361458343633798
0,0702979758737853
-0,107154777795173
0,217617690132291
0,032689499658729
-0,0558711421622412
-0,018748625905326
-0,0572450409328119
0,00307065891902855
0,00947626157399192
0,0957795862967804
0,0366485281823774
0,0838552358272936
0,0691887864804076
-0,13135194285511
-0,198412032257103
0,00992953994286967
0,00112300954306357
4,33706468003437E-07
0,00388906029220425
-0,00722335918171563
0,0514675332868572
0,0467029512868069
0,00189161632914381
0,011741466428504
0,0162792821069064
0,0742118954418779
-0,0920268905924888
-0,288597198141354
-0,0334560869808428
0,361448344527986
-0,309622436933382
0,171573951622826
0,122439001037813
0,193278027570233
-0,0943419372426713
0,171258669487051
-0,249640421581956
-0,218888448236121
-0,304490673425136
-0,158546241896761
0,168376242800737
0,189679509370216
0,14038740604999
-0,0860458901617114
0,0135130238383351
0,195820195192428
0,12645616325395
0,019082654172645
-0,132944603385011
-0,00770964126463783
0,156159642746891
-0,0521553191085623
-0,0397396433897412
-0,0534414207502383
0,0114755195414406
0,0284809989390374
-0,0271521482159456
-0,137501857748869
-0,093770781810964
0,0359970445141605
-0,0839175812006444
0,151386267963613
0,0272108797481181
0,00417851123181693
-0,00382450844172965
-0,155241584253872
-0,0668204285378762
-0,082411177444745
-0,106872746402859
-0,00250486127234731
-0,0624801212894109
-0,0344592195799493
-0,0190814717176736
0,0392877753953978
-0,0903067543970197
0,047538588679145
0,00542193138052738
0,0112644740869059
0,0114344454699051
-0,0130043679392716
-0,00626935826127642
3,55022649868444E-10
1,17632156283837E-06
-5,50567311784901E-07
1,30492098460254E-07
1,02159324607351E-05
-2,38653225445214E-05
0,000174290550184432
0,000884297925470942
0,000311693456389865
0,00128297123668499
0,000597810411781032
0,00156836987171138
0,00154400182364632
-0,00107612977662048
-0,00160153611804308
-0,00206518911892256
-0,000726768127366798
0,000235903291965357
-0,00115063519221178
-0,00248969768243703
0,0109128471845692
-0,00780216254373278
0,00243496588774035
0,0132081339474177
-0,000147836277091418
-0,00350102853225255
0,00487386121185382
-0,000484537047858874
-0,0144260612908354
0,0121360514744317
0,00113798957373173
-0,00128315024990275
0,00201634895051386
0,00149938940620546
-0,000697970115383673
0,00599028684447786
-0,00525721587697088
0,00828933045212452
-0,00669125250139118
0,00750521108792874
-0,0137960020651153
0,0299664217761799
-0,043943760669705
0,0205574345411479
0,00401756901369744
-0,0592011946918035
0,0234330272842259
-0,0592182701987155
-0,0512225439613055
0,0907822508999152
-0,0230088666211735
-0,070789815144532
-0,218372500722671
0,00224893842597087
-0,0543115914604312
-0,16140807385622
-0,00867247567947537
-0,0487627398119837
-0,164297907819154
0,0272098650091541
-0,644271234737764
0,458826219792353
0,297142319130684
0,388297406874516
1,0177122644484E-09
0,000516857861658875
-0,0280761422762536
0,0058254017471764
0,0733559650437968
0,000507773707010095
-0,00331145583024564
-0,00918069386989971
-0,00179997368159497
-0,00231150359972562
0,00833534618316368
-0,0156064785763452
-0,0251825827900331
0,0190742974324084
-0,0150055197942726
-0,0513625705103626
0,0196099949526131
0,0198331949536364
-0,0488837728036445
-0,012728266152176
-0,0330175068659549
-0,0852151476685589
0,00320553433387385
0,0422495533721381
-0,165133439019786
0,0712391301817608
-0,150336864066066
0,407055216021687
0,0181353080254623
0,0392104213855822
-0,29592633405815
0,13511542628252
-0,0539716066800648
-0,0676457963492942
-0,00978917714870962
0,0617213653382394
-0,129484339105045
0,0217092016030895
0,0527278827348867
-0,236443298523281
-0,0359886555928624
-0,270575435003578
-0,278725620970037
-0,0844375989610405
-0,188401888436338
-0,0712785408127447
-0,16365663841248
-0,00503298400522105
0,00884695806288022
0,0314864522396339
-0,00338297713735385
0,0370849176614921
0,0341692926673644
0,0445019642395069
0,0406487524530667
-0,0781334853459548
0,0013091184609856
-0,137364778433684
-0,080381336589385
0,078347040790415
-0,0703042692908676
0,028553030821013
-0,504713117541582
0,168393039418889
5,48226243214974E-06
0,000656205902778209
-0,00170465971968728
0,00434702288719502
-0,00153753055429449
-0,0394852818925565
0,144932907268154
-0,0504838643878238
-0,11169230649304
0,184595895609186
-0,100116033079321
-0,158141998604519
0,0350200310708421
0,0352456106150335
-0,0493835124027286
-0,0113801351605051
-0,0706458934768249
-0,0108376133035775
0,121526724170633
-0,102872330247999
0,0320584926275176
0,0554657735272543
0,0479891007646413
-0,0483998116355587
0,0203132265304906
-0,0513034248946996
-0,0476172250902986
-0,00934346798862091
-0,0518711128095696
-0,0539658893795555
-0,144109027916461
0,0504940238353689
0,0581437966552896
0,185483754285547
0,0844797169364722
0,117788261961017
-0,0949640223788099
0,0780763648216026
-0,0696267220997596
0,109673144641369
0,01469037673115
-0,0495552949798322
0,0497059502361478
0,050617116425734
0,0992465227639405
0,148188071728239
0,0947792183158999
-0,00990919440374258
-0,0248563847483205
0,376165146305786
-0,131623951772684
0,415489664037654
0,155766801934455
-0,368990848912292
0,0172309416551717
-0,369072774773014
0,120658368404909
-0,0612297634398925
0,112874985366462
0,0869257533974398
0,0461266684010498
-0,0334591588959834
0,0290265621633995
0,0602868859563577
1,43107104270493E-07
0,000850259670390441
-0,0644811743366637
0,026429691790315
0,158676342670148
0,0025399211461946
0,00274716956840196
0,0134452458669042
0,0129777109205189
-0,0688031946000319
-0,0946516584241424
-0,0697010453109252
-0,119020260415676
0,0253821285609807
-0,134871536312828
-0,255721099977469
0,0619084274721452
0,0121226188320077
-0,153911839682229
-0,00974345773397188
0,00132135413182488
-0,0650228359547973
-0,0507217635313905
0,0459842311386364
-0,197954810338168
0,0587945349414743
-0,235072579071492
0,413835776966012
0,153553013401249
0,0929621938425291
-0,172510718443726
0,00238003824235646
0,0347544416083821
0,0466920890017186
-0,0386823297625039
0,0932406731942526
-0,0942733258937433
0,0880943218632744
-0,120109653808155
-0,195262981629968
-0,0332988019926978
0,0633393196192783
0,0880698230180369
0,106842457295195
0,0689791309036199
0,017693419517873
0,155570628249833
0,0180672637421428
0,0335671883189126
-0,085433766327453
0,110058289076503
-0,0756520504949693
-0,0476568944844127
-0,0677689857372442
0,0303309980952972
-0,0655696402900035
-0,0219661669265026
0,14967087714208
-0,0134364370507582
-0,0591214743781357
0,108709130535087
-0,0322241092536887
0,488801775547309
-0,177392333414279
6,73460569289854E-07
0,00156175315403553
-0,00120936064505398
0,0723525875960308
-0,0167243221057949
-0,0956888646264033
-0,0334613600902269
0,00712035516828037
-0,017378499982481
0,0425874296475544
0,140159604943793
-0,0464188344017521
-0,105555346333411
-0,0064848123599408
0,132020282416619
-0,0681735040622811
0,290523401062587
-0,300647734958067
-0,0328354000660014
-0,32684499507341
0,18919497644742
-0,0257328900303398
0,0889808364604318
-0,288886616537137
-0,0479596412783065
0,235552159273465
-0,0420809014437422
-0,0865625731726069
-0,0991874310721439
-0,0265548493138708
0,025841582299775
-0,0429823746789554
-0,102892333659053
-0,100697789721768
-0,393549097351163
0,462203621073685
0,0524024360300777
-0,123688273333749
0,0384332991358992
0,0313728350091046
0,00864063315536768
0,0034035381321224
-0,00826830753009167
0,0404706744681097
0,0610265455161511
-0,0176418840653033
-0,0539983406355124
0,0410390064656225
-0,0117397634962481
-0,0204924310003572
-0,04920404717188
0,0198210639621354
-0,0136796422955028
0,00397579646563502
0,0661722097990016
0,0241527487221835
0,0730560296490307
0,0169213663437599
-0,0215906069318184
-0,0117774149357048
0,0157563857041372
0,0339428264946585
-0,0017123587583729
-0,000192281130530165
1,54070636589544E-08
0,00298448326275335
-0,000112171714007417
0,00129923171000301
0,00252876001620815
-0,00687726717891415
0,027253298817208
0,128049665889232
-0,0835442245205864
-0,0384207805451258
0,00733768155779505
0,0105055722774789
-0,0202483983311231
0,000871827853152397
0,158897291118201
-0,0132758584336582
-0,059048187462842
0,00727588105834291
-0,0313368613492599
0,0104663064836861
-0,121292579833795
0,105579973147264
0,0222204642076162
-0,0880869671627729
0,139108372025719
-0,083652467840095
-0,232537024868722
0,145408398127517
-0,236962886691434
0,26808253113347
0,156902373135069
-0,211642192826864
0,0572428773151409
-0,139550657708488
0,143107150200851
0,0979211267636354
-0,151620134159827
0,101625405923365
-0,0215420176733224
0,273753876339228
-0,0996126828324582
0,046383406676278
-0,27076999063683
0,0216031436049287
0,0873185153871973
0,398247775086001
-0,0795266088085809
0,250353855482203
0,157116200301471
-0,147278881925652
0,0820349711715919
-0,0157250217303216
-0,0829596089652345
0,0972042816177741
-0,157907590494762
-0,127841995487069
0,107310618242721
-0,00374507197729853
-0,0590875212806152
0,0156903655831749
0,0281669225399006
0,0219128845895003
-0,0205318035276269
-0,00711320116486785
1,07908857295906E-08
0,000478914597240908
-0,00186945574844187
0,00459230389600534
0,00530024029089105
-0,0583285955499625
0,216834866811779
0,127940141370914
0,323342709521145
0,0293232284634207
0,0559448527458468
0,0486705764393125
-0,125441358725657
0,0892904756683935
0,0175568702667991
-0,0648650285201283
-0,0522161088179123
-0,037187806526745
0,235794161181472
0,0988363869694209
-0,157936012800683
-0,248376350390483
0,01547893261225
-0,234920040427569
0,0498454886874755
0,05514328651902
0,00852034555457329
-0,0407063668382433
-0,0245139101772637
0,0903711064492059
0,0310536247847995
0,083126373411873
-0,0132919293334174
-0,0231707141571809
-0,0265581390614003
-0,0534012370250608
0,132304797692247
0,0976843969448735
-0,13682274024816
-0,160849581831989
-0,176246923743015
-0,0600034257007083
-0,178572881661751
0,0650173513483699
0,231016070708553
-0,0490974590819289
0,167513591037532
-0,00744397266849518
0,187739421754706
0,21944532329813
0,183441245648601
0,0713565257555076
0,139408463627132
0,195319585177585
-0,00765823091940632
0,214544658986937
0,0215450008285932
-0,0787644295070615
0,191725854151129
0,108224463811043
0,0525616136584813
0,0133045593307115
0,0884617725462269
0,190482542003762
3,57339902590755E-06
0,00788684378961289
-0,000845660363765177
0,00200467882917937
0,00845368182321019
-0,00747338814540154
0,0382623097798915
0,273884078228017
-0,200439277786854
-0,122870925339865
-0,0597018978044641
-0,107874921689238
-0,107172450027384
0,0250007747037531
0,534041995211285
-0,13544356281836
-0,132003995740268
0,242931780547534
0,0697988888629344
0,0277831581526579
0,0977658926337335
-0,00739947376487072
0,0699664575380075
-0,0123969901255897
0,0355561108542164
0,0116872154236271
-0,00868294629604522
0,062622270549226
-0,0881077866616243
0,0121503294743394
0,0326748253901603
-0,0783819906107877
-0,0286585897069748
0,00873998709718772
-0,0528790606119742
-0,0652946416205134
-0,0603053513884212
-0,0276775365595279
0,100363219544956
-0,108542701241773
-0,047956145657312
0,202579042463002
0,0357101390887774
-0,00223400939008811
-0,0064314413078073
-0,116464477617852
0,0488906513168721
-0,0384762358453391
-0,052974571367826
-0,101981681966821
-0,0549574571757599
-0,0147334496390163
0,399461571251739
-0,0931913623796512
0,309490480343487
0,00726046887662425
-0,132700929623408
-0,113406921322659
-0,0163344840742696
0,0105056231983869
-0,103797931655647
0,0247346589897479
0,0287653290143245
-0,0051587504322332
1,63251623976241E-09
0,000190361779705356
-0,00199975464992963
0,00440188602354073
0,00555403777402518
-0,0583333946083955
0,184483861383982
0,0441980609277763
0,208291837491406
-0,146749825945587
-0,00893339287830518
0,0937107478701935
-0,166821021925936
0,142784039762147
0,0600026067587017
0,0605777538564318
-0,215975701816878
-0,230011572149652
0,237501243948007
-0,0594933326418999
0,00818966761625565
-0,0352126609128097
-0,257361165211089
0,062661424851407
-0,110342833110238
0,02605813102333
0,0677714711242625
0,0671731634587882
-0,0315260649485117
0,101681099017766
0,0510493411263449
0,08209735260408
0,055760135006359
0,0878501569416427
0,0176283879533967
0,0907475801139821
-0,216291542773922
-0,165391398925343
0,0815579524424335
0,178594204744106
0,317910283572554
0,0258918031781498
0,0665293073146721
-0,391436151586385
-0,0581097604171732
0,0191394035214519
0,217950716006205
-0,145377285385991
0,00593052964958474
-0,103489362362429
0,128628851927794
-0,00430882613126377
-0,100997511402803
0,0231311114238654
0,155556047887758
-0,12390275760319
0,0500907560470149
0,0350892230781986
-0,0962427290733651
-0,00474047004690146
0,0487877187568268
-0,00463226688117812
-0,0255000629185864
0,0137056703761657
2,40470114401694E-09
0,00334079343612196
-0,00100210349446353
0,000456244896827982
0,00598075500476598
-0,000467086069930364
0,00454048964513709
0,040996993114535
-0,0315488767109934
-0,0394481775380432
-0,0338768194544329
-0,0452136311880097
-0,0627568385363105
0,0193814705732898
0,127840513664764
-0,116227332336955
-0,0231300456463692
0,112399985616583
-0,00469389235287104
1,11483308634064E-05
0,12073633626893
-0,0108701030939048
-0,0540589797598306
0,0492181048907405
0,336296190650038
0,276888747796151
0,29042316708413
0,199262560553992
0,0628747129674499
-0,174743697317959
-0,0472608530767746
0,171358531699136
0,0225244764951553
-0,0208020419873911
0,0916533211081748
0,0386600528545061
0,183556987560744
-0,0320142858096332
-0,0858926907255551
0,364948968450558
0,0279184440033312
-0,424994139664412
-0,261203870405217
0,0514457832702045
-0,148760891630822
-0,043693109816972
-0,00398041609447032
-0,0201058850936295
0,0103328084937692
-0,069916264876472
-0,00739411788480332
-0,035146359264301
-0,058373381701729
-0,0417975288601043
0,0161907688821565
0,00999899466810631
0,0181842982793032
-0,0415843330197083
0,0973037399193238
-0,0385953283367368
0,0382454973240606
-0,0110493467357166
0,222837765778024
-0,0793638259893032
2,20655516149788E-10
3,35841133873471E-05
-3,33266229402477E-05
0,00271442062902129
-0,000599688539488679
-0,00238246739651505
0,00192236140335645
0,00575279014064714
0,0086454307532833
0,0188982499030422
0,0210911392127939
-0,00840855552956201
-0,0047713058037368
0,0047940997040104
0,028856272976658
-0,0441908889454334
0,108666806966368
-0,0447088891819555
0,0806505842362874
0,0528495269936995
-0,0241665678638149
0,101620438629715
0,0408013088668539
0,133747575330467
-0,00203266567124388
0,0035758033839852
-0,00722156784760312
0,00404266287194941
0,0137987486238232
0,00807854431380127
0,00984680475110533
0,0455696481625975
0,0150565588189223
0,0304516668449768
0,0299738209004595
-0,125990487141276
-0,0808230689418259
0,0755107826810034
-0,00690613054076643
0,0309835731347059
0,170730529944741
0,0192110299176331
-0,0687429533947959
-0,00560191945884366
0,0953991616494091
-0,345026572169255
0,0380916941761988
0,651738153172202
-0,0534728853092478
0,130853769919982
-0,0198963211550265
-0,0500307660476431
-0,0636559560955439
-0,0998864017899575
0,255880809501485
0,150287963650946
0,404553042038409
0,0810170508616554
-0,0771963155259073
-0,0649829332160005
0,0499214676492018
0,108320509005347
-0,0211520426138704
0,015266818750665
1,82846948178473E-09
0,000244840714659777
-6,26003478585466E-05
0,000635207097593985
0,000701407696714179
-0,00122884040553467
0,0066471237003245
0,0471954137563284
-0,0349268333745881
-0,0364868193810407
-0,023581648985645
-0,0391541361722601
-0,0238129634873677
-0,0125123880322552
0,246779094096151
-0,060233614928075
-0,0621986851061217
0,108010961980647
0,0583770265772534
0,0379663295638105
0,128832958377643
-0,0974332275895335
0,0694859814467736
0,0421473347910097
-0,325712066121415
-0,0743176708435677
-0,103466848907639
-0,168484574889835
0,169690817995547
-0,0870719983001798
0,049468921905753
0,0166436368110062
-0,0475272284183877
0,0606075453356132
-0,0226782712746065
0,00635970623666361
0,0366599895024988
0,0332357888956768
-0,0784060226375177
0,0468251973331365
0,0696768383856672
-0,12084956515841
-0,0781708594089801
-0,0266748037962958
0,0207233076028925
0,049693499616942
-0,0886973418845508
-0,0148917044370822
-0,041568013153238
-0,00428105712787471
-0,0370542197426279
-0,0340027691369676
-0,102472176987565
-0,0945830026594893
-0,276620403812572
0,0941393257243348
0,104296453037254
-0,0967394575768671
-0,317377760610062
-0,170490611266703
0,196259673624304
-0,347291296078519
0,148320118312292
0,436051762240711
1,12645112321091E-07
0,00020853508219769
-0,0018391521337953
0,013596739544075
0,00173208825726131
-0,00349309152388357
0,0356573042104298
0,0636976268859272
0,152896325766001
0,0623347280106862
-0,121181564904974
-0,128110219435473
0,101547712983746
-0,0926316662967479
0,116059568805361
0,183552612379958
0,116701847338093
0,072736733204604
-0,183215365596943
-0,103096924232848
-0,0174419811145248
0,0937415503991294
-0,130062291414564
0,0406883891462158
-0,0931691916621743
0,0289520525717325
0,0508444166422098
0,0169768617218665
0,0291280844334222
0,142087738270569
0,0179589612130424
0,276709894499173
0,151804158361353
-0,156743294753792
0,038093175492171
0,0694864900980879
0,0131011138406692
0,0580399717597848
-0,0848583471030023
0,103433595103753
0,00276431166802709
0,270039609799695
0,182126583244047
0,157752593305774
-0,334421359146206
-0,0455267261164197
-0,0681682247866772
0,069497201474619
0,160688339100478
-0,103125175339909
0,050412589784745
0,102830366472483
-0,115966002096357
0,0141245351084534
0,135541053385402
0,0360923047278927
-0,0213492962300956
-0,160558267288833
0,175066426420738
0,277341126146674
0,164688678489608
-0,0116676966729575
0,0670925493639254
0,301338772155166
8,51374658867868E-06
0,000502712354269857
-0,000198751056030078
2,76234653745014E-05
0,0018257019927245
-0,00324076111897086
0,0209577040143834
0,0895836648913391
0,0285078624299862
0,0966854921771541
0,0449057841914909
0,105833241997256
0,096925870991475
-0,0638378400745413
-0,0916195409421081
-0,11057644718364
-0,0373285780262033
0,0119530850971889
-0,0495774330977558
-0,0963386665999816
0,392315277086579
-0,261989916850917
0,0805052486908406
0,391688834920727
-0,0042129589476661
-0,0955265312266896
0,12863346105333
-0,0125237141751835
-0,340884613621981
0,264506923180751
0,0230328766788073
-0,0235338477265808
0,032909817052474
0,0231808914461234
-0,00938979323987324
0,0746988045067051
-0,0645165236840867
0,097034783187406
-0,0692947613933753
0,064327221603986
-0,106096253062431
0,205180436163665
-0,267058951289355
0,0925724260829645
0,0171558481976311
-0,211975821296704
0,0805014289175519
-0,189774618009684
-0,108810635716039
0,139479285940516
-0,030518457554235
-0,0631144089665962
-0,141459202528152
0,00114871986270451
-0,0095390804288272
-0,00303367141472795
0,00014070723947988
0,00238448004286005
0,0167560052660064
-0,00348218732943897
0,0906658200190681
-0,0670690639295859
-0,0434640292737876
-0,056799350553186
