0,999513242167486
-0,000365440197126915
0,000416839673878835
-0,0018102238841172
-0,000653599271280365
0,00133077783526314
0,00318962104946908
-0,0100553861698353
0,0039317528288718
-0,00178077032268278
0,000219017470183946
-0,00395409889761168
-0,00346459300024777
-0,00814226786135814
0,00115324117650624
0,00611492511246114
9,81510915762154E-05
-0,000670205656183967
-0,00397524392569975
-0,00776132130668202
-0,00823811108953696
-0,00148692811503692
-0,000967636561019454
-0,00142876743990471
-0,00085217392064809
0,00147295111467207
2,4303434700926E-05
-0,00266970014141345
-0,00692242176307008
-0,000493963215473631
0,00592098845801769
-0,00685835537504845
0,000440561769261735
-0,00653442099485651
0,00181810273666964
-0,00312625207418359
0,000716867984900091
0,000854884160317739
0,00417471728386816
0,000170383589967124
-0,00303166626127028
-0,00158610501907469
0,00212954943443146
-0,000876083378577759
-0,00162099808402562
0,00710106552877366
0,00163930237874068
0,00527160672971436
0,00128393732295207
0,00217827026283662
-0,00671865141379399
0,00183520046129327
-0,00438747804108826
-0,00261800175763603
-0,00236407539125068
-0,00806095800529026
-0,00680496027704893
0,00174398217329797
-0,00407619224073028
0,000672659975101051
0,00436385440993171
-0,000623900742346505
0,00137930325237745
-0,000708275115198037
8,74574005153338E-07
0,956534353030495
0,0147117967852972
-0,0507749650392627
-0,00265759992432063
0,0170419005199711
0,0315691213476131
-0,10376942857747
0,0410654752401683
-0,0239300833772565
0,0440348217081288
-0,0130058517820332
-0,0410586656435664
0,0316754257429469
-0,00192042635164975
-0,0503972928209836
0,0431494575942583
0,00336360602720013
0,0223466289144254
0,0909881437980317
0,0204291705378219
0,0441750598761698
-0,020004910151578
-0,0434711593948902
0,000727988114720548
-0,0388379208749833
-0,00341882015567665
0,0746668038776062
-0,0630428066546593
-0,0623195784602222
-0,0266452741620809
-0,0276736645042584
0,00785184880560672
-0,0266175506539327
-0,0169623840030585
-0,0155132625718993
-0,00628941240098137
0,00563996592404048
0,0163330642174203
0,0151707293979467
0,0305162737642499
-0,10451343861779
0,0167105651237787
0,0412317874601936
0,0165409926073143
-0,0232460123986276
-0,0167957526354906
-0,0155229261666573
0,0132004668203831
0,0289303186585584
0,0195605412623976
-0,0154917562853205
0,0512860386063022
0,0417265582997395
-0,0570415707573938
-0,00347445279665334
-0,0288195418405028
-0,0176364490667375
-0,0127470258212882
-0,00245576365448674
-0,0207823529388675
0,00637732858726089
0,0273862211296424
-0,00209323945077251
3,06266354658032E-06
0,00915336680443628
-0,965407361414128
-0,13006334563668
-0,179419829636667
0,0143518575272569
0,0176792776142021
-0,00123010546543738
-0,01597139664661
0,079434196120073
-0,0095081693932097
-0,0236430106433712
0,013141854159032
-0,0439114370822454
-0,044955216707424
-0,0483877628264881
-0,0116873669660313
0,0277111508362258
0,024619896280461
-0,0185041954198579
-0,00756683142719402
0,0163047354364516
-0,0103750537571002
0,0187492732152894
0,00093705789568033
0,0061162325353622
-0,0290841258168339
0,0100825919543353
-0,00380959750129685
-0,0103662882287644
0,000941681492506942
-0,00566409515595666
-0,0206758933604898
0,00702604128448376
0,0072717323594688
-0,00589034966800284
0,000114566283749556
0,00124518604566561
-0,00165469089321318
0,0087543684644464
-0,000541264572943669
0,00356253524913125
0,00554770265205181
0,00535887338686814
0,000767254213463403
0,00143020690818422
0,000745972371633303
-0,00178171979265683
-0,000385058724629762
-0,00113890333156526
-0,000376007304365282
0,00936676736331739
0,00158764957423907
-0,00143125924485751
0,00058624404459071
-0,0021207340498799
-0,000399188502780379
5,60545289469273E-05
0,000300265161834008
2,987413075554E-06
-4,35611542584853E-05
6,76276987436278E-07
2,30243805232964E-08
-2,29147349785436E-08
0,00155891807840985
0,0533187716013656
-0,0453970519659806
0,830343005600411
-0,168164742056462
0,0725007001141153
0,0114755240451598
-0,0177178800696835
-0,064189507318017
0,199960635752585
-0,0816795320421899
-0,0593625340833051
-0,120324217900365
-0,0026557384896912
-0,0912636597713691
-0,0362873198307325
-0,048180830560166
0,104934793875741
-0,00655628974672184
-0,0417759253448384
-0,0212412368239586
0,0785626514338362
-0,0738708619123502
0,014752635119633
-0,0436544179769352
0,0178533775306427
0,0274448135321619
-0,0374355848037946
0,0497255707024006
-0,115173509466264
-0,0356300043187439
-0,0260309693305292
-0,0769417179680452
-0,00975958918106977
-0,0312427910002138
-0,0448577099389619
0,0177024003899373
-0,0151276862325924
-0,0154523919007105
0,0560650595543661
-0,0642857078411647
0,0544689535456208
0,0802989124660499
0,00237284181128504
-0,0167180694430608
-0,0240572707173665
-0,013480900905757
0,119309792369683
-0,071063600822086
-0,152107411349189
-0,0107471428238107
-0,109019022263747
0,182327844624259
-0,151528076298402
0,00552977188440731
-0,013775735628707
0,0367652584294592
-0,0344286768918233
0,00863759118388343
0,0228408361626567
0,0114257080979682
0,0240419056823768
-0,0340092326131216
-0,0190641795061432
4,75024154416584E-07
0,00431117501900643
-0,151862179718147
0,115610779074084
0,886697634810972
0,00415974153726921
0,0468191307744632
-0,0866803937359357
-0,0256302191794552
0,13526206053311
-0,019457525029043
0,0016180105983125
-0,0170923299773153
-0,0902551190903941
-0,00402436038393303
-0,0771992301828735
-0,0377208839715298
0,064915552029949
0,0397797021150604
-0,0161259383157822
-0,0503718527210515
0,0472075263216419
0,0667351199065377
-0,0129626010690103
0,0160534163760819
0,00157326363063469
-0,10924586263142
-0,0984319525077253
-0,122289907568857
0,0148133546213566
0,0304629135907931
-0,0532641409391857
0,020601942518591
-0,0247186287248358
0,0516827598613971
0,0288883807814564
-0,00110182964200522
-0,0259174663496725
-0,0826230198918384
0,0933924195277144
0,0908328654852948
-0,0183512530934351
0,0665573830120419
0,0268165831659925
0,0218202950930129
-0,00717017813883926
0,0166014809197731
0,0518203597208993
0,0255366717677047
-0,0300054799100894
-0,0493579418793624
0,0262814022438188
0,0203949126125783
0,0564880549287151
0,0732465309803687
0,0802315939840005
0,105278251210763
-0,0275051075538454
0,0686214566009632
-0,00679020650919977
-0,0330551968688542
0,0166987683644022
0,0108172430588432
0,000708605534263527
1,70311533945058E-09
0,000531730728983273
-0,00336666880682426
0,0341953631932842
-0,0154910658201048
-0,588295462412199
0,532915223546854
0,109215679198637
0,100238283456231
-0,0343149850589785
0,0300521566025134
0,041176936225482
-0,0234323291833394
0,0741287086489248
0,122580271054761
0,0348012101499026
-0,0880361642556356
0,141467400957467
0,0590645797783761
0,00247547645808151
-0,0459645836404693
0,0195832080324861
0,01911214753884
-0,0134284222299965
0,0373962805959407
0,21292340176182
0,0333632969446777
0,121354702437356
-0,0996608921532059
-0,0241365589815536
-0,0383619056927756
-0,0117961806889514
-0,0693014582112566
0,127863148451904
0,196981610603334
-0,125806428729168
-0,0091968410298802
0,124065040737312
-0,0677964972035944
-0,0271856944408841
0,0322017265438863
0,0291385870477132
0,0198408212813849
0,00495623076035616
0,08980140915671
0,141233219672357
-0,116025707384072
-0,0794896951434503
-0,0116922551070611
-0,0938294586843906
0,0110025663152181
-0,0250848569095908
0,0528627654751286
-0,050751172762898
0,113699940512187
0,0748310256647523
-0,169533268469864
-0,0207047568689998
0,00605224252969366
0,00381887096243445
-0,0137343947865468
-0,0401592970507788
-0,000970419083347323
-0,0124158053619169
1,06426845406628E-08
0,000417665917915889
-0,031117841451205
-0,00373385625529124
-0,0171711659327322
-0,191607214639457
-0,179836553521771
-0,204349801488767
-0,287646974476321
-0,057563497641417
-0,0789839574740227
0,612779553663242
-0,427182703019931
-0,0243542205317457
0,025320729631097
0,0302963874996246
-0,190884028572657
-0,277808307862713
-0,0219767326554308
0,0311699605395417
-0,0410327076459609
0,0539471810123241
-0,0203201090028155
-0,000327048277809146
0,010667919046413
0,0857618256595227
0,0099838897986469
-0,0151727058367098
-0,00784616262305694
-0,0507092171186754
0,047103788600467
-0,0515286608652631
-0,00348863780205155
-0,0921130526437916
-0,0190450673929036
-0,0413829579669596
0,0169106250615831
-0,0137606442383877
0,00429645239392079
-0,0331229631627928
-0,0166117472825835
0,0167799680952043
0,0113933216732508
-0,0204186673814841
0,0925554405819427
0,0028243477399694
-0,0177894712197966
-0,00524170337297736
0,0215663753317961
-0,0527587389051956
0,0901451020852959
-0,176945833124495
-0,141252876198172
0,0436798142288346
-0,0267410090742799
0,102705869061559
0,0273958005005607
0,0234463741411326
-0,0147878918866087
-0,0224061473576532
-0,00605504559987572
-0,00415424129546065
-0,00328311280396708
-0,00437872265660678
1,19050950437551E-08
0,00135729234475138
-0,004292197761062
0,0168726710278641
-0,00556507279508537
-0,450524553942055
-0,441178523600773
-0,315491912761793
-0,273972580180981
-0,0879530645681634
-0,169058717975336
-0,147893974214455
0,1520579727066
-0,060040383969233
0,00850947444234753
-0,0547730492621692
0,287443824179754
0,267335787277404
-0,119443587310916
0,0203915126835778
0,052378089510083
-0,0869679467915717
-0,016794259955589
-0,0157111987545682
-0,00575244211885548
0,0186987504452019
-0,0033678796423638
0,0329509905649335
-0,0214696365179885
-0,0294149545044721
-0,00703245096044488
0,00995076390829914
-0,0106389490559479
0,0607056010837227
0,0678404376310341
-0,0615063223244926
0,0124398452573317
0,0692727610987228
-0,0593626647755644
-0,058743070506796
0,0421101498521385
-0,00224224598751953
-0,0712427072232296
0,0549890273118266
-0,109599286822772
0,097319103793078
-0,0171729655680591
0,149481065321383
-0,0522141213686262
0,13578057779946
0,150078454128533
0,114577777225223
0,0701761277617769
-0,07085877703367
0,0654309302520504
0,0369830182066981
0,0251784680299146
0,0215920744297669
-0,00923318732156431
0,0255883600521238
-0,0147893195601509
0,0418659374346176
-0,0316068498209858
-0,0396501593736062
3,82716049958763E-05
0,013112154277876
-0,00318259263418188
0,00200137211206146
0,0266272058752521
-0,0425939431631497
-0,0996677613772473
0,522405839728402
-0,304379629144459
-0,124315615998306
0,02562484171137
-0,0455958587226326
-0,0837873682779835
0,257526181292219
-0,100482879263334
-0,38890369165953
0,141335108526383
-0,0182501804497548
0,0144060562854271
0,0172362543184522
-0,199775807965817
0,104303049494536
0,00434461113216266
-0,116750256214861
-0,0121901695702433
0,10116561802776
-0,00341151663017537
-0,187285584753893
-0,201562476931483
0,0738831312619438
0,0660056258221157
-0,100479965547686
0,00616249922273543
-0,061630848022583
-0,0198753130329074
-0,0894415527794382
-0,00686011752007332
0,0451640520867231
0,155388140961431
-0,0221711117456498
0,0244443045976834
-0,183494605489523
0,136951711330781
0,0396310163704488
-0,08196347671459
0,0701959449004824
0,0309020827359269
0,0418293969986906
0,0117150795669638
0,0561099066173339
-0,087566756407061
-0,00626442027333264
-0,103033689151995
-0,147248924691326
-0,0469134672525371
-0,0648031548234988
-0,096900541649642
0,056173827303793
-0,0419336709290533
0,0104926505074217
0,0691210722614444
-0,0250350057523339
-0,0160393746532898
-0,00107721190269531
5,94273104220549E-10
0,00169343331343824
-0,00147802573639124
0,0120652047743724
0,00718426527492509
-0,208956883906549
0,119822118722603
-0,0019412948257462
0,03396192956167
-0,116679122964833
-0,0198875565167653
-0,00680278321912397
0,137465029183486
0,0061138712021169
-0,604372958091993
0,0948981725336282
-0,0363013868977183
-0,152261460348731
-0,0984357089334157
0,046850680486519
0,0531666368083481
-0,176249001362906
0,0943661028090993
-0,0309797132369131
0,0220045292032919
-0,0456367752036275
-0,0590535183987677
-0,304036871778383
0,083695865665814
-0,365024222640265
-0,237456792605238
-0,144928550601396
0,0103330637006589
-0,113326360984743
-0,0528595407881231
0,062550462284486
-0,0536046224838083
-0,00620690412043583
-0,000259012955029975
0,0261719776506146
-0,059564058550088
0,00363800323824921
-0,013329212043241
-0,0723348651626954
-0,0962949070899067
-0,0522985894277898
-0,0909556723222638
-0,0315344337173371
0,0234034957766316
0,16883053101671
-0,144112777665114
-0,0307762123844423
-0,0608922174955155
0,0228886746998117
-0,0441390205933089
0,0969959905076203
-0,00168510380923623
-0,0753255512838588
0,0901127989854746
-0,0235743875688098
-0,0255256593155242
-0,022519550536146
0,0361727283155252
0,0202902909136622
6,50224422852279E-06
0,0017301792486778
-0,0678240931353806
0,0312923261882984
0,146983061712663
-0,00612254475910708
-0,0294441082557616
0,115294734918698
-0,0583071010705643
-0,165979081361546
0,144196798128752
-0,0905572822999165
-0,161895794205342
0,303218763361188
0,0555144272952718
0,29798926001483
0,242581306665255
-0,087913422358826
-0,125013395564966
-0,106232991587754
0,0723832975541756
-0,00962314991138708
-0,297221199406605
0,117986407327594
-0,0534558381834899
0,0218567267046112
-0,189054887168293
0,220629158065944
0,200028262271857
-0,254442690028753
0,0348393768536952
0,0165828587933836
0,0265497234464584
-0,11708424533542
0,00774996125982209
-0,0901353474125445
0,00260826450048865
0,0617404496374323
0,0372861188476304
0,165669596178979
-0,014977199400916
0,087706988394605
0,0306255246209747
-0,00460473901712246
-0,0853381126322452
0,0329014052431796
0,0312820737202212
-0,0499514855531818
0,0106305362220227
-0,074346543177221
-0,101312251848678
0,0687856766808978
0,00952927165689501
0,167931960153105
0,0625753822854272
0,0283750439047476
-0,00339162402229646
0,112585768249714
-0,179811429582277
0,0436227056950224
-0,00598501072454659
-0,043482912114237
-0,33806346841799
0,0285210726120297
9,26648014561415E-09
0,000393295201272393
-0,000216811782038385
0,00638216474582973
-0,000725952513209535
-0,0321324466922965
-0,0502744073109372
0,0510263634763523
0,0949095039627337
0,137376620982635
0,00918031352824066
0,057065314123454
-0,0250545667724853
-0,0829899214741807
-0,0142876851598734
0,145819473547832
0,335214727106127
-0,147129230604248
0,290350035480281
0,272388591702129
-0,352453614049407
-0,152669705598193
0,172501134504763
0,165782811734634
-0,455525771679822
0,105622930857891
0,0406429026906163
0,0221752428628428
-0,0481697207357408
-0,0501124727599204
0,0118002133833126
0,0385358989264016
-0,0423406279304216
0,0394974122611452
-0,00636518092363997
0,0548358385969971
-0,0757704191186831
0,316795295318479
-0,100825001368653
-0,0194865833329575
-0,122075552796325
0,0573137906443342
0,0660774673162505
0,0370373902596298
0,0334144276384008
-0,186198165447996
0,140667223367316
0,0758576437486446
0,013340401704921
0,0193649192986684
0,0068782850556918
-0,00178556952589135
0,0015123219737036
0,0076191880444231
0,00624952664128969
0,0040338702196937
-0,00515961032577157
-0,000317926029699956
-5,82987892192253E-05
0,00032122461717437
0,000121255809205352
-1,20622779687882E-06
2,72097075574128E-08
5,90979049841925E-08
1,79833494339623E-05
0,0107989288980214
-0,000539637984569207
-0,000310057325419098
0,00815320920952077
-0,0775516907101505
-0,153715037516228
0,241016398250407
0,17327090021
0,254760056551947
-0,173197907289763
0,220100236351505
0,151885751187588
-0,00973979911724768
-0,00299949175091861
0,309868181428444
0,0966935716494943
0,0455280016809338
0,0955961907430842
0,134172600745001
0,050801863935889
0,13808086237144
-0,112081452026757
-0,0455511915202775
0,184735706333628
-0,0465996267696978
-0,011804542743656
0,0268144307532397
0,0952244000570949
0,109127156617651
-0,0690227841865703
-0,268683859724827
0,0699155410197583
-0,176946483206402
0,0633356981061815
0,0263096751654519
0,141686883802909
-0,154139721782809
-0,324556267845835
0,0729976808517996
0,0484078578141038
-0,0613583129349865
0,200656933905477
0,192059491859273
0,0238473400472416
0,0369717274163096
-0,0837361614873718
0,0173436717404678
-0,0199995746291339
0,155550498669265
0,0540002531648223
0,0157592853211264
-0,0512417391034252
-0,135915587363656
-0,105584746852273
-0,121147743988364
-0,164310964850347
0,0901428589858615
-0,0548095184900601
0,00226816759024174
0,0647485750581121
-0,00953039257070236
-0,0424948358691801
0,0526887264723906
1,18887484245216E-06
0,00309649264498997
-0,00273209275333968
0,0911810261384546
-0,0241799272578831
-0,0396343347734625
0,0315932657276656
0,0138385837447369
-0,0178231753831113
0,160734165799128
0,0030002178375974
-0,0617767012466634
-0,0616722572780182
-0,129144638682872
0,0542730798366083
-0,0601276149873552
0,302402510964903
-0,338328790719392
0,120614605363332
-0,060028600738352
0,107026525324013
-0,127973726312567
0,140629916925338
0,0387718705712649
-0,112920260577079
-0,00754644244875925
-0,00726355552501066
-0,0348467017262009
0,0303726985851506
-0,0129540678534881
0,0237904464480653
0,10436584917106
0,0519624967245841
0,0173387092094929
0,016796457068939
-0,0750333469208344
0,112837099862703
-0,523696281481117
0,123717911526888
0,0419772108615801
0,218272424171019
-0,075678584334007
-0,0918888995559463
-0,0487827794761506
-0,0392672878418443
0,115509834175279
-0,0275722110785605
-0,019003543729343
-0,0129065136600286
0,00128326774257817
0,0641144604283361
0,0428930221843238
-0,0250667558281548
0,0609914144251329
0,200258777121935
0,140297458114567
-0,390478368580852
-0,0549832891282397
0,0484307271886574
0,0436163737122273
-0,0474093471799517
-0,0719272721025403
0,0263841892582383
-0,0147009864050143
2,97429442212841E-08
0,0121548673137511
0,000147526017454853
-0,00256177221371105
0,00382022834124103
-0,0222446853546894
-0,0463806507451211
0,123087856408893
0,0048066871345154
0,090743666080174
-0,175604071382485
0,088022250916465
0,150944069080509
-0,0224868329162411
0,0554921696006149
0,234847248116691
-0,0931250983732871
-0,00946887632954291
-0,0512133171555772
-0,31507743527304
0,134503503730064
-0,0261985145671848
-0,00619646736494199
0,00713816131118066
-0,232722709962672
-0,0395499730991182
-0,0881893334818408
-0,0954173257036103
-0,256809923230879
0,00604654175518309
0,0499428002845569
0,0856817583944229
-0,0781378572405627
-0,0304030749187303
-0,106165054688496
-0,175106093214833
0,016686517975853
0,127657324828866
0,166442202326511
-0,167298176118344
0,0196266352405899
-0,26783992846324
0,293184558362886
-0,181843242519119
-0,0981506347627137
-0,2085214446785
-0,272863729473679
-0,0899918635488674
-0,140555447513172
-0,0111382004290062
0,196995566197385
0,088412174819587
0,123350362825999
0,174142156861218
-0,0266260751980847
0,0139406372806038
0,00553660345592889
-0,000318615252359475
-0,0147473006877497
-0,00376168932413292
-0,0951023455497426
0,0496424947902401
0,00283686513174903
0,0542470955068227
1,44522361096743E-05
0,00363552094007321
-0,0193177188027072
0,0247365524562628
0,237943824798378
-0,0110011331082611
0,00332819841972966
0,0386273017862243
-0,0349339209381217
0,114583657022921
-0,0945316168432374
0,0267750660812667
0,0504448032538203
-0,0757609290320528
0,012991011867121
-0,194878776792883
-0,161297684194
0,0295245428876169
0,0843281057827505
0,147132692894362
0,0586796392726993
-0,230815798166633
-0,0119831490622808
0,135844367669507
0,0460586625758034
-0,0979488458192632
-0,121483617999095
0,200757043021306
0,18582398945437
-0,0839220416453861
-0,0673725732031971
0,151365901832948
-0,166978876261465
-0,0790035582450531
-0,0945045882321931
-0,116390069079825
0,0146280666128488
0,0721331503455667
0,184501604814752
-0,178776722521378
-0,258068464728545
0,0573579593769514
-0,165667772060311
-0,0897334527431372
-0,0917611739602281
0,0275916108147035
-0,0481090047276937
-0,155754732592378
-0,0648872123351788
0,101834205723284
0,130962378335774
-0,0939199021541813
-0,0511456743222276
-0,164246640445704
-0,213421632092568
-0,237626436430399
-0,314198390723011
0,0854646251516378
-0,205938647463518
0,0209666442233067
0,0990105911162313
-0,0500375815880615
-0,0324146111244536
-0,00212339866912278
0,0168385771288015
0,00201447093035043
-0,00196540572302039
0,00592819227822243
0,00968554356667687
-0,0368374337000519
-0,0640156586684073
0,104237358793845
-0,117095628778314
0,0113380129301927
0,286013538786599
0,0239483908027275
-0,0210929618409055
0,198142740054042
-0,0564947816427548
0,0315843724267109
0,00897545809760307
0,0631741203172086
0,234697051006905
-0,152974226522428
0,0329479001448774
-0,0409244060739445
0,0139298395722711
-0,0125444237756955
0,00305810076996438
-0,196748810423589
-0,168147688834755
0,033503986004888
-0,0853367470311346
0,107738131605379
-0,335621367935501
0,1288299301915
-0,0809536785416718
0,176565050886971
-0,162224213296289
0,0991529475385347
0,0523077613295014
-0,079239340886426
-0,183038786061926
-0,0314133109206086
-0,0237139703994887
-0,0269014235667941
-0,124500063253944
0,14531829526576
0,0468898585689748
-0,111313125531231
0,0719248963394955
-0,247973792262164
-0,0764167577069032
0,0361859374585076
0,281735825487648
-0,144455371793262
0,0260515573048161
-0,216989980901069
0,00521502495783429
0,294132189431115
0,137881536573589
0,0584428542998603
0,133076371751473
-0,0106260146458234
-0,0618652609015282
-0,033665146556755
-0,127527482469712
0,0390931240373797
0,000521617128463589
0,00902458934853338
-0,0937939918698416
0,289037937577505
0,0677427936395841
0,0408804218186091
-0,0208442678892931
0,0116085353748669
0,0531953454430361
-0,21284742364374
-0,024662673312262
0,0460779965751423
0,035904018681724
0,108576285695891
0,00457567602540307
0,149106149515306
0,0161360717001815
0,00934532352765246
-0,0724223533644981
0,0613627450044526
-0,0358877142174421
-0,0491627851592655
0,0256028863598604
0,00762976569496762
0,0110029426259214
0,0640648618659226
-0,038313486385261
0,13711689297079
-0,0265803600550945
0,140569393863163
0,13002130507463
-0,106328427186981
0,387940657720165
0,344336734382498
-0,178991453873188
-0,0240040553002566
0,033682580596369
0,0657500900406319
0,0414034730143016
-0,130398465230094
0,125785871275228
-0,0229327711267394
-0,251737351504532
-0,0758881394449204
0,178822714672676
-0,126952167840235
-0,132608566715505
-0,00549101460158283
-0,183722071296948
0,190676025452523
-0,120462058569926
0,125313343920107
-0,244871882717919
9,48560835138171E-06
-0,232688276371391
0,0796137893090202
-0,127981238713539
-0,0272634480365528
0,0570717314633751
-0,0371659619201355
-0,0156631826478533
-0,055632811884651
0,057803327548184
0,0366983799235051
1,26288715136746E-05
0,0337466844523995
-0,00218255637063007
0,0823570636214942
-0,0208883366746366
-0,0516868550126681
-0,0806543242201987
-0,0298240311920696
-0,133511107365715
0,228318800943122
0,522776797088459
0,022180351440731
0,251623515825267
0,18364874118834
0,00344277120225522
0,0838381866428684
-0,271456344812867
-0,0115361587923195
0,245178143330969
-0,0374068657042747
0,0683893913455612
0,0184399517430138
0,107702732000683
0,015684016777451
-0,0187688867675438
-0,0544901609036226
0,157278219501754
-0,118194422414056
0,116824391890823
-0,121718022286704
0,326311078360748
0,0190999577785734
0,0818010636186367
-0,14367265743017
0,0996906705342643
-0,08493793142972
-0,0304250926820217
0,13572340217977
-0,0148292483838899
-0,0984074106795814
0,125347696468476
0,0289395392304924
-0,0854247229426796
0,0236824271248003
-0,0809729913516951
0,130497781406174
-0,021748956379284
0,177569102477552
-0,00905127197965005
0,0990105707650176
0,0949762801148387
0,0557125558156833
-0,1322241262557
0,0862003411760419
0,0258934918410685
-0,0142910453615386
-0,0193179939041148
0,0469217320037437
0,00480322399645151
0,00880580885488135
-0,00292503376850586
9,42419039279861E-06
-1,01474186329772E-06
-1,01185334379901E-06
3,05821341761466E-06
0,00191297717195464
-0,0958727975400808
0,0673305434524116
0,0763037337147808
-0,0318482086606432
-0,0971463363878458
0,0414032382628049
0,174439830849558
-0,302262206303266
0,0397491411018828
-0,0518460293310044
-0,010085735499983
0,2022110462267
0,229985485492315
0,159804015690278
-0,0372271734895247
-0,201644895023982
-0,0755908972887603
0,150721925966913
0,0895398707171664
-0,177246413207838
0,252682497623831
-0,0533709745010667
0,0827060431937856
-0,157152070737646
-0,00556449487484188
-0,0649503088526581
-0,0053934798363604
0,0305501343127447
0,153720798962967
-0,0907656933776446
-0,119023178747212
0,095904581247874
0,0170506184521654
-0,0769690729772542
0,0137331571602815
-0,0610334771717915
0,0363446901202614
-0,0105262198320738
-0,116313911048418
0,00549765478938621
0,162627811206109
-0,00943145033222232
-0,0343754644987836
0,0435891948622972
0,00162961890805212
0,119682967011456
0,125236275266464
0,0613447846730804
0,164962693803668
-0,186185221304083
0,115149462840104
-0,218533774038143
0,0580436919279712
-0,148967604276833
0,0660747564377258
-0,437562631530512
0,0837381169408496
0,00929150311628873
0,0415450571048213
0,0189841715548187
-0,107736175978159
-0,0250335193529
1,09299896954081E-08
0,00382701675449444
-0,000245967519899069
0,0143246981164741
-0,00372377539610077
-0,03640512300761
-0,0359457823293646
0,0109582305035071
-0,0924990290509783
0,133946208519025
0,237351628676678
-0,0705718849989708
0,267664188222588
-0,078902373331524
0,13539563855974
0,0687992000231292
-0,209124756273996
-0,332834472419467
-0,375097108587472
0,235906602656468
-0,242650475803947
0,0943649671679878
-0,160316341785248
0,0148603440358765
0,0164595549912824
0,284246579550271
-0,1741599383321
0,0406953676930355
-0,140446565441867
0,0759107390648084
-0,273017455350978
0,0382943070804749
-0,0879483067880042
0,107136786859411
-0,101584597830249
0,0936732162531909
-0,0313617345892756
-0,0638040526956644
0,0437287523180686
0,103952237881026
0,0709128993244789
0,0301362720200631
-0,0399613609585262
0,0468417098282823
-0,162331511993913
-0,00461127650656917
-0,0537959846279078
0,170635237231569
-0,0628225236459317
0,0224491603742128
0,100265144820423
-0,0171017304731679
0,0645597908751742
0,0285067883871635
-0,0295459656002556
-0,0265199997665931
-0,0309067912425609
-0,0137307317961236
-0,0481022149508578
-0,000886877286600507
-0,0127233406113435
-1,17359785849788E-05
-4,54768150380773E-05
-3,82014751276714E-06
3,33237293526916E-07
0,0245829267638863
-0,00753817822071888
0,029236755490983
0,0629330649929912
-0,0402227303013091
0,0325396867595112
-0,02264851065233
0,0301589843697278
-0,137368961600418
0,0153692817905293
0,0581865444792635
0,158149778149333
-0,0388177557219842
-0,58641451649438
0,068257152369893
0,0319452790514238
-0,201392518138745
-0,0683671635988723
-0,0212736415590032
0,029770341275334
0,0522035983355982
0,0558702119279091
0,0240326192967052
0,0307696916433154
-0,0227205462165307
0,0128850376601397
0,187174576865525
-0,0237910421600436
0,34060374196709
0,215300032889774
0,110273326314156
-0,00857730339816917
0,0609211741240915
-0,00115607974672407
-0,0728634816856864
0,0192318086477794
0,00688834151763596
0,0546249539958514
-0,0666966486048963
-0,0015516010431729
-0,00206548721819725
0,0132881476432508
0,20040705376506
0,146240000674623
0,077314089476931
0,108881084788307
0,0422476812915094
-0,0326661072611122
-0,320552454405789
0,190106605653374
0,0295808075906393
0,109956264689905
-0,0136666892285353
0,0993921834311021
-0,149517229967313
0,00681373820180446
0,122413789849238
-0,142198880732811
0,0375657038461044
0,0394226747887278
0,0345483001271276
-0,0554903722607028
-0,0311271615567811
1,33775896448848E-08
0,00739111587136604
-0,000340126628605481
0,000438092954491654
0,00309304675890672
-0,0849926626969999
-0,118103824566242
0,0338249597692773
0,0290417316693679
0,0267470593000345
-0,144416339778993
-0,0673306254893894
0,063939262028312
-0,0137529651854608
0,0217452337041725
0,102427564866641
-0,0680140826225045
-0,0115633836732823
0,0562399312652781
-0,197162656008959
-0,0833384989091493
0,0360772902470936
-0,00554859260701748
-0,0359894046320439
0,0323802051258412
0,0368467587808603
-0,0392154008951056
-0,0221133887039429
0,0267669369793631
-0,0189276698384288
-0,00339131023286917
0,179404739403151
0,00899375244395992
-0,0359032752631036
-0,00114538122561336
-0,1480019250942
-0,0558611891408612
0,0555685086379433
0,0349386357163379
-0,115201260181117
0,361343133569982
0,047011135262607
-0,184608923003987
0,382433332735313
-0,106164675099757
-0,306361149837463
0,0129513617133527
-0,0832818274385208
0,315860703243584
-0,0432333497597087
-0,254283356950999
-0,32787402905062
-0,00198707018911715
-0,0144801555205942
-0,0442941323359521
-0,0522193379605937
-0,0457846167160271
-0,179697201335964
-0,161908492840863
0,0058408510052085
-0,0129045892612239
-0,0674400796471792
0,0526833111207532
-0,158763372467711
7,26207352703632E-06
0,000670326971474192
-0,00288566811958074
0,00264861499680717
0,0146443015348956
-0,00841269921721308
-0,0209665270177468
0,102115249019169
-0,0713654763000997
-0,0616269648682002
0,0863003776332985
-0,0370269503551622
-0,0763868235905872
0,118335047076011
-0,0313526432641183
0,0245507476112076
0,0999490669906435
-0,00506999459591637
0,0237394906014063
-0,0741153499364505
-0,0202773211478207
0,027113652914258
-0,1366649273114
0,0284897791798771
-0,031147476739024
-0,0314947334645282
-0,224218577582483
0,123459182477281
-0,0616774841888115
-0,0619934486787728
-0,0957717701145589
0,0637794346424094
-0,160170421017443
-0,219922817502867
-0,0476327324036668
0,00979778371318385
0,0840009093723453
-0,077082110741685
-0,259351342966309
-0,240519526017451
-0,0206986549292236
0,0649497979191945
-0,175002451810464
-0,125622253316012
0,252144970768612
-0,05936118557771
-0,181869544572768
0,201260949974426
0,000197904860392433
-0,0661359489319625
0,000303218535591711
0,093848817366927
-0,0979144219232734
0,0605654445218412
0,201820062359296
-0,31320550113019
0,0389832879678099
-0,178468709909703
0,106872134581926
-0,0392427204626947
0,0564534976690599
0,0928359201762026
0,436657022775828
-0,065717519703629
1,75174318684332E-09
0,000816219664297033
-0,0186070116556542
0,0153141696895544
-0,0149441028908145
-0,343160798714051
0,190942561580673
-0,000738062299284437
-0,0154112777363717
-0,034881724151686
-0,0131569308635342
0,0283769450681197
0,000992263481267596
-0,00411831049655388
0,0990943712879396
-0,0145401384567281
-0,00683372871226467
0,100342178562259
-0,0965873544152533
0,0781591924004625
-0,126344828938715
0,140412308491679
-0,0915036970528954
0,0804746874928687
-0,193557728075488
-0,410577498626352
-0,0273714733439421
-0,117002891407811
0,149786426727801
0,183966551264477
0,203305007504352
0,119680959566576
0,133887201551781
-0,203941306727601
-0,446841280745867
0,334649405660013
-0,0232934122474963
-0,0654453750447992
0,0272154284253897
0,10508603486554
0,029719886071801
-0,0496655627009547
-0,0181274865211825
-0,0241165779757592
-0,128939641545072
-0,0170990181223712
0,0214641174665608
0,0263944768516201
0,0246223255977094
-0,0626489259205061
-0,0199757395065429
-0,0187633247004203
0,0238766401656974
0,00940026506916236
-0,0232467097523473
-0,0525541787902245
-0,0240582262256344
-0,0516238156009145
0,0075578701269267
0,0330073255327761
0,0114069297235278
0,00650743136892442
0,0051708860606523
0,00689857184236542
1,2616392853071E-07
0,000551282988676755
-0,00211300340644666
0,0114275248278112
0,0019248622164823
-0,00262853431268561
-0,014641741457384
0,0479332374118943
-0,00530656626072449
-0,104955006145511
0,0653818072916345
0,0106726056533303
0,00397208081115468
-0,199880231812772
0,0218337254565844
0,0284295008479268
-0,0208655036387875
0,0397893251357487
0,069540874651099
0,0395143324758528
0,0878031225832237
0,0551808281157173
-0,00182908681386037
-0,228519968331888
-0,101109802625133
0,0625012005022997
-0,0798283065815021
0,0282080514469412
0,0973833373491057
-0,0549443179166797
-0,0320957141303822
0,108522170834856
0,0485290263752393
-0,107264270224528
0,0375094073147756
0,00992484032366064
-0,0285542041089614
0,00878803672185634
0,0296670065781789
0,0774881859391383
-0,0374072555385321
-0,0365789774774831
0,100084652032836
0,112251721581982
-0,079411040762661
0,0301981708680766
0,0791559770616506
-0,0515010401802485
-0,293067931649496
-0,159185292378735
0,0251322014844915
0,172907298235019
-0,214188775209769
-0,126894729025959
-0,0504388585844699
-0,0357659494166478
0,00754314836700762
-0,219192222163182
-0,0193719135740745
-0,534303245701322
-0,199109790459198
-0,107084406842004
-0,0523504359923035
-0,403300144792145
1,4859952424304E-08
0,000370505167647862
-0,000563811971536754
0,00366112128388745
0,00285441289354567
-0,0548992874835975
-0,11233124551922
0,0863365188775566
0,24430465720009
0,116827037423745
0,162647416119669
0,139630707030276
-0,102760619177886
-0,0813368677340231
-0,0586053084716191
-0,0831716896415986
0,101439129949051
0,130252195108699
-0,210934267843575
-0,0179327385242504
-0,0173560187956055
-0,112072800278965
-0,0650148436643561
-0,0276684991753833
0,00466421068958732
0,0114050974302621
0,000135739588428719
-0,00797517882860453
-0,0115329282692925
0,00575235057724525
0,0409993767907006
-0,0556562123752513
-0,0171886725830014
-0,0063731162745101
-0,0116248734833734
-0,0383739333974428
0,0404719715644722
0,0750725215838419
0,112483659290361
-0,0658035865054973
0,178169148495623
-0,000974976102738116
-0,169348573160449
-0,0939774152271488
-0,0158755820781673
-0,037970652792838
0,0353663589944635
0,0119442169375159
0,153060188569242
-0,0132296129029359
0,0456642190001177
-0,142566323640713
0,1478857397305
0,0445878208591839
0,0778186590325959
-0,19322845016586
-0,065644039133317
0,162338132892106
0,382027876335965
-0,507848489387643
0,0533530421993966
0,00804258414136991
-0,201606396203671
0,212399110714608
1,27745233510856E-05
0,11294189754732
0,000902683725586668
-0,0102912103120085
0,023970372987341
-0,0390415928467142
-0,0769153162853313
0,29574760065663
-0,111375015932982
0,0641064259125854
-0,168257304594629
0,0306860342598942
0,134532997402488
-0,152962889398793
0,0688739529910206
0,100661588127886
-0,199389234514028
-0,0519854359609302
-0,143222890210436
-0,206424678682017
-0,151842780615351
-0,244939854296338
0,103531703119606
0,109300520741063
0,0494250615113763
-0,127982067256181
0,205925836029859
0,30985482331567
0,0958596441200921
-0,182415867062873
-0,080100815595261
0,090443176971312
-0,0124947573673538
0,0602621085534319
-0,157002987078286
0,0063262311703837
0,00790270606946999
0,0158653311094907
-0,0237221140241935
-0,0204978557830982
0,0707021382897865
-0,1381176182485
0,0904216493833009
-0,0299535501709419
0,131761847975327
0,234480887142098
0,238340391956214
0,138303093027621
0,0347774344359406
-0,044903263483648
-0,180183583419435
0,0748778251689097
-0,137137270747523
-0,125322896743266
0,142912065711585
0,10922928077663
0,141062929174142
0,0344312039657678
0,146709668243566
-0,000625545624775399
0,0440976850925248
-1,85758157393792E-05
0,000157598810608136
1,37553987509599E-05
4,64997248910763E-06
0,00120094721813075
-0,000711687785914532
0,00687953410050759
0,00287468413806901
-0,0803785084318734
-0,155534329722831
0,11301912261543
0,258928856361305
0,193996143975928
0,228607589590317
0,19791982104778
-0,0623824307622636
-0,0493493530736151
-0,0790704324677323
0,0367103014778283
0,149192589749469
0,166133487269486
-0,0265287883512789
0,0302558461893211
-0,0986640925286873
-0,110855559921066
-0,102207566925883
-0,100512163962877
0,189994546778654
-0,0861172491616883
-0,00792538819779126
-0,022565478665656
-0,0296141433696672
0,0584113557902273
-0,0385560724706679
-0,0170625105015485
0,0054677339948662
0,0659118880852715
-0,0465092301365413
0,0153277586481892
-0,0453604401862603
0,0105653593686598
0,323917188109385
0,0531370175561094
0,0276985780261797
0,0456308395051597
0,000356954056079918
-0,294148058772019
0,140092846248597
0,0311811052802576
-0,051924019126197
0,0416623112152444
0,109441805024917
0,0662531637096299
-0,00620043551410663
0,00544062798904178
0,0536236126777407
-0,0589141219676422
0,119033071228191
0,126936754776643
0,142789147089949
-0,037169956868843
-0,333464973745362
0,143964614984349
-0,135320510170539
-0,0371223089092062
0,116593942934146
-0,362136610866009
8,53527019354242E-06
0,207979804730572
0,00339852243703059
-0,0247023052267765
0,0083065830017192
-0,0252625604893465
-0,0577366968252129
0,205253662661762
-0,0371743485884334
0,0550256292984151
-0,209000341541416
0,0841866385289421
0,127121358255966
0,0529534316437887
0,0655661211022406
0,0788243088776819
-0,0505517082388724
-0,0042116278658639
-0,0572334689554807
-0,349949677721054
-0,105656923932948
-0,112540877951735
0,0601148603904016
-0,13614250179556
-0,127322452145504
0,190799771912792
-0,185677282601716
-0,314842833285526
0,235882070560863
0,212570278716172
0,126320531861127
-0,00213693074708546
-0,0149140827881177
0,0727420467735521
0,160312200820153
0,113238842005258
-0,0116580077305725
-0,0331471504895903
-0,0385526419711095
0,150642448354482
-0,250734403223048
0,330378975522155
-0,282374123500689
-0,0980203447703814
0,0231623323690747
0,0836956969804186
0,0513452199583112
-0,00514874808054738
-0,0371475815185605
-0,0202491182212777
0,0598484843855308
0,00291065168028385
0,0279755767972278
0,0257104818686785
0,00218601659264108
-0,000344579822811461
0,00850577964184714
0,00211266970430768
0,00669134675344661
-0,000666325273509778
0,00572362808514558
-0,000963420812376148
-0,000944253543526746
3,31929751840422E-05
5,26534431122608E-09
0,00011198594068987
-0,00090780295881145
0,00315485415236861
0,012589300725239
-0,0303487358617506
-0,0248700126550715
0,00144517733817788
0,0341174706671938
-0,00874429585492261
-0,0412780300716799
-0,079200436432471
-0,015272655477938
-0,00555575599433895
-0,0117058016544168
-0,105842780903912
-0,183612858936242
-0,111065516314151
0,214404050464207
0,0624046348065626
0,0853694676474659
-0,428905713524598
-0,545915224236604
-0,0499807472573849
-0,165436333604058
-0,0119870560726634
0,0976539983246983
0,0416256680496227
-0,00762708327107294
0,264403534593627
0,0018693617521281
-0,252104926441093
0,0351097289101974
-0,0638856293981147
0,000459229683404168
-0,0108418026890371
0,0421343458136006
0,0222331826308151
0,112972052135117
-0,0559969135611085
-0,11821503881782
0,00416002102782118
-0,0021259462789421
0,253959072077168
-0,0513872441328254
0,0389197528173483
-0,137489303559407
0,0764116517419014
0,0425423520217214
-0,0101765090774769
-0,101241732317928
0,0419337072483386
0,0371744417731491
0,0510005693191352
0,124965349834602
0,163370639855847
0,0542100688007656
-0,0793125292798501
0,116804894989113
-0,00447277510562013
-0,0542048683945512
0,00307812973531212
0,0208077218951114
-0,00172975097014538
1,36330238643466E-09
0,0376302596649714
-0,0134971234133553
-0,000860963525265366
0,0362339172074013
-5,19109337926771E-05
0,00964606451853292
-0,0235754402224283
0,00802266396867107
-0,0113397889170603
0,0149685261241018
-0,00144089411551951
0,00422762023938296
0,00737990856694912
-0,104425525009311
0,0160146651373344
0,0382275252659407
-0,040834137757361
-0,0277157535034741
0,0206207276576011
0,0247958918468276
0,0882849519708187
-0,00847852414289031
-0,108239108102106
-0,0242770019828384
-0,00234080578829179
0,297611115184701
0,0920362075999078
-0,0821802025503825
0,284401420424707
-0,0361183862486575
0,243113584092624
-0,1565587176403
-0,133145860429638
-0,18673124760349
-0,423676882311196
0,241012871481077
0,0740476579594861
-0,165469514242318
0,26268347407769
-0,0199436266152062
0,319744540795064
0,0224203104041664
-0,237273460276794
-0,198236470277795
-0,0257967779105222
-0,0492499796026503
-0,0302913808385544
0,00806699741744906
0,185103628272238
-0,146093567953654
-0,00374076000627695
-0,122155077380927
-0,0363670945252387
-0,00162860798747493
0,0934039933437286
0,0251872590987471
-0,054615925436251
0,097167225560373
-0,0197597841574485
-0,00252561990798402
-0,0267915942041137
0,00540263099540043
0,0204860449989167
0,000522401786388623
0,0085171702991741
-0,0757214025333305
0,299675563760352
-0,0470472464891633
0,0416626444839223
-0,0474737062884754
0,0314789414827692
0,117877674748178
-0,358855472418012
-0,00439561280947591
0,148016892210704
0,168954876298787
-0,0191336922973802
0,185860886816127
-0,00955378142663211
-0,0288108218566582
0,0264192957926496
0,04001586832218
0,128545901491948
-0,0257292275649858
-0,172567377851587
0,145402861497634
-0,0469429834958156
0,0718917134594912
-0,0398117339368215
-0,0415656567191793
-0,0978066543996301
-0,12950071441241
0,0783919741677504
-0,168914520310057
0,0912939610823529
-0,0971054667530561
-0,274972135505314
0,0658684847162723
0,0184645976591846
-0,0151505003377321
0,00936027134111136
-0,0519840356218719
0,0249698552853446
0,0293246400038391
-0,0476985916105692
-0,0988408634450336
0,0196483925993705
-0,0733070306092965
0,0221467878529682
0,0154402135170439
-0,0749460714783066
0,368748809490146
-0,180932721114672
0,0669975261006817
0,309393001125795
-0,0955458029685312
0,137223511487508
-0,039253620521549
0,107778880731803
-0,023697047390788
0,283795613619528
-0,0690497503584893
-0,00868565306245198
-0,0293840492725353
-0,0159130403766981
0,0431237937242898
0,0210035453708911
8,69237034582033E-06
0,00119429544041671
-0,000546918034355821
0,00788816357269747
-0,00157322324487243
-0,104967561992639
-0,126671761605779
-0,0680683320305008
-0,0976174227358995
0,0334150417315247
0,145930201007304
-0,0195341831060167
0,108240443398236
0,0819026287277844
-0,0125179821741037
0,00748897693123484
0,0449040405934738
0,176057608666228
0,0982508920563029
-0,0834789777668731
0,11548271591112
-0,109892040366443
0,14913936144338
0,0287796193668402
-0,0457788587321641
-0,01363086939778
0,00478699693933887
0,11114687156393
0,0211858447621627
0,174197373073696
-0,245653882624985
-0,051553605540472
0,0469957810482489
0,16429186749396
0,0253970034407346
0,0771492007782521
-0,0279177975988266
-0,0891915299333314
0,0962177444704871
0,215838950934785
-0,150728822791816
-0,0189816128852026
0,256565250476559
-0,0830760756181182
0,0167455705577987
-0,0120411696291814
-0,0866133542968451
0,146236920668634
0,0837296868147907
-0,298925951174591
-0,164290109267195
-0,314799204007644
-0,269606721334693
0,294461773531314
-0,147405815924363
-0,0838432831421987
-0,129035557457125
-0,0448473363286017
-0,0617528051212358
-0,115862837068983
0,129528201883343
0,0886410350836835
0,0711345986100517
0,0948839166006474
2,04523871108082E-07
0,000561899855546078
-0,00540616590410398
0,0218749384245798
0,00557679121476747
-0,027228847913569
-0,0255805609539365
-0,0068731302829856
0,020915762387516
-0,134594394179482
0,0194323806543622
0,0379609251844179
0,10771111400272
-0,0417894945986668
0,10279821463157
-0,029856477311123
0,062812357820645
-0,053781482410913
0,0183733259187572
-0,0039929817952058
-0,00366213067495145
0,0470672936273566
0,00783245807947281
0,0521249193502255
0,00456464568080243
-0,22629936835204
0,0516289583573383
-0,104570338890955
0,096758765595417
0,0241803936325306
0,0425510864167652
-0,2816542276032
-0,639851099779002
0,0616815496435462
-0,00730534177787115
-0,0105328634678128
-0,0508163159089032
0,0477214087959702
0,129282371732428
0,0945061130039004
0,268218778356645
0,0897292831426838
-0,0585980409591761
0,0962384541035365
0,193789381617518
-0,0788415405430591
0,0126896305808304
-0,00142765605248177
-0,385907510040632
-0,00760561476521958
-0,155271413697829
-0,0270499466200068
-0,058898721965996
0,0919510235897504
-0,0357978899135148
0,0326043544352612
-0,0388097737510671
0,11683851422597
-0,0168854845209621
-0,000214475976266244
-0,0139121621173116
-0,0090726633973318
0,0184034850903351
0,00820081971138633
2,28074201949079E-09
0,000373096251663187
-3,18289387260396E-05
0,0019065572266388
-0,000599878119572351
-0,00501480328423494
-0,00668146300768064
-0,00367634772551726
-0,0122208663351031
0,0178004724321402
0,0424103984969587
-0,00510099675058369
0,0373552481030804
0,00907636638026525
0,00931334749147079
0,0109327944813964
-0,0295906993265673
-0,0129248110418498
-0,00927013549138448
0,0193331897878098
-0,00708141669978425
-0,0002084798514569
0,00451083072250654
0,00534224483485496
-0,00283418381336333
0,0649487797127907
0,0106164009071303
-0,00261179986530429
-0,00622046930278064
-0,0145932593385405
0,066531546534624
-0,0198122631882783
-0,0131829618308857
-0,0692610221158726
-0,0430214741432341
0,0106290970366417
0,0136563969218023
-0,0443187919977288
0,0119161334451758
-0,0174760881173404
0,0101396662523748
0,00685749598294946
-0,0293458394282026
-0,0118216224596593
0,064430915220891
-0,0692806833727969
0,0456950618500652
-0,163255185333627
0,00013617277707836
0,0466664846452861
-0,0680869971176264
0,112013971284939
0,0788171991965252
-0,0894976744924554
0,051555511492757
0,279059982035542
-0,0834377490009269
-0,129639031439759
-0,225359451251216
-0,240937573465176
0,404694370923562
0,72487494076344
-0,0232424328023506
-0,00788248794730606
0,000488686111716895
0,00682492417792287
-0,0132936824553908
0,221485654098201
-0,0399548743505407
0,032085683807883
-0,00294824297831602
-0,00374933036822306
-0,0024882590562075
-0,00834802362468587
-0,057774077350247
0,0110396828839515
-0,0261271548944083
0,0219309813009517
-0,109445676602068
0,030101972999201
-0,0478897813183229
0,0917157835892289
-0,0391421359394497
0,0167550905779108
-0,0678562330930678
0,0243327658790014
-0,0336065771110573
0,0312359195787907
-0,0335393326081819
0,0577000380048087
-0,0258438800936184
0,130147345435623
-0,0338934301027475
0,144970897552338
0,0388294837115733
0,0949327542767529
-0,155847133663212
0,0130722533969532
0,127840018349069
0,235191250215492
-0,0966218872217326
-0,00327047264775051
0,0458635370892639
-0,0154399332389879
0,0311534892691653
-0,0794231015784453
0,107345998764184
0,0618082962988752
-0,062079278196229
0,18701338092547
0,137902513812448
-0,35602592202081
0,0261525711790978
0,478752453244778
0,0754800947425002
-0,0938702724758048
-0,231026771639525
0,346131536407562
0,273126614521015
-0,144178913417139
0,0487001137779572
-0,157489305708521
-0,0124506631193134
-0,0233267293111663
0,00770107287935581
-8,4612372478446E-05
2,54801614045684E-05
2,66714952906556E-06
1,23663196928866E-06
0,0194813011318612
-0,00332572114005417
0,0967017888975936
-0,0249898773133246
-0,103116847637141
-0,02648101487278
0,00454574477295199
-0,127125061460098
0,143351360924754
0,10741031107552
-0,126183624375383
0,0931918634858031
-0,175748593970019
0,115869245740759
-0,0773311294158887
0,114023343173652
-0,300825949381448
-0,226135767252179
0,0385991241300005
-0,00917673338427991
0,112185138232079
-0,118372276260953
-0,0207739870874635
0,0210080717587754
-0,423622024005646
-0,0575109377328773
-0,136809744528178
0,046865134133785
0,0874325321382321
-0,0339354547177277
0,00607442415310076
0,158147910840265
0,0763940730505015
0,326442301296061
-0,158080756625954
0,00889080948843921
0,194839384192361
-0,0986983908003286
-0,145116822450814
-0,173051381380882
0,0121229997762487
0,0867946192651886
-0,0638487583377853
0,21405837861033
-0,0129329494225878
-0,00111311768971306
-0,301112759235778
0,108470396487132
-0,0499803307758767
-0,1242114664333
-0,00591849628113858
-0,0801265550499728
0,00835435493051702
-0,00704314890884481
0,0317094576057537
0,0288329628957684
-0,0175767895095976
-0,00686816812528015
-0,0675369427391365
0,0137100842911096
-0,0586061519518235
0,0296716769367924
0,042581053148955
1,29951611489327E-07
0,000693423623878917
-0,00161554400138493
0,00842272151281658
0,00726718264644467
-0,00276108045654578
-0,00139169007644272
0,0109926920856011
-0,00763968980907656
-0,0332781501012532
0,0163474743198847
1,48748019612044E-05
-0,00345060165767161
0,0329195087361348
-0,106163241785858
0,0559962386153787
0,0345988369359818
-0,0408617923122539
-0,0367847459120004
-0,0371384037801094
-0,00276710305764144
0,0163348420393333
-0,0640719745176342
0,0595008224595636
-0,00665708113821777
-0,0175405331626251
-0,0768213347935299
0,270335222460216
-0,00246569027057822
0,149452024812278
0,1894472931073
0,183888718600324
-0,181073468959595
-0,172369939773984
0,448018775186523
0,298064534105234
-0,137417441891104
-0,0790380823534436
0,0282589057589752
-0,0821064442898433
0,052012779730988
-0,0846089856010986
0,0464951415504014
-0,214951395472043
-0,123745145405222
-0,0934414638935205
-0,0671273680420211
0,163485590882294
0,0313999945743382
0,0691859505985108
-0,134279595647633
-0,076813122936233
0,0410156830109253
-0,23519829118988
-0,31142040745158
0,29247742774166
-0,0322641379767926
-0,000915467864938213
0,148524129109151
-0,0260033887778936
-0,0485289259916765
-0,031700613588241
0,0513041535748948
0,0258163879847063
6,89116725674082E-07
0,00194716242773325
-0,00296133924482271
0,0624648710823881
-0,0164168480575465
-0,247155694394281
0,223304985629424
0,0460691566048874
0,0235664752140924
0,0540056613913433
0,00790833661221897
-0,0192145809797194
-0,0327035496430994
-0,023346011155214
0,0653143852649858
-0,0375826484133127
0,0407895638376075
-0,073446822812106
0,0457749752766926
-0,0377153665493821
0,0653567971554884
-0,0578812172245207
-0,0256495006490441
-0,00699076716752001
0,0042316711785079
0,00752029044165343
0,00539021794177747
0,0180445250511581
0,0155953228092646
0,0177445035401115
-0,0233741364687255
-0,00352890050652251
0,0161174379299091
0,019681809878277
0,117814716839334
-0,169424767410549
0,115168392540646
-0,327810964293945
0,147245280604405
-0,0616213503767091
-0,0703939179497598
-0,0252758428207556
-0,0158690750239585
0,0383429918921397
-0,0251417517565785
-0,318225306997845
0,330361583710955
0,183413329508705
-0,00733730904665627
0,207832559758604
0,0663405974196044
0,0961681738202541
-0,122970216265318
0,103849721270738
-0,235600994837764
-0,183183471371701
0,4472438575313
0,141862282232141
-0,0675484498848065
-0,0304042964847801
0,0340432997699271
0,101941542495595
-0,0209819324573597
0,0129484033623101
1,0690639151476E-09
2,23525160129687E-05
-9,04681808883391E-05
0,000631981405383755
0,000648892216821762
-0,00709796549964107
-0,01438458490374
0,0105931318618174
0,0358126895273633
0,0114544790530916
0,0310898468213145
0,0185262781130347
-0,0200369455246356
-0,0169791242684187
-0,0103135023999456
-0,0388711375215227
-0,00187565060232367
0,0178249800289411
-0,0334339616732631
-0,00898745814237516
0,0210707304545273
-0,110116827494839
-0,108560911294533
-0,0166385942235767
-0,0399913588419078
0,00354439058380846
0,0271703855743547
-0,00999407204052402
-0,0185141270971676
0,0708749385294287
0,0499127829945986
-0,0483360482158872
0,00459710583443088
0,0217780934738693
-0,114205987614471
-0,290823130905046
-0,822413966559896
-0,216397954194594
-0,323939106782498
0,0121813298974261
0,0261759993480367
-0,0351000419292563
0,00633455453545262
-0,118493157056278
-0,0218282053369176
-0,00291072139430735
0,0649360432633997
-0,0376977280185667
-0,0287369699056149
-0,00808448862811992
0,0274893088798901
-0,00762854923527898
-0,0134630858278116
-0,0126427004662504
-0,0343987825759663
-0,0443567060900518
-0,0148893506375142
0,0217628375538127
-0,0330694356277098
0,00148910963024323
0,0143505064585966
-0,00135262297454908
-0,00959601772299973
0,000791973092097301
4,81091206549931E-09
0,000378137730473789
-0,00403536129548388
0,00767086493454163
0,00806709919221123
-0,150384935110313
-0,205547505636074
-0,0126938360775989
0,191521142746347
-0,0572112149965517
-0,0562490425475869
-0,244321101050681
-0,106945186650821
0,0689679108294147
0,0211917966367406
-0,0688746353394444
-0,212188942439488
-0,129138334171353
0,0923522729711301
-0,087614735656961
-0,0173499209945519
0,269472956342483
0,194415470962021
0,117403148482725
-0,0741021179872335
0,0122779340178716
-0,028386032203332
0,0680240779923836
0,0606527586989338
0,0443043932995107
-0,104287004009498
0,0730123410654304
0,0724281492748378
-0,11594431106847
-0,0690780244203641
-0,00646410169039763
-0,180704738515671
-0,081164400629408
0,186378287928769
0,0428151236550881
-0,158348986734148
0,177198777808826
0,152272046085745
0,129346489420968
0,312436022623185
-0,023550369984778
-0,226328777265099
0,101226705847798
0,0767191958258838
0,264517929689884
-0,0427988419214339
0,0772154151343405
0,0875034118743444
-0,0283799282748657
0,104603208527578
0,0574107888738654
-0,0317455838903528
0,270897192461766
0,0346247871958803
-0,175363924266627
-0,0615777942115551
-0,0354778764496454
-0,0282407261893673
-0,0376746400155052
3,54738805695932E-09
0,000671863548790168
-0,000165659397098888
0,00227156200535643
0,00111449311234304
-0,00781116099745203
-0,013028947739587
0,064876195868588
-0,0508194390725826
-0,0529193597225511
0,0737285776363089
-0,0622469229218763
-0,0630267664855008
-0,241412893968216
-0,00119658807763793
0,108029122111796
-0,0651690395101571
0,0351803068074513
0,0268182928326551
0,127160184711182
0,11665613674075
0,08766955499047
0,0255110856371078
-0,342714471759271
-0,143773397803695
0,0378559447552271
-0,146512669796836
0,0527032738638038
0,154565128702844
0,0118141722797996
0,0128016595241026
0,00721802106566962
-0,0400910597098517
0,0668450555037317
0,0191651468482375
-0,0325295061049096
-0,0328280050265668
0,0543099764142204
0,06362894126467
0,0599768707532036
-0,00230374292447155
-0,128835944692803
-0,0386097473371745
-0,0408213582852921
0,0157495835635755
-0,0947875103624247
-0,0883560112890585
-0,0269800693525551
0,103007619210843
-0,00159526852624543
-0,052504286503733
-0,0705898778975878
-0,158907411083408
-0,067124568096324
0,0887027437538542
-0,132425384167561
-0,0550505430123793
0,219597098811105
0,365796489202289
0,400955721648141
-0,0079979497107165
0,333662953597194
-0,168595387213591
-0,242295625818058
2,97239180578833E-06
0,000339591603310918
-0,00395099413978493
0,00842700649859715
0,00979333599157056
-0,100043043177416
-0,18763637800681
0,0918782525098762
0,363415363902881
0,0374405679134908
0,174013415855283
0,00812066196020248
-0,206867833521963
-0,012101649322273
-0,0294408986113235
-0,23198876278662
-0,114906217245869
0,0015498912523323
-0,311334776930125
-0,0867584350662265
0,157824549475256
-0,0203003325636713
0,116567344150014
0,0952994826948112
-0,205310856333093
0,0396080050901438
0,0112721986002703
0,00369228591922668
0,0132642263373521
-0,0483745986043665
0,145586200141817
-0,0052844216727971
-0,124745059367837
0,170798591823664
-0,00218836013887738
0,0437874959399627
0,180020055407615
-0,0283992646517702
-0,355492374527523
-0,0487610813911941
-0,178655576641675
-0,182480761316229
-0,0402146719240602
0,172559802184518
-0,203643224989299
-0,023194112727102
-0,0313061101320472
0,00600766703618373
-0,0514714091246585
-0,019046102809329
-0,131668860937187
0,0277739264959527
-0,0863618389466096
0,0606415803699201
-0,0194365617622961
0,0943962711872052
-0,0290929168809144
0,0844185517320058
-0,163936774149864
0,0892937419717114
-0,0307007461728432
-0,00385333706819283
0,0920539403675269
-0,0969805738704899
1,33289503638263E-08
0,146499317481169
0,00252151248225813
-0,0163048242562764
0,00267194445855027
-0,000443189253779973
-0,00381879575945767
0,0460590535445648
-0,034338255620027
-0,0601946245016546
0,0407772663088465
-0,0552917122581382
-0,102524494587814
-0,155583177969116
0,00685821943558085
0,106814530367898
-0,0144759790892201
0,0784981289707797
0,0263478393609703
0,0695814706136659
0,0978795588100315
-0,0295417896254949
-0,0225278210553265
0,396689391979596
0,145090339211389
0,128856567998841
0,0130372811894747
-0,271016978455934
0,00799571840062342
0,14782947957864
-0,0243156423589392
0,0406954878581292
0,00362328362902714
0,0839929726157508
0,00795646651231035
0,118545851349073
-0,0163840210232435
-0,0693862742027857
0,0122293003110392
-0,324342897291871
0,0957121729596643
0,24973772993093
0,185697691023129
-0,0919122383586097
-0,199119361107481
-0,136068339734708
-0,10927799931097
-0,00875873059638218
-0,0590844374525374
-0,125295672031279
-0,0888496574445632
0,061934234167046
-0,284609955841593
-0,210300268707294
0,270482992080492
-0,0469071211858675
0,0773500938987455
0,0914912324635249
-0,0253178603971644
0,0178616165303297
0,0964773367025682
-0,0397141985316442
-0,174953146814958
0,0134068640411193
3,12321852791668E-09
3,77300958451713E-05
-0,000277433336953127
0,0011510406357425
0,00125498333528518
-0,0283186007608128
-0,0486509764013091
0,010654278649722
0,0804144038031483
0,00767631927489092
0,0456566109979734
-0,033794734379262
-0,0668247607900422
0,0123121385363844
-0,00999247748229719
-0,0967837931515647
-0,0781733059145609
0,000552017135288143
-0,102399457907044
-0,0995792715373825
0,0921244126846692
0,0905041018571112
0,207354274143631
0,179120856333181
-0,268506492570205
0,0530200982945592
-0,0188485563899358
0,152988882993269
0,15396332586361
0,231231973186149
-0,329591413174877
-0,384589572952114
0,16528285548549
-0,318178182252293
0,108114136118335
-0,0764651310380523
-0,00963439213167029
0,141030480783897
0,0850214448848756
-0,0451516872452576
0,25848197760472
0,0101343574251253
-0,0967955796649578
-0,144258901615901
-0,0679268265251048
0,0409618504263082
0,161891774047453
-0,0989925162182143
-0,0692909001849341
-0,0637625470913216
0,114226910793883
0,0434597352584438
0,0191650101549441
-0,0843774883686894
-0,030408746770872
-0,0146991284011473
0,0688145276222826
-0,198728374634995
-0,00992401324816961
0,175126179494832
0,00793145505725957
0,000223263140725501
-2,42152149131844E-06
8,45941637029166E-07
0,0262016052534469
0,00878940548339849
-0,00814532541608847
-9,0417411975495E-05
0,0288191715868199
-0,0333498215341697
-0,079288956109597
0,315554633718393
-0,0737737904272012
0,060102836358109
-0,185814439881677
0,134658487902283
0,149101906058995
0,180797141664016
-0,00394215016785524
-0,254560153781355
-0,00552824106461963
-0,0236882980584201
0,00239138142336041
0,392825605210606
0,296785425925986
0,0823213466441474
0,0295765707498998
0,0619123970616706
0,0321215352257647
0,0677203265080959
0,107646046384469
0,0793727696371934
0,319892888666266
-0,0506301847510402
-0,00805674190224854
0,179087731113553
0,0369473671394783
0,134950030913213
0,0365985602452324
0,0540319924794194
-0,0606406573901516
0,0177830807275219
-0,0414790592331733
0,0127447275105245
0,131238017733413
0,0775455736975723
-0,00112215665215863
-0,0601623486278143
0,0318433859596897
-0,199742286896468
-0,108352347988781
-0,0408274330103175
0,000148153462137751
-0,106600949557539
0,0758605859078909
0,0223845963346873
0,151146770036767
0,239441740704257
0,0869659591838104
0,118715157010649
0,171320070740749
-0,104341251686495
0,0701619996028304
-0,0188886900102409
-0,126929033185501
0,0454874761322145
0,0293211528352167
0,00191753384990423
2,31199262797346E-06
0,00109233343779219
-0,0431895326067397
0,0406255560186655
-0,00502860426077642
0,00294121346118749
-0,0277634211194375
0,0222154634420634
0,0747544763609394
-0,2080542343822
0,0338123130563277
0,0844163869228608
0,120201228547671
-0,0384136795229496
0,117936297043533
-0,0345829946475541
-0,000874060846323649
-0,0448747396788651
0,057285884807207
0,055680028642256
0,0314800994734275
-0,139243326458489
0,044443008487
-0,0576209958098694
0,043309671216955
0,00305766893687239
-0,0346941035821968
-0,0452916494537684
-0,0927929496378573
0,0419086680354513
-0,0787721173579676
0,179839687785791
0,282508569645055
-0,22937851083597
0,102453528483735
-0,00114500545231573
0,0445002962596867
0,00772788519120704
-0,0976595623072758
-0,054386963703687
-0,00914818693402591
-0,0704103251496111
-0,0213356310673928
-0,0755791187028069
-0,0104315187676439
0,0294280972891314
0,0859235436148443
0,0491988892394635
-0,470397366958799
0,0899200230914516
-0,247959969948525
-0,41606894188215
0,248638980326007
0,0603594933385655
0,212578657300132
-0,0486312707942313
0,0514533384832882
0,217558816252613
-0,0824718610341644
0,0410546771059803
0,0238691802090164
0,0455940002379794
0,0147964068649984
-0,0336153263976994
1,2103670653353E-08
0,00155270227395855
-0,000412106720289796
0,0101135704035495
-0,00333370036951125
-0,098657327778885
-0,110599561159456
-0,082989435907852
-0,118487754955496
0,0577417601044283
0,148869567949206
-0,0693645225999214
0,223522669074894
0,0276928489298577
0,0444318193727685
0,0246329904726467
0,00360187948657974
0,0807526701338066
-0,0794018326297401
0,0754066218053239
0,0397058753469996
-0,0915582225679151
0,0569593631227968
0,018552755863673
-0,0171111046093884
0,356758401119985
0,0533663457542811
0,0684864677752731
-0,052591506540679
-0,0246840296030266
0,254099595258512
-0,150466502630246
-0,0769176885246319
-0,237426839099748
-0,181272874559539
0,0521870485568419
0,101224119027636
-0,230266866450036
0,0154110821156658
-0,021238878878844
-0,157998012724583
-0,0392283525710851
0,0705256215625424
-0,0721323275026155
0,27051985269381
-0,182953680450353
0,0963232035643684
-0,418630652723583
0,0564000236058491
-0,104907817370335
-0,182448973259177
-0,0358184157486756
0,0790869861152988
-0,100946347479077
-0,0124042685579443
-0,0252927571674908
0,0611724814773314
-0,00521235643563843
0,0886671006938894
0,0546409470805764
-0,0936990116969695
-0,191014005141978
0,00616028685875354
0,0020811465654358
7,0903432352151E-07
0,0051214285376614
-0,0135150208858446
0,0673450293461003
0,0599843134736015
0,00138012382728436
-0,0227648763319692
0,00901231485374289
0,0932973305944224
-0,334136136702051
0,121606476331832
0,234415351129493
0,338093014481985
-0,270065823591893
0,039097995481017
-0,201886809405595
0,121727337217987
-0,0942162983705603
0,243813169775441
-0,275179359026945
-0,0420277670413517
0,33207240359514
-0,22461186035998
0,160818475060022
-0,0491531708608361
0,100603402787568
0,085174171387206
0,0869442125161302
0,126516428114742
-0,139539325170623
-0,00591501265267107
-0,132101708560657
0,0168665711800265
0,15172301170425
-0,0554428634619908
0,0094272687420041
0,0237520360449221
-0,0437017957158944
-0,0270799215807296
-0,0317025956074109
-0,136187438408297
-0,0439332345525731
0,0151782768224483
-0,127267897028655
-0,122462630590083
0,00725901203570072
-0,0250452518581346
0,00790683651813188
0,163207909912407
0,0910635896370882
0,0296093338887745
-0,0874839327075712
0,0653444404152679
-0,0520327218284184
0,0377346400276117
-0,0228171050909733
0,0145986775721093
-0,0854775608691686
0,017596862590239
0,00374892237945748
0,00969561282417944
0,00513063730441848
-0,0139105853169436
-0,00677544399947365
6,57788354056678E-10
2,62444305151085E-06
-1,00992629940148E-06
-5,63049658485526E-07
1,93634407731443E-05
-0,000117196194128921
-0,000292417150484622
0,000905271845143986
0,000252923255851151
0,00103285516052094
-0,00157910994677656
0,0014338990079376
0,00170496084808267
0,000700884753218896
0,000271467321848816
0,00198437306137581
-0,000237353701620177
9,42880729895329E-05
-0,00012006606063414
0,00293446072656657
0,0119724597489194
0,00569460596676174
-0,00232039667104138
0,00322770637287278
-0,00780918633151803
-0,00284773142815316
-0,000437623267444406
-0,0006604450238281
-0,019959228229107
-0,00536237573347585
-0,000182911401110183
-0,000305402679044924
3,4315857160416E-05
0,00260937853703923
0,000973315116220593
0,00564401940374312
-0,00682062522516336
-4,72869247168796E-05
0,0131645384360598
0,00635026179539499
-0,0108133813432884
0,0209435272578876
-0,0383923154229445
0,00377902729625237
0,00820742245220555
0,0444390584293176
0,058785687267563
0,0151297729213236
0,0344278257414492
-0,00755747433069922
-0,0839486287878991
-0,049000483397618
-0,126482662862413
-0,192631921534382
0,0753751218105487
-0,112109424323371
-0,0511487960023119
-0,022680643483902
-0,190713366932415
-0,0285738718109363
-0,749021609289459
0,374407755807603
0,0213832821503623
0,408879208600787
2,06092200677037E-09
0,000972259242342357
-0,0394913447939641
0,00462598995263891
0,0899546224354927
0,00191200626924065
0,00766709284871982
-0,0133358723748468
-0,00537478803754823
0,0235961849013215
0,00879605600812007
-0,0171744203246486
-0,0253111537333573
0,0124561805991199
0,00257922064108894
0,049646763640003
0,0394744548127552
0,00208470951830135
-0,0436567652934233
-0,0370045108087793
0,0128921942387778
0,0802113175026653
-0,0389288404648973
-0,123651661407573
-0,0604514498801829
0,0742029450660163
0,439486184205121
-0,145229254557084
0,0255909067880982
0,095691952633057
-0,228455167070794
0,151075908206598
-0,111972638734301
-0,0995554113244023
0,0349815986873059
0,146023442621803
-0,0306410990561885
-0,0340002136282163
-0,0532243134190702
-0,180235948254232
-0,119028812496003
-0,275429126140751
-0,255270554215791
-0,0525204405277404
0,260291372464829
-0,0329993967877286
-0,114818384873215
0,153051949173196
-0,00769159345338765
0,0100493047265087
-0,0573468825725322
0,0480745393134144
-0,0260466785682661
0,0667600464364616
-0,0283912443069897
-0,0598561591993369
-0,0455524171523048
-0,193086244521844
-0,157229455215911
0,0438310929362816
0,0147132880968153
-0,0663596178681349
-0,465377817854032
0,0331967091587128
8,70647106228961E-06
0,0012060126063873
-0,00255407980700927
0,00662134279325517
-0,00327993135049976
-0,0813390206537854
-0,0959604635992168
-0,06614268305369
-0,128143435680145
0,024258877435711
0,131452890311093
0,239322236062643
-0,101550884160316
0,075472900442133
-0,0242551333365656
0,0476426084134654
-0,105724658794853
-0,0503550201319133
0,137194580927485
-0,0672247669813691
0,0418613388994475
-0,0415869322959879
0,0688887049518651
-0,0110998761280793
0,0303610330353366
-0,0767612459633858
0,00107573695121563
0,023461233785136
0,00116195072407096
0,0924073977183395
-0,142431213285273
0,0815343308841823
-0,00589314265244381
0,211040865013375
0,0886487011886028
0,0821590499546076
-0,0480429401739456
-0,00942331922440843
0,0337915596916251
0,112703415196795
0,00328943132933356
-0,035010745964907
0,0305801763364222
0,0161151776983613
-0,148123104250509
-0,0881204166112326
0,0624556024953527
-0,117407485725282
-0,0264994273726673
0,0602183958201405
-0,400369560277216
0,449847853062859
0,373380891733415
-0,0770875339779697
0,0328716034667657
-0,340967415999582
-0,101844540982905
-0,080345369287599
0,0525359818673387
0,0410687411716738
0,0290885970082681
-0,024180052049201
0,0361433832406871
0,0460653229231002
2,6136338576002E-07
0,0018048949176621
-0,0912032485813703
0,0285270755355038
0,192293139576192
0,00323517865511248
-0,000551785522581325
-0,001953257866816
0,00702116092172406
-0,0567998005925097
0,047170629099902
-0,0497407977168165
-0,0739200045102342
0,153446879731798
0,074401626744302
0,221181995307307
0,131771487612572
-0,0632536048239042
-0,144090777754231
-0,0509275725538323
0,0567464038863789
0,0485438397657194
-0,0974408433769863
-0,170132431341166
-0,0932475650917694
0,0669661444530586
0,489294686700595
-0,0704507749694673
0,153668596333114
-0,0391678050783215
-0,145466862955794
0,0230754123546157
0,0133657167109983
0,054006757134786
0,00329910122312972
0,137584505100261
-0,0793196926057439
-0,0126605562054657
0,142308597285291
-0,173796940486814
-0,0288590125513117
0,0668410822138799
0,0704339456530357
0,0775839717176354
-0,135977303884388
0,0364631100933433
0,0809249935786158
-0,154445065865912
-0,0223097562534778
-0,0429424214140205
0,148550229338205
-0,0748930969601307
0,043940019093379
-0,10729873414954
-0,0449741409215925
-0,0517514711871136
-0,0683845113929328
0,237950017612856
0,0549679538633519
-0,0303245758161507
0,0192648963244924
0,058757705579823
0,452725941052021
-0,040861892994105
1,07020388130612E-06
0,00290692388001402
-0,00269139580109253
0,0901520099993684
-0,0248902130056303
-0,0960584159113352
0,0903865721530859
0,0215846991931458
-0,0161637714624845
0,151358902523108
0,00988702389192131
-0,075696021544539
-0,0671524205683224
-0,112925875701674
0,104024475337681
-0,105567874344612
0,249623094058321
-0,335807784575298
0,0735847848674885
-0,2202809609205
0,338238887587106
-0,0898891005362009
0,128832460220349
-0,110291067638529
0,351819914130683
0,164956239390879
-0,0266449104634508
0,094094401601628
-0,0568668788603766
0,0944150110328133
0,051823310301198
-0,0632046315682935
-0,0259007993358532
-0,10679909497329
-0,263824805041575
0,276842705051125
-0,138832674957312
0,369117791708904
-0,0635481174940069
0,0314477773541368
-0,0114642924504538
0,0115190897602808
-0,0170128121924367
0,0326703896450622
-0,0630700497800883
0,0053901839318839
-0,0403796596302371
0,0337862771021306
0,0145529540484368
0,0582444824310303
-0,00524379578806106
0,00893173747353032
-0,0263849514305754
0,019534376805934
-0,0607398538419307
-0,040652916456915
0,0818582098076386
0,0151609953168136
-0,0143055744674325
-0,00821195651558532
0,0105323525728425
0,0280448730727607
-0,000909440553544018
-0,000306548040917042
2,96701095328201E-08
0,00489888620921888
-0,000208757312289307
0,00149286826081151
0,00468595390818297
-0,0208387954197234
-0,0360087754316819
0,147928293591516
-0,0942443663719529
-0,0378406353292815
0,00416946895683509
-0,0596847548340161
-0,0379690910620872
-0,123276810017035
-0,0155883146433451
-0,0056114553914546
-0,0528031704352378
-0,0068648576562964
-0,0469857370392542
-0,0655070390140746
-0,14607099389312
-0,0679680677302389
0,0792445132252994
0,0602138664619096
0,0847089954079759
-0,180916876291647
0,291204997860385
0,208912219017713
-0,241809923226313
-0,138845937168407
0,0954106334470359
-0,159160029883577
0,131879944408041
-0,0683495189075734
0,209779951084801
0,128004842096558
-0,0632879168930919
-0,0597057936889133
0,012916358969549
0,350728256353312
-0,0929876216368368
0,0731401835374031
-0,232414821077012
0,0401482419310022
-0,127369023559413
-0,344183195291287
-0,281166414415558
-0,116514613329736
-0,109017342916136
-0,0600201445327464
0,200699142224944
-0,00720549692277262
-0,0732842677356703
-0,0289147300278638
0,171027719561031
-0,120590557996311
0,0215867999773414
0,00376002779999066
-0,0494278908594279
0,00885066021347988
0,0170920397511937
0,0112740184659364
-0,01820516666166
-0,00916806095177726
1,99425685785754E-08
0,000942903774434957
-0,00328173431610168
0,00795978424612602
0,00807436143119307
-0,178448629272271
-0,263903542530257
0,04602694098693
0,271232364604309
0,0733372481143316
-0,0695670516881191
-0,131681875181041
-0,073645146644931
0,0118966624369674
-0,019551102693691
0,103577477323923
-0,0156287297834475
-0,0598143375219189
0,212685895969567
0,0726682265818878
-0,201982959352263
0,23878256136919
-0,0122806167274082
-0,0518823184636561
0,284637757373103
0,0126381939657509
-0,0273908095104718
0,0196657026228708
-0,0385724606009494
-0,0394301522336941
0,0172961871397843
0,0376118652928063
-0,0243169074362419
-0,0497520222547129
-0,0292402562290399
-0,0865316514338447
-0,0699253354404598
-0,042403170670442
0,169850395570742
-0,133402901418994
-0,207589782288186
-0,0782117129563584
-0,180313892691681
-0,0319879435973611
-0,221745439097123
0,107121769828226
0,0966500513530077
-0,119840994582833
-0,215423642648334
-0,273656309646314
-0,0688041626602158
0,0602802726968502
-0,0778460918548814
0,181423027878596
-0,0390997819399031
0,101847263068412
0,0804145770168384
-0,146877738875296
0,205174464231617
0,107530095561104
0,0339801117161281
0,0439942551247426
0,033230834701128
0,195229195480555
4,87741317014701E-06
0,01248809384776
-0,00140964598075644
0,0021557861837898
0,0141728929267616
-0,0285324518122638
-0,0605333418255991
0,326913400089036
-0,222108480114115
-0,170230663151938
0,157439753551512
-0,170523005960907
-0,22801385907828
-0,430641450870705
-0,0487961202121317
0,191292497595172
-0,0870501854831116
0,124998026947792
0,0574873053950173
0,067648078798791
0,0693491995205349
0,00325549979439306
0,0544922744143579
0,0484139488399599
0,0317717029482851
-0,0235509772149814
0,0662234927508847
-0,00739945301207996
-0,0810864766832529
0,0237157567060503
0,0325870053900363
-0,0804850178563703
-0,00597346851589812
0,00571581037675697
-0,0454417520093228
0,0198959918593092
0,0471265344515738
-0,062359769028402
-0,0905954091768558
-0,13747265232524
0,00207882297472771
0,214431631559964
0,000823650542290222
-0,00112866015751986
0,0385820609449896
0,12143333642926
0,0698814817392912
0,0166450671104775
0,0566793454361871
0,0770387496396662
0,0348544044786158
-0,0416312258057146
0,315212177610918
0,300140411282624
-0,28012926287551
0,057356284096566
-0,0913464111077685
-0,0754679947341354
-0,0600357359869631
0,000705588754311842
-0,112890370164931
0,0222724206275691
0,0219571899227438
-0,000761468508359229
2,93232165986354E-09
0,000407679303967375
-0,00347419120171356
0,00759493401904304
0,00819608015416269
-0,160857051479336
-0,205966527431095
-0,0269073624978971
0,160786849048712
-0,0792844601422731
-0,0999036178030015
-0,272359864373844
-0,0690918779344099
0,0390064536097058
-0,0577551430811634
-0,0716332572548296
-0,246233148831516
-0,181227667803162
0,220954418600377
-0,0146111555914043
0,00911598231165017
-0,0673358785646218
-0,247896461760117
-0,0649169519024352
-0,040882652872545
0,0457183869116455
0,0494092167335266
-0,101885077909115
-0,0784233896792972
-0,10127211748928
0,0342751852350893
0,0888537567508547
0,0161903390827686
0,11530435226502
0,0389428388281017
0,18306631344777
0,128848484972277
0,0633549894726243
-0,176125100219915
0,186301291780953
0,317688707067571
-0,0122521270984059
0,0910028356510693
-0,369364621096104
0,149658154741733
-0,0194244097616966
0,180426288389411
-0,100319212358885
0,0149106772000582
-0,0844869172272762
0,145511234819565
-0,0068518230188573
-0,0509710832611205
-0,0495384974835132
-0,120433962898569
-0,167913048875705
-0,0555344970228644
0,062286241682844
-0,110814978443925
0,000191406283170877
0,0512279452725701
-0,00856193175063846
-0,0225870141964398
0,00577557786185088
4,47853387452106E-09
0,00508841174806816
-0,00159133148922972
0,000257865346186752
0,00853864881447395
-0,00294509126860427
-0,00823726894437851
0,052856748677393
-0,0383674833684504
-0,0566903015109545
0,0550094244050108
-0,0553477655736337
-0,0958527823122753
-0,0954759424051996
-0,000935379521463545
0,148353184247489
0,0184856923532821
0,0484250347383989
-0,000553352357169456
0,0331530429017436
0,118719617117081
-0,0174557791122178
-0,106131929396674
0,472752604465431
0,138207906025669
0,149289867921627
0,0122798084626086
-0,253209195288259
0,121478446167077
0,1218837539101
0,00461002816116398
0,167581172117518
-0,00999044503042977
-0,039265428384891
0,050392305021204
-0,171262216647562
-0,00844793416774295
0,14704498440512
0,0729217392646232
0,396427183172223
-0,0747165118663536
-0,412136826534351
-0,148457602659279
0,0781606513944337
0,139160059940472
0,01126540031381
0,0289919493027048
0,00522590409471546
0,00352784830213241
0,0626330723809683
0,0753053978501616
-0,0423960724111148
0,00614840149479927
-0,0888779084169258
-0,0352131909590612
-0,00657886724821676
0,00484813505504211
-0,0403493151668089
0,112087741890236
-0,0272948303501773
0,0013613578344724
0,0297448459080677
0,22624199987985
-0,0184885550338499
4,10549599978643E-10
6,98462362657083E-05
-8,092272502106E-05
0,00357765178610731
-0,000934035397296442
-0,00434757603976655
-0,00195155986728508
0,00532833706512604
0,00771519555301195
0,028082628790957
0,00209528041233003
0,00204255156266064
-0,00824630071712447
-0,029704004881274
0,00517035604698318
0,0156543839429794
0,102409649957033
-0,076148898612504
0,0807897323830384
0,0503547686757026
-0,0664498113279021
-0,0643835786600175
0,0756495806876092
0,0638876223308557
-0,180726130841477
0,0336567104715129
0,0140749368789763
-0,00188125543654777
-0,00637676084212526
-0,0309435007763107
0,0171790274529329
0,0650371656183501
-0,0128502698788806
0,0461515055891705
0,00456276288349654
-0,00550606021887747
0,0145437373474395
-0,122795290306975
0,00252719089933016
0,0355635066203669
0,173217943494652
-0,0173199017486934
-0,0935567591563781
0,0484809521719794
-0,0262274050231063
0,442657927346949
-0,479996843892252
-0,228856033198795
0,00410489839123153
-0,0509144109215004
-0,111197958763384
-0,0529544986357966
0,0304498696975463
-0,0920026996893383
-0,263301108116252
-0,177503740091867
0,474916641336859
0,0653282422530733
-0,0522965835750389
-0,0507941305804571
0,0513012048150258
0,0889314740331804
-0,0338701141384768
0,00894167526182559
3,40387398597381E-09
0,000520687046289096
-0,000139311936061087
0,000963127354263961
0,00151686268354045
-0,00525100863688907
-0,0117492106870742
0,064338778827775
-0,044964758194166
-0,0605534469711625
0,0620119665718769
-0,0552820779004932
-0,0758842414544622
-0,230227615603632
-0,0113602787649532
0,107839932460138
-0,0586444109930308
0,0632039635474392
0,0590837963835786
0,110683070710134
0,129851792817462
0,0720201138704684
0,0450562104382724
-0,336662923042088
-0,147692892467414
0,0491992164908332
-0,124163164778894
0,0603286537844075
0,160805308723532
-0,00596171364303161
0,0475295140261388
0,0027804636381246
-0,0487347614057366
0,0392465069390892
-0,019386928244725
-0,0203728937977303
-0,0275188851116147
0,0253604666678844
0,073131771570776
0,0683012546050183
0,0301110490039301
-0,135452525043188
-0,0549896879117991
-0,0282791526647636
-0,0124878178727711
-0,066145348596137
-0,0496802486886644
0,0638487485648869
0,0336273815562948
0,0344811140421289
-0,00370675670830392
0,00140799314114699
-0,017808673879571
-0,157461171682911
0,233835961177274
0,105202160089444
0,144904108970256
-0,00530667359617823
-0,290260458713348
-0,058081425638115
0,24727469670696
-0,286775852147696
0,181073839626679
0,502238319162226
2,08910905535853E-07
0,000438569667351149
-0,00368498570731117
0,0203524854007244
0,0030027529306722
-0,0252197263960026
-0,0685566807529489
0,053479082614813
0,178947940414493
-0,0605714562333551
0,170445892472945
0,166434150912188
0,016811335167986
-0,145085375757729
0,0129776337733927
-0,174871695319578
0,0811212445525582
0,0947302463148889
-0,137087461678221
-0,106196952722438
0,0309003820963551
-0,119686098332819
-0,113321322586939
-0,0544623981045261
-0,0346085453587279
0,0615865368041603
0,00757734822354886
-0,0574862571586214
-0,0509925768612812
-0,146179251984851
-0,0181101259649541
0,311356276029096
0,103840228177826
-0,129811966819463
0,0480557550423383
0,0309865672592985
-0,0674496451721832
0,0132684023485817
0,112513299047361
0,0846917099189991
0,0850851844353449
0,268165584609365
0,220706592822969
0,283686830385654
0,22147154762736
-0,0118875651122932
-0,0219111060897094
-0,0154640351591013
-0,151936904370401
0,0105030222677692
0,0991038964230521
0,0998529445352025
-0,105260129582778
-0,0463495485650561
-0,176346813616426
-0,018219211453546
-0,0467401507998479
-0,226350774705673
0,129110930260661
0,292439658572778
0,116905063379253
0,0352771706437782
-0,00545113804224088
0,261970472779729
1,35257351529333E-05
0,000997943364614367
-0,000327869627914857
-0,000113532747552926
0,00325069916755941
-0,0155008923163731
-0,0356726010024552
0,0962280664895925
0,024894732072342
0,0841119600735437
-0,118729525316507
0,105771013696087
0,115954964364801
0,044093521797509
0,0164213005285743
0,10954038872573
-0,0128500585453261
0,00498611561655285
-0,00570353563216776
0,12383532413454
0,477832315952967
0,214169320012639
-0,0857998462480533
0,104500537366757
-0,246574322527567
-0,0863500737166127
-0,0125241228477207
-0,0184373166780256
-0,510849401992574
-0,126146699072833
-0,00397639354271069
-0,00611975400339413
0,000621154654325098
0,0441849389878899
0,0140871335045152
0,0791801167019516
-0,0931793697186542
-0,000604290139168296
0,148449628397322
0,061148350683763
-0,0912209541614233
0,158261699327313
-0,250898838836708
0,0188395655685087
0,0387826196337877
0,170845160021678
0,212555224407936
0,0515668696469475
0,073455027521482
-0,0130439257558613
-0,126249357290503
-0,0531110401571925
-0,0807798326021167
-0,11044291477977
0,0167249405357392
-0,0067780088948158
-0,00132479089259366
0,0010323948897753
0,0172090935290402
0,00326831946761447
0,0908637814555764
-0,0469215232714909
-0,00268104128833536
-0,0512658488010989
