0,999363768003083
-0,000627504981325628
0,000640664289963118
-0,00205158521297138
-0,00100099100526781
0,0029571068369737
0,00360165569599786
-0,0112679797692275
0,00229204944525562
-0,00307008064924883
0,000841072749169545
0,00735647924682026
-0,00232320145920407
-0,00936213170556386
0,00227666046559242
0,00699667166516531
0,00180589972257169
-0,00209927783981239
-0,00498361044531012
-0,0119351736570831
-0,00532215191512347
-0,000610101176515317
-0,00182157398517087
-0,000899063597743083
-0,000642150108644482
0,000885359182325163
-0,000948293355774341
0,00160337967224906
-0,00862242103984776
-0,000726010760825012
0,00727411366948938
0,0065730591334467
0,00294618470236113
-0,00754754073930558
0,000474380017810692
-0,000569202340488528
-0,0036035228859537
0,00069775215899335
0,00311625878459344
0,000310933968521713
-0,00336987227935222
-0,00120836075622274
0,0027936004405367
-0,000745934060840881
-0,00134825664797434
0,00655539834023069
0,00456245911502879
-0,00594634512983722
-0,000350651972531882
0,00389736651737852
-0,00765669834963281
0,000768135192402787
-0,00323974552360326
-0,00368706759984177
-0,000354953745580374
-0,00813286480156452
0,009278782391645
0,00300478119443127
0,00450724172866742
0,00083469150304177
0,0040006798101366
0,000571084659290812
-0,00265664457820375
0,00109908982938488
1,32004741176369E-06
0,94130857345681
0,029295857811123
-0,0647608382259088
-0,00658728654130118
0,0370930293133591
0,0360171871876834
-0,134585950193269
0,0290701630542361
-0,0224040859267164
0,0497105046942627
0,0409979251616315
-0,0258747164660734
0,040910732327023
0,0042191591911865
-0,0577212619054876
0,0331647741280086
0,0181360950638576
0,0250055375905795
0,114797816918047
-0,00416959350333861
0,0402055367235556
-0,0148742046651807
-0,0559218211609485
0,0114110294782803
-0,0421410337183199
-0,00674784709690785
0,106336971260333
-0,0444066492903101
-0,0432428714626073
-0,0421029137375351
0,0326193910652665
0,00999788786608658
-0,0271375472783336
-0,0127008790116513
-0,0015173589484576
0,010587997049522
0,00852547029183012
0,00284322322278124
0,0161852812896827
0,00734275700197877
-0,122714955700075
0,0333238286808487
0,0492796607249919
-0,0038768684688707
-0,0154637374848911
-0,0256618879769689
0,0169350937403301
0,00700054901344612
0,0355412593822297
0,0185711438060628
-0,0204766615606208
0,0409995691764596
0,0749411666799007
0,0564048445315205
0,00115670779441537
0,0291859030745352
-0,00889842950578999
0,0112276524933907
-0,0060372518098594
-0,0316053656164462
0,01046511298987
-0,0207021981674406
0,0147836236816212
4,3306507874955E-06
0,0181561366614169
-0,936745377503254
-0,188654246971818
-0,241126692622972
0,0177317899446916
0,0149046851032405
0,00977249236189454
-0,0188539764823322
0,0868739506845353
-0,0162871454585126
0,0208434303113624
0,00481886665215064
-0,0639061071010566
-0,0678233736248528
-0,0455868020394722
-0,027640416706984
0,0422430579463141
0,0354925675348305
-0,0210222954417724
0,00104443418503167
0,0185360166238624
-0,0157133616062699
0,0214005157914437
0,000291183636257403
0,0102188356687742
0,035104394565321
0,0140008361990459
-0,00765930297401014
-0,0109809907763412
-0,000618491145275555
0,0120769187466772
-0,0262218657034319
0,00580735439270226
-0,000361406966320395
-0,00337465700474834
-0,00971696965198055
0,0018067461586916
-0,00356012528057668
0,0100094373588916
0,0016841006992474
0,00473004605355204
0,0064053093940481
0,00734827318505618
-0,00169716146357427
0,00159927429798707
0,00277971539116844
0,00281599645321343
-0,00018742121005072
-5,96700819612916E-07
-0,00178120647953665
0,0129887735358159
0,00208293690542863
-0,000595160316998406
-0,000636965474253185
-0,00233686305602977
0,00097084127040563
-0,00010282242487485
-0,000243766878119242
-2,14742939834304E-05
-3,41695862244392E-05
3,13360706066258E-07
-1,42354119270684E-08
-4,59992314127261E-09
0,00178245726901695
0,0703728881892059
-0,0687069040644476
0,792322648620607
-0,160061054608647
0,0865234136778999
-0,0115007433101886
0,00422539138134875
-0,0728233959269204
0,205341326082997
-0,126746294376074
0,121639122072633
-0,110782035044829
-0,0046892366549267
-0,0938506752352529
-0,0164233677991875
-0,0734212963911099
0,0963480504614079
0,00957829864320873
-0,0479820557044564
0,0189046476276545
0,0740632972609799
-0,109578927732794
0,000686810649473944
-0,0311024599450134
0,0305584883946977
-0,0407515489441915
-0,0472030381101521
0,0147695464845057
-0,111279376749045
-0,0480026044987323
0,0604275782161901
-0,0731779857284516
-0,0318032475103988
-0,0559916495681133
0,0165298248304223
-0,0114177917120588
-0,0323925209475383
-0,000977309887811717
0,0467685265060009
-0,0436063003781637
0,0744207199728559
0,0779319360838462
0,0102597614370556
-0,0259294389697481
-0,0403232160120773
0,0155879880443691
-0,158448101655441
-0,0276417834493994
-0,165627005793418
-0,00241097171387616
-0,0545510943118607
0,255751568662128
-0,108909276857889
0,0223285414907496
0,000776080810878579
-0,0500547731564167
-0,0347239944397011
0,000784964053757468
0,0220409645652988
0,0157665276107357
0,0129659001033846
0,0218258501169728
-0,0433546606746087
7,60953811625059E-07
0,00804674661373037
-0,200135845106668
0,08711388990037
0,856237262064286
0,0271657401445993
0,0762139569831781
-0,082229550712086
-0,04470856949418
0,130057971458519
-0,0285285432924313
0,0124297662864071
-0,0482455490808281
-0,101702074488334
0,00208644074120168
-0,0370541029732722
-0,0780130957555384
0,0708585226440449
0,0448698328402872
-0,0231028888262301
-0,0274209805229007
0,0703208853766334
0,0583869255953531
0,00912649201867828
0,0208192239422319
0,00442539679658114
0,10952256402684
-0,0524237511885885
-0,166007109301554
0,0276686433975945
0,0492949794016305
0,0428975865349631
0,0341038970185753
-0,0121550456807589
0,0481762961376236
-0,0181924437329258
-0,017945471288019
-0,02691014331424
-0,101241543268024
0,0966290976730659
0,107842590377995
-0,0426042770634098
0,0763913398629062
0,0242947966345356
0,0143703153526057
-0,0211995950691565
0,0327120227643204
-0,0492781546263254
0,0245189170750965
-0,0243079875887819
-0,0680605026930516
0,0371041096177816
-0,0148857470553539
0,0470213160279429
-0,0694634291243056
0,0736241173709451
-0,138257942698414
-0,0574956138128933
-0,0932356382503438
-0,00721475263175984
-0,0362818971947083
0,0145505236706208
-0,0067746700182802
0,00604658590238399
3,04317069008559E-09
0,00100346724399873
-0,00446196362999264
0,0420472766859377
-0,023021019621067
-0,278586615075412
0,651322121377037
0,153871746704211
0,232578121699992
-0,038206865513577
0,056234258966529
-0,0253466891087451
0,00708841868595587
0,106372102458596
0,099185536061737
0,104126092950544
-0,112454644846426
0,0806610896594712
0,076089435403331
-0,0210870972285329
-0,0282531032101528
0,047900628405672
0,0147614007301565
0,007996167684181
0,122206922901346
0,189137764104255
-0,0729272660831
0,149622237163451
-0,0614787473511606
0,0103258456314849
-0,0467566196097957
0,0258553275926511
-0,0861759009298309
0,119911391599213
0,0248792849938768
-0,0947649127974614
-0,258721061814578
0,15165098137777
-0,092190448459629
-0,056316489013848
0,0243557316847689
0,0317567220191239
0,0374479118994716
0,0528611558359264
0,111910195147014
0,185361350520273
-0,0824350014395216
0,0405036920645547
0,0113153998162515
-0,112436731995622
0,00957423142035417
-0,00460930293593551
0,0934598393736634
-0,0589197254739879
-0,0855259665064857
0,141694308596348
0,136684073798754
-0,0137855580093253
-0,00036452170582324
0,00162995582183261
-0,0086501705595698
-0,0344264748614454
-0,00700640080074982
-0,00799757989880322
1,83240276390457E-08
0,000938393677882115
-0,037063520279744
-0,00685069160475977
-0,0268971795949854
-0,181989052096747
0,00176886645279348
-0,109745286018949
-0,271854440888635
-0,069400443003052
-0,022256041620037
-0,272126529206813
-0,60768933349979
0,0752472340668037
0,113899073680965
-0,0282303647046454
-0,219138675137777
-0,445401827686381
-0,078699912198351
0,0304705792117069
-0,0352982159334267
0,0857385498597782
-0,0420979887454301
0,00827154967344628
0,0481589405462575
0,0930614576799309
-0,038077525206599
-0,00611683009327584
-0,0259038121912013
-0,0645848213241212
0,0582607392751126
0,0547935476852069
0,0262534739513437
-0,113247788358624
-0,0244069486483743
0,00764967055356768
-0,00877718115074489
-0,0259302498502744
0,0169470449093661
-0,0312191952978982
-0,0159937153293358
0,0155778989422754
0,0376170499920672
-0,00830448861506451
0,0994880740714912
-0,00308988181028654
-0,0263915097141262
0,00538331269490689
0,0548163134415941
-0,0818086879314436
0,0954895248866112
-0,205885360224559
-0,149580934115812
-0,00354810947183483
0,0333329095023372
0,0824625113060133
-0,0453606468038145
0,0197144046687023
0,0055745198409875
-0,0148455287207477
-0,00174438859819154
-0,0039468918342259
0,000883242409156718
-0,00383459255075287
2,12116508465236E-08
0,00249038751314706
-0,00642414894777812
0,025764407549519
-0,0100072633937853
-0,539931232925105
-0,0705174111900824
-0,254996437255759
-0,416076548958883
-0,162002101746524
-0,17807682713181
-0,0547602105105606
-0,0033541357434633
-0,10387060298716
0,00145847800288276
-0,0387728908907364
0,237464810403748
0,357257687861079
-0,0871525738428509
0,0296862763122127
0,0273918310327588
-0,129113787127745
0,0164056755100704
-0,0151885804959281
-0,00096699915740667
0,0212036562844741
-0,00251105975003153
0,043187904092256
-0,0109481479302966
-0,0265522710195787
-0,0296932458938297
0,00268301418101562
-0,0192976250867488
0,0502165898501075
-0,00659098685333559
-0,0216516554570092
-0,102455691572135
0,0784137517440251
-0,0646883739548627
-0,0739903508378595
0,0353459625170412
-0,00779763179658866
-0,103534636575492
0,0484782648248845
-0,0904644522510323
0,0807942124468437
0,0369031264319
-0,170882491612176
-0,0715270743856363
0,131871989712666
0,170445690243055
0,143534195154408
0,0439916544258717
-0,0347235706557104
-0,0379441834277249
0,0519133788128814
-0,0472327928324852
0,0276255570497953
0,00660553313150147
0,0197060091135608
-0,0145450168564427
0,0264574248707435
0,0139601397706471
-0,0591378629824859
5,00044076009352E-05
0,0183194961142489
-0,00438478769087612
0,000113604366725665
0,0366938224242434
-0,0749335015095431
-0,098836097834748
0,51276957724136
-0,163853802414711
-0,0984327407625218
0,0349677400191768
0,0587549480893748
-0,0165694953919178
0,29421877096886
-0,0892744663962158
-0,408638730634085
0,092567343394024
0,0836393028210157
0,000719232457942647
-0,0292348801030275
-0,160910726838415
0,142921649752601
-0,0116082558087355
-0,110249396866032
0,0452070308281359
0,106067724550876
-0,0269657783279179
-0,129342542290763
-0,254671720713769
0,121541191605169
0,120700328520227
0,100214056470529
0,0318167184878527
-0,0728597047266057
-0,053382421428483
-0,0065291082993882
-0,0486060160397412
0,0616786571296921
0,125205308797386
-0,0271447509349677
-0,0100685943107255
-0,207194149519576
0,160940744114681
0,021695497587617
-0,130403478935949
0,0669466859493718
0,0536790563461131
-0,0396962277082014
-0,0176217235339056
0,0831045134892405
-0,0872744227130739
-0,0255450240977856
-0,0544766403671146
-0,176936632891904
0,0361785123839785
-0,0543898252454124
0,109166437105212
0,0711716296873339
0,0500762329298676
0,0155160136047814
0,074526871235945
-0,0190299385040988
0,00880126805657403
-0,00789650737327804
1,10819466080918E-09
0,00222081021042475
-0,00238177620588077
0,0158102056418722
0,00738694587169128
-0,137366569490438
0,200834821568802
0,0125282192313526
0,0590919456803818
-0,105834984622126
0,00379969949741643
-0,0385043871696676
0,0564166177998487
0,0118975664108311
-0,537359480676458
0,0698296564714733
0,0343540756110035
-0,135707323281871
-0,15036944623524
0,0471960982126931
-0,0131531092701473
-0,164914936612153
0,136340940502279
-0,00894550884382741
-0,00604504957530833
-0,0390997918921143
0,0126856953582109
-0,317813658211684
-0,0954381015500549
-0,306244171230413
-0,321841691847164
0,213268186533252
0,0183754260467238
-0,145901303542048
0,0251772765173232
-0,0217500624595507
0,132990608697022
-0,00370480608950102
-0,00805241153441962
0,0557546991336061
-0,0719777270601086
0,0451416616989163
-0,0156956197220465
-0,0924739929593869
-0,119007061876289
0,00982941210932377
-0,124914137604038
0,0389731322116175
-0,0328300622034246
0,167195925582178
-0,14070586018223
-0,0821982837190229
-0,070310441947997
0,00779341965572806
0,0431160102297678
0,0762795568160975
-0,0184417256104436
-0,100163483449733
-0,0949339783651715
-0,0202335939855778
-0,0244108931317206
-0,0115049514064245
-0,0203534193636424
0,0424659925618213
8,55449408256358E-06
0,00342968450662477
-0,0808633805596747
0,0247749953170746
0,151073366944334
-0,0135241826899664
-0,0271503239816282
0,112313040954033
-0,0457264231116227
-0,0990391293764889
0,110429111251481
0,136048141361384
-0,0192660534443308
0,324090375574616
0,0785871873323988
0,13046009940249
0,318557192027568
-0,106295833644447
-0,0992525848735933
-0,0742737747181797
0,0852906542211785
-0,0995154987707142
-0,31421527888493
0,0626116661791824
-0,0652460273360526
0,0768880267205247
0,195048894767543
0,212388013494889
0,193431460879151
-0,307573530044655
-0,077929241924255
-0,020195925398099
0,0280958233383231
-0,127595559992436
-0,0488489129205463
-0,00169907218023493
-0,0420382497344695
0,0541426494668585
0,0239091411407122
0,147417187406369
-0,0056855628684974
0,0975253102032156
0,00291884619621589
-0,0111644858105724
-0,0617763862083824
0,0323663269539849
0,036030095446649
0,0386452697679267
0,0167425219372692
-0,0940514727098541
-0,145376122327504
0,0783595642063489
-0,0636095084569042
0,164980624360799
-0,101893527921524
0,0570218632125608
-0,0328068200986938
0,0985924103817369
0,225986169819469
0,0296885206414999
0,0545327089259036
-0,0909897995756437
0,237953956563912
-0,172521973745287
1,58214331568446E-08
0,000698661966463747
-0,000445738598609978
0,00817835764941388
-0,000272321726730144
-0,0586642419351463
-0,0447799202596552
0,0211137877633487
0,0836378016176708
0,128031115888359
0,00299411670750617
-0,0237949613549095
-0,0716105792426197
-0,0887607756232968
0,00379615404155632
0,0722666105142586
0,344790964417457
-0,149011431314381
0,236059108014275
0,141053232720362
-0,396238008979358
0,0611937528763244
0,20695276757419
0,100948465561277
-0,430532772958311
0,218145680735534
-0,0934519830715562
0,0472340092721595
-0,0650138944734056
-0,0396276890254663
0,00116134783072631
-0,0351869541594025
-0,0441242468788195
0,0414394468133141
0,0243957117034773
-0,0207913197001092
0,0328836153925079
0,329496057389715
-0,132851431571142
-0,0370977570520922
-0,144093958239705
0,114566976141911
0,094179045974614
0,0266438933999135
0,007118202414821
-0,282063969626292
0,102999697988028
-0,0382411819125065
0,0110045173998499
0,0392244533581985
0,00425592816808776
-0,00479284675960879
-0,00079559478282164
0,00617867352141895
-0,00733934998649044
0,00854077444524427
0,00542938562785883
-6,41182065168379E-05
7,37531832553507E-05
0,000312399962140766
8,25135825329479E-05
-4,18738274711981E-07
2,46265016574371E-08
2,44644732068015E-08
2,68580783436884E-05
0,0161652490608005
-0,000624296547025693
-0,00137289453658416
0,013526724582279
-0,146636202157004
-0,146545517996138
0,187116738248107
0,165248489395418
0,228716247958255
-0,175370060996792
-0,269795669784765
0,00190328338345281
-0,0557839495207692
-0,0171229052874975
0,290031139165289
0,136005598053437
-0,0363386150614344
0,0958692999083242
0,138235163929129
0,0396467232383537
0,0729905465994201
-0,127151856346654
-0,0126671842651861
0,129032650313513
-0,0756935224802696
0,0326873500472207
0,0195993813590881
0,134063297370858
0,112226698583999
-0,0261063515100302
0,240499961726455
0,143178900163567
-0,163133389156941
0,0673153669838035
0,0872456171946434
-0,0485699829508502
-0,231976346980343
-0,366053764873711
0,0670260809494247
0,0725882427378364
-0,0373603569114043
0,172660523355404
0,236619413664741
-0,0362527759613359
0,0640982898736677
-0,0391320681861706
-0,0287478652816384
-0,0476810186248665
0,163637084756475
0,0458795590730753
-0,00982363278800318
-0,00852305066639567
-0,118108171413658
0,0815724783265122
-0,0863002377217279
0,170589557914722
0,101224038298316
0,0695043713141458
0,00500775971883557
0,0667385570196179
-0,0104511236298081
0,0653652969007257
0,0055336582704111
1,55379125861931E-06
0,00460280811013242
-0,00458495382727797
0,0935923472309689
-0,0260356554329606
-0,0232095659711662
0,0544858395308429
0,0245738490316132
-0,00679732810395756
0,142070729117801
-0,0265686302553288
0,0758520686989764
-0,0328230389140812
-0,134950357100483
0,072277568829941
-0,170351918520091
0,281735281505698
-0,226301295920455
0,13196247206168
-0,00766951257130389
0,0379083254064872
-0,115280383003958
0,182638126711569
0,0358424219679677
-0,186965341193857
0,0361885312621987
-0,00732087234304109
-0,0455397320977604
-0,00902048645112524
-0,0537141230524739
0,00538033290303561
-0,120827453614041
0,00508216629138748
0,0237852090046701
-0,0418371393353443
0,019267264457316
-0,0444914398494657
-0,472510636688315
0,161459816177982
0,0579463200276038
0,232623646449418
-0,152637736714064
-0,122164660656477
-0,0427676588096731
-0,0122815376318414
0,177073690279612
-0,0237063731883785
0,0141742652160699
-0,00766013564651469
-0,00647488049655757
0,0571131790927101
0,0462120313678185
-0,0378328707075946
0,0291728115838425
-0,187912314963401
0,280591126012651
0,367415956124578
-0,0474132703748466
-0,0420910053429
0,0298903878930962
-0,0537192650135301
-0,0573829860990578
-0,0311498980245667
0,00844643367242695
5,61334990571043E-08
0,017776423346256
0,000525082901804121
-0,00462736881708957
0,00652342505426673
-0,0433205272382944
-0,0479393267779781
0,123467591820001
0,0213500280863992
0,0693317364978013
-0,167297200696174
-0,162240173583705
0,0714939857290633
-0,0645006737608906
0,0319172236047042
0,224517811154458
-0,0390194261521943
-0,0674501574798136
-0,0359442851644667
-0,260999195783661
0,18928408176741
-0,101271335300073
-0,0537600688707215
-0,0320658340235105
-0,193727488533267
-0,0124312633921504
0,0603816432434548
0,00772077500430568
-0,257169925249987
0,0194162813833491
0,0586834549909915
-0,0754275038222747
-0,0927052778280759
-0,0722607933343073
-0,178252078785618
0,0428778460430634
-0,0531767748652132
0,126687293968264
0,118739485661236
-0,183782294038588
-0,0212687533402282
-0,239892987520888
0,312801375620245
-0,167790375017385
-0,176462968161451
-0,0997957341490365
-0,367072528721836
0,0498426543183897
-0,102190949769832
-0,0795889377817755
0,193193757868464
0,114504446551614
0,0565328746292084
0,23265446838806
0,0342155658698615
0,0198370350844631
-0,00607926106247619
-0,000545161647485787
0,0159884622354546
-0,0156897224249892
-0,100010571165845
0,0353796156531536
0,0489850012947298
0,0246339601884661
1,88816690763499E-05
0,00517289304354231
-0,0275888100320815
0,0189543717877852
0,244522587951569
-0,00922173511458654
0,0153043743464326
0,0403505168261603
-0,0235927479268684
0,0948971568338385
-0,0898891494676719
-0,0473092683761628
0,00988984060408832
-0,0889913164021448
-0,00231573853985591
-0,146373134475464
-0,233148834805048
0,0599764095071741
0,0946202173541562
0,142002468277573
-0,110812041840173
-0,164616015040271
0,0807555038117945
0,129926707106593
-0,00893107544556434
-0,0656368811303058
0,193495921819485
0,127547008634463
0,165884718870162
-0,102780012294106
-0,0995118413365063
-0,0831852077102245
-0,190025032841997
-0,138293243640904
-0,0955741510880038
0,02821716638698
-2,86983146229622E-05
0,0534595248469767
0,178917778153075
-0,148980532742627
-0,259557275765914
0,115138030785838
-0,166425088598062
-0,0806558909071151
-0,0667610689152294
0,0663787076820414
-0,0816056617532031
0,129151999876858
-0,0591526231289086
0,0775857782571827
0,161782478192442
-0,115299076638739
0,0496571123509215
-0,117604007484753
0,174014979279006
-0,189500174093579
0,359468561635343
0,154395429709206
0,244346200347759
0,0194608499299809
0,0950472844524276
-0,0381501890981731
0,0177631325945768
-0,0158541140453844
0,0192429527582436
0,00334983119714621
-0,00262600300484077
0,00833872946784911
0,0106625421669268
-0,0579974060774904
-0,0394928839753028
0,0985883249347565
-0,119314417689016
0,0536551326922774
0,2559828520397
-0,0131159217163383
0,00717892195311572
0,239196900663692
-0,0598059168317016
0,0323093718298128
0,010235407975613
0,0055954168505173
0,234158349949204
-0,121963484591227
0,0334826834939636
-0,0350296173143772
0,014393359493022
-0,0353367566952122
-0,0515258382150754
-0,163149170389831
0,179369195350946
0,0161700196556211
-0,0671036683000149
0,188737563989379
-0,284135874550954
-0,0753579526523446
-0,139678459055419
0,175032280421596
-0,0587614484677532
0,100590655966476
0,155517061674419
-0,0963891236115646
-0,145492312688012
-0,0222321252690909
-0,0245276078063317
-0,0213913165359594
-0,130574245643727
0,123442720193724
0,0355566769541509
-0,115536566598133
0,00732097333269158
0,256522973004706
-0,0342864460488667
-0,0043774652272752
0,31179492348256
-0,116480868103051
0,0794538043245982
-0,188284710193452
0,112662854215094
0,28324560668366
-0,215390816844272
0,020646624650428
-0,119087719835808
-0,00480436467240645
-0,0216650268560548
-0,0768037660261439
0,159964724343657
-0,0766518866750087
0,0006815786076695
0,0146023114560395
-0,129435763518159
0,299832351790785
0,0718855492749895
0,0442962037671511
-0,0538588538340556
-0,00535187292790643
0,0504353980192303
-0,17796175197209
-0,019273512463267
-0,0499522841749087
0,0154665247672869
0,122727371727797
-0,000497874369713689
0,14784453012865
0,0417601034193746
-0,012344983112006
-0,0970788702572166
0,0365342571890648
-0,0549083864621347
-0,0298793503068011
0,035441156936552
0,00887466144664538
0,0175087180159144
0,0661504498020055
0,0354757502454846
0,123181821529433
0,0295048979878632
0,0754942220956792
0,0860789229236512
0,0297262617239233
0,36634339694084
0,363161062327282
-0,169510141434879
0,0993551186786851
0,0406002831133608
0,0957589641268748
0,0596310230521069
-0,107245190314392
0,0999775901014597
-0,0553466675120206
-0,218236008012183
-0,0475395981848999
0,188550442631278
-0,0942706931156952
-0,202463736695316
0,0365842190935915
-0,25637912631996
0,149875938999178
-0,104168900864911
0,0344805527662945
-0,269917746274355
-0,0427814787721411
0,251786775429263
0,0292188729629671
0,156624827599196
-0,0323434246214878
-0,041902236309436
-0,0307386987991764
-0,00964828856955636
-0,0339645948643719
-0,0309173237091235
0,0708523939933502
1,88595404776012E-05
0,0444003748885126
-0,00387365495773498
0,0986976934132377
-0,0270125907256637
-0,0771196894243118
-0,0272763742296105
-0,0266724734868593
-0,216861724810147
0,288858962485108
0,45362342781072
-0,109562758875048
0,284135124742779
0,155765299332499
-0,0504748487547778
0,141143559760162
-0,210640652559967
-0,0623100003107659
0,230668660039022
-0,0269231214964636
0,0608988176872493
0,0404254839281122
0,0759000100234362
0,0164767845041636
-0,0337191008718647
-0,0843429416909986
-0,115752354256512
-0,139119350335284
0,0657385708205938
-0,211622568139386
0,260229833627242
-0,0714521718596663
0,118849742122761
-0,158966179197232
0,0268771362692795
-0,0738279245910373
-0,10124295751249
0,160340596766501
-0,0174521197029589
-0,111202206214696
0,113647001043375
0,00664828038997491
-0,107645025012876
0,0127451585437255
-0,0487193357373566
0,106881789834491
0,0353110779619974
-0,171395065964127
-0,0203807200055283
0,092191440797307
0,0858332149238486
0,0391705880603824
-0,193640659133879
0,052248529980672
-0,0535594438903604
-0,0232567145037614
0,0325639791962937
0,0441251730643397
-0,0101055262684006
0,00594994440227261
-0,00287976698204098
4,6068862941353E-07
-1,12934573153552E-07
-6,15817366815411E-07
4,38637302105956E-06
0,00433698054219157
-0,128104348101674
0,0751856248111569
0,0797667535442567
-0,0682356610699725
-0,101493830884244
-0,0180718602560694
0,142682614682671
-0,257348552657538
0,0442433962330664
0,0297105160650654
0,142047733854249
0,221512216567561
0,257272616059888
0,125737791179929
0,0515504450814367
-0,202844046709275
-0,104846821661186
0,135465155880781
0,00736801507238782
-0,129977478611621
0,269525725339563
-0,0250625577878846
0,020243255819003
-0,185400014876142
0,0351726131894437
-0,0663568108328312
0,021297893577
-0,0397539919696935
0,177228241573312
0,0996145378518835
-0,0669252304699887
0,0759580461834728
-0,052051598671008
-0,0127344066695419
-0,0777973015660084
-0,0674117584083382
0,0623117299851483
-0,0248492045598505
-0,0754139835136249
0,0378095731908087
0,149644198112296
-0,0176856691959161
-0,0533783476830577
0,0317199197515482
0,0343893051450448
-0,141737871708499
0,152543892697858
0,09982828225697
0,195661247960149
-0,129241305106333
0,225514899628848
-0,159421675100805
-0,04699367795719
-0,125904893582672
-0,0218412177592226
-0,434049520800699
0,0129295479755144
0,0115200067392712
0,0671334781203747
-0,00758544571319557
0,0584955887218872
-0,0745501919359871
2,04650956398876E-08
0,00582156846367453
-0,000533121534936524
0,0209807870181858
-0,00631725200831177
-0,0506628255496568
-0,0011065120384644
0,0226154522984538
-0,131555917062922
0,155991234852145
0,203450055441063
-0,0453533834173153
0,356898106243806
-0,16387488947759
0,120440160684043
0,0110383405586534
-0,0824460783995537
-0,286346830734944
-0,427343939963708
0,145760710436154
-0,214138995257779
0,118049592454303
-0,15474656752044
0,0342610633058991
0,109997303167277
0,28912828771898
0,0895320347964969
0,0810010453919658
-0,129357942425163
0,157929312294783
-0,227693425782408
0,0141012718752115
-0,132904922337871
0,119208306509886
-0,0202910083380474
0,0256162862203864
0,136739714003065
-0,0319932693080814
0,0343685712842111
0,107823568993286
0,0823778994947228
0,00982093525429373
-0,0631169950670397
0,0392600396868455
-0,153876217527652
-0,002034627916097
-0,0116495812226843
-0,197499885716986
-0,0463044000655047
-0,000882572815200935
0,0968443229273661
-0,00176835525177944
0,0497035951017556
0,0527606594435321
0,0194200735080216
-0,0101953104167139
0,0257025705692924
0,00178230556384719
0,0452178221757373
-0,00345004775757948
-0,0145315018987633
-1,94116256906757E-05
1,75790678872879E-05
-1,59554647704755E-05
5,2504274884685E-07
0,0278295872469742
-0,0120704095915511
0,0331894874672697
0,0760853187047902
-0,0194221963945258
0,0524670467213572
-0,0264898586899865
0,0348949925890804
-0,12151570720711
0,046644674369753
-0,0968564280857875
0,0345019821173353
-0,0503319487719307
-0,621264236390894
0,0102349620338605
0,110128345444096
-0,219316012870393
-0,143797166888499
0,0024847010694276
0,0589597320808745
-0,000684253254825466
0,0909468179057988
0,0189067066166322
0,0212384502270124
-0,0518741433828099
0,0428465381222216
0,111687041746015
0,0944126428689151
0,232489093281923
0,24902232608366
-0,132254397154417
0,00820729409414684
0,058293685722261
-0,0569220696858247
0,00714741499272862
-0,0554318481589159
0,00307373122797274
0,0821203459716829
-0,0937902878630054
-0,00703036900779654
-0,0395466255205972
0,0138468969810112
0,224271181726958
0,145287055501268
-0,0113469811592937
0,147424151843605
-0,0469870331218975
0,0590645007523965
-0,291286530208363
0,152186193163441
0,099531152330821
0,111315183812597
0,00499387260306552
-0,091010158713366
-0,0986973284283043
0,0175587891592168
0,142459967586373
0,129842274711806
0,0282950507671313
0,0328758621418292
0,0154447124298494
0,0273205083611632
-0,0570030401175063
2,28520328460357E-08
0,00960326991542428
-0,000556989511218189
0,0011450562295094
0,00469778651982471
-0,138857098662486
-0,0719822143817316
0,00742618787908028
-0,00325212539332195
-0,00408441694020915
-0,150414772462561
0,0114392929117307
0,082845560352693
-0,0402684645956997
-0,00228563017939332
0,0938965068222466
-0,0145390780662391
-0,0223414392902349
0,0530638843947849
-0,187849489330747
-0,00364859231445831
0,0470154973520688
-0,0308109293559298
-0,0288234470581914
0,0568325694979291
0,0256134741890085
0,042501160887685
-0,0260044210253499
-0,00667382192873821
-0,0236951212875148
-0,035657417284612
-0,164085811974648
-0,0306815728459532
-0,06042212004705
-0,103345647613344
-0,0716811879881494
-0,0704438159565273
0,0815871335867557
0,06457793847039
-0,136459222007602
0,341160238858218
-0,0562472953428588
-0,236876578375866
0,324230083198132
-0,163374759888612
-0,282235434306295
-0,0466854005749321
0,115269583298688
0,300180872816755
0,0181314796705322
-0,283125285826928
-0,366870094982839
0,0688497344003603
-0,0248652180854534
-0,00750076880491193
-0,0324057584093573
0,0314834550951902
-0,131808267048019
0,16491699448729
0,000284290399902302
-0,0259029576848898
-0,0494244991982262
-0,191281510281763
-0,0542497688376288
9,49142853095246E-06
0,00123850245881948
-0,00406578046547337
0,00244513948162649
0,018332883016099
-0,0155575395931082
-0,0208412658928577
0,110095963046835
-0,0501323707023237
-0,0435668175669837
0,0759063298008628
0,0656078491417046
-0,0249806827166722
0,150871472177694
-0,0241707003954096
-0,0340247575092692
0,119000537839655
-0,00929630587467647
0,0217790282754911
-0,0598729562389349
-0,00620714942372933
0,00165606210086783
-0,146384727483952
-0,0123044911916846
-0,033985011278968
0,026373831011469
0,201729858125042
0,14158020992731
-0,0667130215806865
-0,0356503390076507
-0,0938071243946989
-0,0111552237323949
-0,144352481459183
-0,216542665962377
-0,00501964306380479
0,0644209817933434
0,0601217303893352
-0,125623511515533
-0,222261812065597
-0,23184701495689
-0,0235991336085289
0,0732224453970784
-0,158021569979091
-0,0409367916627012
0,297141979939826
-0,0698630513686641
-0,182487916773679
-0,164660266793305
0,00832959491809259
-0,0602873976839599
0,0674721421603649
0,0855589002238272
-0,0446113887746742
-0,0247942213340603
-0,238014419109232
-0,307864711251355
0,0566793919822559
-0,164635810110148
-0,1909195596909
-0,0301164124079008
-0,0431556976159621
0,164848554768571
-0,362444043726012
0,227540133559261
3,16900206401038E-09
0,00157793095028594
-0,0207906858045581
0,0213646882196915
-0,0239736996856769
-0,234220545862803
0,353541161416506
0,043742752148162
0,037624493868912
-0,057212178649689
0,00506740698719141
-0,0477589075272731
-0,0225344326284226
0,0107531105398585
0,101532166596286
0,0274412662419239
-0,0369283628070948
0,137200627684576
-0,0983175816684284
0,0501627922556635
-0,109660109168427
0,173987149822238
-0,150296391794951
0,00589410790131558
-0,303204016369742
-0,26952809134592
0,0923163089748644
-0,111899060756024
0,124526658690513
0,0975173970552703
0,239877092779494
-0,168027722921226
0,13773127707308
-0,129515192896158
-0,0380178000891309
0,185571052342697
0,531639127944807
-0,0340443234752748
0,0226846197997105
0,118730563508198
0,0228725893626767
-0,0470622695257686
-0,0346669242194959
-0,0402865056023691
-0,11278000526255
-0,0156206175771462
0,0216172856517722
-0,0314192078829789
0,0396264462246197
-0,0561981595224635
-0,0314740259674026
-0,0162872672012991
0,0385953010845416
0,0152464309114568
0,010801278279294
-0,0456177044532308
0,042577228444451
-0,0430721970200066
0,00230359461339936
0,0258744269583976
0,00458469366003282
0,00708855168047123
-0,00158962888224486
0,00690357483034839
1,89000598060082E-07
0,00101404261883685
-0,00330523224669179
0,0133651351641416
0,00332623224649701
-0,00870116828872426
-0,0211596411952183
0,0567240632161434
0,000786566118782338
-0,104429452745041
0,0900971583217636
0,0212109789536722
-0,0331900453982475
-0,171044135648502
0,0136329203621047
0,0583296163276138
-0,0378791275605351
0,013576592205915
0,0741773690596183
0,07755116218849
0,0818739773218267
0,0176198353732936
0,00628596196840751
-0,237772359612007
-0,0322202922733603
0,10202744951693
0,0690837300853817
-0,00493485373153923
0,0582966381149032
-0,0534653458115182
-0,0599974714777855
-0,103038977407802
0,0268023964166793
-0,090116534937791
0,0359593849077099
-0,0310558373190893
0,00315882774116377
0,00919463584858434
0,0202228446438157
0,0734566507072611
-0,0378537626621251
-0,0270312764672561
0,0831788487382205
0,0807004593881839
-0,111995086331768
0,0102705288306421
0,0980584292552793
0,061528166631051
-0,20445226980764
-0,196258513285973
0,0538030870281088
0,151163165017322
-0,159719640119103
-0,182663162141995
0,0695219581089428
-0,0426703634352202
0,0181336674467494
-0,214844676327711
0,0625057422868356
-0,608419224064966
-0,0776513719032555
-0,159502579144947
-0,252213047336524
-0,288635487186084
2,52709951425433E-08
0,000692860120341019
-0,00116852153390471
0,00631069866089635
0,00540571443291085
-0,122323030891096
-0,12372833705516
0,0130105100886759
0,237542550555015
0,153012888783829
0,183776576453986
-0,0400204910008508
-0,188271398002854
-0,0520874311796902
-0,0195363641367217
-0,0454925096712559
0,0466934017268227
0,142415009462026
-0,168841944400916
-0,0182588785631434
-0,0528019041007398
-0,12084156478082
-0,0385725487173869
-0,0260410785545199
0,021658726448606
0,0051357926598594
-0,00167239102162325
0,00176362885598786
-0,00533749549335375
-0,00325304603922082
0,037090141368891
0,0612823189856436
-0,00505065447049125
-0,0119475517803792
-0,0144710731067911
0,0302236367334612
-0,0306662328654114
0,0896717623066574
0,113739120027031
-0,0538450420413776
0,162207966038247
-0,0528805293316075
-0,147955796790926
-0,0989587294355435
0,0433404476148147
-0,0476425694818038
-0,0142152790992173
-0,0227000153954244
0,161479483701157
0,0336624361744134
0,0203588479937357
-0,117325326635643
0,153643625004902
0,0815025649821154
-0,108220483098945
-0,123068353183071
0,0877833791609787
0,128102084784734
-0,348083429262197
-0,490280012638281
0,165989909314297
-0,0381053224626172
0,360469807373071
0,0476955714912731
1,909000544318E-05
0,132082129884047
0,00291901336379174
-0,0170282282194851
0,0317995454837893
-0,0738247444664824
-0,0809320249610891
0,3305861703166
-0,0549531106304233
0,0300106705972734
-0,160359946703075
-0,101770191881327
0,0841920143542157
-0,162141898411101
0,0459542350651769
0,0846786386933273
-0,165705198493653
-0,0642777918785841
-0,143353912459792
-0,281522398163368
-0,134856308020007
-0,118413287273872
0,152231876744403
0,0957725945030461
-0,0120974217975253
-0,165674773465112
-0,173298378742065
0,256331536505684
0,191052584541267
-0,188410018554311
-0,153425969829814
-0,0942752313896808
-0,0584759681622905
0,0533529052182102
-0,114184134347468
0,0649743616273657
0,117106672672222
0,031306536541296
-0,00626320701039582
-0,0687443541734327
0,0145956970008929
-0,141603690836142
0,0872753294960466
-0,0508055662099048
0,162074776449663
0,116403108922394
0,297316689331527
-0,0854152959434965
0,0095312767036339
0,000105054278351392
-0,163067181953679
0,0634214198483088
-0,115725010917024
-0,200450705731906
-0,104166802882008
0,063711331307396
-0,139432588059562
-0,0108527247029058
-0,151258149142049
0,0110384575119538
0,0537512486178915
3,56455149674095E-05
-6,46738618883657E-05
5,89788676406974E-05
6,08254199084625E-06
0,00198796415556727
-0,00144377828113787
0,0106420159511668
0,00570222515867827
-0,166869165529932
-0,156290461930916
0,0271985655570738
0,242563187599971
0,232956269726155
0,236774604647546
-0,100270219280537
-0,192941702693245
-0,0293208567318341
-0,0467750059646856
0,0763598591182745
0,121981286616244
0,13261890146427
-0,00391456201676695
0,00692564200680606
-0,175097853091957
-0,090170439645609
-0,0645800738623266
-0,0618776395270296
0,172591665733531
-0,116942555347107
0,0337301218217472
-0,0167693984063597
0,00509902325734735
0,0793412416575135
-0,027125373120551
0,0578443701887746
0,00391290180500301
0,0427304579441967
-0,00218004762415707
-0,00319220448663532
0,0467750877131718
0,0463648503276731
0,303376772087516
0,0629591780357755
0,0494596646864339
0,00883754436035639
0,0417631212483596
-0,265702647360969
0,173205487468035
0,0541946107625291
-0,0803307689234753
-0,0476511700684599
0,0668544490472466
0,0846536050597789
0,010725872097927
0,0301371010700333
0,0521967434009563
-0,0511071375402146
-0,0875539252624165
0,108405729286507
-0,175481583526017
0,0221410887160094
0,296942994986468
0,135855542454718
-0,168628089759609
-0,0248032279229069
-0,364383618633265
-0,176145637989922
1,27585105559469E-05
0,237161670102323
0,00801259253509947
-0,0358608087769989
0,0124822828094739
-0,0491921385562624
-0,0623416778361191
0,19885451033249
0,0129442061220126
0,0350884947862609
-0,205365973079457
-0,170855036364529
0,0659779966419277
0,0172738660649704
0,0571650080935337
0,0802781357446505
-0,0280359892491777
-0,01691485794855
-0,048912116731046
-0,372392862247831
0,00396145393580206
-0,0940456700118119
0,0333750108610983
-0,130734507326053
-0,0855840128600209
0,26996603596457
0,192747449273556
-0,378071346309975
0,0752837796852275
0,128373534893102
0,172911286938257
-0,00492798436697704
0,0096795031470416
0,0808695435036189
0,153817695377486
-0,0561729230776329
-0,0574040436592526
-0,0253114653058856
0,0122972796119236
0,191182959516163
-0,158829190672335
0,349636503136232
-0,274704971380294
-0,077214574576235
0,100461639544815
0,0548724187102815
0,0752214370864393
-0,00630752003889219
-0,0141842454649835
-0,0322295634603469
0,0566668628528861
0,00506140169034066
0,0202141595815742
0,0305592152407274
0,00122977301390643
-0,00221088241266794
-0,00498693557710684
0,00023972746793577
-0,00544340593095296
0,000423627025124019
0,00549870499039934
-0,000733679524819662
0,000436719069449811
-0,000266564178933015
8,96982809312729E-09
0,000221211265308177
-0,00158778757889043
0,00403844391265436
0,0162462083505171
-0,0473610031809249
-0,0125301637419881
-0,0130332817402868
0,0227233405201644
-0,0168733557394247
-0,0538724609514867
0,0796892177053504
0,0724922604523587
-0,00725314869675546
-0,0376114639319025
-0,110696495689716
-0,221371286572595
-0,133025915565425
0,20948089246703
0,10380060120394
-0,178934477872862
-0,531418163176278
-0,38062850131079
-0,0745022181940736
-0,166861553391526
0,0146593858035453
-0,0916760532849095
0,0844374841162066
0,0916691599046869
0,248864027105816
0,0810239594749101
0,20275237189099
0,092294587560014
-0,0505892734310222
0,013980101783453
0,0387327204348841
-0,0301923190072977
0,0163620938453137
0,122172425720566
-0,0621865864742879
-0,114707115958854
0,0183604228181326
-0,0171486837804538
0,24378542741767
-0,0879448139241547
0,0581851340738008
-0,0742951139051159
-0,0873339623637776
0,0201710726996285
0,0102011949857215
-0,110583501349607
0,0449240725023673
-0,00600900029149883
0,0324827798564278
-0,0864817422320098
0,155170149619606
-0,108466041029927
-0,106305384382808
-0,129112475036857
-0,00634657321592517
-0,0506302149645499
0,00561921942901846
-0,0139512815068202
0,0100937423759064
2,48338693726665E-09
0,0469534533767271
-0,0151093480359822
-0,00468335530053638
0,0377065194570302
0,005692926898882
0,0143346184132835
-0,0302056606566919
0,00465475688734896
-0,00501803468607626
0,0168410549121427
0,00737745265447692
-0,00772807455929895
0,00537330104421934
-0,105477713024461
-0,00738468082285165
0,0539819223423065
-0,0372297707564853
-0,0347173214833415
0,0449840318226251
0,0405388611475425
0,0483102368043108
-0,00641909074868159
-0,109321817776289
0,0152176129485135
-0,0504479022333941
-0,250752813383035
0,0854982864608621
0,0277568450161928
0,291070705526002
0,0464634634133003
-0,219578963355952
-0,181786925393116
-0,212862640060483
-0,45871493814657
0,22603169774758
-0,247863871551214
0,0228528562742831
-0,136982168265236
0,21622129943956
0,0670817647398514
0,353660867905526
-0,0276883780419393
-0,251658818446485
-0,144981162286137
0,0349826435910192
-0,0511567358788776
0,0238972836091452
-0,0429902724937657
0,133134572847821
-0,105165162990029
-0,0353566541800792
-0,103022902317468
-0,0813208151517012
-0,00958702164769078
0,0507450878463802
-0,0388079015554889
-0,0647311320980133
-0,0786409415482415
-0,00859486181473453
0,0145980485654432
-0,0184504358648
0,00657664746790347
0,0146887131501858
0,000682768393995694
0,0139911962804556
-0,107315219949428
0,32508061296183
-0,0533726629071028
0,0340951414559287
-0,101340436377103
0,00167175296248332
0,126295477622111
-0,349198209147746
0,0503325158856508
-0,203781216677182
0,0810423780293976
0,00418269142702756
0,169344409886644
0,0426650673456108
-0,0456253119152004
0,0296436051791429
0,0207654259789336
0,0974893598475929
-0,113467905363109
-0,0963647534647058
0,176219484252142
-0,00383761559341788
0,0492308294547186
-0,041823694918979
0,0296475128000154
-0,054372414007073
-0,132933234512123
0,143643127439208
-0,12060375112672
-0,0667711857850732
-0,113598897540037
-0,27052716040388
0,0881045765138977
-0,0357853425735462
0,0133582214058464
0,000923473188034832
-0,0791993331303196
0,0342883193778153
-0,00797647188792039
-0,0584481349786165
-0,089606912899704
0,018113200553151
-0,0375532082047448
0,0332295810006867
0,0148470219309475
0,080655997244717
0,396897635022548
-0,0751175159078469
-0,037779903385389
0,287063704605953
-0,185983352959844
0,107845238388713
0,0403553369632585
0,0939124056942941
-0,00565508439866819
0,293151762521747
0,00395126409481054
-0,0100868105519425
-0,0434867312296476
-0,000425424307502487
-0,0243468943104197
0,0420767592747964
1,29766446231353E-05
0,00207630916471435
-0,000959972233134774
0,011920974556847
-0,00302835541651117
-0,135219706921708
-0,0368717910143255
-0,0567228208549643
-0,158838912559394
0,0396975348142183
0,131987401471095
-0,0650273176746827
0,0603941297314231
0,0820932236652935
-0,031224074726072
0,0554189544283427
0,0240803649543817
0,180841558690549
0,126602745549836
-0,0606562244528788
0,104887447402069
-0,116752851355625
0,169425276570146
0,0255924611503153
-0,0707002062553217
-0,00426796202732565
0,00888179038907475
0,0923783151119429
0,0734821072297816
0,219124486593612
-0,196129258481666
0,0451505181721511
-0,00120814291372752
0,198041508555013
0,0311034175164808
0,0042272556043627
0,0232784974301736
-0,105394399119937
0,075617810570713
0,213858880600669
-0,140290474469531
0,0233261144650345
0,282877310900478
-0,0573305111763931
-0,000833534561244619
0,00807820618187439
-0,0515288652510264
-0,182642553854062
0,140768556736586
-0,296180294640452
-0,184929191039763
-0,352347207861187
-0,261095545425612
0,173420911560016
0,0367900019045658
-0,113843498625524
0,159698506661443
-0,0295206766077264
0,0581971306369572
-0,0846079323226837
0,0951974109000151
0,126533796688717
-0,0285689381732118
0,124029835594779
3,49383376606605E-07
0,0010521814134515
-0,00925632805521889
0,028946373251095
0,00746896017601539
-0,0306973197674798
-0,0125252285457797
-0,0122590889278415
0,0185457677527639
-0,140281206638218
0,0443563646961138
-0,0943614940792674
0,0727564169592565
-0,0520855957075146
0,0968492945823552
-0,049341405717871
0,0665376896295842
-0,0248629928818499
0,0272533395115559
-0,000321860289684377
0,0141122956567161
0,043323158903924
-0,00623108456465157
0,0312855402438703
-0,0698666105472864
-0,20861632864237
-0,0111801853011034
-0,109493792165751
0,106660900933638
-0,00233837960123043
0,153891188016375
0,393771425650005
-0,57830539201636
-0,0124532678709625
0,00452643844639674
-0,0390242637696751
0,0170978092225403
0,0888788071544187
0,102209956209595
0,0840439500190639
0,254308385954423
0,0101602595659535
-0,026176085840364
0,118738819601744
0,152972521990465
-0,0992659439985316
-0,00274439922746994
0,0301259724843077
-0,397962782252856
-0,110170052877261
-0,123949705976366
-0,0572375632143563
-0,082245171318902
0,0553556488436054
0,0224723422180554
0,0248395640290464
0,027365952882054
0,102242582141322
-0,00556962216563949
-0,00200584983391683
-0,0173271171085695
-0,00197942008132632
-0,00951591041041187
0,0153364433393243
3,8927109547366E-09
0,000550564946386883
-6,19665881269538E-05
0,00245557475840449
-0,000865684307959316
-0,00645600416225846
-0,00145459389059394
-0,00242992846076981
-0,0177685670493554
0,0197953980101793
0,033181847293218
-0,0101830339198476
0,0404946263848461
0,0006046508710929
0,00333602463450155
0,0134578737732229
-0,016626678777719
-0,0100578349785912
-0,0116584610827902
0,0113639546680084
-0,00748910013713343
0,00191664005338252
0,00494036130625499
0,0102070537171071
0,0132401323585299
0,0550438282643255
-0,0209415764829448
0,00586925574084944
-0,00913363097024866
-0,0257505403002556
0,062951822427682
0,011565186428272
0,00487481724021397
-0,0570883709614942
-0,00636033633295472
0,0154719090043935
0,0313551166367387
-0,0342611432381123
0,0148173704010453
-0,0115857515870131
0,0149539267641082
-0,00199784997785554
-0,0250904976935935
-0,0101720974227992
0,0432060862801637
-0,0489012988303114
-0,00401658012711755
0,162122711398612
-0,0210982888252963
0,0548395382092925
-0,0484975043397557
0,0948837213122267
0,0714438292091779
-0,0619606018824563
0,0122882102188397
0,276616041497894
-0,0191001581962453
-0,0819202220014686
0,231037993905816
-0,203284475221113
0,340487780314188
0,794339971927392
0,00559546218973311
-0,0108522600637731
0,000638346724581927
0,010346939861851
-0,0226107512227865
0,231914278597591
-0,0391414959466431
0,0377425396889823
-0,0234243779750232
-0,00139745943687946
-0,00122062845312264
-0,0105826650708535
-0,0636051256602496
0,00694036241181143
-0,0566466468390177
0,033923753748887
-0,131116563736995
0,0655901084881031
-0,0517647616553531
0,0650350957477945
-0,0595311781266597
-0,0075474628173957
-0,0560470362676367
0,0411061805584673
-0,0428480731193841
0,0235261317922297
-0,0128101116569171
0,0860095851142936
0,0216871745499148
0,134555216647198
0,0336041961398414
0,140198374336768
0,0735671663661435
-0,089913662989284
-0,17970811817953
0,0674011465228895
0,23111635571581
-0,0742711028089654
0,096210386738415
0,0347490654475037
-0,00578748107473637
0,00168854272526445
0,0131392697179802
-0,0580228775171846
0,0991271664618859
0,0185581599732231
-0,0924170640141922
0,192922403165391
0,12026725969588
0,380474633939099
-0,0787426014924514
0,383622541488428
0,14299814598701
-0,172649069362752
-0,24544792368404
0,239485500521977
-0,372647486761553
-0,123056251022427
-0,0289309032463733
-0,176780793769811
0,0345351751368022
-0,0179734647597277
0,0090564474156538
-6,46063182448552E-05
-7,49340116789153E-06
7,32904917972457E-06
1,84975672490644E-06
0,0263749702891822
-0,00596967189840867
0,115661570131831
-0,0321260418241342
-0,107421543587364
0,0615117605052145
0,0314940608486453
-0,151353457952017
0,143559822017595
0,066685915012673
0,0627684626272848
0,142410410229917
-0,230091606350127
0,130571881250573
-0,19605856830706
0,158996599656041
-0,163049994551447
-0,23372496249046
0,0563912903741428
0,00876358547568765
0,0538109908499398
-0,136248592035544
-0,0557111021031888
-0,0977616994432851
-0,398520258069654
0,143153735229887
-0,162158364321658
0,0407745561194177
0,0848149953875281
-0,0482749478883571
-0,0315397160019977
0,150072395639879
0,0527008822462656
0,0904848221381517
-0,102434594145115
-0,320049993468053
0,119087596077747
-0,0955728037945551
-0,137046390719284
-0,170431394014156
0,0550849702959428
0,124907629199763
-0,0420700627145644
0,19943057377909
0,0132769005865865
-0,0593761646506993
0,317558568813049
0,0943241472041138
-0,0257104492951328
-0,131681272413416
-0,03682127211907
-0,0695011356153559
-0,0202610439693045
0,00830273664554233
0,00934784467076297
-0,0234312529319901
-0,0199622586448001
0,0019354398928579
-0,0513085657284349
0,0206660943757599
-0,0415616222473145
-0,0137224374755794
0,066434551172329
2,21448443718381E-07
0,00107784379061981
-0,00263014957938295
0,0103018099695655
0,00985248931759097
-0,00204981166652259
2,56155575313763E-05
0,011786367377564
-0,00478243208254824
-0,026776465958018
0,0164503815516256
0,00395158419953732
-0,00800992658098402
0,0409844407235347
-0,125699475632072
0,0261878884784491
0,0664652832267555
-0,0610460600272707
-0,0572776111559288
-0,0299620441939202
0,0147582715213746
-0,0121519188912384
-0,0593464268556752
0,0339728449625938
-0,0160842453122694
0,000198469428899184
0,105656587187046
0,262076910007618
0,127684935194905
0,078807829176785
0,202273007435444
-0,219199435286587
-0,18280693136635
-0,0929541203288127
0,501671903279576
-0,2273845623706
-0,0555162494330174
-0,0657711694745309
-0,0278090947318517
-0,043668142165074
0,0479888196855678
-0,0552530924723847
0,043776634908291
-0,255848723132933
-0,124028983716324
-0,0519920182426096
-0,0910473472984778
-0,177754395595202
-0,00113498743056759
0,109496706573692
-0,137939586712019
-0,0903695016990939
0,0562321109532786
-0,177350973880028
0,370754946346157
0,210431702628074
-0,00995921254031197
-0,011688695699637
-0,154790786084237
-0,0178779894812661
-0,0411143652384248
-0,0140902153093926
-0,0258949774661737
0,0509610429701284
1,0293909156431E-06
0,00335458651480879
-0,00503298035371765
0,0748074912474116
-0,0228059751271402
-0,132648773621157
0,316110343196253
0,0785123245693521
0,0895682535716504
0,047173699218672
0,00600449998151285
0,0303895604252254
-0,00275260805922037
-0,0124874852713876
0,0659078387111341
-0,0486561991245063
0,0134766849753514
-0,0448855020948866
0,0610055468148324
-0,013998635875564
0,0290283593584875
-0,0672914345585506
-0,00337188831196057
-0,00189865413132602
-0,0061751305689787
0,0117165154584178
-0,00595327808575893
0,0134463582927093
0,0178668576462279
0,00199249706843934
-0,0335746784224325
0,00207333061198448
-0,00154948448882602
0,00965353191841183
-0,0316705211981558
-0,0149673960578251
-0,228408266016457
-0,381388079687976
0,196969465404159
-0,039521578967191
-0,024573375369213
-0,0516978432517917
-0,0277047820780508
-0,0372054374981676
-0,0503471734746793
-0,408531050952277
0,232951253855836
-0,0696549336758686
-0,0470485220316807
0,215279601344276
0,0825814343022964
0,0686216451680832
-0,205103177495879
0,108630973429517
0,153511681064422
-0,303463809838197
-0,333595073655551
0,124328162840892
0,0459233187344127
-0,0191784679705594
0,0256380518374448
0,0715521335565754
0,0266355259335193
-0,0112931546732929
1,61135873406213E-09
4,37607442955258E-05
-0,000171643372689153
0,00095651825957539
0,00102208844935706
-0,0145981639927092
-0,0149765192828855
0,000197259846636978
0,0322237465943694
0,0162656000697499
0,031345803096803
-0,000732617584645467
-0,0267649618205745
-0,00926851824893275
-0,00454138141398924
-0,0292023922284864
-0,0201904866496261
0,0196002626263464
-0,0212444929616452
0,00107316162134082
-0,0234214672773192
-0,122313120504047
-0,0679651110434363
-0,0190895049023835
-0,0316392977911061
0,00655062555502548
-0,0265773073579752
0,00699626253207747
0,00652664234954415
0,0595937127196682
0,067349505021033
0,0343565314797086
0,0246848129594347
0,0239957235238319
-0,405515465381688
-0,812079801587654
0,209708260299014
-0,109165668452436
-0,247356787730741
0,0187293303503111
0,0101271370598194
-0,0205662686257325
0,00278966381396884
-0,106983321354263
0,000371492762300689
-0,00985721851447634
0,0376573375213086
0,0337883032890644
-0,0138561865855009
-0,0161646128727752
0,0269575610912477
-0,00732067324265451
-0,00146422851038467
-0,00716679252146975
0,0204144029392373
-0,0366143461161402
0,0255608184846378
0,0251737777146866
0,032309247879598
0,00163341305446481
0,0123624875918846
-0,00223417882939401
0,00562120960289123
-0,00406897664910355
8,13839964151883E-09
0,000782870511921593
-0,00633911205070215
0,0117355650623442
0,0109253303313296
-0,262393108703843
-0,142568550074272
-0,0932383685191375
0,115727274912648
-0,062254651270771
-0,091745998319916
0,253695642033932
0,123640430127179
0,0763990180450444
0,00836587745587178
-0,0606594006118966
-0,16158497347136
-0,122947313223948
0,0608906194021144
-0,082206886545132
0,133735224302385
0,305694414078982
0,113274065948756
0,0894717616804357
-0,0776357787343664
0,0388079363220364
0,0371871366603074
0,0410514275424668
0,0492973200249238
0,0687909855922116
-0,0852778736358182
-0,0872459188419901
0,0482758426742585
-0,103882905686819
-0,0411914533846348
-0,129820810697124
0,119793181039998
-0,0545646131948936
0,227863609325479
0,0560910480690135
-0,0914102410056484
0,206838054624688
0,21440492662328
0,203430626801054
0,251777471443103
0,00790974693151247
-0,223338701817187
-0,101855262859158
-0,0224296841863689
0,293995121769417
-0,0527141436056648
0,0633367678067699
0,0459134387729447
-0,00465573687031591
-0,0890640016057035
0,0957064602527224
-0,032412021046162
0,235278555211634
-0,0654646308432649
-0,160588005950094
-0,0281918649449873
-0,0442144418713238
0,00992237634586688
-0,0430883588359025
6,08573498049294E-09
0,00123065865875252
-0,00031295174225266
0,00287846762479227
0,00248949493436893
-0,0138495683988225
-0,0136914837309954
0,0885399942095885
-0,0432030247403059
-0,0647918169810017
0,0877826273443372
0,118814879015359
-0,0533840012303188
-0,208348036145021
0,00281872196809028
0,140012705549671
-0,0606835523476034
-0,0103948760590554
0,0302231685289252
0,162786871789515
0,102981998176509
0,0403384059794262
0,0321675682725053
-0,359314686336093
-0,0577559655055246
0,109251876227504
0,143195583447766
-0,0068781736172893
0,121853785818726
-0,0265906874292217
-0,00270642198352564
0,000856298982353659
-0,0410045007885334
0,0486481295887918
-0,0170707667764014
-0,0263025375409089
-0,0279735278771036
0,0651514469709118
0,0500289144126396
0,0696690742075639
-0,0342124301425793
-0,124141619092648
-0,0128576992415
-0,0294280385536132
0,00901507825144095
-0,0590952156068447
-0,123709435193138
0,0291309874522574
0,0805490532628317
0,0137556281068736
-0,0520948380439703
-0,062535010300498
-0,0894510803823605
-0,130208962809996
-0,107672774337383
-0,135995078364034
0,0946851926299476
0,136193793701463
-0,349412619595477
0,361772007233723
-0,0420330019155268
0,270472989750662
0,0891317258789035
-0,431964507865829
3,88742943857752E-06
0,00072408619997212
-0,00633552914791771
0,0129311015819592
0,0144090896073095
-0,216656190872862
-0,193659954807825
-0,0258341746220295
0,337314371069834
0,091805973058076
0,185208969626243
0,129288701451225
-0,125675895948451
0,0419648533442361
0,0140802617895463
-0,195411017725489
-0,177966339358962
0,0329700429590927
-0,286552657159406
-0,0445734965136363
0,210308847729052
-0,0484767095132647
0,0968801143535234
0,0544891802951334
-0,196210175291462
0,0704028485126975
-0,0261342354297255
-0,00494747973347957
-0,00671113150581263
-0,105342255472714
0,144859434793829
-0,0018603978425024
-0,121791532337297
0,175784373933593
-0,0124578412709654
0,151443608873648
-0,0545988431045523
-0,0837219976339738
-0,359281390593789
-0,0632913815779251
-0,231717389157536
-0,109685655409404
-0,0983193768853016
0,132446885067618
-0,210367679397906
-0,0077650173256853
-0,00284697941552712
-0,0115131716328279
-0,0523988127689482
-0,0279808524793295
-0,118487541981107
-0,00588073407996419
-0,0969583744958665
0,0190282970481581
0,00319561443848433
0,0778776101262262
-0,0123025422124244
0,0892124014625383
0,108003739881083
0,0735742634580307
-0,0630144452580471
0,0150603506155145
-0,144016307059896
-0,0190541346917334
2,45955988531165E-08
0,163735129668478
0,00567148392324572
-0,0227852200124163
0,00393644168702441
-0,00109948432864339
-0,00673756890188377
0,057952172876299
-0,0219470315102457
-0,0732306538620765
0,0535257460361665
0,118280546130698
-0,0847233632030378
-0,106072610062889
0,0261534413009732
0,124726421505111
-0,00681418678031266
0,0330595572898094
0,0320814916178297
0,0866875867723906
0,0616004602216117
-0,0634620442851506
-0,0488321122781711
0,443609330029936
0,0789653002440343
0,0643693053530333
-0,00964555412201601
-0,24054984431709
-0,030008501383743
0,138469439083749
0,0122685231320066
-0,0223161612966386
-0,00508657653769552
0,105834571006322
0,0958476292521663
-0,00713548901968362
0,0873699742959855
-0,0881902004227718
0,0167991845232541
-0,32420653643201
0,144272116499949
0,230972403556349
0,106251771432265
-0,114262615330057
-0,20016231932078
-0,0843439905684381
-0,155108081155717
0,00376401515650229
-0,0291293997695996
-0,150035710197559
-0,0762179758476565
0,0801480004273648
-0,193934219537027
-0,32338733432126
-0,251993196074705
-0,0420244899262481
-0,0624549505604629
0,0603684041320048
0,0449406430044242
0,0265076764544407
0,13454346051239
-0,0579304329905378
0,115944578413314
-0,0828657928207111
5,33299440066561E-09
8,8169925192795E-05
-0,000551750801692513
0,00206417946015427
0,00218803663351266
-0,0576027745284215
-0,0452269036334987
-0,0170233275181893
0,0688361778716432
0,0182803173125276
0,0406252469909534
0,0703549011800945
-0,0136249292000787
0,0326202760579232
0,00111408258820102
-0,0841645866487408
-0,107372264675075
0,011231562872171
-0,09899611534149
-0,0755594207633711
0,202317602017637
0,105773557993137
0,167569006502501
0,126113064109853
-0,306134865981108
0,129337150992884
0,0192675878177547
0,12619721007462
0,187165576226351
0,289101556771907
-0,247170362452935
0,344855791725617
0,229299279237281
-0,310920887501478
0,0726691236030791
-0,0505279090616466
-0,0838280207432497
0,154674367750809
0,0607007603609111
-0,0405920938923694
0,245607405461123
-0,0622086076782947
-0,107214244138689
-0,176336363312979
-0,0362886862050988
0,00942315665300581
0,14534720649094
0,105971908636731
-0,0206550329135553
-0,094330999353856
0,117791211750375
0,057473848470311
0,0402279629488074
-0,0531683182696995
0,0569926194504782
-0,041332219139277
-0,022269949561599
-0,176871004613469
0,0368629368287938
0,15072615001113
-0,00394898946729731
0,000201616088535015
2,31385915332366E-06
-1,4046992122583E-06
0,0299540829254595
0,0134054261573528
-0,00950687496782421
-0,00331356019051666
0,0361943617185782
-0,0685283752845383
-0,0895606284484121
0,310961939807256
0,000872347340678767
0,0676306816126499
-0,184493051433027
-0,238147760329977
0,0783549445590329
0,154815237068927
-0,0328953455664465
-0,258747366613428
-0,0612693164090402
0,0589421866275922
0,0180181977931606
0,476562217491296
0,159902293450827
0,0404819931001362
0,0541471851820545
0,0520831220907666
0,0551813213509335
0,071192750235619
-0,0832156852218673
-0,0655503499816414
0,331847614669515
-0,0984664579365878
-0,0581843900045049
-0,171942207484294
-0,00615654583484823
0,137971728619222
0,0221828675299023
-0,0465066983283465
0,0178236590692348
0,0376716544424895
-0,00996327015490113
0,00274825688235419
0,128652778577004
0,0535491705431746
-0,0091955919971528
-0,0547867124629224
0,0223040283489145
-0,145229989627305
-0,156517388111625
0,0325232198270221
0,03391540266188
-0,12754848793824
0,0558479030132395
0,048865532770163
0,0576094404054918
0,244302517524402
-0,0605860872321667
0,0896360561123585
-0,171642772814468
-0,113852128414309
-0,0740851300356217
-0,0248297470861428
-0,119802115279363
0,0303042267661433
-0,0140688947086081
0,0125556293004245
3,28023423568134E-06
0,00235973818387177
-0,0575021345223708
0,0493786895208505
-0,0102457488789771
-0,00577687168969723
-0,0467398860725389
0,00223355395112827
0,0797482958721527
-0,201846382684758
0,0729514546121761
-0,128586091757925
0,0762326017520562
-0,0332087501882217
0,107777942480726
-0,0263482100142991
-0,00913538907200308
-0,0320060346739352
0,0513913675608217
0,057026369130772
-0,0389542344246918
-0,119240824281866
0,0868776191997963
-0,0278513263758873
0,0422441868979082
-0,0109491520672943
0,0265026981711929
-0,0216243560225975
-0,101427005079167
0,0698107450710359
-0,106093105850696
-0,235277813733184
0,258463893142023
-0,202027927143417
0,0837772979491618
-0,00755671877313432
-0,065865377679811
-0,0365500354601625
-0,0977657343298015
-0,0554447426776975
-0,0368550972297154
-0,0734047357864162
-0,0308292465167461
-0,0957295430273583
0,0064799771674536
-0,0118827923704702
0,0862151551607375
-0,0666896866107102
-0,513120607626707
-0,0684516336509388
-0,133962207595287
-0,372963990019161
0,270097862691706
0,076684266128633
-0,253677718299522
-0,000741989639969678
-0,102756514855753
0,205166191213744
0,0315850832439445
0,0340337060041381
0,00082081346161231
0,0396735509723666
-0,00785257613625263
-0,0353449847135411
2,35930069134634E-08
0,00267020797146863
-0,000756253757674344
0,0151182424217561
-0,00569606564896998
-0,122384087062366
-0,0202052217794846
-0,0638710060482928
-0,184060830431256
0,0628905900650674
0,130891080265337
-0,0719941956932963
0,209703365132528
-0,0214835164153782
0,0151761565396317
0,058463063192685
0,0219221078460177
0,134303365604318
-0,0706381730894165
0,0586432276026893
0,0134784509662211
-0,108167863999228
0,0939202702493087
0,0558154167730283
0,0706863292316473
0,348121209420653
-0,125206286748345
0,124007630947974
-0,0343028900040403
-0,0758385925663963
0,292744519081501
0,126784976310615
0,00618186132405724
-0,204529398303435
-0,0375633568879445
0,11642303252806
0,120607099844193
-0,2518916362854
0,0377413197460312
-0,00111661654222123
-0,141332827864032
-0,0180034169611799
0,112805590376111
-0,0557429100213487
0,215983966999414
-0,149036772653092
-0,0299837737141901
0,441313566871496
0,0468762213824875
-0,0703465815159877
-0,168828788751937
-0,0227659798329312
0,156118842708222
-0,0884510145069848
0,0372912107251508
-0,0165050218680896
-0,0483426319455561
-0,0282062584039975
-0,075501663417632
0,0431488636665196
-0,0643978117603064
-0,183142783430263
-0,00130336508452164
0,00251502322019433
1,09622844788647E-06
0,00687060335975041
-0,0229479634454229
0,082107253347752
0,0751585085511667
-0,00366782352919278
-0,0406070651317264
-0,0152847832993884
0,105702945619807
-0,334681328236317
0,216609618811082
-0,348054635575486
0,118539336991285
-0,314327532387583
-0,0459365714197503
-0,25326270901064
0,0797524990405161
-0,0523250741721025
0,27503908202513
-0,224393231718779
0,127403497616603
0,25245890838484
-0,289824171961626
0,101542938460749
-0,0322289552096683
0,0954019965904983
-0,0914467554817237
0,0622692657692528
0,11463273013089
-0,123419150269109
-0,0228850591171626
0,123556625172511
0,045485855641932
0,153358624990281
-0,0487380393169359
0,0396604715772338
0,0175259887507348
-0,0435876339794572
-0,0159031101801749
-0,0276769647572256
-0,1284244026727
0,00235218116684574
-0,00839474341919449
-0,142102451726213
-0,0940863731373647
0,0358126311556167
-0,0389377667272685
-0,0221305246071702
0,141838589035081
0,124512885402962
0,0383385134191812
-0,0677086482011367
0,0859902254520628
-0,0284946813308007
-0,0325722820899059
-0,0132958633249509
-0,00905429517131932
-0,0751554971517226
0,0010877190484081
0,00379481584756834
0,0123423941651403
0,000119972662854433
0,006872173417424
-0,0118767046922682
1,12228527436648E-09
5,20087111891439E-06
-1,56883723256604E-06
-2,74991548760978E-06
3,38983809293791E-05
-0,000242839993124321
-0,000331758526962556
0,000818014451956665
0,000373444042513997
0,000915742558676326
-0,00142101297675282
-0,00210676259719809
0,000591599256837571
0,000215844388470531
-0,000109994029562055
0,00180209314712479
9,74286195044676E-05
-0,000405032071280447
0,000439985136217555
0,00630360738493801
0,0100898889379063
0,000249769510460887
-0,00395597308170655
0,00134454596157189
-0,006069589855928
-0,00300171237603015
-0,00184554778984371
0,00596777355209598
-0,0193625209926751
-0,00114190521489206
0,000356403772458729
0,000267596885971651
-0,00141480668173613
0,00329630215030734
0,00394918756705274
-0,00481169877379486
0,00417707364189757
0,00395829586948801
0,0152645404190067
0,00614227426973487
-0,00828527593651419
0,0142878203376077
-0,030739686506956
-0,00300905764800666
0,0185083577957601
0,0187414469885167
0,0594728742865217
-0,00597923028623193
0,0215603676968388
0,00823438231925918
-0,0691017735645981
-0,042713724607792
-0,0446872473519698
-0,238838372779297
-0,0737712764674039
-0,0905897773169888
0,0397484090035733
-0,0200718544158752
0,192915511315727
-0,126519792835657
-0,785185816938791
0,266790068065119
0,369217933031993
0,185674155788759
3,87838262939048E-09
0,00185376917688379
-0,0524785666197499
-0,00128888342199448
0,104037209842027
0,00613937989937875
0,0141963805917768
-0,0148136615537009
-0,0116190878824198
0,0366393524881728
-0,00045059055896874
0,0288918994779966
-0,0153190372739891
0,00406693880601447
0,0124851970201715
0,0354237009135645
0,0491479802366313
0,00670015601720169
-0,0309711806406267
-0,0335777377843415
0,0581134544842887
0,0443800917793361
-0,065387573887482
-0,119022135186262
-0,00698408626476718
0,0291447978709519
-0,437769878091775
-0,170925700229609
0,0394074716500564
0,182896517849003
-0,155005667095933
-0,120895657674769
-0,157008210606878
-0,117175307098252
0,141330152770101
-0,0284154911142993
0,0914677614902777
-0,0383883231246196
-0,0555519726826698
-0,140025347483734
-0,206124958145755
-0,251266745479658
-0,20262483213675
-0,0163699650188656
0,293324429103471
-0,057660208839285
-0,152341644775744
-0,160790447745866
-0,0169712222437478
0,0383182269475426
-0,079609537827244
0,0412020248568833
-0,0554185621682502
0,0625049376921308
0,0186677520246764
-0,0304707417565711
0,060838828119126
-0,225470948499977
0,252732247754001
0,0236069299365956
0,0993378716915814
-0,120892612190068
0,280632512646818
-0,20229390503134
1,29976930029778E-05
0,0020624577223107
-0,00350698345567721
0,00942709487667721
-0,00574765859493291
-0,0993304692372021
-0,0216143819739067
-0,0419114164628212
-0,158195830391965
0,0362433925480013
0,137591144639367
-0,148320006093955
-0,196387044529686
0,127323250711408
-0,000983431512084943
0,0520946138023326
-0,119042936733843
-0,163724719547962
0,121191017180658
-0,0504657024901416
0,0320134818225497
-0,0200127598479028
0,0691519975833823
-0,00712212193362521
0,00721957646050918
-0,0864801466288221
0,0210181845091904
-0,00792781768480963
0,0256685437565896
0,115855206470282
-0,133795827972155
-0,0707440505248076
-0,0554660535473694
0,21176720708196
0,0663813753049592
-0,0387952559718183
-0,0107103437514866
-0,0017212760484819
0,012748176921785
0,105739472964979
0,00270700795701181
-0,0231641619483258
-0,00136930221717672
-0,0137435659543401
-0,156065995098962
-0,0578884497908462
0,0327759438035133
0,137515466834942
-0,0982219486450311
0,124715251026327
-0,40262875466463
0,448706811293386
0,373018502392448
0,0364305950333513
-0,0641751247018102
-0,267005966550195
0,159089274827188
-0,0698148508641433
-0,0219350061353705
0,0195515954929936
0,0163603825471181
-0,0129749073305733
-0,014077256891704
0,0598602274878181
4,414463944189E-07
0,00380685257009266
-0,12193202828978
0,020181726614521
0,219625556471459
0,00704600922439062
0,00705083060625603
-0,014155296171516
-0,00467471523526178
-0,010542614150867
0,0228781402486944
0,0714077192247635
0,00149626242408096
0,145039342042702
0,104358931189875
0,144588517150679
0,187239312544044
-0,066969238911021
-0,123480716316867
-0,0425989543434667
0,103714960733061
-0,015487916764761
-0,122475818606608
-0,1830090167381
-0,0355507815229259
0,0252458884934683
-0,485276094993045
-0,117096584436094
0,175561738510437
0,00200099587449476
-0,128839853283865
-0,0161916655340954
0,0027408065728501
0,0649497623409715
0,097349141756062
-0,0443915046502926
0,106631182401314
0,0103424110502194
0,15260898314612
-0,156644172337693
-0,029426449086394
0,0846787428747623
0,0460458651346783
0,0499647635826618
-0,175157326660171
0,0520035541317793
0,0918507669159505
0,163637805397786
0,00276711345579888
-0,0506606631000137
0,170903744667245
-0,072123792332901
0,0962935884929341
-0,0831630815349201
0,0541334591600516
-0,0573367300737581
0,0888457733685547
0,30117771503872
-0,135480801228821
-0,0138277624922606
-0,0673298742966487
0,111823690446334
-0,275811953655411
0,191882866050289
1,59884064374784E-06
0,00499138459163578
-0,00517685971344811
0,107647456524878
-0,0318895642679255
-0,0541074701485171
0,148735931182353
0,046520372876738
0,0127360604319889
0,15087905546038
-0,0222887251338376
0,100327787190226
-0,0165725039470416
-0,130427750324272
0,135326137040042
-0,241392366490717
0,240876633433626
-0,246320045275872
0,127692320725174
-0,109803323784527
0,338953968359255
-0,235597438973892
0,192471136511348
-0,0279098433492093
0,393553610243471
0,0343931905560658
0,0359936420785318
0,090301872457079
0,00703653427856206
0,104770142891616
0,0967003499135175
0,0395345330383014
0,028244513684276
-0,0736847010849428
0,0284682232263354
0,0663911511087974
0,366774309795471
0,325884776639545
-0,0900597771589383
0,0301798795086304
-0,0274856726895935
0,0251628303659492
-0,0235600988894429
0,0226570231485974
-0,0669172640350166
-0,00471741449822448
-0,0193955029900518
-0,0352781186494169
-0,000556094867898714
0,0633893180976387
-0,00569361663824179
-0,00332448591201816
-0,0471594297495323
0,0274367547549959
0,0452418913704571
-0,0748290560477782
-0,068458212299368
0,0133673586005075
0,00915445878781642
-0,00571877797058212
0,00667473413062803
0,0235618800399907
0,00016854903757709
-0,000324616183082481
5,25466585313962E-08
0,00756412655277499
-0,000285541648088519
0,00118997484970685
0,00821012576414331
-0,0360341336532271
-0,0344122702677344
0,178071235564096
-0,0671911226811194
-0,0505737785126122
0,0124764750286687
0,0806615720928081
-0,0172790878145335
-0,0897157805791112
-0,017615978612839
-0,0221891243036544
-0,0483814692904232
-0,00294169383918565
-0,0582404404686027
-0,122084322520259
-0,134622624467319
0,0163990024112763
0,103371717544113
0,0612801736892228
0,0332388006421215
-0,25710581427509
-0,288299420309025
0,269627723316128
-0,122013590420477
-0,0895518260187446
0,0733853520218928
0,0900452365505202
0,159263625293228
-0,00357139674541908
0,224073739030705
-0,112559061989937
-0,0582460412931737
-0,0352589029434284
-0,00435185329604936
0,406550405087195
-0,0529610642048836
0,0873084225121143
-0,219417249566806
0,0658229092564916
-0,137344501356832
-0,219035744358177
-0,367086009273407
0,0842432787552823
-0,0431312387178823
-0,124698447211549
0,207228754602406
0,0261763107171391
-0,0208458745754311
-0,0534307301453149
-0,161529831298683
-0,0842733687713622
-0,00238180455760729
0,00506839597799933
0,0450459704866643
0,00537360018603425
0,0126549210200189
0,00438695840809718
0,00804189043715046
-0,0158319646634356
3,39950407312589E-08
0,00173821476294506
-0,00533941979976707
0,012560601471871
0,011932316708973
-0,319978746460597
-0,19837103998243
-0,0608357960945542
0,188018940919086
0,062693723267882
-0,0983486627563837
0,150001869169706
0,0443696154752318
-0,000311399394300395
-0,0290278955381534
0,106697757855324
0,0663274166729666
-0,0903923500958296
0,185322369995134
0,0231916416938954
-0,155308125315078
0,289359397998905
-0,0463842197631509
-0,00450990470964923
0,295565924762887
-0,0503580908758648
0,0437942426040838
0,0181932604844082
-0,0207866792548669
-0,0036825566469161
0,0185319656436226
-0,00636563259240535
-0,0142370308984738
-0,0614723507619253
-0,0460195267699436
-0,0666032866889385
-0,00273894408885922
-0,042605903904836
0,170960272187141
-0,101050876373746
-0,244158072007732
-0,0593591835523478
-0,183724633306874
-0,0814807434774343
-0,184958241524704
0,105557336761058
0,117975905431799
0,117083787070394
-0,136888702794087
-0,326308130263317
-0,0535401545034057
0,0586734726153518
-0,125390488157899
0,118274950604164
0,0632872671312318
0,0307893238687739
-0,0408113326382279
-0,187935490530465
-0,192370287797878
0,104504206606954
0,0182119995816368
0,0543957390663766
0,117994602430307
0,146663658812457
6,39177799287467E-06
0,018697012508967
-0,00200234360746733
0,00106740847741014
0,0228062222082952
-0,0550867325810707
-0,0685514318663537
0,402797969976545
-0,161493484664936
-0,194810623476996
0,190085212208055
0,32326797951942
-0,169420824706007
-0,300643906058249
-0,0296786209659534
0,209330381805965
-0,0716665166014474
0,0325125152829471
0,0535226767114
0,076701897828364
0,0437001727873984
-4,16113785225672E-05
0,0446751053339079
0,0643342298866217
0,0153196418938147
-0,0527926139377484
-0,0658334486818592
0,0124823069145824
-0,0635241280607142
0,0364635181360968
0,0532158597396036
0,0702384847027522
0,0148207311007896
0,00864569352231226
-0,00938994776141478
0,0427843941737145
0,024780268273209
-0,0796102671796975
-0,0702623096885896
-0,146564818295892
0,0511072589686256
0,211784452340794
-0,0239875534453898
0,00305692876525915
0,0657291279588588
0,0909327907553796
0,112863859975093
-0,030070417834885
0,0349511893353808
0,0818071782206872
0,00301001062919894
-0,0523339362844982
0,183884727188784
0,420443797782559
0,237386787170942
0,0652883221663457
0,0586222850481099
-0,0445352311891589
0,0633319148782368
-0,0163063996982954
-0,122912366627687
0,0188637616761525
-0,0112600111525095
0,00688057223821715
4,91780855050103E-09
0,000827025233470002
-0,00559535631154662
0,0118485840310019
0,0114219324201994
-0,271813443254806
-0,129508779331869
-0,09972541037266
0,0802751944830711
-0,0968261747101004
-0,137194869869507
0,258495639852194
0,160625634355419
0,0372968985833524
-0,0889184657103425
-0,0765732653548579
-0,198611595947425
-0,189504335092085
0,183452047639572
0,0114684210009052
-0,0541541164206841
-0,132498361028368
-0,204565118075626
-0,0707770382309035
0,000484621956643899
0,0300734535616432
-0,0810184303416683
-0,0858330802142452
-0,111676429848825
-0,10147137747068
0,000156074546885767
-0,0884362586031777
-0,0163552979082074
0,130594542197181
0,122320535460982
0,131509112583339
0,0366620810961382
0,0533793810869608
-0,221594179251669
0,172060734091226
0,309611860096259
-0,0646388559662318
0,119669057480039
-0,340727788371097
0,197421729164173
-0,0592436764068064
0,116037509588145
0,110636750494779
0,0565085441076638
-0,0886219422997257
0,131285382181179
-0,00408301199700659
-0,00202262534127399
-0,0345857762977194
0,0846754518318609
-0,161569118327418
0,113402295655613
0,0935367645105674
0,127830790871679
0,00317224314018384
0,0504371756999087
-0,00979576580370604
0,0147778524354491
-0,00637112911784383
7,68393289788457E-09
0,00730980241233539
-0,00225478428351448
-0,000559895143243135
0,0115033704962971
-0,0064997577967599
-0,0105439435249403
0,0688998443575417
-0,0302992446436746
-0,0592686764338901
0,0618752160009467
0,112248499782146
-0,0677043861208698
-0,0528156376376691
0,0156949790568358
0,144751396385262
0,0469941843709811
0,000182356107646782
0,00792751444607854
0,0589933033633869
0,0981931630821834
-0,0846602386238114
-0,149183160682235
0,519931088659082
0,0623900187723092
0,0863218218598989
0,00743213948332165
-0,243925196793564
0,0951834737250676
0,0669714805106669
0,00627929408311663
-0,158223264761825
-0,0366168099494594
-0,0772633888778768
-0,113914870167978
-0,0189730794469482
-0,156846671216955
0,171591321683168
0,0483879929141148
0,392785684850208
-0,154452665154086
-0,38515705215068
-0,054171880478554
0,0897457521579669
0,108246739579016
-0,00588448639318003
0,0327527622363543
0,0096061465663897
-0,00583248800140335
0,0800777756153078
0,0989472247347563
-0,0496683044310205
0,0433286926147957
-0,0844184866194359
0,057127553790572
-0,0252551084857535
0,0134162539487459
-0,0323902131027184
-0,143143223788214
-0,0177005389330768
-0,0379514397034118
0,0589720417203079
-0,15114970810336
0,109485716554447
7,03801168093899E-10
0,000132204448654016
-0,000166461327572308
0,00442310276814252
-0,00116902974825541
-0,00582486289844741
-0,000240028336357453
0,00373859067341276
0,00805582150803773
0,0269451885534582
-0,00123576075384821
0,00334848215779657
-0,0141591816636166
-0,0334394859972267
0,0109139000820373
-0,0135311785525575
0,111389986705435
-0,0685884790441654
0,074941418965035
0,0312333972318413
-0,0943343399445599
-0,00607631637853069
0,0980325378541077
0,0424295685647294
-0,20467723849891
0,0899315222408277
-0,0395138506678767
0,00420888678421332
-0,0300810308590808
-0,0458279001603515
0,00514368786216229
-0,0750856520931998
-0,0393538211751065
0,0529287127808173
-0,011192955688188
-0,00566273471647708
-0,00194142876078863
-0,0684580820996785
-0,0017969067590405
0,0262105540760304
0,158761242135148
-0,0539886127195828
-0,102026364893829
0,0996918033413159
0,0137410149289879
0,556107985507808
-0,304478489421033
0,0879401304048067
0,000869377193859832
-0,0791677125936239
-0,0932215002913643
-0,0539184365827783
0,05087414819524
-0,0457131401728323
0,2470771881964
-0,354127390239266
-0,446622200662245
0,0552304055706535
0,0459740024199596
-0,0362114206356975
0,0597358950856671
0,0698671863979941
0,0352594707952288
-0,0186895630736513
5,83855245449183E-09
0,00100196215846417
-0,000261268496221895
0,0012156009777759
0,00305380358954104
-0,0110484238941653
-0,0148555216633864
0,0871134396276898
-0,0362859137834129
-0,0724503629965278
0,0793319465922647
0,11777490704554
-0,0707783682463195
-0,193239255433528
-0,00698698983737017
0,14679219878822
-0,0620159366718816
0,00935026175991881
0,0623144623690006
0,151309873781646
0,11229480105772
0,0296776206969442
0,0509189962833385
-0,353521219465269
-0,0609342035461634
0,117433848518661
0,12270053755178
-1,24167200402231E-06
0,127638857421063
-0,0507147958660092
0,0266431007326392
0,00163404466708857
-0,0428342357255963
0,0255750533808448
-0,0276669068957191
-0,0136400338565256
0,00226814376649261
0,0461981814012225
0,0606434399865653
0,0742609037344191
-0,00733755121131531
-0,1387301340338
-0,0350927324509203
-0,0248058086214765
-0,0128477288245562
-0,052329606365708
-0,0728601807184986
-0,0544971678666549
0,0166738994540114
0,0390120879373763
0,0119027955231389
0,0195678626720863
0,00877908673631833
-0,178864330723444
-0,18105870917693
0,104443410903878
-0,169978451757823
0,0439363259044805
0,242495165985542
0,0457571943447224
0,213429170663515
-0,18646402808397
0,0838967452633344
0,610905509288273
3,5682410514274E-07
0,000882602001872212
-0,00666492054999106
0,0280851023602288
0,00543063146447077
-0,0663452855696134
-0,0902673340281078
0,00362621965117217
0,189428046309314
-0,0315008150104083
0,222308401922118
-0,12726728888121
-0,108290831965117
-0,123699882680832
0,0268585990725021
-0,148576251062045
0,00314524622675838
0,136834874877801
-0,0944966763169102
-0,0780398018916456
0,0132610478095351
-0,159732479589819
-0,0839356893029159
-0,0561257497504526
0,010659715521734
0,0577968041617399
-0,0339165342880678
-0,0373271681196668
-0,1009361088861
-0,121018531600656
-0,0972056749241095
-0,316989388814873
0,0392118460179061
-0,120190738787486
0,062815055468687
-0,0661360217037326
0,0232387925517018
0,0249812052624028
0,12495403091852
0,0685718381850412
0,168958969711683
0,236755592815022
0,236572773561172
0,325193878819164
0,104074651975892
-0,0339263314869951
0,0292528901251137
0,0457817429541482
-0,141255117573036
-0,0320738818837528
0,0878677988631757
0,0821670114553691
-0,102843428665785
-0,0473481049562367
0,196504290204441
-0,0580233503574659
0,0998981243012864
-0,257950033999751
-0,0661614800596666
0,298831606926859
0,067572358593346
0,0512526866864651
0,156135089582787
0,157476559644247
2,02007293214665E-05
0,00180587777977367
-0,000473418772720396
-0,000540176655008009
0,0054642322059943
-0,033321811917965
-0,0411007462459922
0,0923615123546434
0,0392358895613951
0,0811532104648313
-0,118183241542536
-0,167020764349803
0,041743205800785
0,0145779566418521
-0,00685224825069982
0,104562473526436
0,00552102113251171
-0,0217423757616961
0,0229570394386267
0,295629377784867
0,441359314019713
0,0104005705782073
-0,161194329868519
0,0489050778258553
-0,208111088994171
-0,0995795608543483
-0,0580775771336396
0,177387558908555
-0,532858324632917
-0,0285612183519478
0,00827383054016717
0,0058567729963372
-0,0279131620612239
0,0610546421810438
0,0627112074982036
-0,0749354071940232
0,0635262382815664
0,0524814476023308
0,187698594935448
0,0657711801645337
-0,076711471614935
0,115656286586839
-0,215323858085137
-0,016978956231573
0,095430769849508
0,0760387566509515
0,233383514475856
-0,0210292377871629
0,0477728914686389
0,0179267238152087
-0,104726985362705
-0,0569854568467417
-0,0330725304558444
-0,12762601025233
-0,018335695543572
-0,00990787217085889
0,0020458903029018
0,000722428767930676
-0,0158598468340191
0,0130180960290627
0,0836351131606248
-0,0292595909036057
-0,0405064007427065
-0,0203701563760099
