0,998928887730917
-0,000444585643999943
0,0011105649624368
-0,00485512955752981
-0,000951770756568083
0,00172766844820599
0,00286000880577301
-0,0132397934746713
0,010653535993126
1,51071190892669E-05
0,00241924606947838
0,000704296277606767
-0,00520367906185808
-0,0122583295843838
0,00404107413065368
-0,0119327244111009
-0,00246943712384119
0,0012730585779505
0,00541869754873848
-0,00784018205973499
-0,0126706714240981
-0,00419811576997073
-0,00102173993023037
1,7692176719754E-05
0,00272829778105749
0,00264455497423039
-0,00449280356457932
0,00591733584290982
-0,0078476592246169
-0,000273646800978019
0,00762855313995157
-0,00950064482176016
0,00275658848766596
-0,00925675461641985
0,000770674898790254
0,00428117580099985
0,00440090085074078
-0,00486478451594054
0,00483753069768435
-0,000405700294434332
-0,00404498717235945
-0,0025815549589161
0,00306183786571551
0,000283036474455072
-0,00330623521028561
-0,0105065491372471
0,00529409624318337
-0,00271880504106779
-0,00460726746835276
0,0106120542440823
0,00128218956141503
0,000549052459098123
-0,00758435276885
-0,0031540551699579
-0,0037724916764907
0,00260250303861381
0,0155557701997142
0,00361077247287292
-0,00464700278755902
4,98610138971122E-05
0,00602668192912294
-0,000271395010142425
0,00301027267140005
-0,000956908331292842
6,91875659654802E-06
0,969529223060574
0,00786920535807247
-0,0403455122283143
-0,0037820345721826
0,0124080599813115
0,0146544135081577
-0,0738527659812312
0,0530818563737005
-0,0202564701942271
0,0227955521314973
-0,0374882975896251
-0,0267416267006097
0,0264196323214064
-0,00495674003399373
0,0542313802585154
-0,0184078689688026
-0,0270608492666643
-0,0207129175212341
0,0507753201821874
0,0242843588554901
0,0512047671562739
-0,00289926609574731
-0,00949441060654766
0,0475780315461839
-0,0166169090425897
0,0218181994086118
-0,0313906171144817
-0,0748837980869777
-0,05862311844339
-0,0241125294963264
-0,0220762534581523
0,0151565855805372
-0,0234778631906283
-0,00983876351596488
-0,00444021997760612
0,0295141921847902
-0,0153687017906363
0,00478081517811394
0,0138128780874735
0,0414425466413998
-0,0831388537060713
-0,00537884555214142
-0,0291274384894663
0,0188485309319285
0,0220352942784748
-0,0191273930929001
-0,00115268713340809
-0,00505375931809367
-0,0165722662747763
0,0268923361220072
-0,00196166615302219
0,0546690895825493
0,0127055141402288
-0,0445399370776988
0,0257917447101012
0,0225535512439163
-0,0181588846547743
-0,00952964839064806
0,00160796083201901
-0,0187003415538306
0,006552917086803
0,019126531328473
-0,00131808010653778
1,28772996632464E-05
0,00179654272423206
-0,955654015053421
-0,153709956657029
-0,20250897256087
0,0242501619710406
0,0192128790735799
-0,0101025528645044
-0,0153659989873452
0,0966358843275032
-0,0267677055927263
-0,0081867173048506
0,00397586718175518
-0,0529608211832121
-0,0410704167380682
0,0442133488762737
0,011440057927345
0,0117394482136375
-0,0252977344482438
-0,024432081321906
-0,00906130547522655
0,0151256890946385
-0,00550597511427124
0,00611277171747532
-0,0163438073676916
0,00168149305132926
-0,0207995819765619
-0,0236536362714875
-0,00717739451757552
-0,0106834172492669
0,00444829991632724
-0,00780137651967138
-0,0216314099176282
0,000729826533527193
-0,000373943970614889
0,00949901775176826
-0,00178451275691596
-0,00393340000499809
-0,00391651774888983
0,00764988554465491
0,000617365184702211
0,00290495015170784
0,0061832614600631
-0,00473518391193071
0,00174329034880572
-0,00115458333964517
-0,00106324599513856
0,00247834946018173
0,000292081391482994
0,000271736886934243
-0,00295012357483226
0,00740066966176316
0,000316127403404151
-0,00354145219406216
0,000512031715002285
-0,00092699005928368
0,00181452898809659
0,000297781670103244
0,000334894103892471
-2,30254397961422E-06
-4,00251863925568E-05
4,41237668919192E-07
1,19650016975942E-08
-3,03682364287962E-10
0,00470845118666375
0,0431213552751532
-0,0877246427810938
0,876614616685685
-0,0872318628164766
0,0417791950723906
-0,00123926043798724
-0,0388214926673818
-0,0600247543929063
0,181672686137619
-0,0896489204919094
-0,0178977733251122
-0,117774843009285
-0,019791146806053
-0,0666936240439096
0,0382978653321774
-0,012625115903183
0,0755497259112101
0,00124854675369738
-0,0387450801908877
-0,032538316726603
0,0757720327365189
-0,0362954068850235
0,0292351076708469
-0,00425651657994898
0,0193444580691998
0,0190727867124617
0,0159352807740207
0,055191912568464
-0,0907399680371423
-0,000449155331001476
-0,0228382522662462
-0,0794282644929058
-0,0160664769465957
-0,0068822146328628
0,0108023220781985
0,0340628398143635
0,00604952608211818
-0,0194163293214248
0,040151840259429
-0,0347511663827552
0,0329007839371969
0,0855221539478988
-0,0109023217911726
-0,000886536995531881
-0,00915690585546872
0,0486545513477186
-0,0915492090368929
0,0677435113498816
-0,0443841369066057
-0,110984552477033
-0,170574395855595
0,0855223223675803
-0,155126534974847
0,0138546240953049
-0,055067028568383
0,000103184337942254
-0,0431369453940383
0,0136307422381286
0,0128122746687652
0,0150800067311304
0,015805889118677
-0,0302339115326373
-0,0126251772107655
2,81332327164479E-06
0,00169052809799926
-0,16967004273675
0,0325849725130455
0,904587585408026
0,0078894359335595
0,0242579643106
-0,091236695104579
-0,000984561287519089
0,10203371754427
-0,0650872158332335
-0,0184628727877377
-0,00797151727744903
-0,0868388851943986
0,00556339652068444
0,0581212087402923
0,0157852542934377
0,0361404178394009
-0,0443142001969214
-0,0202546037804661
-0,0496848542195974
0,0184005132261727
0,0785906482050862
-0,00185056010108077
0,0304007376132824
-0,0160770438024362
-0,156575735072192
0,0514014835213509
-0,0595448160261325
0,0187022394561584
0,0242131964496499
-0,0644058317349389
0,0360285966404239
-0,0225780863066032
0,0134780149371742
0,0424584417012436
-0,0504739645486139
0,0278410981273136
-0,0713607255000625
0,0819563586969998
0,0997770740712312
-0,00767583150507898
0,0421788713863412
-0,0218914610464081
0,0191869336348021
-0,00163116614921447
0,0331907890606068
-0,031586663818057
-0,0194444415245104
0,0366192862656413
-0,0480593811976795
0,0307129276521371
0,046503749871663
0,0402550769297297
0,0569962259466161
-0,0453707451050195
-0,118344493961082
-0,0239257400543897
0,0576348646577261
-0,00337709588957428
-0,0339866296881429
0,0128605027818934
0,00652722660492124
0,0010507711619892
2,66310914157632E-08
0,000206385625838126
-0,00402786683702649
0,0180525093616604
-0,00590748528860885
-0,500512178911742
0,644320579907856
0,0792226239787231
0,0394446187899425
-0,0617665643796426
-0,0335987833550794
-0,0211854747371333
-0,0136311718810108
0,0652926735473337
0,110739905663206
0,0167415004343395
0,019301602657886
0,161319250003183
-0,0849819343984136
0,00988635851664428
-0,0333793298506397
-0,00346194642616835
0,0287663645241176
-0,0712430264190809
-0,0413361927989626
0,24204183751724
0,0238881249441135
-0,0492674217612131
-0,136887899416297
-0,000514922250686967
-0,0351622154631824
-0,00626257051532957
-0,100149506836982
0,100295395080436
-0,00648599071475626
0,150588920272715
-0,037316449908851
-0,137730284235638
-0,103566417195472
-0,0502660401635255
0,0343480439778229
0,0358146146880963
-0,00710168488446452
0,00431420267266079
0,0605849408226191
-0,135670814249339
-0,158396730998607
0,0285564505340359
0,012496230550672
-0,0244907989474184
-0,0702126548784165
-0,0575928311936297
0,0257364995036373
-0,0423810594504106
0,135607329447434
0,142866687494498
0,0342051951381202
-0,0083776451248138
0,00507814945056921
0,00121967425552092
-0,0125623630799374
-0,0308012093376768
-0,00101510390380603
-0,0109794519566956
8,88512354763253E-08
0,000109858252312119
-0,0331828639172959
-0,00615807556092774
-0,0184178969770897
-0,304837323580396
-0,248508745704249
-0,340963766253446
-0,342076786924337
-0,438526689757828
-0,509262591626461
-0,0428945348457661
-0,17879952044221
-0,0110119563452821
0,00605074494145101
-0,072262725610195
0,146721413255703
-0,0826795169428259
0,0306861125517842
0,0189699993050527
-0,0277068454584829
0,0430040578318378
-0,00390730193993503
-0,0134364410056899
-0,0137119149834633
0,0651493145650157
-0,0124047154506242
0,0112759444254265
-0,000472684810302138
-0,0271157376046724
0,0434171425006682
-0,0381618268051546
0,0145374267595676
-0,0736666422493541
-0,000830754049226564
0,00619934115547556
0,0473969029522414
0,0124096559184437
0,00385557591323682
-0,0328507869116136
-0,0144551889523278
0,0162060545170812
-0,00901077664323045
0,0131424572717624
0,0795187837891185
-0,0195699404886024
-0,0127315074882746
-0,0160755876917543
0,000614569639986266
-0,0811972858543516
0,00724187438864289
-0,129750298722628
-0,0900565445556444
0,129728161215627
-0,0269641454135321
0,0376512811686123
-0,0971374195494448
0,0132412110045294
-0,0251236534095444
-0,0224721731595758
-0,0070089600896399
-0,00442541115496828
-0,00526743557742919
-0,00478650492726322
9,54162900908993E-08
0,000576304715283107
-0,00535832818875123
0,00687048114701861
-0,00336011483372658
-0,543194131107387
-0,414998068836777
-0,224339038289758
-0,0578286244761754
0,197787080352728
0,309611844966608
0,21770361976025
0,106796061274469
-0,0471449807684663
0,0215893138477587
0,142096931865373
-0,308559158985708
0,0656268505313191
0,0810905491658874
0,0227425391991451
0,0496204380809547
-0,0596793372240896
-0,030695800609716
-0,0218296762127635
0,0107811935903022
0,0389454133456505
-0,00166336001009231
-0,0149016900510493
-0,0345753223015678
-0,0271182740879637
-0,00500283337775115
0,00287107227207372
-0,0310128571779785
0,0557966305325253
0,00452523843458804
0,0589656224823471
0,00517738072825329
-0,0638657617791081
-0,0812416386058701
-0,0702787915648899
0,0264708393144621
0,00608000243165812
-0,0610730461224359
-0,0660500654832678
-0,135957982925541
-0,101196932947993
0,0570296062593773
-0,0911832062027974
0,0625347965835238
-0,0995800008200615
0,127899924507959
0,127492741037689
0,0245526762244454
-0,111087517640192
0,0710571969323915
-0,0164590656731195
-0,0377312897979238
0,0170135973811829
-0,0132905840392019
0,0232004726289772
-0,0112840573741533
0,04025006172034
-0,0429535198972839
-0,0368939365113103
0,000133766934331951
0,00655638163626379
-0,00351065778905081
-0,000806776495437602
0,0202134916200612
-0,0339313748140298
-0,0509337440114437
0,410127250322479
-0,424259160212848
-0,0789997626142069
0,154742375380434
-0,0537914777408089
-0,126963708659241
0,206766934236742
-0,143665830164019
0,387212200929131
-0,0173150001119533
-0,138473230629499
-0,0263434109194159
-0,0353647808315984
-0,205197470616326
0,0677910758412127
0,0578162340967558
-0,0247823988174798
0,124015672587771
0,0988448307687222
-0,19380131293674
0,216507500793449
-0,0930965743684814
0,0896709988442313
0,0650010453510895
-0,0931755957408029
0,0131654799958733
-0,0704438371336152
-0,0211013529217761
0,0235573347528591
0,105686270345506
-0,116569912411943
0,125479292689695
-0,00934148471559121
0,0465743491643645
-0,159693829220187
0,0998104358748946
-0,0391265743194758
-0,0654663971340978
-0,072918113013685
0,0475778732078544
0,0161026145119647
-0,0424678361846481
0,101025468296718
0,0538571010501986
-0,0435217271264198
-0,147577973385673
-0,0985559345277425
-0,0372276690984834
0,0501160431218711
0,110716547276054
0,0607984386094209
-0,0420075086060545
0,000861431310149321
0,072419556415249
-0,0220305877409921
-0,011099939107075
-0,00181449156054884
7,82208061872572E-09
0,000969239040709823
-0,00166929131955401
0,00525964071688988
0,00749083001088883
-0,166681665348624
0,153666865904469
0,0137140626880569
0,0387859921052
-0,0615364621810515
0,0632732484648376
0,0656059113099724
0,0721757670178108
-0,0318095764921555
-0,600526681679902
-0,164393580771076
0,0400635476584409
-0,05752066366509
0,101268985416337
0,0840076608169028
0,0719232812461881
-0,176812651790556
0,011014060329606
-0,00186048472225849
0,0308546312102218
-0,048490153771913
-0,204291802418468
0,157018488885187
0,238344887094334
-0,429122999783816
-0,189216810300923
-0,126469294558257
0,0633920942939911
-0,0905924114412252
-0,0435145976656248
-0,0719894570190318
-0,00113382092662327
0,00961788940296092
-0,000106029176631376
0,0116034289039999
-0,0630838484643462
-0,00373291945777482
-0,00431194809453683
0,0716078369926398
-0,0837419000782954
0,0811348919364503
-0,0718260143423512
-0,0604529849072952
-0,061454327468509
0,151433684350027
0,119253794004105
-0,0021943589350021
-0,0258868082495929
0,00549863916664854
-0,0284620769902662
0,0709176124658767
-0,0843926001220364
-0,0648230176034125
0,0850827277362241
-0,0144933525265667
-0,0310660006018213
-0,0144690790970347
0,0301646255371565
0,0143846113780786
2,27331930043385E-05
0,000579509354736557
-0,0722307067728949
0,00967884166980964
0,131265702887317
-0,00612098194997737
-0,0200912553535223
0,103504766587732
-0,0738955242758092
-0,153356262246513
0,181900375086267
-0,134036872680192
-0,162794603293916
0,332507773433031
0,0587665948830835
-0,281949933283089
-0,271057724817432
-0,0576730658694484
0,148086379162336
-0,119813167764286
0,0248790121079792
0,109479831969844
-0,282801857816411
0,0508926788573073
-0,112577786608099
0,033815911693059
0,0305788176470634
-0,331041680337509
0,0939240990540686
-0,223395362576183
0,0813839320333822
0,00538697023735746
0,0671675351855272
-0,0927163043135983
-0,0185161127973787
0,0443143968677877
0,058881652081044
-0,090738042506874
-0,0186705661041414
0,137784563503379
-0,0264885164820323
0,0928258035716923
0,0761859553832518
0,0140688644569629
-0,0890744727396037
-0,00772704136734067
-0,00463060895895381
0,0656213983721998
-0,00929677508888203
0,0946687628609431
-0,111714644073064
0,0698329819457767
0,0772901673574233
0,118217091865747
0,0280485936758653
0,0114499007632599
-0,00682476840782871
0,0742120335792298
-0,188472170990388
0,045554838398254
0,0411210484482909
-0,0706953270353853
-0,310598727342673
0,0246841520672024
7,08675145450674E-08
0,000183241034879402
-0,000329091264042289
0,00372438948303872
0,000147758063455693
-0,0280840468108975
-0,0285294613275858
0,0761884825214026
0,0599855074928156
0,0575604955671954
-0,130004073867582
-0,0619721294619836
0,0272007695551526
-0,0500441901224787
0,0143779123476879
-0,120959248377567
-0,275511436831715
-0,340081496629083
-0,344998930492649
0,335446107210125
-0,257630748427222
-0,196735136723644
0,00992616259170599
0,438824013074293
0,0183606181609039
0,205990975012024
0,0198040275109882
-0,00614909430479596
-0,0366582934873261
-0,0235211856365629
0,0256394677252915
0,0378533841239376
-0,0471366579140126
0,010191438908723
-0,0131772231042766
-0,146822930328619
-0,109263830976663
-0,217836723484779
-0,1487878900029
-0,0488232854739805
-0,0869103738589123
0,0370957665743142
0,076159261461015
-0,045900403584341
0,0765024143879608
0,14977906127059
0,157947364570487
-0,0215069562487907
-0,00251413969664338
-0,00535122898536422
0,00935371283080262
0,00280147411911763
0,0042378809828637
0,00542940787528327
0,00868684889984703
0,0068849881505994
0,000149692136383999
-0,000206015542772585
-0,000113732449857335
0,000262151730801216
8,60144623116671E-05
-6,08003912281245E-07
1,53810357286045E-08
7,05052637264957E-10
5,91194081146038E-05
0,0074691767825771
-0,00071164550978074
-0,00138720316323489
0,00666252272537078
-0,0702388391927483
-0,0940832772560382
0,297711937373958
0,0451877979432617
0,116189671804677
-0,340214922183703
0,13050036858329
0,201337404225372
0,0545425663787782
0,0141842475748181
-0,225639681084851
-0,175693228771877
0,036804722984403
-0,115563891162465
0,122462195747341
0,0406811136791413
0,178467755472845
-0,0395405488158304
-0,231556697840505
-0,0277254764306027
-0,0955959008382658
0,0297854863785474
-0,0376815789347714
0,0729678584996758
0,106967103824884
-0,123899874486907
-0,288805845334105
0,0978674351599948
-0,158882701259558
0,118561181904647
0,0948913319516873
0,0194515573722954
0,199407123627021
-0,258239713816499
0,0365298919814064
0,115999911349649
-0,0767716887016828
0,159521794687481
-0,165535611958792
0,0577205493166814
-0,0169049712415079
-0,086172471559791
-0,0687175385954949
0,0247262740399891
-0,0187596341210582
0,163539270526119
0,00965668396393407
-0,0923794333078412
-0,113727082507896
-0,0891707494931222
0,0828282399156019
0,188877786174007
0,0984381303463095
-0,0532462029685687
-0,0103248714540651
0,0759583829610456
-0,0110144198094628
-0,0401127919598525
0,0602760469429578
7,71184011282984E-06
0,00166225768406465
-0,00494077354920472
0,0690028751458689
-0,00985720371410659
-0,0324003732520652
0,03463820085995
0,00868156199666825
-0,0160575245619212
0,108246237843308
-0,0491505848799622
-0,0611396455029397
-0,0359543631701129
-0,0853592534207793
0,0702191608081406
-0,0273988444398188
-0,103630607096897
-0,45620935907381
-0,0571676503946926
-0,0895062665461353
0,122207411551433
-0,141637901934616
0,0617806098720243
0,125795744703325
0,0155707954809628
-0,0238728673049427
-0,00878747436018079
0,0177533073365675
0,0724137698932565
-0,0173081909792265
0,0334543208789899
0,0944948493038962
0,0558882829603106
0,0573905864033399
0,0139274736366158
0,261996141496142
0,162269292351874
0,426539583940628
0,223996054190183
0,102605772872297
0,186029797751713
-0,044848759174548
-0,11949209407235
0,0573288708026273
-0,088310199459218
-0,116311560367007
-0,051965683427252
0,0288567251989631
0,0249506271548982
-0,0454489138368386
-0,00226887235907923
0,0455114347031831
0,00553436422601104
0,058213712132346
0,264469607602301
0,368386150260861
0,104799537800984
-0,0129131569003418
0,052708587421222
0,0506095947480571
-0,0466835577836257
-0,0492716938985817
0,0173140295954372
-0,0179270846044682
2,41154656736954E-07
0,008024260957355
1,92098522629132E-05
-0,00179022014463491
0,00310852964327842
-0,0224750977334333
-0,0317250320091189
0,143076928158935
-0,0455950340706659
0,0754017541983785
-0,158119455812139
0,197061824703088
0,15151998642063
0,0226722940942805
0,0617089363217147
-0,255063113195601
0,0133376442588057
0,113391299637088
0,0809696699553823
-0,283118882667983
0,102071336502053
-0,0167981468809264
0,0116262742387574
0,266953264293889
0,126624273134567
0,0112937735499849
-0,170680201156361
0,0935835829893407
-0,181538586152873
-0,00769689476234349
0,0683314707357566
0,109899664655413
-0,0849732355181914
-0,0293471503007592
-0,0579048092224676
-0,0499309900151291
0,211924550514598
-0,184867226558183
0,141490950148694
-0,171783652409909
0,0904344282104972
-0,263716726047795
0,242119273109241
0,218589294109817
-0,0394354129914504
0,177790518443848
-0,216829396951445
-0,100766845361875
0,160673677715777
-0,170502848404995
0,00481787097681557
0,117926346802545
0,157739213635281
0,0761796902828057
-0,0256846618658276
0,00578703490706509
-0,011210623390122
0,000182449813264027
-0,0123831815327339
0,00193353858090344
-0,0792611528620637
0,0370402488683048
-0,00922049428325633
0,055838544428483
5,5247171811E-05
0,00226184671356178
-0,024564938031486
0,00590454682691633
0,246507952446881
-0,00772482868236292
0,00281290858736748
0,0350006827303664
-0,0574310549928126
0,0963288910505078
-0,0915143540028316
0,0691404237238731
0,0370876205542568
-0,0694540458443267
0,00188110510796032
0,187038981573095
0,173832815865568
0,0185357587773243
-0,0588736643458632
0,134464078632821
0,131915757891722
-0,182908585678448
-0,140719540462485
0,0300626233109068
-0,14674025549574
-0,108031634198495
0,0779864112380358
-0,296716097024019
0,0736617428186122
-0,100066065770005
-0,0333801654437312
0,171309991367673
-0,167045313914272
-0,0801952447261032
-0,0311596340678841
-0,0618223731155
0,145052746121341
-0,0872995377203298
0,153342880495838
-0,178655677037468
-0,29241459060365
0,0263806223057217
-0,104287958044654
0,0813917554342537
-0,0796412035111924
0,00627702995071407
-0,102709998832848
0,0964243644370304
0,0482866634929938
-0,0975742132174805
0,163341915644874
-0,108845796306741
-0,132809664509304
-0,123885753963278
-0,173196757711054
0,141266274556481
0,367266206914376
0,077362415501247
-0,18076051144674
0,0110485653427063
0,106284076576036
-0,0402209608760667
-0,0204140471758011
-0,00328629947335573
0,0244039200722963
0,00100731513047142
-0,00198759894814448
-0,000513582407853805
0,00868608057063433
-0,0370450981782589
-0,0437711520001846
0,085959884703571
-0,133231077038873
-0,0284852248620588
0,0817049111654735
-0,286196773446236
0,0476688997348434
0,173552579030667
-0,0606772796689916
-0,0249186396773029
-0,0240238425529061
0,0764231529518626
-0,227152710583765
-0,177985164078113
0,0191842176452952
-0,0667423281226276
0,00255908866928043
0,038023106907189
0,0643692724403771
-0,216845172872204
-0,123795301396232
-0,0994154346874061
-0,0653525517055081
0,0564943998866483
-0,338121116681472
0,143717455975873
-0,141233079812121
0,161984994904799
0,022768925211802
-0,166941725991391
0,000210810384642096
0,194302516656338
-0,133029493698697
-0,0106938150377012
-0,0280879947552993
-0,0325929188196846
-0,119803081973974
-0,137806679654489
0,0884281204446095
0,141249266888814
-0,0740114546651039
0,208906126932273
0,121467308638202
-0,261086517149443
0,134936343697868
-0,140410544353825
-0,0503765732433338
-0,129675755732743
0,0443345589016151
0,0299849647471857
-0,329152593120018
0,0269199921663163
0,0784880008274713
-0,000203798354672775
-0,0423496482299519
-0,0508793422037577
-0,154779550618989
0,0341652192945409
0,00134100211272872
0,00558188616979341
-0,109273265733564
0,249905919937045
0,0757095439024758
0,0216213150115482
-0,0234453212147393
0,0325139457516205
0,0514944473826162
-0,206448952107215
0,0937179621411203
0,0855705395944276
0,0409714079025897
0,116788499724644
0,00816184314865165
-0,112880520674163
-0,0469764962287196
0,0278745926671574
0,0551614554837876
0,101987962150066
-0,00920364635446358
-0,0657796663376862
0,0225922275290329
-0,0328548867705662
-0,016894043364622
0,0503376673158215
0,0230141864627754
-0,0893326756525781
-0,104177630018996
0,197922309346415
0,0719158456482239
-0,0969698579277716
0,334339223037416
0,415844850207337
-0,0180225408585849
-0,177376812568387
0,134198067681661
-0,0321131283763381
0,0465283426823824
-0,115915597982318
0,0664083455595084
0,013416834391984
-0,311303294599575
0,0926265208786368
0,114649661855076
0,114518719725326
-0,0872910777116899
-0,106979201502911
0,133521977317217
0,184795289743636
0,0761056734722732
0,158348940624946
-0,215267825809705
-0,00245614429365745
-0,204562052027524
0,205501970381365
-0,0168215648073292
-0,00981451682305352
0,0543302078677746
-0,0243964119420424
-0,0264684359494114
-0,0402467248859389
0,055767648508747
0,0271459905987405
4,41708754557973E-05
0,0272926868642428
-0,00456140624039914
0,0627882885902334
-0,00840193964105419
-0,0555892290375527
-0,0600307971832543
-0,0227681217851722
-0,0812754726294497
0,135380893627788
0,057659295401899
-0,4873032255462
0,337208345703186
0,175865238961126
-0,0146149820781492
-0,139659829809689
0,291321241836878
0,1206472850886
-0,23168407724518
-0,0311321971686922
0,0790795729284584
-0,0397487523578332
0,0950696883941915
0,0447116838080514
-0,0156535910612018
-0,0469683887979494
0,138172441412196
0,132825811146272
0,131877879695566
-0,0667023132596073
0,339932435518007
-0,000164007994513321
0,138681490638245
-0,114402494060581
-0,0203679946543137
0,100802379974833
0,00578944104383245
-0,156267940063129
-0,0712337063237559
-0,129836720758805
0,074739243551124
0,0560684710417063
-0,0867985718082808
-0,039387466570387
-0,126843600437809
-0,147319198588216
0,0661057911183021
-0,119707138981935
0,0165339374940067
-0,042257775235034
0,0962658329986904
0,107102332235888
-0,08722123934694
0,104469781049553
0,0139373871291241
0,015161711938425
0,00724400485002068
0,0543452452069534
0,000748160852292303
0,00811052560667329
-0,00212521616636851
4,61985856970603E-06
-6,50679393069057E-07
-1,54872207611792E-08
1,36384938991893E-05
0,000684838232419796
-0,101075698687703
0,0401182965338646
0,0674006617187025
-0,0410728506883875
-0,0754788060878361
0,121542830604379
0,183615632526412
-0,295518576242773
0,162575072641893
0,0426266874279854
-0,0453271110304814
0,22668326050952
0,202885010241486
-0,163976168761019
0,105809624099116
-0,0960517781784792
0,0918035638201625
0,189560382295942
0,130731122879756
-0,232982786889982
0,174895393616919
-0,0360709288043717
0,0447682987197244
-0,161314978629082
-0,0163319270704729
0,0599139924635001
-0,00191643943913012
0,0232524700377306
0,127564512720938
-0,119549157091805
-0,182474325828681
0,0640663960687311
-0,0210445739509437
0,0597869544289387
0,0508422117008516
0,0185300164173441
0,0458542491477299
0,00949973328949986
-0,0605425514069351
-0,00877855409208177
0,173282914635654
-0,0285233164605734
0,0305887773043944
-0,0660539555174476
0,0560180345488121
-0,111815850267473
-0,133978180739971
-0,193116225534374
0,133807283007405
-0,169316686825896
-0,00849408555303328
-0,147386771591874
0,0928161024769501
-0,152106035819886
0,109919368737592
-0,405339700166291
0,12025499637857
-0,000284334924019203
0,0495055695414629
0,013359266719692
-0,0914823510211455
-0,0196711206526972
8,81391986647091E-08
0,00213620604230144
-0,00046509969441705
0,00775184156085507
-0,000710087341991902
-0,0345454269998925
-0,0233906997966578
0,0127236083443989
-0,0603938797387269
0,118700895707451
0,0677353514330073
-0,194524282552691
0,245149762727563
-0,039748813537776
0,111282409898974
-0,178900130651895
0,344345121843019
-0,186536534388236
0,369182458576331
0,262884403467521
-0,227612411365238
0,190815832122142
-0,126021708157508
-0,052988421232988
-0,0519141035875041
0,255998653688642
-0,221870869993209
-0,0818511642343424
-0,11854314881111
0,0508191480851603
-0,253977574150378
0,0504429488627703
-0,116236381009329
0,0715683921762142
-0,0175897543205928
-0,119992152515439
-0,0401342259706299
0,0799396428600007
0,0738138171491213
0,125233383274782
0,0661247003626502
0,0259023012777297
-0,018593096157145
-0,0510649151548256
-0,194131214350293
-0,0081760060318358
0,0541151462017376
-0,148975635644709
0,0805664962347797
-0,0896271372452862
0,0442242162911852
0,00628036433264492
0,0537654718105072
0,00097126325949537
-0,0253735524493764
0,0152582875879064
0,0486958005329659
-0,0188396479436618
-0,0428226715701125
0,00275051416679804
-0,00877511591112155
-1,37962823918455E-05
-2,51887903130787E-05
-1,16636961438436E-07
1,81007120295806E-06
0,019620706439441
-0,00876989203328491
0,0159016618336644
0,057404849710805
-0,0323284022995709
0,0357453347243313
-0,00987080059855017
0,0344514944991582
-0,114723226735572
0,0608286529432273
0,0526574646478017
0,135913651240463
-0,0673976481176215
-0,610605697580163
-0,159482322088294
-0,00457581955106116
-0,146947810361128
0,0887143960473014
-0,0155043548375302
0,0267004863890222
0,0203653231575007
0,0812668017371665
-0,021178699519696
-0,0345801447830596
-0,0384471478034326
0,119367736372847
-0,117076520103045
-0,135757492997998
0,368947401212907
0,16401515976408
0,0996338444475161
-0,0576589652218864
0,0431360998397401
0,00177991039528264
0,035761689991517
0,0171798593880815
-0,0223102554124217
0,05475001869194
-0,0419204569557979
0,0103236609414625
-0,00383102029824816
0,0150050177830533
-0,205743029577836
0,122270214267817
-0,124564357612951
0,0755325579697261
0,078790926840895
0,0971318412863519
-0,219180237837587
-0,241655975498255
-0,0177536690026587
0,0651959078699465
0,0128257721937027
0,0753844911114484
-0,120884229513086
0,130397002667346
0,107547130432982
-0,137124025704315
0,0239017968722115
0,0488504058536085
0,0226320413937399
-0,0471790572140076
-0,0224989216362823
1,06160125423093E-07
0,00484931832914207
-0,000513879704770621
-0,000371061956809288
0,00254990095570519
-0,0902875533023546
-0,0908789588959534
0,0875319860450838
0,0403774084037627
0,0848364958244331
-0,0178003488479366
0,139567228851222
-0,00428683368725863
-0,000646812609918512
0,0172109663720957
-0,11926339058581
0,0604324193402159
0,0362053292789254
-0,0471090247708037
-0,165057224035382
-0,106956115187294
-0,00495775424269137
0,0107126710740686
-0,0456374314827051
0,00347441634958558
0,0301269173067867
-0,0414995954947824
-0,0196189236106515
0,0528582716011261
-0,00116663567009035
0,0225824282335955
0,181494051948595
0,0206921576743367
-0,0241660216284057
-0,0936599386542108
0,050768651405709
0,0786405110759992
-0,0883077624455733
-0,00489801779449986
-0,108812536712574
0,336084990758478
0,102852273298498
-0,235183260936428
-0,352469164952377
-0,132151395594075
0,359601971256603
-0,0107994204932591
0,0848174787034511
-0,308899097650077
0,127484565860224
-0,0734058824248301
-0,320979154682442
-0,000633331241545302
0,0769628813033101
-0,0408958769437519
0,00202916232912467
0,0962997094989412
-0,226122649936147
-0,141216611352087
0,0356557018427951
-0,0403957706395161
-0,0435602657983944
0,0736237826941632
-0,178171100862935
2,51440561562131E-05
0,000262122791500637
-0,0032393869660442
0,000559975893088792
0,0119810101012368
-0,00709953311512215
-0,0116196554154794
0,078815021619166
-0,0897592968408835
-0,0496445050282226
0,0825126125696202
-0,0889140904153381
-0,0687240602439614
0,110524527161487
-0,0309270032179443
-0,0240224021268299
-0,0955185875024268
-0,0188679720177285
-0,0194359013925364
-0,102735378204366
-0,0390317661355057
0,060291803906416
-0,114345506054309
0,0368391457456948
0,00489974472337687
-0,0392330711740468
-0,133042351625248
-0,210337642377741
-0,0794286450849398
-0,0613335963770832
-0,0714405773622591
0,0575332987252374
-0,113645610192204
-0,220705142891458
0,0516369187831582
-0,0283492576756274
0,025308687627744
0,194430482071502
-0,191935272877634
-0,250072921738301
-0,0346689085899785
0,0546226799852727
-0,211601173807407
0,118299517393414
0,183316668985797
-0,0221230357322477
-0,0250584531243623
-0,305387441473476
-0,0135830172385445
-0,00970516963389842
-0,126438120705493
0,1209392189473
-0,09547631434128
0,0898748796863198
0,160850933584012
-0,219006854447363
0,230552626387693
-0,0955608270029958
0,157088582259193
-0,0526849743343711
-0,00747260603393301
0,13454576175426
0,447871707832088
-0,0590349174963361
2,19029305344635E-08
0,000330804903061895
-0,019309522586647
0,00578225567387371
-0,0100313486211616
-0,308661998775254
0,230039706779117
-0,0125089564568141
-0,0140919222738234
-0,0130856330759311
0,0225900457886651
0,0308914239884897
0,0173856658547704
-0,00826945103082505
0,08874683157995
0,0521767706165316
-0,0350014277837459
0,079083638056955
0,0817286018669283
0,103535163343458
-0,166256343496163
0,169854170118486
-0,0608940884337888
0,254599759438886
0,0793383706348634
-0,451181432327802
0,0496359451924451
0,0364912103123098
0,167426837356525
0,177413753946825
0,184707469941253
0,0937794477365788
0,183150351703188
-0,180873572372826
0,0157580129026982
-0,45616923352908
-0,0228585075515099
0,187488892369805
0,0898394891854515
0,14399041225736
0,0270938223101965
-0,05310410331595
0,0140950034743618
0,021442226628909
-0,120566664752627
0,0176160984363009
0,0380524426614763
-0,00389653154361374
-0,0259868021039519
-0,0139133955173985
-0,0519570399212895
-0,0342974533930393
0,0166532302004683
0,00938796574168382
-0,0185645899467401
-0,00266128673986109
0,0579911619242941
-0,045797152018704
0,0215492531189887
0,0326700148406469
0,0124406452994583
0,0067016006833297
0,0080036694047268
0,0072731634017305
8,28311743556503E-07
0,000256269222612809
-0,00251266576834939
0,00813412084370926
0,00208181858535278
-0,00285782145808996
-0,00843554656086821
0,041958896827248
-0,0148847342915132
-0,0898608928029133
0,0560417720788828
-0,0178463337345095
0,0329879369451574
-0,188761649351788
0,0382543075796237
-0,0242114132000248
-0,00276694511021804
0,0315535297676073
-0,0700888802014683
0,0177277676502404
0,0828484991249047
0,0717031506630287
0,00836402075023474
-0,0269303816931196
0,226328678116399
0,0893505509470432
-0,0136536259876185
-0,114580207729054
0,110909988202021
-0,0443622997459886
-0,00530610554601823
0,111435859674633
0,0655209223289844
-0,0970150770809624
-0,0095287853241343
0,0334746961456164
-0,02711657761816
-0,0244646964548325
0,00688140551157431
0,0739448387033305
-0,0236085182125111
-0,0620528667198165
0,123809444656833
-0,0931791192442608
-0,0594665930912987
-0,0212916114750159
0,0227893876278898
0,115052900435755
0,298141546886556
0,0165773225930515
-0,144453299941721
0,108860059051657
-0,259664741268019
-0,0616339585206227
-0,042696511536181
0,00288643598809106
0,0610754212156971
-0,225720578681383
0,0478185664612825
-0,568258606727136
-0,232301057900472
-0,0749039687831046
-0,0887672394076731
-0,345086587790528
8,95307166635484E-08
0,000133273435491218
-0,000620511582371189
0,00153655695531679
0,00195249368002436
-0,0417271014378944
-0,0585157605334935
0,127993645423387
0,156486920187323
-0,0372783109204532
-0,161519456833645
-0,214723729899476
0,0267372367938653
-0,101520246254607
-0,0354914474477635
0,133068536269393
-0,172057745846028
0,0761614290739275
0,209036064125936
-0,00304114135694161
-0,00562245638393818
-0,0793051956756763
-0,075449742633564
-0,0125645083998822
0,019571120371955
0,0159544072099502
-0,0128278357306585
0,0158085682109098
-0,013925645683176
0,00568204452123339
0,0419274447415355
-0,0302680555160645
-0,0150541803678025
0,00842881481297241
0,0315600682217337
-0,0141575395269082
0,055877670164934
-0,0947983207369324
0,079055520676843
-0,0547822875507703
0,143295430720261
0,0623968789856059
-0,214847357985095
0,0512053940042194
-0,0457983809137294
0,0598268899699459
0,0503613387584462
0,0112848979650983
-0,166249628280896
-0,089982652003353
0,0207711178354773
-0,120561943682953
0,167532308249669
0,0505402409781856
0,0550123575318077
-0,0541281827976942
0,140415485131848
0,188720423645208
0,351549243847332
-0,498480193369019
0,109223690397008
-0,0170074210451898
-0,196012278348082
0,292279936289353
4,40794943624017E-05
0,0939607947608756
-0,000239355598216923
-0,00890906641618448
0,021912296533723
-0,0360545980104622
-0,0469405945495672
0,281542647712934
-0,204881451793034
0,0749481151444673
-0,0882864807838794
0,182629680035932
0,0961595849793561
-0,130384549953366
0,0703524450370059
-0,132091090574292
0,160209673151907
0,0594867981396357
0,159947167157735
-0,103948871709541
-0,173021361282621
-0,313933615949807
-0,0040534748015184
0,000648270994592034
-0,125365753762905
-0,0533292757439503
0,33919968698761
-0,133407559334753
-0,0543836493973178
-0,184655585559039
-0,0546173617101987
0,0906169328265622
-0,0184231192512996
0,0571098321001696
-0,0283571445461028
-0,130938560649382
0,0714857746978741
0,033104208994022
-0,0295938478512411
0,0162618608280602
0,116351496111524
-0,119694966448875
0,0435197211606051
-0,0109141035038447
0,121306885318737
-0,276017521445636
0,249084496860978
0,0555307738624921
-0,073591900746462
0,192841968338857
-0,0853521513149127
0,0304778223941303
-0,144834176125047
-0,0565844533807129
0,135995755136948
-0,0742489695009447
-0,20192759040058
0,0476594573388514
0,136615269848511
-0,0125819015466557
0,0318715452518795
1,6443390872272E-05
9,14866691258307E-05
4,29364692953207E-07
1,40786314605489E-05
0,00060760086034834
-0,000855518406071176
0,00314919677542413
0,00247309691118636
-0,0698012856524208
-0,0916893731076016
0,175853260602707
0,16850641379951
-0,00246879178504337
-0,226967715110226
-0,28683826182452
0,103730912693547
-0,061518580734378
-0,0480941556815701
0,0393814340911759
-0,24781463783055
0,0831042316475715
-7,06700684248905E-05
0,0686203988454716
-0,0689343080178023
-0,0561700034980198
-0,112276315251349
-0,229189578953522
0,025671598872673
-0,130760689561486
-0,0238909099824675
0,0367562065601747
-0,0569058147626095
0,0282244998156302
-0,0551896387630215
-0,0158309821330969
-0,00653506331370946
0,046488473610593
-0,0243347597616459
-0,038456964168595
0,0326478422374464
-0,124101665165912
0,332718449053235
0,0728272216309242
0,00866603558770953
0,0635109903850102
-0,0503987158699092
0,294516606970166
0,0977016202553469
-0,0792178424051393
0,0165429154850319
-0,0609545832638793
-0,121485875494284
-0,0165490855319302
0,0265834821088876
0,000341898598349989
0,0314988781703478
-0,0613212336766942
0,123710975213447
-0,0854177593713131
-0,134608409425187
-0,0433278850623473
-0,299720778393552
0,09511135254103
-0,188391114369362
-0,0114574490949852
0,0831959380091985
-0,384242841952311
2,22223810753825E-05
0,175705181372474
0,0019369939053493
-0,0178533127847358
0,00451510437292775
-0,0221753827303279
-0,0335913287131444
0,180329040949148
-0,0900583882124599
0,0504853873105965
-0,123676560115493
0,198183529167546
0,098045166878063
0,0579947018485253
0,0566834584718052
-0,110026315112805
0,0129324910501965
0,0650657236120179
0,0700730716836283
-0,268022600226047
-0,153739167195369
-0,175942410993143
0,0185074151064805
0,0181066579715393
0,101717993511673
0,139422068942495
-0,25705703657705
0,0449930790235632
0,393045656985059
0,252012689311755
0,135744431915814
-0,00126215245975976
-0,0387065277100834
0,0839050976931736
0,0577922009395252
0,0814769960898298
-0,224382950934215
0,0384925621025461
-0,0121205211211867
0,136825833529954
-0,366724923171249
0,305024170430472
-0,183973496076668
0,0853367178354671
-0,020425950193331
-0,0689552593208474
0,0268397590720062
0,0229031437049438
0,0442113290956749
-0,0531971894326361
-0,00494271349335801
0,0118071787938062
0,0296699758322893
0,0119901615084848
0,000456850891610248
-0,00695506994446526
-0,00518370564011518
0,00279069867601456
0,00554707281726782
-0,00159656917344177
0,00470410956704373
-0,000818022109314574
-0,000606967914591702
-1,23517008022995E-06
4,51554080528788E-08
4,61198510924535E-05
-0,00105240504605736
0,00120682237982149
0,0114005411743546
-0,0258955348497254
-0,0135298828921022
0,0219177695066157
0,0374316897009554
0,0173940794962522
0,0128771509384198
0,0274210072317721
-0,0629063674531393
-0,0151083753433432
-0,0252906978318794
0,0393376935405418
0,204593526903344
-0,0413639796292718
-0,129408644157552
-0,0114933928844525
0,162200443897649
-0,180682449676124
-0,678359633409658
0,0767142380063274
0,129002341433838
0,0240992604742894
0,0931784498614531
0,0673077857592125
-0,0453063381438911
0,269729981421363
-0,06455445303189
-0,242931838995064
0,0288949526349283
-0,0667666620092255
0,0787773642939852
0,00202378397735765
0,0473614859923907
-0,0579482771292559
0,119644506394672
-0,0435054728095383
-0,111947507115703
-0,0159195276432061
0,0283351415102017
-0,26957949704096
-0,0683589706188218
-0,0224435956008266
-0,101400186956441
-0,124592574294882
-0,0520682001776853
0,0960445102300126
-0,0609685545303766
0,039464785513142
0,0660227243137032
0,0264962710645693
0,125911530466976
0,0322630921973801
-0,162096190411099
-0,0669401062160515
0,107495052053239
-0,000176281540070178
-0,0582532905010327
0,00355722762500522
0,0146490541423369
-0,00113723327646819
1,81330637908883E-08
0,0280762003927403
-0,0126766194680109
-0,00302465968452694
0,0289388510684846
6,94774295700517E-05
0,0060062220079915
-0,0163333466964772
0,0120247708973341
-0,0109348993378339
0,0116421519329974
-0,0067719296141606
0,0070819879371134
0,0012607097119609
-0,11105268653423
-0,0306317505180975
-0,0250837364219736
-0,0417384309141156
0,0311605577800281
0,00462165823232018
0,0113409648526599
0,0720825848314687
0,0376070941224799
-0,0323897694790409
0,0866105589181129
0,0383795421280599
0,25257375534484
0,114615519859596
-0,110552349863763
0,266932687129985
-0,056344098964514
0,25170040922536
-0,190807044159744
-0,162134447765729
0,0270707272365354
0,0418631804573372
0,451526230957347
-0,0454990136308013
-0,287804092769276
0,244329911778934
-0,0804578921920604
0,329531562457571
0,07168439959819
0,250425523522916
-0,177957451162094
0,0846575806395475
-0,0396976758911547
-0,0412777085628554
-0,066656425438713
0,179249993849666
0,149839109020785
0,0124666048136245
-0,101836673930552
-0,0230711694357511
-0,00429720674728034
0,0532129978504525
-0,108578582677172
-0,0513745100452924
0,0986579483949751
-0,0170967447627535
-0,0129425719024292
-0,0212061480552494
0,0114199125480987
0,0158851799344392
0,00134345674017932
0,00535931587454904
-0,0870797122862066
0,265110476526338
-0,0196868370954659
0,01811104694444
-0,041485117941177
0,0679934341239158
0,105612108587994
-0,360299686729886
0,118861793265117
0,136427107729927
0,210855646681784
-0,0163322375132111
0,165028408823149
0,0525947316299038
0,0505141002406061
0,0130644501863978
-0,0633989052599914
0,124083917790103
0,0218069450956052
-0,172659919036929
0,060486544748222
-0,0463820075352664
0,0330389566566269
-0,0457534187739534
-0,133784996320227
0,0640344795599
-0,0593153035727552
0,0247996541042939
-0,170221196649267
0,131847097738256
-0,0260224723854297
-0,313979528228577
0,0175658234337191
0,0623464559323755
-0,0711345177622835
0,00570445143462147
-0,0580239230440007
0,0154590363788493
0,00376519602605403
-0,0410143264552314
-0,056020619119129
-0,0239890738921345
-0,11000070720648
-0,00547395975328413
-0,0124076680533687
0,128985505771659
-0,308903425699739
-0,132721759655941
-0,225629437348257
0,279321527597831
-0,0103206550729371
0,096998793147388
-0,0694042504089116
0,109282938898561
-0,100042697022229
0,303952311218611
-0,106399440977944
-0,00071304778243482
-0,0366046432375367
-0,0153092161259873
0,0484026014795026
0,0182687878721103
2,78076770200929E-05
0,00066742772689195
-0,000753694303533675
0,00388938296075908
-0,000387166605941025
-0,123555053714685
-0,111491669321734
-0,0444346568396192
-0,035684534854032
0,0813664539106164
0,111872062680252
-0,114523901043721
0,139459005623675
0,0686703634998907
-0,0122707699125864
0,0282673913008413
-0,0775907141451417
0,120281587542818
-0,103870583938454
-0,0731084754195506
0,10921646852497
-0,148842302256953
0,0958137298761719
0,0532267171006336
-0,00958534024986158
-0,00363310951670733
0,0599953545059564
-0,0735046778963881
-0,00286903400563481
0,118429235835476
-0,270603685580164
-0,0329846755840881
-0,00955662854958133
0,157506411068893
-0,000592159416955509
0,0117620797199536
-0,0879736192358229
0,0296536013837358
0,120514432448548
0,236397904984117
-0,0697841394603719
-0,059629646222515
0,284856757339297
0,0928317685380829
0,0363105251919213
-0,0170396013400723
0,00650059591648642
-0,173452202317718
-0,0915320472040732
0,114204514403828
-0,244355276334876
-0,295080913436987
-0,12201381051301
0,435505297385504
-0,186457753360892
0,107966024829587
0,123460349112763
-0,0408051279851428
-0,053600390270145
-0,11191264988485
0,122191841461648
0,0925604570430124
0,111093685913632
0,100942672389863
1,16985271047541E-06
0,000248525878260141
-0,006220694798114
0,0136939659011518
0,00632053182799649
-0,0298888468450733
-0,0180293717725263
0,0115857283503895
0,0327033814878367
-0,114693481353813
0,075062920036166
0,0465938794807643
0,108627995299935
-0,0229349963759846
0,0854609213661598
0,0197125803833611
0,0062727539149083
-0,0766507713382739
-0,0161486472068607
-0,0181076079022571
-0,0204404651273512
0,0459258346919449
0,0215200355401045
0,0568786049581337
-0,0194743441547989
-0,213616468164711
0,0513869067039951
0,0820859512702216
0,106577786463919
-0,038685978721752
0,0426194707212479
-0,295451321995349
-0,603342917413886
-0,0800404286315145
-0,0262692153559618
-0,00694085431121201
-0,0360773753906916
-0,112109421616472
0,116624885197749
0,0889987645186075
0,253354560575613
0,130103051098171
-0,179027006389042
-0,0505849232906816
0,136556261458557
0,0683456595438316
-0,0109765386531824
0,000291893674590053
0,381700395346536
0,240869088323336
-0,0489254637065141
-0,00551585772107126
-0,0149934258584739
0,0895407298303905
-0,0529677978848717
0,06344905122743
-0,0181048765389753
0,130770405301001
-0,0327369616126419
0,00223253116294283
-0,0166617904925699
-0,00785239162480697
0,020493106246401
0,00721794207151682
1,81066527122798E-08
0,000223969425709175
-6,45179673786434E-05
0,00114038259683458
-0,000207675791784918
-0,00533213289690707
-0,00518146124751663
-0,00249746781670183
-0,00617750756115859
0,0157709768755863
0,011541005543256
-0,0367071142379515
0,0390467241446444
0,0107393720781917
0,00642751404686232
-0,0187398407051589
0,0380728917152379
0,00183319743197122
0,00828706029374684
0,0220123615913297
-0,00338178933942618
0,00361806048667468
0,00183735698231791
-0,00367920942160714
-0,0144165863162188
0,0584090552897611
-0,0041106005408475
0,0112157368383257
-0,000986528755993657
-0,00221752239760945
0,0683507680260265
-0,0224037460619655
0,00876513997422322
-0,0713915472341747
0,00667883302569889
-0,0278439680799792
0,0290769553826686
0,0579901345395546
0,0295904749662817
-0,00936151849642957
-0,00353087333219696
0,00976169094938761
-0,0388473595696667
0,0230913328239267
0,088259386131708
0,0940129051803918
-0,0489164428336226
0,144216002594085
-0,0156453238908285
0,0664115445152281
-0,00870794777813143
0,0788741244460311
0,0508997595569297
-0,144315282641894
0,0968002857240879
0,180668627727777
-0,166702767187675
-0,156163057414873
-0,239098225500211
-0,221398930324268
0,370852106209146
0,747774785023891
-0,0239047255176318
-0,000232430599646914
0,00130867214905018
0,00477184278724751
-0,0224942285884129
0,215279946140042
-0,0186085056997664
0,0190722183263639
-0,00693428488390883
-0,00733391965956001
-0,00633909941081772
0,00496575616956044
-0,015722877323896
0,0388234627911499
-0,0304013677411066
0,00236474632158823
-0,0855705981956645
-0,00305907361533173
-0,018681170039154
0,0896948773927179
0,0165261654895577
0,0315667392317131
-0,0575286639337014
0,023457103607805
-0,0206950967770897
0,0160542655036169
-0,0190508110081992
0,0489266204033072
0,0170614595804935
-0,0752934578894848
-0,0699065551469156
0,109727755241824
0,0103732697206721
0,0512052320193181
-0,116630979412565
-0,0215909817878861
0,0253863520950248
-0,0416486853349542
-0,232679431379127
0,0153898015348221
0,0752296771679996
0,00656587500725489
0,0475601361915115
-0,077831583311872
0,0643497784602493
-0,0300368872184708
-0,000105375515883454
-0,0592606482103514
-0,127704807766243
0,340191615136075
-0,0665658977733226
0,119619437705291
0,545758476755879
0,184806663981487
-0,0791485405609604
0,467725042455469
0,230370600252683
-0,1216509499873
0,101038043382194
-0,141089745837952
0,00684370724672716
-0,0194588957185095
0,00453054431518435
-3,15378323321362E-05
1,21239357061943E-05
6,23632228886302E-08
7,24701011561067E-06
0,0117586005224946
-0,00542894735979587
0,0655024094923856
-0,00900257474728501
-0,100474956648607
-0,00699783018374975
0,0048757917514558
-0,081071572872433
0,144968719683621
0,0735148884126007
-0,0941287992788166
0,0784528769119144
-0,131371785655621
0,117678779326009
-0,0317799805258432
0,0659021605905001
-0,331165262542227
0,263739525452285
0,019607866345309
-0,0454823080059878
0,147949208242615
-0,0559695827495188
0,0328754292080005
0,0847930823220135
-0,407234586568216
-0,033874054470416
0,052536500359337
0,0566444182121578
0,0475643469398087
-0,0787281427359542
0,00841092249330266
0,11156195797979
0,126746829541216
0,0194422973490133
0,298306414066313
-0,0505850351119075
-0,267170999074187
-0,182602946998807
-0,213586302575045
-0,161965473064849
0,00582718995620101
0,0804502500451203
0,077063407258157
0,270199743192193
0,0367877767758283
-0,169921175905478
0,206305459461566
-0,126812731080253
0,101081524043917
-0,0638094079217846
-0,0274713236619029
-0,0474116957584231
0,0347620802805412
-0,0118132885442675
-0,0027391409862817
-0,0486754933059998
-0,0228916294863008
-0,0127441083073656
-0,0694720218185584
0,00707208502562393
-0,0582174648930301
0,0402384294054553
0,0379750566907684
5,88712438075925E-07
0,000422319022715268
-0,00196981248953059
0,00451274084686841
0,00736345168580122
-0,00306552506438881
0,000144313222255842
0,00988572367726785
-0,00924801047341829
-0,030209215959664
0,0264913770099014
-0,00981697036908561
-0,0036561077415633
0,0304301279186598
-0,110475176336977
-0,0700986831680529
-0,0437821735183029
-0,031552895871165
0,0453984766863282
-0,0383636539362987
-0,00839128519439338
0,0309528449444646
-0,0517536011350778
0,0127516986934939
-0,0539256620698119
-0,0192564058619037
0,0816943074806835
-0,234382622039634
-0,124931950539457
0,14998388105986
0,166384614492533
0,124504016310136
-0,107167298574879
-0,202718178108744
0,0777057351129208
0,227212849112426
-0,507187932053136
0,0470092214692863
0,113422446034006
-0,116661411695986
0,0915608600553717
-0,137103930280487
0,0385172937304726
0,21231494428053
-0,123143304054658
0,0787609996020912
0,0567665786992159
-0,140031970684074
-0,0758021025445979
0,111524224395755
0,127724832530042
-0,155618081931884
-0,0326705217575904
-0,24578701728057
-0,228403213858801
0,220851762902862
-0,238704819454414
-0,0415809373116931
0,147557741742203
-0,0221217638957185
-0,0616218853931937
-0,0241175713855631
0,0491206890201034
0,0214662774891441
4,4875835687107E-06
0,00102054518728173
-0,00439951478632271
0,0443444072035507
-0,00531435748344032
-0,199713394989805
0,253854317607535
0,0292816711585852
0,00242701405739984
0,0270120025228391
-0,0265822915456793
-0,0270218716329985
-0,0237141296007249
-0,0125285597902298
0,0608379004561938
0,0123697266039307
0,00612907375218756
-0,0919234721116756
-0,0172905758633373
-0,0533217920314299
0,0655505186178148
-0,0372667402714036
-0,0440375991397845
-0,00186437995730853
0,00487581651992947
-0,00363290037644437
0,0159298260575632
-0,00636760008984565
0,0135613798305944
0,0140478319776949
-0,0252008207589193
0,00146152691490752
0,00398520099333327
0,0445828810712783
0,0302600042409499
0,29342211259616
0,163677934826627
0,206562161298468
0,191221112486243
-0,0300393398080425
-0,0751228777432156
-0,0374843615669239
0,00889727565606353
-0,0580328632748691
0,0287022269486401
0,305088894683571
0,426049906587702
-0,0301732331120702
0,0251651276695306
-0,000578934822865543
0,172943204469933
0,18417088665481
-0,0696613433886849
0,0972650555273095
-0,319498684331556
-0,40750694050706
-0,10428612835366
0,101316717139343
-0,0774104194840281
-0,0283913933504409
0,0341792384830749
0,0778356630314639
-0,0205992034570813
0,0130507097702302
7,22164634988833E-09
7,42026237889413E-06
-0,000103137563050586
0,000283123393243629
0,000528908192396887
-0,00575551131210392
-0,0078355175987838
0,0179826927897456
0,0249968615145497
-0,00966583620495401
-0,0222134561159942
-0,0389672609575912
0,00163451154711501
-0,023730082303808
-0,00833290531827329
0,0379084799670184
-0,0117910563776396
0,0148041498838384
0,0396931460015381
-0,012067144391586
0,0320526866856584
-0,0625573619077759
-0,159851065266539
0,0146497521133746
0,0409585835006012
0,0123383735731189
0,014666716281247
0,0437100992986201
-0,0260501601886731
0,101099995259086
0,0300615253206743
-0,0885204532895575
0,00021523115517223
-0,0165218981925941
-0,910087447858691
0,0493204213668812
-0,0987163570506716
0,164448566784317
-0,20876225789921
0,00397715373118461
0,0234996333468779
-0,0319179414173113
0,0045202296754919
0,11679849657357
-0,0044399049173104
0,00247798086955322
0,0393539675996839
0,0601368491261913
0,0258716239224095
-0,026245649433821
0,0107565640008287
-0,00948548423879723
-0,0197816710516804
-0,0060733069997067
-0,0345440031635817
-0,00848761960431038
0,0436315344791217
0,0178157151156511
-0,0293855499371761
0,000198283620755132
0,0155991448705924
-0,00140372915273626
-0,00590992676981341
0,000457567479141413
3,82199806891605E-08
0,0001652439718541
-0,00454500452573153
0,00323153773798905
0,00662975119152866
-0,166900365303003
-0,163403361790996
0,11291601415993
0,24197829806838
0,0428040998720771
0,0827466765803707
0,0270695060904538
-0,241166931458607
0,0350526522424081
-0,0122342239135038
-0,00657116480550727
0,270106646179494
-0,0282727422537015
-0,0791235228708956
-0,106680401853029
-0,0564874237839351
0,148950710035776
0,235248382013462
0,139972762452196
-0,0781181203137071
0,0231497333391701
0,0361370302668544
-0,0987240698848829
0,0444768752551954
0,0272739216689235
-0,0983805505108843
0,101267629460756
0,0964758724364477
-0,102974418865766
-0,170207714786393
-0,0218867335598267
-0,0198451366171443
0,011684430032884
0,203313870669627
0,0669289719886631
-0,0921075381379704
0,153482317586368
0,11247640066448
-0,154785186409084
0,315685796342164
0,00835052974989107
-0,148803028929249
-0,276480993776041
-0,088727551656612
0,0969906128137066
0,185790688463025
0,0879417028093048
0,086569387654356
-0,0913759682950578
0,0961831870920635
0,0453040360670832
-0,0423072809141364
0,284845516859963
-0,0298898422261646
-0,174557945929625
-0,0677509904340557
-0,0364027936330418
-0,0435323028671338
-0,0395577455660345
2,85387404397908E-08
0,000306603368695175
-0,000202875684896081
0,00114052843202242
0,000918759583567739
-0,00642387476114266
-0,00630586872495714
0,048125034751605
-0,05752423087518
-0,0238226245422394
0,0659279056997939
-0,0507988430285404
-0,0473850949243045
-0,232847519663316
0,0323028388520867
-0,105285777673216
0,0149628287815645
0,050362507976417
-0,0315944934770356
0,112259339290477
0,125238191883379
0,105956905998908
0,0451938423200617
-0,0405441082963242
0,356176581041563
0,0791540860357841
-0,0207458435876526
-0,193150462656517
0,156438025470347
0,020614469830418
0,0306370996061797
0,00284461561417083
-0,0494026450182783
0,0601286629198918
-0,0306918528539765
0,0154598519691544
0,00363696744666499
-0,0993956896080475
0,0360519901076246
0,0601967338647674
0,00977493855199053
-0,1217187617911
-0,0478380396851309
0,041698698124773
0,0169369233157048
0,0905819589484177
-0,0678850232632781
-0,0394680489881405
-0,121369277872947
0,0224279936546232
-0,0141542059384455
-0,090698846552436
-0,170753467937605
0,0326144257598937
0,0661776367499751
-0,0629343412267517
0,0888019535373128
0,289205836892708
0,355325263174428
0,376654507438992
0,00787292348342917
0,321800022341773
-0,222197138539274
-0,209828658722703
9,17148104062057E-06
0,000122850804576714
-0,0043496646754432
0,00372128411395852
0,00761999315430515
-0,0934398479199458
-0,120008037062345
0,203457287465489
0,300096466898995
-0,077902656836755
-0,129880299327484
-0,254773925572001
-0,131413568427023
-0,0720858740383104
-0,0387862072301853
0,19709589549335
0,0476443005936524
0,0686870612923531
0,3366359580547
-0,0739772369117933
0,107153388658878
-0,0584975688102465
0,0951066210296775
0,228592020372036
-0,0107879147597215
0,0788103043989583
0,0237542834927323
-0,0122009959718081
0,0325507297200127
-0,0106825558155788
0,15350741237265
-0,0492490638205234
-0,14445605135073
0,155926324672933
0,147114037256379
-0,0287559208377101
-0,00531870694475592
0,168210992495378
-0,340048411725819
-0,0692592100862432
-0,142748068807794
-0,226382890038417
0,0421937084026568
-0,149144230672561
-0,184795186621631
0,0570346031543269
-0,0334824120122955
-0,00611992163845892
0,033631980433259
0,139252803342162
-0,0429296944566247
0,0210450612175093
-0,041421918107618
0,0503406269313492
-0,0237257123497578
0,0770817105727185
-0,0469373472630198
0,0734203883071813
-0,178185447548128
0,0886563471016942
-0,0591080160753651
0,0073387978652396
0,0854546731010661
-0,127421328223556
1,2386153463262E-07
0,126428563180782
0,00147248249135971
-0,011979987793039
0,00111548384662004
-0,000607135339242886
-0,00249700705811014
0,0397799059583446
-0,0496074361235561
-0,0332833909121482
0,0606278041975319
-0,0328622002851879
-0,0933426556342822
-0,178949524262818
0,0375696992938373
-0,0923551164081505
-0,0496722418324001
0,0851976852895524
-0,0418711106797438
0,0789385428815116
0,13277208409597
0,0235531221811582
-0,0272912290968979
0,0377422346768032
-0,418733962363443
0,00520214822339398
-0,156617303976821
0,221836328903944
0,0793598067580038
0,143513623113742
-0,0351183860835935
0,0424656118877929
-0,0192747691244078
0,0753575555062176
0,0154517180470267
-0,0458794368358244
-0,0909949647847433
0,109283826184919
0,0898350173794093
-0,316154750276236
0,109139739975853
0,231666520445599
0,231664537636176
0,0984001440859224
-0,172603076374591
0,129165594204638
-0,0628596007639542
-0,0330008604827466
0,02721812922381
0,0757559487844906
-0,142821992167935
-0,00432420732649979
-0,360616865786723
-0,0673534695544844
0,24735915567393
-0,131890600787337
-0,0306235022525265
0,106102303475608
-0,0272805912530687
-0,000893515917968268
0,113778131952592
-0,0484676424712012
-0,143863772006142
0,00996688544374491
2,25419065246203E-08
1,30279612254933E-05
-0,000320461076255782
0,00042005869512876
0,000932403920979129
-0,0281322539586902
-0,0334897933309133
0,0406854950889498
0,0751420117557848
-0,00313213634865639
-0,0121473609092047
-0,0692972151459427
-0,0625262966829415
-0,0130419599945539
-0,0176933959590762
0,0707997161356264
0,0620359476778105
0,037507408562477
0,114782789042501
-0,0958691479674068
0,0474133596539789
-0,00144118683486516
0,211042245160258
0,324528082499206
-0,0765303329478397
0,111664973005254
0,102878090688445
-0,183171990556154
0,127015935188491
0,209646171844464
-0,392623081967609
-0,342537744887753
0,209062934637552
-0,283150903252993
0,0164155332190692
0,0784202420921812
0,0462632468695476
-0,180689894738623
0,0583598449827542
-0,0597972077661986
0,161432658592291
0,0542020382620872
-0,120139072845907
0,155987021843483
-0,0769956897035398
-0,0496117779739204
0,0906319115452303
0,198080166931141
0,086478417140461
-0,12626848660151
-0,0288769721657386
0,0296933714346267
-0,0347454891549608
-0,0747503587717168
-0,0113282429944684
-0,0678593985970758
-0,00977427988587977
-0,203180184307136
0,0362042666342206
0,165549102736617
0,0149530054450038
9,80564872769558E-05
-2,50635972088502E-06
5,33952617737019E-08
0,0389615946737648
0,00456113486354676
-0,00862359209977565
-0,00619248007804562
0,0276320652862326
-0,027477510288755
-0,0425973905696922
0,284379501946948
-0,185640712743861
0,0148124628898716
-0,108992557214494
0,154979132475958
0,10956250870405
0,203483374637504
-0,0603704486556435
0,318549959491671
0,0802712621431582
-0,0938252111127166
0,00330563583333064
0,308584615302184
0,318141589462701
0,147781994392491
0,0267952605361318
-0,0256469833092528
-0,109809002286357
0,0641260132104704
0,19390433223377
-0,0880863114120035
0,243765555938954
-0,0287630354437449
0,0191791376911371
0,153791221094068
0,0206873907571719
0,135508107201627
-0,0341079057181116
-0,00137784436295695
-0,11177033405348
0,00285373126289812
-0,040751274195382
0,015542973096293
0,121889024105985
0,0864712920112199
-0,00355931984841363
0,0791630070829054
0,0295705593524949
0,181220057557494
-0,0880523756294069
-0,0622116445640148
0,0424664049447698
-0,109861158890922
-0,117537053662612
0,0733872211151603
0,226965610649276
0,162350296432879
0,0692757576580421
-0,085855106428209
-0,193510486718293
-0,109977956930484
0,0703347947722424
-0,00118932250638055
-0,128456415777794
0,0389057645414837
0,0196785184153108
0,00317908508136885
9,72958104729614E-06
0,000430407252190818
-0,0441773544755852
0,0272422087600159
-0,00289402636358335
-0,00149200555733744
-0,0197801041155316
0,0442825855432508
0,0642929082203005
-0,202888794548397
0,0728251844370391
0,0549892635405094
0,135400040419925
-0,0226950816866204
0,0953750872649257
0,0322094631826359
0,0457496541897975
-0,040271941661349
-0,0481485314305415
0,046272621148983
0,0562474458796818
-0,118638518600955
-0,0132506986937451
-0,0430885263823746
0,0415198298940496
-0,00164099966609885
-0,0846735893900879
0,0271145630744578
-0,0536117242017347
0,0438708818381897
-0,0844793841945969
0,184516206138674
0,299746985184616
-0,144495351179234
0,0547581717528605
0,0807411444523255
-0,0111506370256856
0,017568943278104
-0,107590211181741
-0,0722379415209457
-0,0245841876203197
-0,072130594029875
-0,0379866112662904
0,0954329769865811
-0,0363751146971035
-0,0303703100668518
0,0857694065116959
-0,0121527272302493
0,414653336380991
0,313327746782986
0,146827957296149
-0,426557933305495
0,281007980280527
0,0426138476730987
0,208097218323147
-0,167725428489259
0,03463520189847
0,158610098802559
-0,0916610726679314
0,0302006017302993
0,036700220122749
0,0422595074727
-0,0119917324610718
-0,0302014728119869
9,1823248013127E-08
0,000879396834424007
-0,00064673874411845
0,00547569251911276
-0,00129844743465107
-0,116900063570593
-0,0997699254695788
-0,059973494173854
-0,0409834278476003
0,12925318833636
0,145778085657872
-0,0968898062170533
0,214230118732993
0,0351106187848448
0,0367261524099431
-0,0158063342182578
0,0135241911717206
0,0459471009225624
0,059737722209354
0,0856041609387372
0,0560862408105462
-0,0673588879662143
0,0178237860260033
-0,0368057510020011
-0,0673108846777975
0,326894998937227
-0,00206420829218456
0,0122891852814929
-0,0494922162798893
0,0144345482302943
0,240122610452934
-0,155543889247299
-0,0099714666009636
-0,247825057937236
0,0594492001511773
-0,111859813209182
0,122626460609593
0,281042394162555
0,100982348130415
0,012840389202893
-0,131870515270559
-0,0562565303998815
0,0412126957424489
0,10472613799332
0,36291631369402
0,227759079236391
-0,141243132441552
0,331653548739726
-0,0818209901782769
0,124883913381504
-0,130835578019176
-0,110947949605571
0,0429647874873104
-0,0930492968921075
-0,0120092797169309
-0,0667121663537627
-0,00559437881122133
-0,00115868899946636
0,0942905796541831
0,0493370681940745
-0,091533587415123
-0,202748666491789
0,00650144219809579
6,31274943374598E-05
4,23463730519196E-06
0,00329055911019732
-0,0156150123083413
0,0430805304596321
0,0568199686844352
-0,00388513187677012
-0,0160408085596684
0,0349106034318541
0,0815878760380427
-0,339586161993761
0,107088865127738
0,0631852790032402
0,396851493333642
-0,245055143503048
0,00423410042812755
0,135882263683899
0,0127907714671468
-0,159916603433937
-0,223191818416277
-0,356266689705832
-0,131193442698548
0,356647726476457
-0,10511939542968
0,0757195091616633
-0,158258965167262
0,109708547359729
0,147894991274753
-0,0450688401442615
0,0855063674808524
-0,126610900963631
0,0147607369719879
-0,149413633302451
-0,00995389173252255
0,178280147098436
-0,00321488490184733
-0,0532067594155256
0,0466562821968299
0,0574141600731473
-0,00999386280727041
-0,0288741254951081
-0,119898685015162
-0,0558010078843401
0,0572722721442351
0,101524137929496
-0,0797531912696627
0,00593458528985423
0,000338634453224691
-0,0376696300143759
-0,174038042294468
-0,0574979595995058
0,110517705798468
-0,0773138417664747
0,037996645823977
-0,04919592531941
0,0479319777163637
-0,0376097365310862
0,0177044979278721
-0,0908587169982477
0,0281048832024316
0,00116099027967133
0,0116994330856791
0,00480040136120496
-0,0151832239637752
-0,00573081720261202
4,46971615181216E-09
9,33532850801299E-07
-1,00533497050752E-06
-1,71632054887761E-06
1,3105976348838E-05
-8,73817306648806E-05
-0,000146703841291488
0,000855618508775982
-0,000197111386574413
0,000443546269179077
-0,0014365355357048
0,00139538509540424
0,00155720661527706
0,00118427402700366
0,000138780283239999
-0,00118793660562582
-0,000435346204868655
0,000734897244662557
0,000477184110969341
0,000594041767949386
0,00994414985995716
0,00744915128491016
0,000517023120468435
0,0086249347608276
0,00244865438281635
-0,000568142374619259
-0,00292076443107267
0,00430730977412368
-0,0141488971341012
-0,00587176439803028
-0,000672951584307081
-0,000253852725705245
0,000870871555331457
0,00182191794697354
-0,00135967127521542
-0,00101404793737283
-0,00874726305973922
0,000894674594130363
0,00768224468351573
0,00953111321919786
-0,0182941507868126
0,0210882998855315
-0,0313534547227323
-0,0140235340230391
-0,000492741879553866
-0,0403885538713894
0,0497088390142189
0,0285221998305455
-0,0501435613471451
0,0661443281197001
-0,0107834748371278
-0,0855860486665529
-0,174704217432011
-0,0863723580428325
0,0713588951111039
-0,0523527854396747
0,118609087872128
-0,0235507147237746
-0,188092289736893
0,0223219287208668
-0,724647937073343
0,327118314530803
-0,0813985469807742
0,492939940309024
2,00394660637529E-08
0,000358866616635706
-0,0386738564286518
-0,00362089335757313
0,0770396837047975
0,00279744014042933
0,00405356976644424
-0,0125768623131544
-7,81390128084262E-05
0,0180480017513828
0,000312702054752231
-0,0171810560055673
-0,0218428531139586
0,0158854388632579
0,0058996844043704
-0,0429513282042809
-0,047554868130945
0,000295830696469035
0,039368907086034
-0,0308952916498924
-0,01630187762218
0,0778281707582274
0,0106132365394306
-0,0272679165733574
0,105712102666463
0,126882347822104
0,268593509568223
0,351109472476101
0,0993532419640565
0,0526266362863253
-0,225624390220363
0,183842008806126
-0,102428948826933
-0,117768289902131
0,0305831479867292
-0,0391820035112057
-0,136407779540055
0,0861404544504481
-0,000198681354854105
-0,177360705368857
-0,104104949848543
-0,270823701972934
-0,294635173837246
0,0628266559482471
0,181469369645437
-0,0246592326272732
-0,00287276096372936
-0,228956275628023
-0,0307446693929914
0,0738173242392245
-0,0788331749430713
0,0840412448768057
-0,0133460048653235
0,0583228994543725
-0,0211372668973818
0,0118866149672711
0,100432197380026
-0,203025751551844
-0,15202265103353
0,048984412099847
0,0782412174017381
-0,100243583363327
-0,440742222500136
0,0292257753934134
2,78566611119566E-05
0,000676537182180234
-0,00314280799781826
0,00295226204210232
-0,00253731922845165
-0,108044229112271
-0,0992937698101611
-0,0956205906492653
-0,124749711616858
-0,117761199459806
-0,137766343358577
-0,161751095468723
0,031864706535526
0,0683747230034593
-0,0297435313564049
-0,0559288333734145
0,0699211331086385
0,0398752638395951
-0,125509015256068
-0,0665853421125526
0,0482688442827261
-0,0755446117336541
0,0476916561335326
-0,00596206123811487
0,0106385804061168
-0,0906154223227392
0,027240686802597
-0,0146806698953978
-0,00194386206058561
0,0591585098575959
-0,150083551186092
0,0846128220051877
-0,0455105027431704
0,200588670769484
-0,00444043901103376
0,0226211767474127
-0,14110247793719
-0,0213216607058159
0,0387593120431748
0,129886630538756
0,0183120826016264
-0,0470498714225978
0,0755619553713363
0,00845063482600908
-0,128692464274949
0,147232154882323
-0,0117655310078864
0,130574023501232
-0,0490249598234833
0,366906915761879
-0,120237891875649
0,351926730583241
0,291926470357214
-0,363470565717739
0,0394051005424488
-0,118342966551999
0,36201315105295
-0,0517195679084493
0,0954021945874743
0,0534757125877816
0,0316669800013138
-0,0192568699049753
0,0527920998220941
0,046190483426811
1,46389416563611E-06
0,000592053269180259
-0,0909733225291628
0,00403778065679241
0,165096165568329
0,0029378658751996
-0,00320028001022281
0,00706180015880237
0,0131963584032177
-0,0571646659002598
0,0672582368240855
-0,0417701970091222
-0,0745612117603846
0,172511879477969
0,0717776853402727
-0,194520985715687
-0,144421678475594
-0,0322143394217117
0,144860971038842
-0,0315583306779623
0,00773447316213431
0,0804950581235143
-0,0492365524542565
-0,0373821918951139
0,140924565517055
0,160070797431294
0,395920412618813
0,308029746713279
0,177627001552557
-0,0563146408661514
-0,151487676573549
0,0671295881199877
0,00131345666838336
0,0523452678728788
-0,0146011045725319
-0,07343800270511
-0,0986426001616372
0,00569864940206409
0,16971933678148
-0,151950454511006
-0,0302541562600341
0,0369644718059948
0,0968403529958133
-0,0878314622397945
-0,0894769822928757
-0,00514810690061333
-0,0188346141342511
0,211081197898857
0,0666781505939743
-0,156488904913734
0,0707276746213852
-0,117228173608249
-0,00256074261927601
-0,0862232033504765
-0,0350694803510042
0,0171006494064047
0,052437608886318
0,241818571566775
0,0624931675335088
-0,0401716196676674
-0,0400853718518882
0,0941126875338053
0,430590632729713
-0,035318052163532
7,14523155614462E-06
0,00159428208372383
-0,00497728898382124
0,0693481407222915
-0,0104557272894611
-0,0853218646232747
0,11022634963448
0,0121022116379755
-0,017758263538461
0,10822709866621
-0,0397661411875722
-0,068714825437226
-0,0500055513978645
-0,0749148799856114
0,122180224416883
0,00319329892401535
-0,043539923718556
-0,455034474539529
0,0197254132107743
-0,315745771406846
0,352753015349954
-0,119778655674693
0,142093094537576
-0,339497787386177
-0,063247925074931
0,0575561301392744
-0,0273827153721499
-0,0337234787084853
-0,065095608197174
0,0752708353423527
0,0318339807998669
-0,0543057829234352
0,0249384077854316
-0,143188958196368
-0,0215115204119624
-0,465754808651159
-0,149531285355737
-0,185685079252895
-0,0820663599495271
0,0243645695499657
-0,0107538071993956
0,00681032192843919
-0,00271994657904957
-0,0331883162816581
-0,0692278142928142
0,00795444595877379
-0,00160031548721401
-0,0461151025022162
-0,0166257246944047
0,0142343684024174
0,0489214252158751
0,0304627587951823
-0,016408432355652
0,0173536877776336
-0,0755430846840595
-0,0742784119960212
-0,0147615777027379
0,00790106318609629
-0,0137573416575032
-0,00602154047203596
0,00948845252202698
0,0251580230197982
-0,000809041362980187
-7,85012159847874E-06
2,42095691193809E-07
0,003067942220907
-0,000309352602048187
0,000455827902573691
0,0038478791362733
-0,0184045736066975
-0,0205319800120992
0,126534774667849
-0,128889837245051
-0,00365303201376773
0,0582406510329319
0,00336809202685688
-0,0558270969923979
-0,13983453713229
-0,000964157715470457
-0,0171306825451357
0,0491970712477978
0,00813208924584281
0,0484698118852282
-0,0296122196465208
-0,151406346345895
-0,138286565496042
0,0557219718763977
-0,0187458260855372
-0,0434462788507124
-0,105846743442733
0,289631006672112
0,0878780073317916
-0,334969661577627
-0,162766694326845
0,0486707719080249
-0,165928067626346
0,16683875969704
-0,0579738252005602
0,038657259404657
0,1371951637682
-0,217739048612505
0,00540944830083858
-0,000942495091939672
0,305409475281168
-0,152016622681955
0,0533470370516053
-0,155065382629316
0,00970174959974205
-0,141246096723653
0,378161298200126
-0,267181991416938
-0,102209279368036
0,144074346644359
-0,220661167276709
-0,0362623670357693
0,00505269508648761
-0,114150979799266
0,0277192098363662
0,144730940242105
-0,106580136942547
0,088347354559826
0,0191661123224466
-0,0503380426103713
0,00722409905514762
0,0220171043534209
0,00867444112072606
-0,0176325269301292
-0,00770932579897276
1,48991708527329E-07
0,000440641414477739
-0,00412677738136491
0,00343092479764393
0,0071276642495229
-0,190517711679159
-0,198313634305143
0,194407908691087
0,286922682225363
0,0855718946934158
-0,0554183011450522
0,00403454471859353
-0,165796020916508
0,0150453834882109
-0,024039593561409
-0,0996832190737501
0,0668829207077492
-0,0620127553200842
-0,229899379035695
0,0635519238609811
-0,168441507253563
0,200561800254262
0,0723608306378789
-0,265922738751959
-0,0643357493885158
-0,0544963862356709
-0,0302113606632572
-0,0131540587039947
-0,0795210566853393
-0,0545191975098565
0,0327113016023031
0,0469565651926726
-0,0235992132370186
-0,038061584636825
-0,0933913350744862
0,0176205467416731
0,0721815431660891
-0,00938182844421085
0,154128082322972
-0,112417995310815
-0,266888213347973
-0,103596663416217
-0,0852714174584377
0,0394030993080561
-0,240025491268375
-0,0702681601940738
0,0120868608156065
0,197215139363994
0,194825453384818
0,0609928875451626
-0,243015259201461
0,0356479258398869
-0,000537185043642437
0,167378879087295
-0,0461083521977827
0,00483090660528381
-0,130538666255211
-0,1393999757897
0,229266609311206
0,103596844146368
0,0599585235267742
0,0304701597639507
0,0365129180123527
0,205211592791425
1,70431300977602E-05
0,00784236451198629
-0,00162029119033935
0,000107724673882235
0,0105998447002882
-0,023307043867791
-0,0312900724447193
0,255901231315806
-0,286380023333735
-0,0837644189790592
0,206056389625553
-0,12290650297043
-0,210557081716068
-0,466967852669354
0,0273657391683275
-0,190781595639799
-0,031947981621674
0,151489229853324
-0,0794560993868718
0,084895445677734
0,100059728154998
0,00107353196964722
0,0563741388745273
-0,00180539999778162
-0,0237382001665019
-0,0242231495690236
0,0320030247441819
0,0559944199473987
-0,0721952325928721
0,0181718371053568
0,0117400667652871
-0,0785300672082868
-0,00889659850745874
0,00352674902652933
0,0268214644737596
-0,036713866552057
0,0169159778313773
0,115026242992968
-0,043347318290036
-0,13449253367237
-0,0219066834058054
0,207952944696651
0,00715815007569442
-0,0110841467981729
0,0339767069447649
-0,112050022883662
0,0481768822161818
0,0164184254863026
-0,0299600103611833
-0,0305168641107627
0,0872583366769933
0,025584330860159
0,419746086910565
0,118955777631103
-0,266469416825203
0,150283586358227
0,0399963930993259
-0,10770486209606
-0,0515797907506597
0,0212545658847584
-0,109209423974215
0,0217046749025909
0,0161672272675598
3,30430266669509E-05
2,45285173221077E-08
0,000161292247368503
-0,00383172197499135
0,00300813546219123
0,00659922199198136
-0,15995965482369
-0,148819792492566
0,0947131862596187
0,212074555063184
0,043366465687741
0,100153289453241
0,0680113134731051
-0,223032920495352
0,00923229107262614
-0,0840928841026563
-0,0271097961671511
0,312649121229838
-0,0645587457120409
-0,156911717070924
-0,0702517629318036
0,0423717308591899
0,00745932330667816
-0,284522051284057
0,00992103364491443
0,0874386749341711
0,0550541820150261
-0,0373084998879707
0,132026519882915
-0,0184508598158904
-0,0785811171483081
0,0558316396764338
0,0692297886218171
0,0246619673305045
0,111491981310267
0,196594728978806
-0,0582245865936411
-0,130435992063394
0,0168499919492132
-0,193737699759444
0,164011849456215
0,324760083576385
0,0370190239336498
0,00743177211812965
0,391820317429457
0,160590609971867
-0,0242660908603875
0,126741790850734
0,173155915937103
0,0153268369817877
-0,171275681819717
-0,0173603981356068
-0,0113655325170262
-0,0827077874747666
-0,0167183322261261
-0,123244086723482
-0,0292190707772033
0,16260949689447
0,0567367289991464
-0,100641152747793
-0,00279039803668384
0,0537936829809972
-0,00862196615809566
-0,013209909599456
0,00475880311586632
3,61881314758145E-08
0,00328196961472493
-0,00176749174857245
-0,000346519721563546
0,00670300601514567
-0,00239366456690484
-0,00447620627152507
0,0422507413662916
-0,0492571844514945
-0,0356436371278089
0,0650786512129118
-0,0475418745486781
-0,0870189611768549
-0,107073593418515
0,0271557852538657
-0,132354003939249
-0,0797311248416687
0,0650317513020022
-0,00881753907559157
0,0414106965401948
0,137643486928668
0,0628547952688799
-0,102293891135049
0,0602018986792516
-0,504292533881556
0,0182826701216607
-0,125712202198263
0,170469324322
0,159441025997128
0,12170208803409
0,0195539625186501
0,157782414527969
-0,0111754618112188
-0,0387276492922757
-0,0370761532122173
0,0985017564132983
0,0871558779886018
-0,23764358253393
-0,0476516464852977
0,390259544319478
-0,0616714404536039
-0,40485159370762
-0,206791632540544
-0,077349376551038
0,127382307331935
-0,0167746712801862
0,0155162950092403
0,000676664052541123
0,00419597945750428
-0,0671370192233867
0,0829014384916088
-0,0385973404130356
-0,0280783826018828
-0,0632140233854752
-0,0161593635710682
-0,00383180675457817
-0,00573022129487932
-0,0203253810591789
0,108826284984846
-0,0269517509836989
-0,0276190717501143
0,0442514547222166
0,194438480202172
-0,0149781498587353
5,69429251490519E-09
2,69320804780077E-05
-0,000125873101420649
0,00207258404431161
-0,000265506426434565
-0,00339318078406751
-0,000205005050485216
0,00687095279958995
0,00438121191414878
0,0136705437621756
-0,017681003591744
-0,0129589886774559
0,00162376352386836
-0,0183454058498696
0,0104901969492419
-0,022141810235319
-0,0591945376138462
-0,120905021462235
-0,0777676831206369
0,0570955799771034
-0,0397534910944239
-0,0746818529104841
0,0146677274910042
0,163086870652031
0,00955388238364131
0,0618214681827322
0,00663183612872277
0,00186143902570199
0,0102152203367274
-0,0182353262011775
0,0270955667228204
0,0555425359528305
-0,0120680431860602
0,04204909998743
-0,00309156861533235
0,0478652181958107
0,0163089167130637
0,121135024649269
0,0344139248399658
0,0586380270333273
0,147440217829902
0,00620614984509998
-0,120337134904343
-0,0184359956816548
-0,129007804130047
-0,367872853883326
-0,56153482135532
0,00753785246495144
-0,0496399711010827
0,0869773294848942
-0,0220405268516099
-0,0685391629317134
-0,0143368526055872
-0,0876666944746222
-0,359854288754026
-0,466747585847964
-0,125523810699844
0,0166268322052044
-0,0556683360901041
-0,0603439516871992
0,0501236654851462
0,0661209785762894
-0,0269657949676748
0,0114511121991304
2,66690003434532E-08
0,0002373155610874
-0,000159679858630222
0,000436753942757207
0,00103915024275281
-0,0040788954316326
-0,00569958271089227
0,0476910213982401
-0,0537303048181196
-0,0310907408440799
0,0609179301264824
-0,0412592777362973
-0,0583820705151955
-0,224947192856525
0,0231859846779498
-0,0960908036087642
-0,00470442248265633
0,070890395850669
-0,0654435016396361
0,0964371589274872
0,139544286331122
0,081114037065377
0,0570725171839497
-0,0346714232659472
0,348996796323631
0,0915492027511206
0,00157956373650315
-0,187549611853175
0,159741831656365
0,00987243842013621
0,067903657322214
-0,00291032211984052
-0,0477128022822641
0,0306626629624507
-0,0301592312119232
-0,014279814021777
0,0204903018667057
-0,0569447170737759
0,0584616578226308
0,0807324118380129
0,0399138561106424
-0,124480250910647
-0,0702811689849739
0,0256007481521353
-0,0270865932879095
0,0535181787971827
0,00664357906256225
-0,0740142364008465
-0,0425329913230647
0,00334077838379281
0,020490221248313
-0,00296779317364536
-0,088124159123791
-0,118250350512941
0,237229726769507
-0,0892823373066696
-0,174188570440497
-0,041911158514761
-0,331322568392611
-0,0412906379861218
0,245442056798089
-0,29623373976341
0,262145461602832
0,426169791752249
1,36440244604291E-06
0,000205417575643854
-0,00437642707358641
0,0141545889661386
0,00347262598627195
-0,0228149721453079
-0,0407962887960414
0,0939067339030465
0,131462158312992
-0,158776970650121
-0,0669110892671644
-0,151306813922
0,139906871370136
-0,163184353350021
0,0150419416754565
0,187853793838207
-0,119483951577619
0,0445091017022742
0,143709423968851
-0,103277611848456
0,00633945367936279
-0,0611197514097538
-0,138270695987917
-0,0145047199368187
0,0507288953568744
0,0683103416199193
-0,0531383533024922
0,0527828406876987
-0,00752751696634637
-0,131514169281659
0,0274941126706517
0,319039581166111
0,124112171680281
-0,112677772520462
-0,0253656978075272
0,0436173669972556
-0,068021011775658
-0,0470922696574176
0,0928498625814139
0,0865672903433968
0,104311016006995
0,247532890451421
0,178778443960967
-0,252985656121253
0,253821643751029
-0,0134157758725786
-0,063770502484251
-0,0361710493138004
0,200942256369966
-0,0367365980871377
0,0261877403229933
0,0958469400343484
-0,145639173432726
-0,0420078587452137
-0,145884692262945
0,0647454383628951
0,0303677494576012
-0,225146653086622
0,133439899810717
0,320483967941671
0,137584765247306
0,0217380704126983
0,028958570524263
0,222790522792746
4,43956963943154E-05
0,000504464678233398
-0,000352339490075644
-0,000454101092241028
0,00263310877387174
-0,0132819796329019
-0,0205211165199891
0,102519075661646
-0,0219046760266197
0,040824499735948
-0,129886925444486
0,114044910037257
0,120604104789651
0,0821533513602963
0,00941205072091343
-0,0757846451841592
-0,0265946488864225
0,0432371131571066
0,0252352496856617
0,0282159967509633
0,441734804798222
0,312715970677145
0,0210626033675182
0,312698769933771
0,0865016902279121
-0,019209314646598
-0,0920723596412253
0,134294631076181
-0,413618618732711
-0,156190893358212
-0,0161905493410375
-0,0056606565005374
0,0174573852351954
0,0337105494897121
-0,022672894625947
-0,0159772530728659
-0,128427140911964
0,0124548455076577
0,0974084908377717
0,103126652929494
-0,172309053502236
0,189978399767121
-0,225879567062475
-0,0800186730910327
-0,00252001989612691
-0,169123488653512
0,190593117316234
0,108061540710402
-0,109379898182781
0,126137654136151
-0,0169776153123298
-0,0879388070331199
-0,119020494106931
-0,0553203378713211
0,0187130397570498
-0,00432110958857221
0,00589425988234083
0,000731752600464823
0,0156781093275026
-0,00242144888050996
0,0831265784698967
-0,0385562411538317
0,00959704641291988
-0,0581190090517563
