0,99973340464802
-3,89921853939778E-05
0,000108079875316807
-0,00238156600376199
-0,000147858111110825
-3,29913099644677E-06
0,000106535471451345
0,000219096540947154
0,00748578531806882
4,17194080047166E-05
-0,000815842551168602
-0,000515937881291073
0,000397869663960527
-0,000835491777755566
-0,00256848509375741
0,000231248528236624
-0,00129743744608636
-0,000615728664395353
0,00241960940522708
0,00369074562974734
0,00678631628618727
0,00440483619120975
0,000309526405485079
0,000743303608010849
0,00604549683285499
-0,00290386650253933
0,0018762882956103
-0,00102556947913197
0,0010936276292766
-0,00126195194358898
0,00421962810785599
-0,00138065397612342
0,00145629955344051
0,00238009154800622
0,00322815734110913
0,00482088446142301
0,00548790976966342
-0,00304085002656647
0,00138499323040894
-0,00280319337454216
0,00296499262268917
-0,00206670304097239
0,00254598791884696
0,0026823514482177
0,00160991371836728
-0,00207984936885655
0,00183471213235401
-0,00588784915491305
-0,000395381187053621
0,00382022972977135
0,0030287174481603
-0,00564407341901857
-0,00290272123766613
-0,00386500433769655
-0,00195778135721636
0,00437788919020573
0,00139098401141053
0,00236249955190457
-0,00314517528334554
0,00166273243949072
0,000737881362373964
0,0024585327080886
0,00281884671463675
-0,00201299058789755
8,31701322576665E-07
0,992756801659633
0,000282497376844881
-0,0107092216500652
-0,000613836350606495
0,00026687105629787
0,000346278165408695
0,00142184177403471
0,0180220374638216
0,003570591161465
-0,0117340220578532
-0,0136332214891192
0,00996608085176245
-0,0294389669990279
0,00960254502379418
-0,0125982522936449
-0,0151685093255813
-0,0151622687889305
0,010578198452387
-0,0158337243466414
-0,00626121857527055
-5,44561303910476E-05
0,010893124262204
-0,015701136433862
-0,0492782061155441
-0,00808641989792412
0,00571520346682017
0,0193357990978456
-0,0113336061898386
-0,0289270061592624
0,0362621868455251
0,0190103272610172
-0,00442284826353622
0,015095982757472
-0,00249582455677098
0,00606277042863235
0,0209384448010987
-0,0158801059887325
-0,00220063504101985
0,0147631144236271
-0,0277712923849429
-0,0101386301249251
-0,0316024998408847
-0,00287406930805198
-0,0029260461221227
-0,00946299889705937
-0,00813944895381499
0,0108293783291473
-0,0037440187618865
-0,0149894541476021
-0,00526681284347051
-0,00161978334078054
-0,000285145553997761
-0,040202565627845
-0,00588619903194712
-0,0018435737297745
0,00292438786909984
0,00143884675904418
-0,00371687025331888
-0,0117789288000274
-0,00920761229579017
-0,00822088713432481
0,00798441493835209
0,000753280117562434
2,28211126572699E-06
0,000102022942813933
-0,997890082305877
-0,0144139109070339
-0,0421721467134253
0,00376334439262979
0,00907557585160233
-0,00315249921318037
0,00683619896281779
0,00811746022572613
-0,0142782388066326
0,0355003813845935
0,00145110729892772
0,00014802644134321
0,00904320443334026
-0,00183123210047923
-0,00664850545288195
0,00200639215793978
0,000673844471795553
0,00717437439740833
-0,00321645832487147
-0,00112772020397397
-0,00187619067767801
0,00555064176639489
-0,00199187713723547
-0,00420047538154018
-0,00391067123320376
0,0085011585630274
0,00751158678599171
-0,000961483346106525
0,00506097677455159
-0,00444282175477243
0,00209489017097003
-0,00647054842924242
0,00516423870835225
0,00230707077348264
-0,000728397123681719
0,0014948520415578
-0,00219428370513962
0,00121067679933106
0,000816180958659374
-9,09637560614806E-05
-0,000315766257569816
0,000895345215494932
-0,00141956652368744
-0,000943305323899625
0,00157710385719385
0,000324990553362444
-0,000140454741829145
0,000125408204686531
0,000301174980437324
0,00112756773396905
-0,00185963650115064
0,000246964342515486
-0,00030909973997641
0,000942913045592587
0,000538933918166474
-0,000261289285644182
3,85119176851437E-05
0,000126296939078338
3,35533169849567E-05
-2,06101783760644E-06
6,19776862974966E-07
-2,07758633789677E-09
0,00234838975068647
0,0108205680367139
-0,0082748802233882
0,96844417357528
-0,0277115934109432
0,00687085367041397
0,000149409782515359
0,00295227623675635
0,00725083396904292
0,0230724118805004
-0,0268887315104225
0,0531025882821919
0,00788877012533601
0,0363385390037256
0,0275609479591021
-0,0403059907352547
-0,0945269027513312
0,0535556366053804
-0,00358294269667914
0,0201165668482198
-0,0111310466489629
0,0251501867320545
0,0155770415092785
0,00816938687851015
-0,00169044108035716
-0,0204809197318397
0,0337237680668441
0,0511433197981875
-0,026899076786449
0,0245668211100696
0,0144034691057329
-0,0145176047507374
0,000332473747375945
-0,0390174772296997
0,0127113258343454
0,0115579231393986
0,00478268082602297
0,0308423505909329
-0,0406926463921357
0,0118029357856465
0,0270904042477467
-0,024996073611817
0,0290913173418861
0,0321097593865282
-0,0337002909159255
-0,00547947707131978
-0,0106140278033786
0,0761321101938335
0,0118705185238714
0,0630851049499784
0,0740440582437835
0,00498183613896014
0,077568856797888
-0,0316413525984941
0,00680148981578377
-0,0159513719286971
-0,0121731508073815
-0,0292884593797539
0,0116077459641393
-0,010395502681982
0,0284731952769988
0,00135726480031212
-0,00960801720541464
0,000910570200812745
2,65500164501855E-07
0,000172867856630092
-0,0374052436641534
0,0195045523862191
0,978614162456036
0,00093791978596021
-0,000744152157255748
0,00252784772143307
0,0302385518990389
0,0255714378671831
-0,0319751894475751
0,0701155874270814
0,00487903068923422
-0,0286977927728475
0,0299175326655725
-0,0168019634401486
-0,0245510267401306
-0,0329326385615245
0,0736540288102082
0,0754677142467904
0,0731407037387504
0,0151888028703028
0,0367052235669541
0,0126564801167145
-0,000164658861793197
0,00531014518425743
-0,0139788356011173
-0,0207738620490136
0,0129457100928802
-0,0118915593409101
0,0098674790646215
-0,0134404308893384
0,0379002083362757
0,00696027918618746
-0,0082239266441838
-0,0218904231356885
-0,0240144060979648
0,0287184781982263
-0,0244796715420637
0,0181652988457079
-0,0339429718640495
-0,0121802057988739
0,00751024159134935
0,00812816876747697
-0,0187860669830241
-0,00421028495844994
-0,00476917678515762
0,00163153783094215
0,00189595114351353
-0,00870821051551944
-0,0178336651839108
0,0333097595066666
0,0182805073027956
0,0277568905111831
0,0055950927855967
-0,0191905500014051
-0,00883803452977055
-0,00962400987778997
0,0116392470484686
-0,00778121863170877
-0,00232511393204694
-0,00983836121689238
-0,011450527171541
0,00806863345941004
1,36434518483158E-09
1,06525907244445E-05
-0,000881177720187943
0,00304843278202531
9,86214647584719E-05
-0,939973956870167
0,122416443787517
0,0240694843280547
0,00060230138157509
0,129705834246907
0,0204159675367743
-0,0284997351964716
-0,0350850994238606
-0,00200973263989611
0,00590737792119333
-0,0664242591106125
0,0191267731607557
0,00999755120788935
0,00559314929074321
0,001551714149053
0,00130717669373488
0,00265003210534916
-0,0336989250491592
-0,0140929903099272
0,0321632528091005
-0,035003574957541
-0,146468755264181
0,0412281404508364
-0,0216395358133035
0,00718719690372274
0,0622707378933672
0,00339222011057263
0,0152971235361815
-0,0571200967299686
0,0518302996171234
-0,0055429991395575
-0,0437417087655907
-0,0272966047701731
0,00308616808933828
0,033895731489953
-0,00823741350085458
0,024341295065364
-0,00957099294377016
0,0203200229899737
-0,0181504506060128
0,0702014617544069
0,0355570027925288
-0,00262226126213809
-0,0505507864541368
0,0023022718978516
0,0266861651651757
0,0154224069708991
0,0105372611363174
-0,0120933359849897
0,119022386052075
0,0493652709462253
0,0754793486678609
-0,0119693416828362
-0,00834425779564053
-0,00243333945062207
-0,0303131860616978
0,0050274503844097
0,0161287024993045
-0,0160833499524853
5,35085586751746E-09
3,15262763626761E-06
-0,00986907588692979
-0,000147171952868236
-0,00140450096323434
-0,0960202376078679
-0,861232854605352
0,472864968750329
-0,00651319267401609
-0,009442556934528
0,0129459919038338
0,00124894799994169
-0,00747431996414575
-0,00629261654878832
-0,0196291410947388
0,0104390529897925
-0,00779758605016529
0,00851304795217028
-0,00317451095454276
-0,00111911361519
0,0149077185145237
0,0101278066977685
0,00630683895271299
-0,00274583351536431
0,00407299472867952
-0,0152507385054109
-0,0132704009495674
0,0169275529118424
0,00603862443336225
0,00249182784409874
0,00799821217484535
-0,00687893848457896
0,013225934225028
-0,0110282308068084
-0,0224992486022847
-0,00969835872929883
0,0294189344215856
-0,0230658514354677
-0,0020052016612975
0,0216170801173787
0,0235940642633935
0,0166866021623157
-0,00593840072990943
0,013836934444781
-0,000743652733302228
-0,00157177110421546
0,028971840763505
0,00654150461687421
-0,00276368367564954
-0,0573589156471594
0,0362838474775031
-0,0293032888154137
0,0138588361137591
0,018912216079724
0,0431664533062669
-0,0288771791481187
-0,042205358322769
0,0613875844789397
0,0279278365713093
0,0164505957588949
-0,0205848164739321
-0,035945250743386
-0,0187802773789749
-0,0313539402879709
5,01771321899988E-09
3,06830514852193E-05
-0,0006383696335101
0,000556631187384669
-7,9359778031676E-05
-0,0675146495206731
-0,462362173713831
-0,838190040568941
0,0325688370259422
0,0394769726971256
-0,0774118680113684
-0,00405160190114386
0,0121688660092418
0,0157853672120937
-0,0660401062763924
-0,0554922182483901
-0,0046652334874492
-0,0554143837084337
-0,0380842032436936
0,00504008657362045
-0,0296276843641218
0,0295555374530469
0,00962236243321458
-0,00850190316803189
-0,00298158242249277
-0,00566951060051023
-0,0277910277780504
-0,0225632164718683
-0,014068547116014
-0,00993911623941534
0,0292990753987676
-0,0322316298491485
-0,027411136473914
-0,0358676566722631
0,0133959404594955
-0,041370796261687
-0,0202238412002687
-0,0416857991182176
-0,0101229023550208
0,0276315970489481
-0,013823746169094
-0,0581248644965359
0,0620124488476132
-0,0295837942228787
0,114403566479743
-0,00645181611242006
0,0372562736114617
0,0198913098943057
0,00822151862550675
-0,0325253450448467
0,00572328117180862
0,0107559811217958
0,0129475654405785
0,0212652654492279
-0,0403088376574776
-0,000200193663023571
0,0938317837117025
-0,0544733274654726
-0,0367651256931986
-0,025936459719042
0,0597586808277411
-0,027134700130542
-0,0252205843384235
-0,0151321671398659
3,33955828881223E-05
0,00127177024769737
-0,000459965395938484
5,14151519597657E-05
0,00326162636346448
-0,000486613113452009
-0,00214381866106659
-0,0143164622946076
-0,892355786792165
0,0384720227630681
-0,199001093597305
0,0745849547149329
0,000653670905086807
-0,158762688344708
-0,0355905933421127
-0,0561529513383635
-0,0685476559706517
-0,0700264081946834
0,138158555197655
-0,0154374254898685
0,121973971181689
0,0699465714172257
0,0154436587146358
-0,0155255745362656
0,0307496782293189
-0,0636283613481261
0,0206289560132733
-0,00222777899849043
0,0111993451824318
0,00018848270689515
0,0548674816026728
0,00525849227663128
-0,0218100029474289
0,0518627766028812
0,0621159895254239
0,0927888749746338
0,107436209455222
-0,0598990560728176
-0,00264848222083399
-0,0199089015117602
-0,0134258634051932
-0,0382541885919909
0,0149145462900922
-0,0138599983364122
0,0097082516607446
-0,0336690839971135
0,0282393889449659
-0,068031880343674
-0,00354981636927695
0,0566902460476969
0,067031379895293
-0,0910389539765386
-0,0373361056493969
-0,0266217083084246
-0,0260084569742632
0,0596834644341899
0,0213363239215504
0,0341790967911755
-0,0387543378418194
0,0229564110870797
0,00887013021926711
0,0335367077757232
0,0397647156170612
-0,0278736250589843
3,2743151017975E-10
0,000256806105129216
-0,000132808742560276
0,000626437057912797
0,00170151495041423
-0,148208982480284
0,0110572827630676
-0,0259286915861017
0,00199363505338431
-0,876483760866318
-0,154937464780743
0,153896226151864
0,03463655263596
0,0380560448474407
0,0223711521635594
0,0163653708524128
-0,0796221245973246
0,0637187779469352
-0,0112569402330116
0,0100260921381876
-0,0395727437285614
0,0149672548247414
0,318695205078173
0,0369758627137384
0,0360011885509547
0,00594383592020017
0,00409700117406176
0,00499592050540931
0,0178188941089386
0,00843666668845371
0,00868081906864575
0,0965842807374263
-0,0259116653397505
-0,00525359681227649
-0,050997550574335
-0,0180788565708046
0,00915233439781756
-0,0136082705127168
0,0759488962950874
-0,010310597107595
0,00131623065412933
-0,0128907599006662
-0,00108545626130637
0,0094260801218355
-0,00309969643080978
-0,0172939751309673
-0,0248521634082333
0,0172548884473034
-0,0126547785977513
0,00681210918262984
-0,0415778909647515
-0,0568048054578988
0,00268555294533874
0,0531520335552606
-0,0295107359945435
-0,00148054829218475
0,0325071524821183
0,0159148963809398
-0,00125580613346171
-0,062167370385734
-0,0714977524824174
0,000300142176787659
0,0312101497473082
0,00196725984322747
5,44442014437522E-06
2,76364607209551E-05
-0,0292321424805024
0,00597302010417374
0,081069136878993
0,000521325908042059
-6,54999624728097E-05
-0,00650667280986932
-0,139601868377844
-0,114948422924145
0,190255800095674
-0,693004689111469
0,195770006341723
0,315824889751311
-0,0630649840052027
-0,0801542390230639
-0,140571452685476
-0,0070644574224862
-0,127500611865465
-0,109903154595696
-0,0628685626497616
0,104684408447125
0,0777304718185952
0,0432844847744302
0,062690827895358
-0,12228669249813
0,102993650234139
0,167514417112512
0,102782605991189
-0,048942954288565
0,0349133830944009
-0,0710378837204472
0,0377669210026512
0,0654385633974544
0,101442582405334
0,0736245918641062
-0,0305508660272251
0,0360947308003139
-0,186195049556936
0,0452903122727118
0,0193547670712917
0,0452651523317969
-0,0143440951953245
0,0310712409599573
0,0461868351405811
0,0453637684566732
-0,069759016028997
-0,0142256380824524
-0,00213975347680242
-0,000531626399177631
-0,0628773209026482
0,0222698905356336
0,0457164122942515
0,0271943567314949
-0,0285976033764098
0,0246356273649453
0,0249052435966581
0,0752754535164963
-0,083252481570926
0,0589969112542983
-0,0834067078177609
0,121496276703813
-0,162428427584217
-0,0194667087304654
4,41059384270083E-09
1,01096985555586E-05
-5,9622753579915E-06
0,00069875578599546
-4,77431771127517E-06
-0,000772235131025271
-0,00109046764315587
-0,00635956248745183
-0,0174669528172068
-0,0226362713771733
0,301607237576586
0,164030773549925
0,671424017673516
-0,249323633263075
-0,261846246116607
-0,315006119658239
0,249310537679598
0,309689961784182
0,123455313286886
0,0350298021660394
-0,0838646886393563
0,0697651033399754
-0,0189783611842053
0,0224467042997873
0,0203448297608788
0,00472657084594681
0,00751467066091075
0,0033722435907439
-0,00287868175256627
0,0016363006652363
0,000263416999070492
-0,00618802365391101
0,00128198413408381
-0,0148777070972146
-0,0395881444494216
0,0315941820116436
-0,0553723813579887
-0,0135413231240479
-0,00948323794355751
0,0139145106281484
0,0078723016469826
-0,00224466749613663
0,00219501070443559
-0,0118368410191464
-0,0207197997133922
-0,031821789964689
-0,014217840399404
0,000979283692714863
0,0660301055551035
-0,00845908904702459
-0,00538904845834093
-0,000651857192210815
0,00107126168474269
-0,000484468581102036
0,00325909080430407
0,000280497881695208
0,000737491581222988
-4,99246375346929E-05
-0,000322881191648418
-0,000107245089319294
4,31446577695792E-06
1,55236187545023E-06
7,25920501351617E-07
3,19019800256729E-09
7,3681339022637E-06
0,000927890619152439
-6,14936603092849E-05
-3,73556004766108E-05
0,000491701463041183
-0,00103000138502986
-0,00484803337083375
-0,0231383374661507
-0,0848513155367094
-0,0527372322026158
0,58264437475309
0,285079827214389
-0,043603579623781
0,179672774995323
0,0536268454964624
-0,173229629889037
-0,0982028375172179
-0,301301003410177
-0,246660241564732
-0,0917507239408817
0,25877961756792
-0,156021413937491
0,0927769523870327
-0,0947472820416381
-0,0965747042345531
-0,0122217066541077
0,00554186506835929
-0,0275750583290289
0,00273609237751459
-0,00930983037291791
-0,0369315569043222
0,0411732840472563
0,202160286388353
-0,03590980341946
-0,0564774328257532
-0,0566923926124424
0,0753790288727675
-0,0234981255507076
-0,0855639254814411
0,0349697303600342
0,0174002491726276
-0,105718750712788
0,0229578859912703
-0,0785827192850444
-0,0898688902905026
0,0607197614199046
0,0836112368846122
0,103315220095967
-0,00636671921791264
-0,0886311889595515
0,0831346658487734
-0,0793681748646287
-0,0962683294456071
-0,0645489150017316
-0,0952527283145361
0,187732103772075
0,0352693996608592
0,0378169374712108
-0,0523325851076797
0,013417229238003
0,0376262575393743
0,0821423186413575
0,0534793425618387
0,056760127599235
1,92219826027796E-06
0,000214277921277559
-0,000242780154984803
0,0438599598032359
-0,00169188583662992
-0,0145140318539842
0,00099571307449137
-0,00391694208472219
-0,00502753968415139
0,0237055458101335
0,0341836543783251
0,0654105576950463
0,428158420607157
-0,0160695399279054
-0,0982306340762159
0,594883185795531
-0,119419746997793
-0,283554346518906
0,0420748510377878
-0,0364080991379939
-0,0626911033584793
-0,095045073342565
0,00158879184492774
-0,0100561587655824
0,0422064851761649
0,0202134529143032
-0,0579847116865022
-0,000850356793271231
0,0170962215731924
0,00539215538081835
-0,0703889442721707
0,00643828708306332
-0,0226536333287241
0,0656411260577064
0,201357760353642
-0,298466462045011
0,240762555250912
0,139747916488544
0,0302001278516967
-0,0365039450711676
-0,091327910421541
0,022690317965193
-0,010825623481338
0,0396160526084804
0,0637481226882521
0,0954032762196594
0,0272638415261055
-0,010623077761415
0,0568560234558439
-0,0204979696809126
-0,0154169291319688
-0,00252702056855452
-0,0167865288239997
-0,0134095742745221
0,224182777312215
0,0681689622496531
0,10603208442299
-0,0334483025134713
-0,0694517636915696
-0,014435248318468
-0,0715317524901892
0,0174818391952172
0,0440274657797334
-0,0151550009710088
9,61985726603725E-09
0,00103545474791344
-2,59842138643777E-06
-7,07266782083406E-05
0,000200154265891633
-0,000191210068866701
-0,00127376033481817
-0,00672830049755996
-0,0370437129208241
-0,00975126717934746
0,169857039741834
0,121639905202443
-0,159384960583401
0,467983691262557
-0,226394195970586
0,088052362450839
0,145898851362151
0,00990726050606469
0,520939977798209
0,14874232631392
-0,208379055910375
0,120339711419489
0,00719277266609161
-0,101380845974529
-0,134448988717403
-0,0396020323462285
0,01217818130913
-0,0122850637911201
-0,00046536979228278
0,000791052873098825
0,0761295993717393
-0,00599020684916141
-0,089161927472711
0,0692838892031596
0,102181813988573
0,170292098313708
0,184076042145591
-0,172096780254704
0,0637413294285176
-0,073791541305743
0,0474550273468732
-0,0910525082742496
0,0206226357726073
-0,0536389800771612
-0,067390476596166
0,163925006909641
-0,0265567866981584
0,176345801322687
0,00867517932525819
-0,0921242892351267
-0,0905529417337624
0,110547301549689
0,00556644322262966
0,0121758564505118
-0,00202134680171616
-0,00252526937355102
-0,000676914263929728
0,000239647618201185
-0,000904117796810954
0,00949688759518478
-0,0150504698613577
-0,046794162259996
-0,0359703947712552
0,0853516263243353
1,37915923137534E-05
0,000518391506113704
-0,00300335441848501
0,0023450146541247
0,160782680152516
-0,00157982822375668
-0,000146873461859368
-0,000665967094399831
-0,0452558270621122
0,02671847436562
0,0022601542433881
0,1382179782799
-0,0828960661515924
0,0464232432785422
-0,0646956558389146
0,119777353445067
0,0908867745122904
0,260214132941884
-0,378166428418634
-0,32844954562733
-0,466755700913062
-0,14464775919705
-0,0658620412495888
-0,0114127567298582
-0,0795862870597015
0,0145987424702587
0,0393029286349153
0,114409296016895
-0,0090340239922813
0,0350795645155948
-0,0420361990333128
-0,0598924031089529
-0,13960044417913
-0,0116695309603475
0,0984781723652646
0,15956738490599
0,140142339638072
-0,171098273846151
0,0922111070589332
-0,0840962944110818
0,204723404840447
0,0709621450793788
-0,0510741041087534
-0,0295132635189361
0,121593425673975
0,0309883191693714
0,0144804059040186
-0,011175547697783
-0,0134631978078341
0,0521499992424021
0,10490787286233
-0,211653653874111
-0,103874855310876
-0,17238133556763
-0,0361327926603631
0,119681167099009
0,05526442476999
0,0604518948294452
-0,0733946990340134
0,0485226697270219
0,0144088124091821
0,0615440226258779
0,0716210711298501
-0,0504694882151286
0,0122083814124544
7,21109283396154E-05
-0,000435099337352059
-0,000993512593920791
0,00275067664547846
-0,000832989685074986
-0,00773497880549079
-0,00884022684152099
-0,1822176145778
-0,014730476559127
0,01933839400459
-0,125093677096321
0,127144925701176
0,105006546154448
0,370368183066196
-0,0574010422845484
0,0370544233282777
-0,0020190459753219
0,0743794097233031
0,213666321901605
-0,24678589171304
-0,310841095319533
-0,0532727569034673
0,318113250476634
-0,345699701666573
0,18010357732715
-0,147051724861716
-0,106375035050259
-0,102711307409812
0,0845836904619284
-0,108271342190996
0,107096136447425
-0,127819204980232
-0,129652974730407
-0,124514573777007
-0,0857362577289082
-0,00697341226814551
0,0360125048262457
-0,147366329584444
0,0746797608776764
0,0439035577579476
0,0314104616490393
-0,188846891853058
-0,216847132673699
0,0634495630303599
0,0462087885098113
0,0790526680319754
0,0996150377297212
0,0225935837358365
-0,0498722777070166
0,10679130242374
-0,000709937753638401
0,047213575432095
0,173274495550685
0,0179716183555271
-0,0265909231093892
-0,00356454132328252
-0,00573157001080675
0,0449212801228205
-0,0038694182600928
-0,00460996905254706
-0,0121880301564766
-0,00996415742887474
0,00941967715371479
0,000334408564948418
0,000711940257971706
-0,020241979323123
0,143917570337696
0,0454705820563859
0,00163226581134196
0,000320907509258844
-0,00225249732587582
-0,024404877902646
-0,0982953863022494
0,0772467429424826
-0,229559105174029
-0,0704645927943923
-0,0481152653915291
-0,123287459794622
-0,0354248916849654
0,23888652415713
-0,133380928174295
-0,0102286091125725
-0,095519197527043
0,0833134284662117
-0,0342651241329416
-0,283720611995963
-0,0718394796296284
0,0216330777183846
0,0620987012582836
-0,159670657892318
-0,239551747316216
0,382008335653407
-0,27482075944138
-0,104435323541831
0,276285505871414
-0,274562457494102
0,00692214293784846
-0,167950465186397
-0,105683107862246
0,0160105311707529
-0,146572218554229
0,237430648373004
-0,0418434395247679
-0,0462550830773981
0,0524871741280361
-0,0485770395871764
0,0954856057937324
-0,00324859592459441
-0,0701619252638387
0,134583040776991
0,065490841168924
0,00930601558165587
0,0424172599805314
-0,0398047753813067
-0,0268202033590121
-0,147362484197819
0,0854573520611698
-0,0633055178788962
0,0397379977713428
0,044600206663815
0,0705304018761137
-0,0342173645729847
-0,0611423526888571
-0,134454209729563
0,00139719758547232
0,057043342278074
-0,00184810846282271
5,5090612668944E-06
0,00678765920557586
-0,000118023055586614
0,0194512462934807
-0,000616353520775016
-0,00107574415831365
-0,0109029854196247
-0,0185594376996104
-0,0211330630595983
0,000206685801781248
0,0340021324845141
-0,00305346960710778
0,0996332687139228
0,0957067050352965
0,598271085647365
0,0642461603773849
0,268232890514732
0,150356622178021
0,262985848768257
-0,242585045527957
0,0220002389497172
-0,179881359580578
0,0288191081691283
-0,277646870973873
0,352091625457144
-0,0531927299760738
0,171268144332923
0,0360239006277516
0,0453848692371602
-0,0758721259349018
0,0634199138263445
-0,106543553476131
0,0456348773659582
-0,0136601231085227
-0,0296735888767365
-0,0900610372454143
-0,00754064172490305
-0,119920856391994
0,00676811333990166
0,0822960647423895
-0,0472595708324382
-0,0718558316570544
0,123830582665137
-0,00603614508606137
0,172553149683484
-0,0179635635858033
0,0925817203033351
0,0134062914456929
0,00651596943451557
-0,0794374073241897
0,00120779832819507
-0,0107284843935014
-0,0207526253655236
0,0201875113429747
0,00227130029687861
0,0135630958828422
-0,0084419088734375
0,00609312270581425
-0,0237706922701791
0,00968667196193164
-0,0040685329934775
2,27803438692854E-05
-3,84394003752213E-05
-4,50800774572793E-08
2,26428343341688E-06
1,98309250991296E-05
-0,0218272964667374
0,00853104713438441
0,0249861974301964
-0,000542806752744867
-0,00353734488638706
-0,0204443765253335
-0,0423268695531181
-0,0891287930821088
0,237238489746653
-0,323367330976749
-0,15790287533902
-0,239892227890629
-0,111216785428926
0,189617419266187
0,0190017696804013
0,183183847933674
0,117193694322804
-0,08431939995276
0,0502490531258613
-0,0881043801090877
0,142523983594767
-0,167934615720796
-0,019928729330898
0,255401624771527
-0,150312405434042
-0,278046306842442
-0,157496310106717
-0,0321089752318941
0,0130621424876062
-0,12944628368635
0,0676449518573309
-0,134095887038393
0,0956507806095625
0,0864367414232605
0,0891824295069614
0,0925234121911647
-0,0184858140082283
0,00517343834639323
0,0732267627640412
-0,173859556001877
0,0784290227418958
-0,0495577777452365
-0,117902385500177
-0,055155820463908
0,0255763068245129
0,0397675448730552
-0,017733026324141
-0,0196115918678457
0,131740768210278
-0,234182038218591
0,00869326758985189
-0,10941306151947
0,0594498557877932
-0,145968461781439
0,0128996442541798
-0,232015402503245
0,167967511896899
-0,20798251427151
0,092667522554915
0,0713082323554169
-0,0823846451623978
-0,00149536430308831
3,56810158776485E-09
0,000341007660112231
-4,73102811671674E-06
0,000678005085794314
0,000102421475517093
-0,000791446864245584
-0,00319703926527707
-0,012138242926362
-0,0126563226474076
0,00431631866495069
0,0128208401314248
0,0189356935313489
0,0447971526792368
0,114184566122727
0,194568270787468
0,198222382002376
0,233036535296649
0,258145925703557
-0,0677805067685023
-0,201184464006155
0,4240903758441
0,425792950200553
0,029301182116862
0,18401309067557
-0,379200365520094
-0,0949918712180615
-0,237894858623796
0,0472558216508065
0,0255940252135969
0,13737147495102
-0,128057169402044
0,0183518448706242
-0,0548386093345345
0,0381047857140817
0,0506138221825046
0,0253685772316311
0,00860809869580561
0,0920185430626243
0,0190314102657986
-0,0536688576051835
-0,0573559765594084
-0,0173370471552372
0,0886000033163907
0,00349786129893718
0,183149038221763
-0,0153852429548493
-0,00939131471183393
0,130451877165111
0,02045548118214
-0,0329641683740667
-0,0314737274592992
-0,0323777064902129
-0,0190660142133587
-0,103092870846556
-0,00813736340260829
-0,000860182655953183
0,0263147603987242
0,00213136087745214
0,00371901467351656
0,00683412891200832
-0,00264618029901766
0,000100031385621434
-5,62553421484614E-05
3,7755680131353E-08
1,84414550459969E-07
0,0100427827271075
-0,00066548019204
0,00415039130030993
0,0169143446325887
-0,0189492505790876
0,000804656020762694
-0,00483455544381783
0,00104792895943423
-0,388204430215148
-0,0573533506765982
0,0259261657189697
0,0024826563371443
-0,0146217357769089
-0,0168665844708256
-0,00713340523402995
0,106201796465491
-0,124062595614392
0,00791463133586801
-0,0263982740128363
0,0654291287087521
-0,0121107627604331
-0,654793709403094
-0,086209522986038
-0,0735367961486668
0,0322633097862024
-0,00781059910803519
-0,0127363277310901
-0,0436076675970849
-0,0195052865735475
-0,0346933363153334
-0,251621680425227
0,0853538095168242
0,0230661001783646
0,134569029578944
0,0886225972933269
-0,00889430027266896
0,0478185886607773
-0,204425493974689
0,0583161898008441
0,0228484471362816
0,0321332843959696
0,00261936457291886
-0,0497650647963067
0,0131813543793538
-0,00116117440528251
0,0718283343583644
-0,049125049473181
0,0127207440628342
-0,00877553424372312
0,116435780165181
0,19263749170893
0,0130365716105582
-0,169173225532654
0,120895706321403
0,00537127443709334
-0,10226839321125
-0,0508313621575811
0,00460957915119081
0,203050950345119
0,226179994569101
-0,00103019369057029
-0,0975948763567607
-0,0061540436164217
6,5833912751903E-09
0,00122864636806316
-1,69943233882728E-05
-6,25698562328051E-05
0,000253309553692262
-0,00245324352858814
-0,0164729661421211
-0,0470488236927385
-0,0308215155894572
-0,0117243598277902
0,147635240318225
0,0771393022267785
-0,105575162496315
0,164973536180229
-0,0947256024270206
0,0684838923285904
-0,00222564544251189
0,0905324886591319
0,0830929319516459
0,0728243623359614
0,088310059795139
-0,106831804851931
-0,0765867013776778
0,273504206019444
0,257108508035851
-0,0171561634756143
0,00437009641247257
0,0676793746768894
7,82073129163613E-05
0,0296154582087673
-0,116122927852452
-0,081652988216509
-0,0977071276903984
0,0430319738714918
-0,0100598638752629
-0,0647147628761075
-0,0354983050442824
-0,135960426836109
-0,0239626852641126
0,256956142273847
-0,399041581963756
0,25183225749093
-0,117818940712012
-0,170471812669164
-0,0654470386099634
-0,288863452224863
-0,26765612212604
0,0664267475900631
-0,0903170624557519
0,0580806971597251
0,0255983161592729
-0,244141411159105
-0,0353411856953813
-0,260192259926777
0,0658186916993808
-0,110807773682031
0,0291260636199339
-0,0201556783104337
0,0194595197868829
-0,0140787141125395
-0,0295032920966678
-0,0232453055878474
-0,00795109427506818
-0,110756535219214
6,2650451502181E-06
1,15726898384158E-05
-0,000523107400561358
0,000142686483684966
0,00302630916658723
-4,29600111962688E-05
-0,000523008470909886
-0,00192502448254014
-0,0848564967398125
-0,0172137195283708
0,0153590157820959
-0,126733734641723
0,0732220893957518
0,0886491690482269
0,0763586783403298
-0,037876680316623
-0,0315774778900803
-0,0039812040292372
-0,026063891831036
0,0925915358374419
-0,103842815028465
-0,0819412602912389
-0,0230088970429677
0,205479467971852
-0,214420627679597
0,0193549881960617
-0,0323654658623415
0,101162295316849
0,0301885333955612
0,0141143863353518
0,0338117471077797
-0,288209477248947
0,230572065673207
-0,0162148385821449
-0,183494467869893
-0,192615676654477
0,0564093979370009
-0,220970054403811
0,391476079503789
0,00808165531681872
-0,024654887988492
-0,105129874998282
0,252324117341206
0,383713110531925
-0,163693076444291
-0,104059848223349
-0,0246196961336999
-0,0712378379334612
-0,0447493104802272
0,0329073543954343
-0,155559670515654
-0,00301732340050312
-0,151584016683936
-0,092607165047365
0,0932197691999356
-0,000159174329685378
-0,0501938673102666
-0,124618878829373
0,069287652622402
0,056472827566364
0,196549641832034
-0,0751999511072122
0,0896602042501821
0,0307485704265649
1,09520988967692E-09
1,65497264686936E-05
-0,00960766188551503
0,000632184218052498
-0,00080004784781158
-0,206934677982467
-0,0182589377502388
-0,0209695054664761
0,00025154704519627
0,0344524254762987
0,00361553696655722
-0,00709607815984084
-0,00965738014159858
-0,0124883764199932
-0,00939369914046079
0,0218683237485372
0,0166632063928747
0,0233388035614313
-0,00873437859745886
0,0197191039214976
0,0578241916938853
0,0380935596641662
0,00502286314375125
0,0436493196844812
-0,162925551801835
0,247361526135773
0,696307077621101
-0,146835829716932
0,0868374831421865
-0,0417652811981533
-0,2770192444602
-0,0824146775264037
-0,100749558694886
0,282812590377526
-0,257336961900272
0,0205909904045947
0,128071037284446
0,162380317624233
-0,0490555005752738
-0,10942696055197
-0,0426656142729869
-0,0998941604386571
0,0411339406572863
-0,0239917074596636
0,0661264736084882
0,0379799416456894
-0,0961901311998311
-0,00974751216931766
0,0159874386914386
0,03968979099146
0,00529622547055277
-0,0338916172951155
-0,0326291632523644
-0,0416241038204392
0,0259920222192048
-0,0724760836933309
-0,0321664040411935
-0,0240834666634352
-0,0229066515279825
-0,0234638257895332
0,0131683079735727
0,0274420952829214
0,0142266941739137
0,0238214722621987
1,01903888036372E-07
1,82025226050961E-05
-0,000225370633081047
0,00236541638936071
0,000349340267865533
3,09619906380834E-05
-0,000108986185994143
-0,000795073618610493
-0,00837312512745554
-0,0102051289164183
0,0165857636270819
-0,0219755023608243
-0,0375133340968724
-0,059199396844605
-0,00383693940996281
0,0447489886270253
0,201446671894529
-0,0783613366505254
-0,0812518509038645
0,165222561108764
-0,0237303558652105
-0,00709515096132036
0,114846842466628
-0,0136318263322939
0,0118347767586634
-0,148538360694364
0,0220595891142849
0,249399389542212
-0,180991689414932
-0,146952077450761
-0,121518702714744
-0,0668510652582684
-0,0120041970828146
0,187708950391231
0,0227041889014492
-0,00749333499334054
-0,0278283873859091
0,0246912077477128
-0,10273158830649
0,0249110511165996
0,0642030339240525
-0,0874220991010322
-0,01034976021365
-0,103513717228445
-0,0629189763973125
-0,0462587659464527
0,324937598114704
0,175375152599688
0,0639047296472973
0,39328420111255
-0,0867627214438087
0,0398156864413659
-0,356272608500672
0,0111550631402559
0,0277209160412599
0,0771041417420964
-0,0162736641904808
-0,0599347617970088
0,209112320216045
-0,100845408715628
-0,106058757985558
-0,23220901495007
-0,218094144609879
-0,231042160300506
5,83333715468796E-09
6,91890873123176E-06
-1,45173332157944E-05
5,8666617728823E-05
8,00488736854768E-05
-0,000247072282431585
-0,00125979021941414
-0,0058631029482071
-0,0134934417702929
-0,021434992950337
0,167959595273996
0,0411474929662748
-0,0458518202518423
-0,118522471768673
0,151961427188015
0,00508065555496098
-0,0722169163200957
-0,120345441446739
-0,0458388744415062
0,0573218968534125
-0,203341784023426
0,378107980686013
-0,0493953848012784
0,0547738667434922
0,0920591245893598
0,00217300229816645
0,00734467616468427
-0,0491817159124234
0,0466949637175973
-0,0269773916182773
-0,00633970413942624
-0,0167307598250758
0,0141008504194079
-0,0509103974929307
-0,0627742408137734
-0,016377461362494
0,0981721039761589
-0,222577009629049
-0,0312130764859947
-0,0671977025588473
-0,115108905828828
0,123542888825123
-0,0603038988400994
-0,00974166445138971
0,249173221189154
0,0467008864234007
-0,0972847422847943
-0,0979323094315597
0,0461968006312317
0,0368497408585986
-0,00735643246110996
0,0334308823802199
0,11855714314514
0,015217182902328
0,0820540774904117
0,337589221539183
-0,237639735111269
-0,0871899266224171
0,409134582755634
-0,321148564730765
0,0603070541106906
0,136223004441379
-0,107642500895159
0,0765678438193536
5,47202910958385E-06
0,0449585571169195
-7,49601179980556E-05
-0,0010235797474686
0,0061839877417067
-0,000484726444828594
-0,00173537987295765
-0,00886819645729802
-0,112278705645064
0,00544808355398325
0,0981824498519123
0,117674694140708
-0,0907903939668172
0,252927033554537
-0,0936782667445581
0,168149859919377
0,163064637349465
0,245949370848264
-0,248333488575713
-0,00293693015256887
-0,035623306732068
0,0449326560589471
-0,108203207601748
0,236955451739263
0,234475648136817
0,156562393292452
-0,0338197798988548
-0,0854771859397237
-0,0582882802983214
-0,0130680910494517
0,256545135016184
0,119053287914287
0,0251211173323531
0,0685114052530117
-0,0872076652061322
-0,0298229625236546
0,0831497396597858
0,14046644338774
-0,140753042606218
0,0455900992980006
-0,206203378976786
-0,241950888605049
0,117443215435258
0,0905992984909529
-0,125965152298651
-0,022190126202089
0,182076223555316
-0,297462219267447
0,0520841786111054
0,0969669753483672
0,0594407508241221
0,134123515702413
0,0931528872493588
0,304459529111236
-0,00100841741215998
-0,019974505313602
-0,0440179318461807
-0,00218877380652107
0,0118295351933391
-0,0108081621362443
0,00689986037356391
-0,000334388252075415
0,000204363765804322
-1,18191787809591E-07
3,49053997849721E-06
5,66736239719692E-05
-2,27057144291242E-05
0,00032712745436355
0,000129749224509635
-0,000962864164493019
-0,00702713161139549
-0,0132742904561467
-0,0341097778598841
-0,0309075014294133
0,276426226621307
0,08731511241679
0,011398236216108
-0,0511991954583454
0,299279289358889
-0,0737275804213048
-0,0359756246679781
-0,188911088848228
-0,0708243593232836
0,0189850294535283
-0,114668754628368
0,105133071178167
-0,00312455677317394
0,0325014391500606
0,0165757435025522
-0,00185493981842824
0,00456163769657074
-0,15753083587841
-0,0466633302876403
-0,0165729379034779
0,0679323501318952
0,0311609721803664
-0,242818809171313
0,143197702660164
0,21994803163942
0,210271746812585
-0,0538716954448698
0,0878217327440296
0,131128149552782
-0,202615469726596
-0,0283885856964855
0,105269706339064
0,0327170269569399
0,252686787801289
-0,0698986987867261
-0,0307656046820661
-0,114710483346677
-0,122110473657537
-0,0122758627629063
-0,0843272039546523
0,025990147390179
-0,0494270866412608
0,112072636608094
0,0248184633011254
-0,0170240681232351
-0,190873689800522
0,159380646503262
-0,142973806697751
0,00456831554091056
0,133633056012638
-0,0286941908365312
-0,33389235256839
-0,177071322242557
-0,309501286106458
2,7497245976459E-06
0,0881538497991111
1,43170281620865E-05
-0,00243646096665556
0,000275773769280233
-9,65505809271844E-05
-0,00118374671374001
-0,00649075291291576
-0,116610342562193
0,00433490395486377
0,080595940304419
0,087033160680954
-0,080957508461302
0,168913239180305
-0,111222565313779
0,02646340385709
0,0291510325912719
0,0111903216248593
0,0809705872224484
0,0264066024847588
0,069498962847206
-0,00780990157737901
0,0149974411536564
0,276138088688639
0,383646157798878
0,0274376042493703
-0,0400687503192426
-0,104051993375036
-0,0138044826659391
-0,00745269446416766
-0,448664549161347
-0,180133443847841
0,0585302359208454
-0,223117520838594
0,0193849169761846
-0,0537524129127598
-0,25481393949175
0,152584364992765
0,0889306421715539
-0,187509977972443
0,41773260898038
0,0621927997716409
-0,0120931307748159
0,136652435753867
0,181936810503037
0,0809752543805963
0,0478691347722545
-0,0175392153989423
0,0230734707931595
0,000497552674764413
-0,0268002675918535
0,0455907559290541
0,010930350357838
0,0361698581476088
0,00584346982301805
-0,00168694020660373
-0,0092215380155597
-0,00471185239877884
0,00862688614443655
0,00828632956943484
0,0108763451585052
0,00342419366473764
-0,00138033922436097
2,7836794927518E-06
2,85949989621268E-09
2,29330795662635E-06
-5,38412144090575E-05
0,000157808430563296
0,00207738336073629
-0,00332775082390062
-0,000466568364422151
-0,00371425217521106
-0,00275266512940719
-0,0043837229474484
0,0171576085683603
0,00359291737178605
-0,0259503661894727
-0,0374096911317786
-0,00942757161860441
0,0650401863802316
-0,013843930396304
0,0966941173073942
-0,0322891973856013
-0,0318767045276948
-0,109288410760103
-0,101678575075744
-0,0611669685472064
0,0855880135756502
-0,0982941984131889
-0,654478905947756
0,14586558102303
-0,408946912742161
0,0168287996754996
-0,0291322892151572
-0,0685390825344231
0,121497915820651
0,249853630858669
-0,0494344993011892
-0,0167807395697555
0,0687205524059887
0,0551688161167552
-0,000824131668235612
-0,066597251118379
-0,0626990076690794
0,038303780893926
-0,0633348960051102
0,0429568513586812
-0,0686023996627657
0,00526908843021015
-0,28152314350262
-0,0211790995003668
0,0276172045459039
-0,185911008156979
-0,00758147024035817
-0,0430636107246863
0,117616924800301
0,0510582910023685
0,0674618763611303
0,209291642007675
-0,00516256988560808
0,118083378020214
-0,0505179244718702
0,00508841946521193
-0,0630419390377944
-0,0733434393888095
-0,0082865414031221
0,0115391568268035
0,00146522691173671
8,35081188950622E-10
0,00763002810417753
-0,00541313059517616
5,99179016259345E-05
0,0167073695794508
-0,000809675071749543
0,000194178912426363
-0,000335795640154188
0,00176656253149793
-0,0501024143075099
-0,0064032190580338
-0,00975146770525201
0,00874282985516482
0,000305182638691884
-0,00479339911713559
-0,00928678516807754
0,0125629134409635
-0,049699501509564
0,0146847952378447
-0,0118851185083836
0,0510098690842906
0,0242695556247874
-0,362324953325112
-0,0974851479048462
-0,00922424626311907
-0,0194401346303099
0,0558574598964355
0,0125014857891825
-0,415861676965119
0,220684256710302
-0,0458755562713871
-0,0156239683590922
0,00658132308963868
0,00225533047346942
-0,0382919861326018
-0,039851893816343
0,0517545750924324
-0,079869711872966
-0,155221242098897
0,115008795851088
0,0987769798716528
0,0236357064516494
0,112516312346479
0,293388121041544
0,00657273555600708
0,0537156726473618
-0,195555725391352
0,0995552516778424
-0,015643123812122
0,03358884425188
-0,189019864128501
-0,296129173948601
-0,0232292396732622
0,284474194484782
-0,158985473806957
-0,00493896098884337
0,132764078579677
0,0648507049289276
-0,00191844567544153
-0,253136434287028
-0,284357016076029
0,00955319498511632
0,118395258405748
0,00721568594005202
0,000334578618174127
0,000622331457156472
-0,0145534782508743
0,141420447252643
-0,00217905839801024
0,00212878261546604
-0,000127135952999188
-0,00294616843271461
-0,0127750933296698
-0,0378867973477861
0,0676698018457503
-0,108807315248345
-0,153624458476925
-0,19127166600876
-0,0988818075475459
0,0422097112357376
0,368216172801773
-0,123805794832762
-0,00193225192358906
0,000168099227478468
-0,016937267570492
-0,0970555543664861
0,247073314744243
0,0480286711463565
-0,0338580031961306
0,0781996344225641
-0,0963624753994679
-0,123029930223157
-0,198240067178904
0,120157102529859
-0,0187518281026974
-0,0788124833671087
0,198612177914065
0,233698715841272
0,0115699057713716
0,00349364947451606
0,0031897465437562
-0,126064877338886
-0,0184513621478506
0,0605749516603095
-0,0616754272023623
0,117836771338381
-0,0598527735863418
0,0157738560927697
0,229494390755309
0,0317703423857553
-0,291124096791121
-0,232591661487235
-0,0190931774513393
-0,145564550670383
0,0767275936383858
0,29393670510569
-0,245827700098974
0,08330844314571
-0,0360004138641585
0,0792978053810438
0,0242952907274953
0,152630529838099
-0,0937715801247301
0,136134852536535
-0,0750539151136339
-0,0128534407526575
0,00823833409549462
-0,00284694698520741
3,47484272508459E-06
4,06393221920527E-05
-3,55991260102289E-05
0,000306737842727203
4,58915898786908E-05
-0,00842923973291707
-0,0632056121809079
-0,152609595803231
-0,00585987176976256
0,0078319629353699
0,00483236475045551
-0,00957011331606225
0,0252286557155996
0,0127466002203598
0,154265958631188
-0,0196185711655613
0,034255061792973
-0,00300802180184245
0,0587038778551565
-0,000902246715092525
-0,103342252966855
-0,0670105362690726
-0,0437275046928851
0,00726545447047678
0,0307379460121575
0,0863723518417072
-0,0730040423895672
0,00938258724858437
-0,00823848479522252
0,012965652006626
-0,131422684278739
0,305478686824095
0,160064483627848
0,155112276648167
0,209506289208682
0,165432749931825
-0,126409487165414
0,189972374032159
0,0361558568927958
-0,102786207563037
-0,0245218941398487
-0,0826372433542773
0,0838843839970676
0,126690691026154
-0,235428281659902
-0,0129137003593507
-0,118679772172951
0,0204206710089674
-0,0341385436274249
0,050208379033061
-0,028950263275086
-0,102171576408909
-0,0977996475124242
-0,159046302221599
0,242611155567431
-0,00194437937171456
-0,352332074290949
0,495295797329995
0,11578234268767
-0,061051114071881
-0,042895770632096
0,0961509809151308
0,0484932294192581
0,0826531945468705
7,24819959733648E-08
1,9186932243982E-05
-0,000370588379799868
0,00192912970096802
0,000773256783797714
-0,00527100409481872
-0,0111197883748008
-0,0289194098963233
-0,00259371084403295
-0,00745522177150796
0,0185171202987626
-0,0367407348122216
-0,0282255997779159
-0,0560989385374622
-0,0334417235986921
0,0517542667072718
0,11604516109064
-0,044210969333288
0,00232946580918465
-0,00219874997685991
0,0318447240122637
-0,0248811129359583
0,0957870951636906
0,0356482213023812
-0,0679371252178289
0,139341222744481
0,262747673130162
-0,0786759497609537
-0,0539121623488531
0,127983642635851
0,053115192195638
-0,0493208375400463
0,134412047075947
-0,461728372858833
0,130867890887317
0,25813889385889
0,0754717277957609
0,0289373306259561
0,0505048348625685
-0,0409439933568568
-0,3341845916532
0,312682955956017
-0,102242896239831
0,223588551403803
0,0145505502938729
-0,0784740200079209
0,333182198892492
0,190023309203196
0,0773369277567329
0,101277116078214
-0,143725152674598
0,054288042276572
0,0422213316352766
0,0383252790190071
-0,00464755426415648
0,0973127474050168
-0,0569786016062849
0,105667214199091
-0,100942394025123
0,0855506297540308
-0,0659888484453165
-0,00881218844481223
0,0095367676392721
-0,00290930766208799
1,12901274616141E-09
2,89569396002507E-05
-9,75846719236995E-07
0,00020245575566857
-7,32469441819386E-06
-0,000192212080016629
-0,00152027096617775
-0,00519865748743341
-0,000921797751728767
0,00081716166100415
0,00117879710438036
0,000579719831113691
0,0115258957566622
0,0166207696771636
0,0682335658092636
0,0187381827904857
0,0465404337137468
0,037695360132969
0,0259284253969602
-0,0536288657209942
0,0475205947094024
0,0259656495609523
0,011949726501642
-0,0368769702159103
0,0201174271733721
-0,0352553171079934
-0,0243291352712857
0,0216857745400438
0,0215540256220197
0,0117297461864851
-0,0184575324454421
-0,065446855803926
0,0336789598118066
0,0113388246157714
-0,113781867751205
-0,0104961513609246
0,172561232684335
0,0489730204231262
0,00448819870916736
-0,0351101040085726
0,0715774923221441
0,199093518601149
-0,220216699004463
0,0182851702371349
-0,206212783334843
0,0296018117954498
-0,0393976793521812
-0,0731603734976019
0,024648106146241
0,0881191290945987
-0,0345069037710642
0,0790883891977076
0,0105222097444067
0,0676334645934707
-0,000268522262129918
-0,0515259607261382
0,34094909087589
0,374526469450005
-0,117893187826604
-0,40774615846042
0,535668118734826
-0,0968029033173401
-0,165104571243378
-0,000373384619733155
0,000327050593171888
0,000604973271378623
-0,00113215272065544
0,130594682549609
-0,00356092910133282
0,00163874563325212
-0,000230103241933025
0,000980530326754054
0,00122561315333034
-0,010603755304042
-0,00617257698939063
0,00363316230952073
-0,0231693457101665
0,00331619928967525
-0,0045180066624114
-0,049055402359497
-0,00460090386038084
0,0168788797749834
-0,00853968853871206
0,010461898751204
0,00254353074453773
0,012418979776015
-0,0754859364988568
0,00649392648708532
-0,0261282671798902
0,00342167626460412
-0,00938495768123601
0,00420432148820859
-0,014039122646854
0,000948373147671124
0,00316640119394265
-0,09288118147337
0,069527011657936
0,0383136957613567
0,0473215623458528
0,050143122192079
-0,0521331572405991
0,0920639208515319
0,0645377377000895
-0,120475535851315
-0,0950430484249611
0,0221701581791248
-0,111937521599196
-0,337096553880744
0,00811965258015641
0,0842628448293424
0,231877679193987
-0,370854271850741
-0,0932544126083605
-0,342534580123009
-0,580470264429558
-0,299028442817071
-0,164263230098711
0,0650658696512846
0,0522740762737211
-0,00763386182324602
0,0152046859275169
-0,0159591078746471
0,041792305074519
-0,00076752484612153
0,00697266947113507
-0,000249738839407062
0,000143970928547872
-1,17873638817199E-07
8,99076811475102E-07
0,00273922824447663
-0,000199121456360492
0,0200376758745675
-0,000639549255401699
-0,0114660261487668
-0,0150187266938424
-0,0409864188542901
-0,0345427507716544
0,016270400687451
-0,00234224411249873
0,0269277109467038
0,134629356877258
0,0481088271324194
0,04106355671444
0,301956904264941
0,0596318909390645
-0,00435718935157873
-0,0739589328006135
0,0162372207942987
0,159026173622087
0,123483060855045
0,0131516157911574
0,0247519377208218
-0,133886433099358
0,114369255129845
0,29591220714749
-0,114809377325384
-0,00358808531868476
-0,0915790817536611
0,130497915003539
0,0693786564134459
0,0143695392121659
-0,120177494353863
0,176013759476133
-0,04190649082872
-0,396696492651211
-0,405648055064657
0,0203289027311103
0,15815401913367
0,270646101838465
0,0709601766392406
-0,115125780836285
-0,105999261833782
-0,308763039884158
0,0526440576573123
-0,0323755689913828
-0,155175010726592
-0,102861143100901
0,0328225882088952
0,0353509223899183
0,0418302563156583
-0,0174423347246098
0,0240568321456839
-0,0226463281591852
-0,0169877287033255
0,0467986557368671
0,0519707302296306
0,155619343296166
0,0234124202904269
-0,0494913116181562
0,0110839470538116
0,0100923769490319
-0,0050289689134558
3,73741989085531E-08
5,15743470628825E-05
-0,000168548760096564
0,000785901996764476
0,0011450350020902
-0,00048569943301232
-0,000589717664430885
-0,000109489113427367
-0,00864456409890708
-0,0297649586849174
0,005282162125296
-0,0363111511034862
0,0169297116444931
0,028695461149085
0,00253158000226398
-0,00919253123587343
0,000995738583277674
-0,0119373821853193
-0,0205058128420279
0,00646493852381566
-0,00857624017408716
-0,00183065765554636
-0,160030314942442
0,0295984068443794
-0,0467182560897517
0,00229230532655305
0,0146290062484598
0,0523791355860243
0,0123592742754563
-0,0361209860067147
0,11488253519429
-0,305397475798384
0,296409035779326
0,127203935753085
0,0734745263435838
-0,0244247637809795
-0,150970387773736
0,0717760582968265
0,408553247570092
-0,277041393371865
-0,161948227841728
-0,0499892641214649
-0,0880666972693143
-0,293571153599617
0,018231436636233
0,0287495871501425
0,00802598756755944
0,0994369897252663
0,0695720746346688
0,0632154335324841
0,310448539346311
-0,0190377068943271
0,182633092070351
0,126094638034658
-0,147567042378635
-0,0442662317083449
0,062565363766321
0,136548098908091
-0,00659108648279138
-0,224051927215181
-0,281070072324197
-0,0460508751105128
0,0851066804589449
-0,0330985488423716
5,58991548928235E-07
6,48013034238197E-05
-0,000252286517096865
0,0131799730108752
0,000383602430453213
-0,187595665395519
0,0241464897286948
0,00360838839639405
-0,00170651562227285
0,0316922458792036
0,0074084581325782
0,0118595090480866
0,0848797158193393
0,00228200283509663
-0,019041539189302
0,159304424018369
-0,0331066838504386
-0,0640648818044425
-0,0114235782719015
-0,0265082063397408
-0,043068084347366
-0,0414311968236292
-0,0145046130566609
0,00487316637417669
-0,0056205578540621
-0,0890963147460225
-0,00505487710287249
-0,0586234735347528
0,00261793327566897
-0,00169004336626202
-0,027370304942239
0,0280350860003395
0,0438011681212682
-0,00846104306007235
0,124015066828979
-0,0869115618422721
0,127155951577396
-0,0127207252783066
-0,00132616653965932
-0,052201792648639
0,0894166805750365
-0,00501667895827227
-0,00410774000037709
-0,0810055441196177
0,0109208135076685
-0,379295302056451
-0,0723946681800114
0,0111279851948865
0,26151293341742
-0,056117028148756
-0,118163104974184
-0,0167752188962363
-0,0214664520686832
0,0758580977486413
-0,614601370565337
-0,174277908187347
-0,369215969375682
0,0725256927389523
0,0676189226056678
0,0709803316666816
0,172148160399715
-0,0528370614869837
-0,110877075833559
0,0558882157291997
8,55782525910499E-10
3,30902089037242E-07
-3,47472124786606E-06
2,04601245488865E-05
4,60892431512468E-05
-0,000102051370093686
-0,000197010412535043
-0,000909374793762455
-0,00221933694133062
-0,00442162744164624
0,0296748244284406
0,00412266930272933
-0,0157035319015259
-0,0372177877333623
0,0430146043684603
0,0137124803576898
-0,0114595518127285
-0,0221258757154498
-0,0124019426249264
0,0169568295246357
-0,0975987167437969
0,110833600185562
-0,0250745117129923
0,0510072619158072
0,0183047296318802
-0,202620936170454
0,0507876761175293
-0,207082023676122
0,00253548348749039
-0,0159930861375791
-0,00488568723556213
-0,019496595492027
0,0118608488813689
0,00183572663341868
0,00692214048074884
0,115404976889161
0,0328550510843478
0,294460347452535
0,372698339369189
0,682872258179503
0,0253285255868939
-0,0246840850040484
-0,0352461966385071
-0,02804194847927
0,0350960028077042
0,338157411377178
0,00786913975712576
-0,022677874324879
0,146260705603776
0,0734291620856871
0,00707570940896438
-0,0680595213435487
-0,0431482706326693
-0,0395754940482993
-0,114745534476842
0,00682528702866174
-0,0652247806069787
0,0274455574310091
-0,00373651157152428
0,0340120523638504
0,0374831849972297
0,00692703098593677
-0,00963398302145941
-0,00117949454234144
2,64181833398071E-09
7,38572183507799E-06
-0,000448052608050134
0,00026133169531703
0,00097019579100308
-0,00617201046270073
-0,0218786553595859
-0,06471071416922
-0,0108514434750007
-0,0314362990920123
0,150776573236576
-0,0501331080608033
-0,133670598302364
-0,197196142678297
0,000933303413603226
0,158537661450308
-0,152399363115525
0,256445399854939
0,149936478946938
0,0763923727347343
0,0643794399861499
-0,126541808975519
-0,115179505337249
0,0455476230730218
-0,0263296975467617
0,0772150025879546
0,0830112733425693
0,295991769320451
0,0909927187321486
0,0538516335076622
-0,0817128140770883
0,146213764827655
0,0368664473775628
0,19094963759158
0,0409490764802573
0,06151982306462
-0,00382358879515878
0,13552075759424
0,135641334945394
0,140618064769054
0,135799638035922
0,0767136398798752
0,010546843461355
0,0623251296008076
-0,0818313497922041
-0,202532195226089
0,0739472557853991
0,0345057973285323
-0,086061615564884
-0,261836593881547
0,0024278888664932
0,129036765131419
0,150537385951661
0,118322290523228
-0,118733512593018
0,488761491156251
0,110277200301895
-0,0394574611455236
0,0509205925309243
0,0356258076028986
-0,014460638883113
-0,0747804289538893
-0,038431633530571
-0,064780642253992
1,73050642808022E-09
1,65896856825751E-05
-4,62921619949719E-06
0,000171028963146182
2,83322108891655E-05
-0,000187779723056231
-0,000361033677374233
-0,0015891679010052
-0,0113953863018951
-0,00039996586721594
0,00196924265546233
-0,00324807004888591
0,0109505754303916
0,0164471725082086
0,0268125084158158
0,0596944094310191
0,0753997085047404
0,0517753515085065
-0,112288638742256
0,186110719442139
0,0611126907500079
0,0439341478484823
0,0307879246590103
-0,138183154977213
-0,0641576880489709
-0,0831148504902216
-0,00435913877672319
0,140033920995609
-0,161139525300682
-0,340916177374998
-0,226186073870822
-0,00755924029936671
-0,0552667775592786
-0,114461568221761
0,0919698667848571
0,0879976289173179
-0,0302608995056384
-0,0752897811593439
0,0954424780540176
0,0102711629150416
-0,0959912654624538
-0,0764378755196744
-0,103005850570366
0,0154241705271047
-0,0404349339699714
-0,0172997895349289
-0,160049819683753
-0,0520280803096546
-0,0577148597016036
-0,0685759272309177
0,110141944270393
-0,131261498143848
0,0298108877490173
0,302769464720708
0,149167176813955
0,107209249227627
-0,339969947493107
-0,175505787466823
-0,491789579673999
-0,103418256492361
0,144677243333688
-0,0309259750439268
-0,0277389283960287
0,0138935244746497
2,27590894423677E-06
4,64171630731378E-06
-0,000410761783927218
0,000280224232166884
0,0010415928723356
-0,00074671793146502
-0,00326665848381169
-0,0150370119437076
-0,0226957394420399
-0,040926392892762
0,215598594007553
-0,0259993410880889
-0,146108775312792
-0,256170636438251
0,133791779598997
0,136662982257569
-0,139090946582058
0,0499938878217463
0,0672187029833917
0,0677836539320507
-0,247853427589664
0,386194636780423
-0,078435128277277
-0,016487407328471
0,056744768173653
0,0829580263313034
-0,0311758055681123
0,0188330452242687
0,0458121198359534
-0,0204979022630902
-0,0128916747169857
-0,0901246413668821
0,0344509270703994
-0,256605927090576
-0,150948513103094
-0,182544046942471
-0,0118900227140415
0,0273337147225996
-0,113487452367964
-0,0249674419216405
0,00160693244443832
-0,241058753643214
0,011658149039523
-0,173768540620542
-0,0760344825062074
-0,0544433538004303
-0,109760846952071
0,0791617119948132
-0,0631488153955751
0,120761608919914
-0,117750808572827
0,0356124588634458
-0,0991950812288864
-0,0264829943960447
-0,0236465245617624
0,0174948323306019
0,0934865887345956
0,264725486457507
-0,27338196619091
0,267382568730654
-0,0788437557871916
-0,118461611700813
0,0936216672906037
-0,0667604461097247
6,24005069107481E-09
0,0655851737478788
2,54422530802166E-05
-0,00177374699062698
-8,66899292402075E-06
6,21086349194893E-05
5,54095148013717E-06
-0,000122404354072233
-0,0113769429988997
0,00320339666909812
0,000103277416319519
-0,00959668506453209
0,00922753603737518
0,0220336223416687
0,0104131629755128
0,0228709316995072
0,0274928906610377
0,0529757309756528
-0,123329764731059
0,225869271514134
0,000729204041033496
-0,00730880018802158
0,0267226049363221
-0,243878373179399
0,0509405980944595
-0,0166282187163523
-0,0502990534487455
-0,106013093238508
0,276891809039016
0,436282376153983
-0,126253889879414
-0,0798519880675805
-0,0458651101176823
0,0340595285182678
0,049354140870744
6,84969555600017E-06
-0,0251584410602524
-0,0317221701112598
0,0605546810142355
-0,0423550077671486
-0,0198984926162993
0,23610378826993
0,393688274430381
-0,221868698881321
-0,117136784844986
0,0447715215263066
-0,0517460438536282
0,0497980647245701
-0,00586201962731561
0,162877218954028
0,0716801252036672
-0,118137439472691
-0,0790488416985208
0,358005038832005
0,0830486241867755
0,0456324301523558
-0,00333192567449584
-0,0122491854160326
0,0313456666127483
0,176116478999111
0,11960736938458
0,119990309419985
-0,119045973246448
-0,0113941905075609
1,40163213887062E-09
2,81011759488857E-07
-8,23060049062062E-06
1,15522020156532E-05
3,89574596202396E-05
-0,000379324448029021
-0,00226538924496079
-0,00858619966527063
-0,0026561267710481
-0,00630463102060918
0,0397402625569053
-0,00394185641682327
-0,0337730437169887
-0,0678969364285676
0,0518592016817307
0,0388513979169194
-0,0491874592074527
0,0353053156366555
0,0424981007122553
0,037958068157023
-0,0988317064055853
0,133131487046868
-0,0900147227405516
0,0296764778690409
0,0539698286518458
0,102113762045831
0,000502529484266654
0,184963372854195
0,122672389457616
0,0177279315748534
-0,229993822844127
0,406804719167489
0,52236638533219
0,0954534147922907
0,0190659534831314
0,0858623278500168
0,078536996456607
-0,219238668872714
-0,0350432812964728
0,0336671403361482
-0,0196821501894925
0,103026496797237
-0,0289711920203808
0,0161442841544273
0,0897928261284415
0,155036452415218
0,13544863515844
-0,0261940788931971
0,0775796150605377
0,0380283784955952
0,0761148673606781
-0,0576562212870701
-0,0390826204079179
0,00940488698861722
-0,0565529404762116
-0,376173445402775
0,130790386101413
-0,248917572049711
-0,1040333137351
0,0114802217292951
0,0342631383522367
-0,000410692993033759
0,00030262975792766
-3,53118215949818E-08
0,0194480790723752
0,000546419271370198
-0,00353336683794821
-0,001011539196737
0,00837820785613963
-0,000213333651044356
-0,000591863085718361
-0,00592538611909293
-0,268908637889487
0,00683078849538814
0,0305307537884988
0,104260191579576
-0,0969839378767885
-0,023356752433346
-0,100025943213323
0,0296171318724712
0,0444479815989992
0,0305757935599008
-0,170163359514501
-0,324574507509698
-0,193589918279489
-0,0322396422103454
0,0175352143796839
-0,238476120368784
-0,0929706574938053
0,0362692504847888
-0,00372548623049496
0,119423162510021
0,00855669108031452
0,0114805573101228
-0,148729449222657
0,00374025741849305
0,00539435982204308
-0,0411045357525155
-0,0875706727247977
-0,194641850072735
-0,277938089409324
0,133224579161247
0,0213010763012359
0,097621592632431
-0,179912768352293
0,0863606443621155
-0,0122787401117789
-0,00205311984897285
-0,122581674287725
0,0779235705825827
-0,143952069146902
0,240371558377806
0,00646631269883431
-0,165380581870663
-0,222671576268704
0,290760278392195
0,119869953086339
0,0900246761887867
0,0894733297423006
-0,208595376009686
-0,06931224818367
-0,117995742625676
0,133757419932561
-0,0831558063108462
-0,0350559820515322
-0,118842258409485
-0,138775204804219
0,0976563754161435
1,6859015395331E-06
1,74752730118565E-05
-0,00982035291678225
0,00520437092007288
0,00063934074721968
0,000140614466527659
-6,703673875419E-05
-0,00235512252826787
-0,00859250032886426
-0,0220339902192104
0,0399382011231409
-0,0569866623691407
-0,0726549697475476
-0,106366502589611
-0,0488361032635382
0,0500075802846928
0,194801158979106
-0,0676915639451961
-0,0011065000292957
-0,00268394831865857
-0,0211006652325306
-0,0642945342053505
0,105736857814441
0,0220286884062355
-0,015612266606351
-0,0626874498642186
-0,0722761016022037
-0,104945846034438
-0,0746047626499183
-0,0102089456383231
-0,0487114546886298
-0,0188471407137981
0,0597997979408494
0,308209016000135
-0,0649649057928986
-0,129007320834704
-0,107428352774811
-0,167319667371631
-0,0762430030115686
-0,00756590077595063
0,0215335726194931
0,0108780686014025
-0,0092830475179108
0,00706610314398635
-0,0204076947155698
0,128021082879851
0,13934782228633
0,0755597018468225
0,0354621678975199
0,211125221026017
-0,228431268115652
-0,224596790449071
0,652563635747544
-0,0945708362917897
-0,0122227674581025
0,103735973843763
-0,0715555487555765
0,0654746521189952
-0,104008271110382
0,186172223666049
0,143426403682152
-0,0365879581481364
0,0793321427124846
-0,0258967018015397
2,89432535206012E-09
5,46747443430799E-05
-2,65103984073E-05
0,000483281729369146
-2,2646956338181E-05
-0,00831028661727696
-0,0598811978884138
-0,15410650020551
0,00475623322877163
0,0135676170236084
-0,0198524328669837
-0,000198659750686644
0,0345220357854299
0,041557718018113
0,118743789579572
0,0193418463872255
0,0928831591248479
0,0373506964413006
0,0370769243545968
-0,109608270691463
0,0643039633888712
0,0653857828871552
0,0272783715451703
-0,0905282940864019
0,0509044220670139
-0,0692584868793419
-0,11876993701667
0,0257774164016263
0,0287312130281721
0,0189864480834022
-0,0340754810880681
-0,127877630277478
0,0958145969607571
0,0143596700360642
-0,280264472945751
0,0464288696906777
0,33220699534077
0,133567960289875
-0,0142790198756375
-0,0936055867405123
0,175586091422796
0,247509070438955
-0,357567213421139
0,0158300264091252
-0,418208023919734
0,0423204631034814
-0,0961984454606517
-0,120154671772417
-0,0210123610590426
0,0977354460991562
0,0282246864276183
0,0138700409618595
0,031923531344071
0,029469417610656
0,00397818349082041
0,0116141155162423
-0,179931113785051
-0,203848631840288
0,0833257169467714
0,202004539610673
-0,28226317861849
0,0523963483421386
0,0896150293095303
0,000202505133221726
4,98446854351393E-07
0,00131641928108939
-0,000943617486694131
0,011259276316017
0,0158870582691329
-0,000350039331756621
-0,000506917353031739
-0,00250090895638765
-0,00426968219278152
-0,0510702944301997
0,0326768399203677
-0,0636639416762481
-0,0905337565907011
-0,149603121657894
-0,0434981135310161
0,0492191014977482
0,463896678076059
-0,293568754638935
-0,00984723442367419
0,0460024232005238
0,00637746747251723
-0,08403682474508
-0,0187140405304738
0,193572185499114
0,0259142105176779
-0,153585956150719
0,18003885102811
0,377111469587698
0,205977562745778
0,171088580469022
0,148873829634363
0,132506527788582
-0,0348506479369439
-0,301042874176386
9,3852449884262E-05
0,0111543954674218
0,0611663977857443
0,158183857243096
0,0126202922450622
-0,0558542914728552
0,102030054745024
-0,184162512128827
0,0654985305117546
-0,0807537203807545
-0,0485593862608763
0,0632222061104762
-0,211025337329163
-0,0547213231872334
-0,0168495549811646
-0,059030010098156
0,0225364566043269
-0,13832603458506
0,13213689960812
-0,0339968435565655
0,0140965823944102
-0,0630200156122835
0,0202762493567441
-0,0854669221507227
0,0598543250944575
-0,0732122299738782
0,0465917789382932
0,00801593965450859
-0,00515624385657787
0,00178608043369971
2,79269552432084E-10
2,44831937774976E-08
-5,64761914785307E-08
-3,97825482491864E-08
5,87811779178589E-07
-2,66897453018929E-07
-1,54905955043427E-06
-1,57863687536003E-05
-0,0002223571940407
-7,7706956453578E-05
0,00111447651506434
0,000794575288203801
-0,00124107946224035
0,00324309639676586
-0,00170979105006857
0,000392429409012457
0,00102301259154083
-0,00108480856790983
0,00541306624178683
1,75335992909633E-05
-0,00416138812419114
0,0022417312429066
0,00160521201181618
-0,0107900497736223
-0,0115428811609908
-0,00149480684786546
0,000802698225299761
0,00389696838371643
0,00174623927136418
-0,00025394272634468
0,00417583161550876
0,00449397448952371
0,00539206684259002
-0,0042662344997879
-0,0102225949935817
-0,0176581982140916
-0,0283430042333665
0,0322726121796727
-0,00660680209492817
0,00672387551776116
0,00327088133394148
0,0346452811375667
-0,00729339961162547
0,0301975159232631
0,0492845537581417
-0,0705934479441827
0,0238333100520527
-0,144258106250453
-0,00073425403743473
0,108714110286476
0,121991427460423
-0,211799425740381
-0,00372509472946508
-0,0524356934787849
0,0380489758694756
0,0829345912067995
0,109805141067684
0,00856183483218151
-0,0168173702586324
0,106418437629991
-0,142993619158481
-0,413279761127157
-0,317624999144721
0,753480724591363
8,44735544813439E-10
3,93604705591366E-05
-0,00844539084442411
0,000254295097717416
0,0250687194104962
0,000114515522021417
0,000211322255847944
-0,000136376753203259
-0,000216918436817547
-0,00517839697491819
0,00437006070393021
-0,0228439928124871
0,0119171499322593
0,0147357884929072
-0,00441773117835047
-0,0083825389412185
-0,0142386162624346
-0,0161285362935081
0,0082333677565877
0,00213558722451906
0,0379608960388949
0,0377122687137572
-0,0772334418654738
-0,0651093702414074
0,0602043792164284
-0,043032169362603
0,064791978232234
0,013002133076265
-0,352497960042271
0,270511908320164
-0,0421052098302136
0,20686976163772
-0,085872837094422
-0,0301553856896928
-0,178202020439492
-0,140102810606522
-0,00492936119365274
-0,0926412695426451
0,338324538653126
-0,105100103362814
-0,0259645315721284
-0,170406451264479
-0,138079453291582
-0,0196874055057032
-0,027335107780073
-0,0637287998208562
0,104025075669625
-0,0544112205323359
-0,0104677169167666
-0,0138315005505956
0,0334699620970918
0,0607074497319313
0,0451365412879929
-0,152362310388352
0,0352174805658707
-0,018776457362034
0,0180201730796377
0,0233741688323544
-0,110400091880792
0,119538254157684
-0,0506046622823497
0,363967793807535
-0,52313289301474
-0,0574101480088249
3,48096037939594E-06
4,92251173132572E-05
-0,000454541346233646
0,000398529609871322
-3,64390560180877E-05
-0,0143659559337758
-0,135582810243841
0,06732036742692
-0,0128621490068147
-0,00869520938906142
0,0202157053394276
-0,00531645779313922
0,0242622537155671
0,0179226645471572
0,146874312541762
-0,00685624184034807
0,0390997932109905
-0,0016787121664937
0,0496189361371026
-0,00358522717040252
-0,0650670565423223
-0,0864264502003826
-0,0438113317198368
0,0127143853848019
0,0129565210631128
0,0420526170940198
-0,0418459064633873
-0,0518103351697686
-0,0426944394815595
0,00214747624107021
-0,0166106320734968
0,0858274560683735
-0,0374482959251803
0,0409735963618327
0,179434914251513
0,0898734444048686
-0,192842655482323
0,146182544668753
0,0314194704229739
-0,137301069094229
-0,129775864341991
-0,0380917764877165
-0,0219167584235699
-0,0595310862138228
-0,103805230510277
0,00793744016822234
-0,199647311472454
-0,0572307608195451
0,00793720768603775
0,394079027229408
-0,243663731665123
0,190242470165997
-0,0949440555942375
-0,133895041747221
-0,256387683475889
0,205359863593976
0,20690768787472
-0,355178579518516
-0,149208882724773
-0,0823125186455798
0,083537503374538
0,254568379991716
0,142229410972651
0,214961732611246
9,86923192904258E-08
4,54566131633992E-05
-0,0195209791021235
0,00275482521772677
0,0550440216974459
0,000313307926963776
0,000299116258315233
-0,00223720785717983
-0,0255099729925254
-0,0434222481679192
0,0727718639915816
-0,242086131552355
0,0550566292389129
0,0930466419806107
-0,0553474786326125
-0,021634443605622
-0,0479971193263058
-0,0187849663169721
-0,0202743911488589
-0,077911468377147
0,0501892161662548
0,0947883610025829
-0,031442460300958
-0,0987453865181734
0,138955458256405
-0,0701457058322229
0,109373070479165
0,0240835177875725
-0,371295933878185
0,190048247450412
-0,0195865899368665
0,275030566051457
-0,11527538604995
-0,0425292659881468
-0,0986794027910515
-0,0397619671945725
0,0090049260511306
0,0144151711257968
0,177713051150662
-0,112213282514705
-0,0156301473476691
0,108266648574736
0,0515733096335387
-0,225094015368145
0,0161836581939871
0,0117769037053879
0,0623261038337337
-0,0282634700011164
0,0154425971245251
0,0031798319512444
0,11196434529488
0,100066297676076
-0,0418115513634029
-0,0645216965257612
0,0617253336542312
0,0399585667009788
-0,0934908527815286
-0,0544566692379145
0,0994067270855808
0,0496888630978184
0,233489902105658
-0,360189085503671
0,459430146156447
0,0447614072141527
8,8930230102106E-07
0,000100124589512268
-0,000123770972989155
0,0207816279822378
-0,00080150288196784
-0,0374552513648866
0,00424572982209573
-0,00262495052509478
-0,00214654366709616
0,024297277214687
0,0110771264541543
0,0253340990482765
0,191148497595671
0,00518498149531026
-0,0319211266402682
0,34785435455664
-0,0843456390538351
-0,190831131042695
0,0169002089296806
-0,0305294830218438
-0,0199069452055248
-0,0719281835396058
-0,00897504967829475
-0,0264930371932957
0,0453070974317762
-0,0152265385056675
-0,160901364957752
0,0545844666303509
0,008656604216514
0,0290759571858848
0,0235008453941778
-0,0538230135740322
-0,00066391423033285
0,0186795166630314
-0,541649207741241
0,586844873666421
-0,272496792525672
-0,041751541489978
-0,0298313295374709
-0,00889431016067047
-0,0533859930578513
-0,0681487988535047
0,0723116205134665
-0,00835887201679613
0,0693023863831599
-0,027368606245115
0,001232693859025
0,0303093127314184
-0,0762766886438893
-0,0208797383263438
0,000407072097363286
-0,019205653939462
-0,0145198492025688
-0,00305821199838529
-0,0789383152466272
-0,00844653756306067
-0,0119102637122423
0,0230924720015199
-0,00228466901205679
-0,0178103826910043
0,0490591734012154
-0,0129604670730834
-0,022361626301489
-5,04433949315289E-05
1,30694345009129E-08
0,000355847217024072
-1,05767906318635E-05
0,000164461137597006
0,000239900022705258
-0,000571098796840982
-0,0026685162386085
-0,00846941417177512
-0,0650293532816587
0,00230158309190321
0,000331680960031435
0,016026519529609
-0,00326257774122405
0,0341818399685242
-0,00748924823075744
0,0685374244869537
0,0416405578300294
0,0858863959042317
-0,107584519783882
0,14102956637795
0,0497604034056593
0,022299216867244
-0,0738209792375328
0,00143555869943022
0,104854944294055
0,0749418561271126
0,0560692854184485
-0,0909500896998012
-0,0145157549502665
-0,0911256827821527
0,468980955709668
0,11559638817351
0,173245700136838
0,129195845906179
-0,0777072779872388
-0,0753609730423455
-0,0840978511036923
0,162368791473458
0,0619379788543373
-0,116230963160316
0,156730334082564
0,102046480446903
-0,25169202840015
0,0599126479994278
0,216769030555884
-0,00375944866049016
-0,184846348648664
0,431467066950525
-0,0233158777798199
-0,0183969182460384
-0,096116215840691
-0,18348904770945
-0,183514777690285
0,0859276887423118
0,138877557395348
0,0353535098852897
-0,0194920902378661
-0,0978022120321599
0,0209056182278139
0,171110827469617
0,204439856457977
0,0326938130926304
-0,0609664276574603
0,0237735469632557
9,49880757989062E-09
2,47228269629209E-05
-0,000358372037258385
0,000277429409425381
0,000892748877186808
-0,00660693520180947
-0,023253808515171
-0,0704924601028608
-0,0266355421091369
-0,0457595193753636
0,323135905513439
0,0444636967993368
-0,096076363619296
-0,153663633938706
0,0380728513145937
0,0522137670781513
-0,184768395626042
0,0911623670270949
0,00903183588523026
0,0413028245964175
0,192657323122083
-0,193111617236064
-0,0418191274198442
-0,0023187532479739
-0,0804506332629294
-0,0426109085656433
0,00043070281907224
0,189896974529419
0,0311550366646777
0,0375910023756187
0,152458512162527
-0,0589096604117617
-0,197571623211523
0,0499566370081627
0,0461813801437178
0,0879215442980104
0,0855056202932382
-0,0778710194066385
0,134253150847455
0,038948440753612
0,174906306157377
0,0587243653633011
-0,0515577635273494
-0,0366471103715568
0,268428077963148
-0,0349383601290698
0,0185248051473405
-0,119219747692614
-0,00386056349203997
0,303483434449536
-0,195309988501815
0,205852296742222
0,068223056809758
0,120530403522421
0,205034929254301
-0,359261183915881
-0,151480098144507
0,0884655223321055
-0,0375417883000752
-0,0428695348285311
-0,0808669274755858
0,0945468209141574
0,0951502543656089
0,150731981353618
4,19005701165044E-06
0,00105666999054166
-0,000136531966104408
0,000173447158817984
0,00104598974801002
-0,000322237963905873
-0,00100500964114913
-0,00453261477302113
-0,130984747997881
-0,00044751756434252
-0,00429296955358228
-0,0272071137640534
0,0366942607122907
0,0876738822923954
0,0668500496944884
0,100363444152591
0,12560234401314
0,147734377840806
-0,29582092675068
0,556641407046128
0,0166621123205792
-0,0303007105049784
-0,0261497741670793
-0,268653210583326
0,0402470623774641
0,0119115712263045
-0,036133802990336
-0,0515983181692713
0,0164904345701759
-0,0430116378763686
0,0293587476633536
0,0253709641454751
0,0306186993461748
-0,0638413036502756
-0,0849191257060942
-0,0219456078799804
0,0812085828520642
0,0647250973710679
-0,0130963430725667
-0,0113872391186625
0,0834826911246166
0,147889272441442
0,132629370240322
0,0118947174530334
0,0611873804167623
0,0263358755132431
-0,00611312710834934
-0,0502089472444896
0,00333073596794148
-0,153310733153706
-0,0947820704502844
0,141079251875017
0,11966729548262
-0,440881430356239
-0,112535473798089
-0,050811049277103
0,0157161869446144
0,0474891596282011
-0,0828972587508784
-0,188861473784066
-0,192024506418915
-0,0621581976948897
0,0250617931186008
-5,03733661686453E-05
1,80719019631194E-09
7,60456303437667E-06
-0,000340788902848441
0,000230627872711361
0,000823716648867457
-0,00549908867157564
-0,0212652058836125
-0,0624119538570067
-0,00909460522378794
-0,0589491346551958
0,118689383274896
-0,0341200737383915
-0,116012374623322
-0,167103467149659
-0,0175232177607884
0,14759987829069
-0,127602143011214
0,246162123238797
0,104870207187257
0,0740680197931363
0,0494590972693896
-0,175874532398466
-0,0542069070954038
0,0695483045671935
-0,0610868896739478
-0,35361599042638
0,0618739506213479
0,0157425343598172
0,0225089077878908
-0,00380697239759851
0,0622943878679077
-0,00946259815716375
-0,113818525969779
-0,0268668896647361
-0,0759865078704147
-0,144441188111311
-0,181870005677286
-0,0439128951653735
-0,159858904538614
-0,255667986518683
-0,220392354986118
0,0892316297525681
-0,0255908439589003
0,189336850009955
-0,0918661265838447
0,463267840777327
0,0287417827003889
-0,0623615175228759
0,20202861324709
-0,0799409738933284
0,146458193353179
-0,0664386268101354
-0,189444300783044
-0,0622186784992398
-0,157442141822155
-0,00198323430217218
-0,103854284036795
0,0314218073886653
0,0225516513881777
0,0364256638573672
0,0442830205731298
0,016866459709078
-0,0304940947975068
0,00474533893085068
2,19120860101538E-09
0,000483080677045399
-0,000195644787145417
2,65591642054038E-05
0,0011099803384145
3,48988419983138E-06
-2,98867513694123E-05
-0,000380025045609096
-0,0126475050071151
-0,00546845401640105
0,00951090046979562
-0,0414589578849305
0,0201731740582639
0,0403212429720973
0,00510579510683149
0,0101335276617806
0,00946972284381975
0,0361240201227567
-0,100713596951047
0,149437192788492
-0,00423718072777215
0,0100958381688227
0,013793908563779
-0,197043259154218
0,0621593647586072
-0,045508518007379
-0,00796766609105049
-0,0502816298387869
0,246217211188183
0,444882212304756
-0,121934776153208
-0,1034021852739
-0,0430296703921717
0,079438937744146
0,121829186728318
0,0284451627056542
-0,103723434097333
-0,0856366407327765
-0,0450300111178518
0,0604723497965142
-0,0817060146288373
-0,413025300707213
-0,535656340954968
0,21970444359337
0,0495140844825212
-0,082096411969161
0,0655894932438275
0,00483712810534233
0,00191771798401384
-0,0324980181008967
0,0203835784299104
-0,00747695673934597
-0,0296120299355061
-0,00307666101833977
0,0101704409319314
-0,0102664935139333
-0,0145896395336107
-0,04257444243384
0,0589097938904684
-0,0506929382900266
0,0495575535552627
-0,121480732141503
0,168383557520693
0,0193177466494018
3,51295117174023E-10
1,1653889230509E-06
-1,97027801177081E-06
0,00039523294844485
-5,23892697725715E-06
-0,000266909290300806
-2,01735577986639E-05
-0,000353165658903892
-0,000896626428880716
-0,000429882518753672
0,0188145318607021
0,0126423217035433
0,078620157598647
-0,0234255638452849
-0,0311048058242533
0,0135985243613142
0,0192213102254633
0,0085907141583971
0,0184019348139495
0,00192567675585844
-0,0176743491050563
-0,00130362617489919
-0,00248405873330138
0,00429940430197645
0,0102544577100935
0,00321991311292078
-0,00347350358973474
0,00666755249370324
0,00410820753521941
0,00339841441880798
-0,0162355697487368
0,00125643658057569
-0,00550355859462455
-0,00230102884369759
0,0626885143179627
-0,096536743512295
0,0907507983088867
0,0790364216357543
0,0160026895664811
-0,0175239640663766
-0,0861205200269995
0,0282120286245221
-0,0178164765024285
0,0594918028836955
0,0929361372677262
0,187673150447797
0,0925292101051249
0,035134199639493
-0,858607213236655
0,10478697202979
0,0682303049382204
0,0231354473572789
-0,00153213055223004
0,0126166484114574
-0,308458114051187
-0,08569008253179
-0,152393557055228
0,0335785463183772
0,0653796613514621
0,00143184174510212
0,0811104812105655
-0,0322149018411262
-0,0595111426828524
0,012008782491423
1,62332821427122E-09
8,24423729430445E-06
-3,79667605214443E-06
5,27098427622693E-05
3,19784341159477E-05
-4,33499433136192E-05
-0,000109898024705822
-0,000594464706665558
-0,0102412229749073
-0,00105035655454823
0,00249030027291089
-0,00416422103681779
0,00658335686816358
0,00734749146049939
0,0129526405294388
0,0334597586017127
0,0584749179873134
0,0352408631306588
-0,0994203626859479
0,194087908328906
0,0157683627393362
-0,000575506410349882
0,0255963277529758
-0,153733943882598
-0,0075725362768442
-0,0817565373008575
-0,0112827127880945
0,142391014841937
-0,156077232770341
-0,329456209840792
-0,214398044377543
-0,0220722929419068
-0,0441071289005218
-0,0876257431041778
0,0356402912620765
0,079669819432586
0,0820810914871979
0,0299555437625971
0,0721922043631033
-0,0262565927905551
-0,168591025945222
-0,0879806818043876
-0,0710732633057974
0,0709377905274503
0,0519611530192962
-0,0297159436533434
-0,0740691739407884
-0,00667543249499442
0,0207538257269053
-0,0281949414347051
0,0364328910637037
-0,0363041200429016
0,0992503895835787
0,145145002371205
-0,0454945796668467
-0,108386095288564
0,350286186614416
0,165275325666421
0,445236603855452
0,355259445477711
0,111323262494219
0,237718640717946
0,141453706730182
0,130823851974404
8,47039592296136E-08
1,12737626419151E-05
-0,000190051272876489
0,00196382822351634
0,000306004023869144
-5,93680455558938E-05
-0,000525995687150656
-0,00234990918189301
-0,00652618561551046
-0,0177095903759812
0,0782104192486481
-0,00637993685857375
-0,0619095401246119
-0,126089032910999
0,0835059488014394
0,0348709765285002
0,114078223506066
-0,152870558019316
-0,0299276899361003
0,0769978484543986
-0,185064112822174
0,24029401680178
0,0602161065719475
0,125221208445172
0,0873001343973319
-0,111142606970456
0,0345481105258268
0,0532607572693144
-0,0795831133912611
0,0341344389276592
0,0535606801034748
-0,150550178021389
-0,1738844801067
0,241715931311095
0,0178864797044028
-0,0384130251697759
-0,109130764994424
0,0577397887521478
-0,0445770395827376
0,0451979831754907
0,0658403893992349
0,173927676473346
0,0363170893629738
0,0698580320295508
-0,181782168699103
-0,187319078148655
0,338577725249738
0,154778327226662
-0,0519115450628753
-0,259869419404501
0,147046396039867
-0,000899964319877487
-0,0807933966003146
0,00685519474177599
0,00199604672669634
-0,180497405803204
0,0157804786940881
-0,0450255273792322
-0,141719213950729
-0,0932576244002648
0,033711697009909
0,318453710259272
0,197927101661306
0,304933255222699
5,53417313007089E-06
2,4397353985416E-05
-3,48800456011278E-05
-1,63755168262069E-05
0,000184075043646929
-5,67514264214968E-05
-0,000305576836325697
-0,00227057969677729
-0,0257873541581281
-0,00671993213730263
0,0934808055801208
0,062751681868607
-0,075771455783723
0,183073650211899
-0,0911354476958928
0,020552101282942
0,0498560080013172
-0,0467356166837397
0,221535155642125
0,000702457815339162
-0,152266443137631
0,0765857576456085
0,0457444699192411
-0,293747646296869
-0,296120034190281
-0,0362995930764846
0,0185240679685308
0,0786444832855837
0,0341221117849547
-0,00458673366543849
0,06976184691485
0,0702767285258272
0,0756419428961164
-0,0532382033126786
-0,119150654827022
-0,202100815580928
-0,276313541307801
0,285087596066471
-0,0536944141056395
0,0533862004662459
0,022207619198531
0,182830085873352
-0,0367656931255548
0,142570068621386
0,201273195388112
-0,262220704583464
0,0730402604510986
-0,351540032974467
-0,00155158762449553
0,180888258998429
0,157365643783407
-0,185290417583325
-0,00274293938595881
-0,0150355612165978
0,00430225777924423
0,00273031789440994
-0,00454621735115622
-0,00137375810914356
0,00305196173818455
-0,0205562096053391
0,0313670848455503
0,097414000315798
0,0748753683854384
-0,177674840479621
