0,999997337937037
-2,7340521477457E-08
6,61977396787359E-07
-0,000234676556628147
-1,74592384491668E-07
-1,24737967284143E-09
7,26687357225533E-09
-1,27800866845037E-08
8,15137367167449E-05
2,85671765524198E-09
3,99544858571788E-05
3,67721853812651E-07
6,04374133655371E-06
-1,07231119492788E-06
1,23232312833854E-07
-0,000101654663125148
0,00121208623029834
2,53733283901818E-05
1,63253165907453E-05
-3,29200096959691E-05
-3,91285944095833E-07
5,57956868483094E-06
1,27624433682964E-06
-7,74453729324858E-05
4,88098020237854E-07
1,3641428547967E-05
7,60174917772998E-06
-7,59882351110587E-06
3,50472419635585E-05
7,11725426413015E-07
5,606819941177E-06
2,81517390197086E-05
-0,00013936544993032
9,73425988125753E-07
-2,38865350958048E-05
-3,74402871523442E-08
1,25490195616498E-05
2,38810210259476E-06
3,95480615205545E-06
-0,000150157014225187
0,00023205202768806
-4,45694554837605E-05
0,000106841985494186
-2,97654924562058E-05
0,00116738460206868
-0,000477666885119284
1,9105470351876E-06
-6,1783712337618E-05
0,00121921419216683
0,000546390656635083
-0,000133034238799563
5,24705929359074E-05
-0,000415353049976575
0,000143706757384699
2,27670177370674E-05
0,000129209766241715
-3,48210306454546E-05
1,14810946996076E-05
-0,000158210942099222
8,08616889817943E-06
-4,7109603051537E-05
-0,000141881949352201
2,33486423635062E-05
8,67726823490987E-06
8,06684230289357E-10
0,999928844445256
1,05853780629786E-07
-0,0001083257008811
-8,61865212857677E-07
2,7017868705288E-07
1,28318217884514E-08
-8,64120898915358E-08
0,000114086922131276
4,16594129531851E-05
3,37226283827931E-07
2,23823382201507E-06
3,52341357804224E-05
2,15559977367276E-06
5,56824172322851E-05
-0,000220885332047178
-5,42745902228406E-06
0,000191593937468862
-6,99636125013263E-05
7,48503020764998E-06
0,000337377610865061
-0,000979145318428459
-0,00177708155472521
-1,60107814121579E-06
-4,6236537267337E-06
2,16477258650293E-05
1,44270733953289E-05
0,00369385049977508
-3,07375858665749E-05
-0,00896802732048672
3,13871990214223E-05
-2,58799933732323E-05
-3,0406171730628E-06
2,56641793882409E-05
-0,000209805338971337
-2,58749411555298E-05
-0,000129523151204457
-2,89759310827112E-05
-0,000115887283562788
-7,27511921199013E-05
0,000885076188803551
0,00612841647967302
-2,0944373997401E-05
-0,00038664808249424
-7,48276742799211E-07
0,000115301860733341
7,01456889050495E-08
-1,34033753875182E-06
4,01653068843231E-05
0,000342926473385694
-1,85198194226198E-05
0,000736486809873601
0,000366753196278294
-0,00132328669294269
0,000164134585116596
0,000543901322088151
7,41320789596227E-06
-0,000573270065375162
-0,000781954220628232
0,00050605706119976
-0,000892366481385544
0,00045625238031715
0,000434804958796283
-0,000186892953737653
1,97368154791845E-08
6,35896997184804E-08
-0,999995653804468
-1,18317660277734E-05
-0,000371339696143939
2,8422114272972E-05
0,000105090453419533
3,7569091693897E-06
1,59299100916056E-05
1,1623807144431E-07
0,00268875561323441
-4,04802774709673E-07
7,69177879963816E-08
-3,03592984449218E-08
4,94417738913293E-08
-1,85172586564601E-05
-8,81525151941365E-05
9,07872795133368E-05
2,55901852722474E-07
-0,000103290651491744
-4,93012417037057E-08
-3,42892213490671E-05
4,27202459566573E-08
-4,01836742874105E-05
-0,000941904753633438
3,01164394813965E-05
-6,22222013934536E-07
-4,60706551743533E-06
1,39986841301325E-06
1,08743383383791E-07
5,15729696783061E-06
0,000525481992652986
-3,36127416585149E-05
-5,77063427263112E-06
-8,88171330438988E-05
5,13542472744397E-07
-2,08319742457762E-05
-2,00012263858169E-06
-1,14708266330784E-06
-2,23824237214643E-05
3,01611806878967E-05
-6,64014342849169E-06
6,57488238060424E-05
-2,80449607885732E-07
0,000206566194789344
-0,000150186932371433
-2,32368090149096E-06
-1,07861656794022E-05
0,000177240337164075
6,5908741571077E-05
-2,17040216816108E-05
1,57111289133426E-05
-3,80973517615251E-05
1,06147591158354E-05
1,80036815983931E-07
7,84563594963775E-06
1,77474368349814E-06
7,68255349788404E-08
-1,40925434895814E-06
-4,16771985199035E-07
-6,05453750666296E-07
-1,3671808037064E-07
8,25467559104304E-09
-1,76487639842663E-09
0,000234647450438286
0,000108239764507628
-7,17932064854152E-06
0,999678662567714
-0,000200345362446209
6,44817544894456E-06
9,44218639262805E-08
-2,1110477036208E-07
2,78222606654397E-06
1,04094105806541E-05
0,00059349362265881
1,92238654558537E-05
-4,70956312868469E-06
0,00474842065546065
-1,06008440678819E-07
5,73979073960637E-06
-0,000101227716729426
0,0146749351796521
-1,76353243284365E-05
0,000134020836078826
-3,30425880103313E-06
0,0026813752513093
2,54749919770835E-06
4,08466510367469E-05
-1,07155650400888E-05
0,00254157779711658
-3,97107836365721E-05
4,0716164270623E-06
1,84141698035E-05
4,62043005957824E-06
-3,18811381654337E-05
0,00271317012652324
-0,0132908376562193
0,000176166119513282
-0,00123686249663339
-1,31855152196683E-06
-0,00223860559512167
0,013762815491545
-0,00136055038280567
6,79439953746001E-05
-9,72232311333061E-05
1,63504008128506E-05
-0,000136034410097893
-4,86006343666126E-05
-0,000717883574818903
0,000274475646435891
3,3891443046323E-06
1,24055837407721E-05
0,000339026517624921
-0,00270002909788581
0,000203404619885413
-0,000146002443063921
0,000361774360278846
-0,000226457910401588
0,000297285813362145
-8,94806969208312E-05
0,000494514025671232
-0,000233814043123407
4,08000647872368E-05
2,3451732309444E-06
-1,41213776095419E-05
-9,06318299687383E-05
1,24932640420776E-05
-2,26342700475957E-06
1,9081882337514E-10
1,59912426664107E-07
-0,000347338099444363
0,000149442177280386
0,999801622526355
1,02357285973186E-06
-1,20924937503535E-07
-2,10842868921289E-08
3,27654206239164E-05
1,17127338027399E-05
0,00845210818075424
-1,14545768267983E-06
5,77436965979373E-06
7,80786003155356E-06
1,87066800798941E-05
-0,0176355979155362
-0,000259546487785157
0,00309276263421151
3,98305026687031E-05
0,000175842420903867
-9,37387195415435E-05
0,000231650119214312
0,000153652930375574
-0,000110677991051583
5,48161039307325E-07
-2,39423426322497E-05
-7,01521274329454E-06
-0,000758727843646333
-1,93549919254585E-06
3,91494946852182E-05
-4,3555280285552E-05
0,00167943464666799
0,000425480544965369
-1,42135171410274E-07
3,11722546820424E-05
4,51051241850985E-06
-7,56588963466666E-05
-8,08764988291794E-06
-3,16985000768249E-06
-1,43217639167902E-05
-0,00015719800545008
1,26894931088635E-05
-5,05301863020019E-05
3,44940181958525E-05
-0,000530472767067404
0,000223341886405725
-8,05864780212584E-07
2,75346785199898E-05
-0,000540897178783746
-0,00024253895681836
6,05248471440298E-05
4,55334985112536E-06
0,000185664732261567
-7,24937663863247E-05
-1,24291726298952E-05
-5,06120984310651E-05
2,48602808916563E-05
-9,83256322203276E-06
6,10124115148591E-05
1,09359180398892E-06
2,07656176001856E-05
6,11426963945294E-05
-9,86106762381391E-06
-3,69566740865051E-06
1,09887817697799E-13
6,40898536282392E-09
-8,68924685703146E-06
2,90195209600277E-06
4,02500995139596E-07
-0,999449249529371
0,00106046287751766
-3,31644170763605E-05
1,77143859127748E-07
0,0163380206520845
-1,80297642605109E-06
3,91171779915676E-06
1,67266509002596E-05
0,000757416400557281
-9,8662217081252E-08
-0,000143601620085036
1,38020947258223E-07
-8,19332895691354E-05
-1,29565423521507E-06
-9,08168750161004E-05
8,79799667993392E-08
0,000403064982549331
-5,85387919191941E-06
3,1336950409402E-06
-0,0206620375589232
-2,38995475297056E-05
2,35893325788339E-05
-0,000134672964168358
-9,6152983629345E-05
1,29290308714965E-05
0,00251666531283802
-1,96919936163163E-05
0,000144701121478717
-3,10147826410013E-05
-0,0014080234254346
1,25432229696386E-05
-0,000354489541354799
-4,50447430999385E-05
-7,69917172576322E-06
0,016693258260553
0,0107172706753599
-0,00133063307141778
0,00074518783421117
6,51420713022372E-05
-0,000451567127756375
-0,000759816458374843
5,10843243080396E-06
0,000284355739125947
-6,55186473133701E-05
1,86012919039958E-05
-1,98239816895024E-05
1,23205542207045E-05
-0,000372295969315091
-0,000194568857751673
-0,000109023892443115
-9,79212518035427E-05
-2,55785516230989E-05
-2,08945751058619E-05
8,30084187513755E-05
7,90107107670665E-05
4,84907716272837E-05
-2,66473812059603E-05
0,00011881719687747
-5,02398237554813E-05
5,28137969023708E-13
3,52896518857977E-10
-0,000102075654769327
1,94458679753605E-08
-1,49279297774257E-07
-0,000990194022906178
-0,998810369041426
-0,0461030421951764
2,55016805116348E-07
-9,32587101447683E-06
-1,78498233059875E-07
6,67075494117498E-07
9,44555214504051E-06
-2,69746445884791E-07
-5,85830487709607E-07
9,16667320378455E-08
5,02156280168893E-05
1,81542163042874E-05
-7,38434974066184E-05
-7,75343533799501E-06
-3,63466229682071E-06
-0,00012039700538732
9,27159470496802E-06
-4,28692728034909E-06
-0,00325646654936893
-1,93315714694458E-06
8,90819746432458E-05
-6,76709414337857E-06
-0,00147229185135621
6,01306595533486E-06
-0,000125797787404298
-5,43112331382673E-05
5,51487560124232E-06
-0,000605526603026338
-0,00029040754010597
4,10128376442567E-05
-0,00023885738267376
0,000396592842372325
0,000772502048570554
0,000288122037627068
-0,000428370210501141
8,19880654909448E-05
0,000101097226954288
-4,48399569582797E-05
0,000250105007580767
0,000192710184694678
7,76801180013821E-05
-0,000196386618623911
-5,4345619399429E-06
8,17654709757865E-05
-1,03116169417527E-06
-0,000151870119903557
0,000727648140781275
0,000228661822134025
-0,0146617285122165
0,00450198195604099
0,000104453247133532
-3,86200915182864E-05
-0,000175874803590928
-0,0006514135637539
0,000232057879343025
0,000685334051121528
-0,000109072388708643
2,80498327489639E-05
4,19144207816977E-13
2,74730521190592E-09
-6,26152419351061E-07
5,44062303717142E-08
-3,11824275275125E-10
-6,51951236325324E-05
-0,046100016462852
0,998588904973201
6,97596448925447E-06
0,000391595411398347
3,96942013891083E-06
6,1083285824947E-06
6,95187423972258E-05
2,49955166923417E-05
2,42901454411105E-05
-2,01233011553371E-06
7,17791958018118E-05
5,70641559538158E-06
-0,000224719120580734
-0,000180790561636398
0,000113261817402027
5,70429753181257E-06
-0,000475338489714429
-1,96849841571451E-05
-0,000799927271923259
2,21616345645267E-05
0,000455135707975296
3,23327426057093E-05
-0,00437408678771289
9,02259597051805E-05
-0,000513909194584497
8,73355647850161E-05
-0,000168527853883814
0,0171686270230736
0,00432564348829029
-0,00395094052182447
0,00106938605574409
0,000175674893812778
0,000126781102896205
-0,000393772003054412
0,000516719280598317
-1,41390076591017E-05
0,00279835060459769
0,000215362884185399
-0,000246169604703266
-0,000346946021278714
-0,00378046680090379
0,0142211349769834
0,000880611582219053
0,000364014179462815
-0,000197835061128822
3,6581573521804E-05
0,00521762808927179
0,004448703759356
0,00266783351741512
0,00768130674085953
-0,000226188353338653
0,000239810037448305
0,00164709289175338
0,00134255628079959
-0,000183882272407589
-0,000423600837273698
2,14877571416823E-06
-3,79119447978618E-07
3,33824106521949E-07
1,0013041669918E-05
-1,88922371563499E-06
3,47797612522343E-08
3,39233962666509E-06
-2,83976089478795E-08
-1,51877554339093E-07
4,53728142536052E-06
-0,999298310246903
1,8505195849713E-08
0,00239750288886064
1,61816963277105E-05
0,000202406127484658
0,000151582671979909
7,58549561033869E-05
-0,00219867388123152
0,0207076911192154
0,000421398614548585
0,000242870049741512
-0,000539035280878259
0,000110261575916901
0,000104014082064836
-0,00171295971740163
-0,000375359540644581
-3,29024034240117E-05
0,000236167214570255
0,000138782209861019
8,55142894331005E-05
0,000402797199060274
-0,011365278739093
0,000106630549500847
0,000445426449802671
-0,00218797397333101
-5,2239523602882E-05
0,000947710960373214
-7,99104676908603E-06
-0,00240112700120443
-0,000376467331397383
-0,000339424812341001
-0,00222719017019071
0,00343125452189209
-0,000828557146412533
0,00152481997868219
0,000510609709404165
0,0173260009877778
-0,00707836434884949
2,71219571893867E-05
-0,000913946306348911
0,0179830177754088
0,00793189411426369
-0,00194503355437731
0,000785928603516437
-0,00614575494821453
0,00232206296422598
0,000300653893413007
0,00180362832051494
-0,000496541895291845
0,000257450129982459
-0,0021824872756935
2,02686952033214E-05
-0,000694115777725305
-0,00210431393086272
0,000341612325750254
0,000127499108859505
1,85691823503343E-14
2,64086780620907E-06
-1,04095143319474E-07
3,1312361904934E-07
1,9286635466679E-06
-0,0163492021801495
8,47252765772168E-06
0,000391419402954136
7,2176688753506E-08
-0,999120843695639
8,40866990177787E-05
-1,85095728120138E-07
-7,84298753865554E-07
-1,10300124724016E-05
-1,30693725854389E-07
6,84047991796946E-06
-1,88465636757696E-05
0,00764848145411604
0,00010814498812477
0,000294555589617852
-1,01673863520523E-05
-0,0376817902334302
-4,16729251041851E-05
-4,10400315318667E-05
2,34576583915867E-05
3,17425731306213E-05
-2,1749905771889E-06
1,34740100290446E-05
3,43903223145167E-05
-3,26197431000749E-05
1,14664936961981E-05
-0,0032456777168141
-0,000677651909523321
-2,40430071984937E-06
5,53279169878664E-05
1,11524039800489E-06
4,47415775962015E-05
-9,49043351224985E-05
-0,00015189548100835
-1,45819623508466E-05
1,09675332842681E-05
3,2385709028102E-05
-2,05151768890086E-05
-2,14440988229241E-05
2,76878049381209E-05
-0,00013786708501283
2,3965024278833E-08
-7,38261638021969E-08
-0,000121839513349947
-6,61476661615144E-05
8,5727244000953E-07
-0,000331779789317743
-0,000104026394419915
9,93420924889901E-05
0,000224005624062897
-1,07670311124435E-05
-0,000408675335350465
1,1167599585129E-05
-0,000208866215038778
-2,96204759658695E-05
-0,000254207485750666
-0,000150230750048132
8,25033501971671E-05
-3,09869741770721E-05
5,24624660116416E-08
3,32759609990846E-09
-0,00267731628192774
5,68111195641752E-05
0,00834486466010315
2,88683518384644E-07
1,16942975545016E-06
5,25449716413959E-07
-0,00169406753606522
-3,11160021039799E-05
-0,997033960574305
0,000177101004088458
0,000380659382446544
-0,000110263876332676
-6,55431898117706E-06
0,00146552963647331
0,0332324434848028
0,0365436623887229
0,000835663104403091
-0,0400284556508354
1,00890664661014E-05
0,00546282492769823
6,05663733745793E-05
0,0163812870621554
0,000232193551115548
-0,000380701414952554
-0,000604836909448258
4,62182039088699E-05
0,000505233194833304
-2,18636896647095E-05
-4,49405519236954E-05
0,00673687265640173
0,00105710352645574
-0,000502026749833133
0,000711188504542178
-1,29071319977047E-05
0,000734997217450958
0,000128691316124695
-4,48054575556057E-05
0,00064391292833495
-0,00100560033114202
0,000381664445973253
0,0024836894334554
0,00014644274426249
-0,0022362458004748
-0,000253179912853692
-0,000103913352122776
-0,000388822970298817
0,00230923869491982
-0,00277740289446091
-0,000438181100989725
0,000651116882186431
0,00270266725278563
0,000326018698894911
-0,00114546951241505
-0,00301159975504888
-0,0375058061793338
-8,31607246046658E-05
-0,000276264944440639
0,000565666416958014
-0,000178151839975363
-0,000230083215456931
1,56121883912822E-05
-4,38280456943566E-05
4,40440912107264E-13
8,78325026092907E-10
-9,42242356208166E-11
8,16921193343593E-07
3,68486091013615E-11
-1,62199603522867E-07
-2,27996320328357E-08
4,99153392874207E-07
-1,64373197568125E-06
6,64706720549289E-08
-0,000148376938653525
-0,996186982553721
0,0871431118548581
0,00395983274517626
-0,000613595555610721
3,10699012442828E-05
-6,75402404571391E-05
-5,64600095154142E-07
3,8170840557368E-05
6,18271688739019E-05
-2,00371772885041E-05
-1,09085130857897E-07
0,000610627670261762
2,03919240089153E-06
-1,92188151906251E-07
2,64968092257551E-06
-8,59793216550444E-05
2,10402275421811E-05
9,82408827053143E-05
-2,18787087600914E-05
1,41583935796991E-06
-6,23220480205698E-07
2,91835014168961E-06
1,64805983445365E-05
-4,93647861387067E-06
1,32309753856593E-06
2,2906219786646E-05
4,6653639044433E-06
3,44148281039939E-06
-2,98241082471519E-06
-6,50413446694476E-05
1,95158831753366E-05
-4,63585940943606E-06
-4,6273967800863E-05
-8,61961642043982E-05
-4,70225385397972E-05
-1,1843860750122E-06
-3,41186440257957E-05
-3,81335034808803E-05
5,10121169450556E-05
2,93814208872186E-07
1,8294038811138E-05
-9,39809604427116E-05
0,000309604151648963
-1,20963552404054E-05
-4,78826997992775E-05
-4,57757589813687E-06
-0,000964204184825533
0,000170166713005659
-6,20902103842611E-05
-9,73918380121514E-06
-1,91087504763203E-05
-6,63655113541776E-06
1,1786409089786E-06
7,36095056213733E-09
9,24618867830954E-07
-4,49429953192677E-08
1,00913283296285E-09
5,27663270160001E-08
-3,63951673222596E-06
-8,1981098417416E-07
1,68083198433724E-05
-6,63041747229915E-05
6,64288405981328E-07
-0,000201539861595927
-0,0869329332878742
-0,993385414778399
-0,000731549467651244
0,0125724361697776
-0,000735757188555478
0,00318302191548395
0,000191228602489409
-0,00339845987856241
-0,00530417633757587
0,000739719395345516
-1,25439806415069E-05
-0,0268507926302915
-0,000427767534976486
3,11027535600518E-05
0,000338120248846678
0,0236627039933273
-0,00119123567061014
-0,0451623386362073
0,00140075782831479
-0,00383189350683544
6,48609551465461E-05
-0,000160454857323207
-0,0110181905054121
-0,000636287168690762
-0,000370694927805716
-0,00059303767159569
-0,000276074625482816
-6,36365740288688E-05
0,00208988360000807
-0,00266935612752528
0,000362220645569864
-0,0040475879335088
-0,000152185759319194
0,0044778113814689
0,000259682626467937
-0,000300218548618546
0,00630793889618664
-0,00509496697494336
-0,00375581340569687
0,0016499570668483
-0,000277906821679072
-0,0268882456907809
-0,0114031788754233
0,00416351202354399
0,00825414214444374
-0,000851042210761795
0,00108511167862713
0,0213333270663586
0,0195848629131132
-0,00257843774901895
-0,00635874559907584
-5,14675718636689E-06
-0,000414497001510035
1,92031121261878E-08
2,1628681959091E-07
-2,11179653007262E-08
0,00477807888755741
-1,26172432946796E-06
-0,000136298607498823
3,78757135173603E-08
5,39331971824554E-06
-5,6954769039719E-05
9,88737350043642E-06
6,17181017138052E-05
-0,00387569350627964
0,00108462969668683
-0,997981780593425
2,44389926512162E-05
-0,000880699283265333
3,5703259733056E-05
-0,001314293893376
-0,00011475972220732
-4,00126176416125E-05
0,000416186878814974
-0,000190171244542364
-0,000215484919038038
-2,51414611739391E-06
-0,00043274346628853
-3,62944694045911E-05
4,41019525778155E-05
0,00381808937155694
-0,000144901700715607
-0,000303355716514246
0,00402979264430738
0,000110270917880415
-3,71754597046878E-05
-0,000575323599784124
0,0129279103821764
-0,000735851117602085
-0,0234739054023002
-0,00444035174571858
-0,00390529633150012
0,0250194115374011
0,0155353666302696
-0,00564870092992148
-0,000298803560099753
0,00856833905658157
-0,000365249973978417
-0,00128669200590826
7,86339966345558E-05
0,0276301752404717
0,00202313100791132
0,00030727870973745
-2,37838646099331E-05
-0,000446315443590718
-0,0098095035703317
-0,0161013763029045
-0,00978100732976741
-0,0288346177222879
0,0014359880086885
-0,00421162331325482
-0,0120380893431724
-0,0038889609146203
0,00017501039166793
-0,000459869981355298
0,000609564269905737
-0,000170210718876926
4,75826107974159E-13
1,04591708635117E-06
-9,48936818344504E-11
-7,89453542206629E-10
2,0418699100367E-08
-2,3555744701852E-09
-9,57974450109847E-08
4,48433429950047E-06
-1,81819507337946E-05
1,9362608013698E-08
-8,05594671569785E-07
-0,000406954162158708
-0,011360782167309
-3,0598030049071E-05
-0,997856745099816
-0,00136333692147627
-6,92171739325704E-05
2,12869560247744E-06
2,80435941268245E-05
-0,000135332620212629
0,00137506485071033
4,63354162514541E-05
-0,0427467044912652
-6,71634098481591E-06
3,14951909837168E-05
3,60943439906222E-06
0,000311143457810145
-0,00193590113423125
-4,28279032641124E-05
0,00163101191619369
7,83126790558102E-06
1,66776979686681E-05
-8,34871515647223E-05
-0,000100339144152952
8,69303666736708E-06
7,2939592410671E-07
-7,39831320293717E-07
-6,15076640841783E-06
-4,74339015657974E-05
-0,001760565575489
0,00329523434884699
-0,000531880771143153
0,000731501292965242
-0,000122404939535571
0,00874489284839094
0,00670087424936831
0,000208679300185333
0,000428327366660862
-0,0061232059207097
-0,00346396202974952
-0,0165400826115512
0,000587722463733888
0,000349015277051665
-0,00023349133673543
8,63244924841947E-06
-0,000235461607104046
-0,000446611463108861
-3,55599789458709E-05
0,000211713910608305
0,000147636849048881
0,00339762471187183
-0,00108237180459898
-0,0100871612091185
-0,0417172328269021
1,37851491339167E-07
5,0441556192087E-06
-3,56512484598271E-06
1,97621663087343E-06
0,0176623526484183
-1,99237925824791E-05
1,93567303676533E-08
5,62543629038021E-08
-0,000659344493788209
2,32901755835169E-06
0,0016256558616021
-1,73016017030971E-05
-0,000450991031234487
-0,000658434567262111
-0,00103790887198815
0,997259493056908
-0,000685863549471502
3,45508306827792E-05
-0,000110697067425305
-0,00168830805037097
0,00559238635856146
0,000215525012552366
-0,00924269388721079
4,48077589609976E-05
-5,28442027430531E-05
0,000540060067432489
0,000472819644153216
0,0467089692400487
1,06025778933237E-05
-0,00245362497488474
0,0026565668218966
0,000436340683008471
-0,00405427193389449
0,000144033948062381
-0,00350122810865948
-0,000268826079188852
0,00425502383186092
0,00066961757140238
0,000515776531661629
0,00103656744222021
0,00955321440845434
-0,00108322063095887
0,00293554540198011
-0,00209200428463242
0,031939265779527
-0,013068292261506
5,92386464407736E-05
-0,00164847701210707
0,0327347929359641
0,014670923401584
-0,00354300677921465
0,0014625781109005
-0,0113781672228804
0,00437868117849324
0,000554752288590104
0,0032628055585465
-0,000876400691651191
0,000609021549005393
-0,00380965564683903
-6,81521715995422E-05
-0,00125857809095604
-0,00382919750512836
0,000616751713987094
0,000231178844271543
0,00122104786775851
2,10236006103826E-08
-3,95848131132836E-06
-1,60437432249519E-05
2,72854938069947E-05
-4,99621800037376E-09
-6,09493531458923E-06
1,02288344197456E-05
-0,0208018844784646
-5,94175325516608E-07
-0,0325267241677714
-8,72357230111172E-05
-0,00179178343593607
-1,40638337041823E-05
7,46064283688692E-05
-0,000564096245543529
-0,996287561016821
-0,00459079493683855
-0,0131502960602834
0,00401626291330273
-0,000196398002941834
-0,000577227258026758
0,000346401418891584
0,0639122345762832
-3,79488672943714E-05
0,000376076186459536
0,00244368545829074
0,000956004436846913
-0,0280441457371212
0,000268510982401903
-0,00204901876112456
-0,000198690588161264
5,57114928859266E-05
-0,00368424727603552
0,00179387736244282
-0,000103375970450694
-0,00579820140058034
-0,00122684457976837
-0,00363682701575162
0,00133838959485406
-0,000957189038636253
0,00719135114767384
-0,000322132294001161
0,000802526720380442
-6,09333209071894E-05
-8,4628741617553E-05
3,53773340471236E-05
0,000147402807135765
-0,00242002590295536
-0,00346282897510493
0,000970462392967136
0,00162516226167864
-0,00474462761754092
0,0171631101279482
-0,00216838817979905
-0,00729408271946714
0,00156745481935106
0,00891068949697574
0,0121920738808152
-0,00845917141186474
-0,000201102450686321
-0,00180148259393715
-0,000113106320001924
1,18535510662967E-05
3,34130712637818E-06
1,6132649751857E-06
-0,000178560665169909
0,0148290444918379
0,00339483028848745
-8,56566867428364E-07
3,02779098413615E-08
8,55790644538917E-08
-9,52236433255798E-05
-0,000583587633665505
-0,0360792259425207
8,79589143911432E-06
-3,48779546551618E-06
0,00140031985778311
-4,3777116064489E-07
-0,000507270759246681
0,0057264809925404
-0,980523675163494
-0,013286063234695
-0,01963476735288
-0,00010231645363698
-0,18323817940112
-0,000129079176047136
-0,00245749940817745
-2,7117371969275E-05
0,0117639405071453
-0,000149319654559661
0,000121470165935878
0,000204434890865257
-4,74755207879759E-05
0,000107493951073174
-0,00337388750715447
-0,0149019985864578
2,93065661702689E-05
0,000404174123937141
9,29659565521002E-05
-0,00064174753347207
-0,000361660206161525
-0,000415782396771935
-0,000503742112366284
0,000657481300990548
-0,000422636059301918
0,000429684734317325
0,0012125412937257
0,00363909870395919
0,000268620309178226
-7,56415245793575E-06
0,00024754664544167
-0,0131027123257174
0,0468678545273388
-0,0028586766536687
0,00189074151985437
-0,00632961190056407
0,00388594519608783
0,000452987835504037
0,000129591317460728
-0,00355100621014235
0,00447008582603095
-0,000852577908103271
0,000269202651934411
8,39576493107427E-05
0,00170529293104134
-0,000129381650875197
1,87167328357817E-06
5,50500405781045E-09
6,77264030991186E-05
-1,57365525965113E-09
0,000209691604091467
3,48850350136195E-08
-4,85948290457687E-09
-6,09947829320943E-06
2,21535897615637E-05
-2,36702836248632E-05
-3,15335960437563E-08
-7,96165789087444E-05
-7,21911661817755E-05
-0,00121678787063133
-2,95194921759603E-05
3,028560522075E-05
4,665010193121E-06
-0,0118742247355712
-0,0131570497867918
0,998101557856562
-0,000322235693107663
0,0219664142695203
0,000147933742596866
0,00107967621346832
-0,00117949296691572
-6,30775985339921E-05
0,00187609169764329
0,00404959101917832
-0,000136522284328103
-0,0449267037105965
0,000244275997647723
-0,00325968094675146
0,000338535246539752
-0,00150617732151936
-0,00547453091346164
0,000436026710181791
-0,0286921213829835
-0,00173635064072621
-0,000429106057641819
-0,000366607815302541
0,00200944125926192
-0,00274761082004224
0,000101138123090932
-0,000218406344152585
0,000698433240475424
0,000510121414608797
0,00124970830373785
7,43634485009059E-05
-0,00078083239547129
-0,00323118279388924
0,00757498613241387
-0,000342440753270837
0,000304598978201652
-0,000857206806486614
0,000295560237854541
5,32048018507373E-05
-0,000186106863891308
-0,000475835502548742
0,000635736255312481
-0,000262045768197402
0,000322658762862792
4,28236217553467E-05
9,29587097270007E-05
-1,83358598244376E-05
3,25719884544844E-06
1,88646021677598E-08
3,92411460853087E-10
-0,00020609051814201
9,18989028167626E-06
0,00025590237724002
-1,81665488753742E-06
-2,92074403461696E-07
1,51146425532294E-05
-0,000108341088238909
-6,68313936463135E-06
-0,040632061207139
-0,00010546884017386
-0,00184987613760912
-2,99816055913303E-06
1,37940604922211E-05
0,000931069545372498
0,00517988592570316
-0,0189243607894424
5,29567428466168E-05
0,989442105751454
9,96317508418907E-05
0,00449909372117553
-0,00200349148884185
-0,00389864560349095
-0,00663871526201197
0,00424464729179509
0,0172089810954426
-0,000310231294110912
-0,00293035978570706
0,000485305156742362
0,00229608734907624
0,00309732854092035
-0,0103404513781423
0,0159745040448354
0,00291604795704638
-8,11763056847479E-07
-0,00254935447080064
-0,00029512276851759
0,00149794912553681
-0,0200566672515786
0,0320859948942723
-0,00539775063954839
-0,0777429047673868
-0,0121761138659541
0,0594174590389095
0,00883415612636503
0,00284153005957898
0,0109115535856026
-0,042345358261169
-0,019690202655876
0,0165766327956514
-0,00131848329124377
-0,0403928941012935
-0,00640814431431836
0,000515769263819703
0,0193625965631275
-0,00649763721780023
0,00217382618718063
0,00353298535301494
0,0243738486610125
-0,0113622780642398
-0,0347667649864102
0,00888129559783041
0,0141028459769922
1,84295744200098E-13
2,78485308331827E-06
-4,81149533130028E-11
7,60856316181379E-08
1,50829094341963E-07
-4,86803353574998E-09
-2,22143575433711E-07
9,56268530915924E-06
-8,70046526072386E-06
3,88396894025174E-08
5,09874170521115E-07
-3,02129355992804E-06
-6,28129807204588E-05
-0,000120224229688179
-0,000138931074928457
0,00212865421834867
-7,58769881345224E-05
-0,000241452688275617
0,0212147151473822
3,60196519188306E-05
-0,996378902887151
0,000345947077867398
-0,0320155226464157
1,05482271031873E-05
-0,000303796531999576
0,000376975409341217
6,1720105488052E-05
0,06728932284167
0,000758924826471512
-0,00344933629745531
0,00023687658734816
-5,61020586119042E-05
0,000156107421629225
0,00015963029520582
0,000916955660686796
-0,0273266875158053
-0,00670538766356327
-0,00112430721414106
-0,00188456808358488
0,000158458704113377
-0,000357707492587648
-0,00211280092276011
0,00218922457390512
-0,0198479845195485
-0,000617513563806009
0,000662004940556853
1,48395763707081E-05
-0,000837260598330785
0,00043254284828585
0,00070622315049283
-0,000148398856548325
-0,000135743847813318
0,000555266964024242
-0,0022349472011932
0,000162821083075548
0,000444058627680529
-4,07767402421135E-05
4,5015586642945E-05
0,000204254899634499
-0,000231238521432389
-1,45862441778103E-05
-6,11889043962626E-05
-2,41007549945152E-06
4,28778478979742E-07
1,4746339346674E-10
0,00101195712141066
-1,11640568474511E-06
3,56155177058038E-05
0,000173092478477938
-0,000217584068673519
-8,44712827957113E-06
7,43254152360998E-06
3,87285218367115E-07
-0,0385931440028484
-0,000801023725091912
1,62773389441041E-07
-6,99632523779592E-07
5,28765687828916E-05
2,94454911402821E-06
-0,000118143058810663
0,000391748539335809
-0,183017404860619
-0,00260903279817384
-0,00799440734495713
0,000259454470164809
0,97707273103077
0,00106739317267355
0,00113418165342493
7,8583740123355E-06
-0,000711310663072339
7,62159506355721E-05
-0,000399994404400298
-0,00101255722776729
0,000979654889742925
-9,90585946803334E-05
0,0972017111519646
0,0203977059077373
-6,53077539295737E-05
-0,00165135069259316
9,04014438594005E-06
-0,00164361789528295
0,00285603176307386
0,00466321078540567
0,000174192554679434
-0,000379605419634357
-0,000923422277902353
-1,2523985215453E-05
-3,57605956349742E-05
-0,000190639529517013
0,000482231665078269
1,60591302972668E-05
2,35330462813857E-05
-0,000629504881141612
0,000283374287870071
0,000606494561823617
0,0103699189573491
0,000481024478351864
-0,000508926949842951
-0,00656837189844348
0,00283914604938204
0,0127405508041728
-0,000113485158910334
-3,56220642874343E-05
-0,000189747313727544
0,00574629442080716
-0,00149299282774039
-0,0026020444403588
0,000973105878467201
6,56115203048204E-13
1,23458328569934E-05
-3,1739984653479E-10
-8,6917627172249E-09
2,20777572671913E-07
-1,45030330416366E-07
-1,56720007029999E-05
0,000484064935772466
-0,000140329950552902
2,2371120964578E-07
-4,70312443240216E-06
-0,00176987028073093
-0,0274824097150517
-3,91419699388442E-05
-0,0423719130792569
0,00250090814182982
0,000238082032664581
1,97504554443867E-05
-0,000292650888748964
0,00135797583577187
-0,0219834606821778
-0,000845111790124679
0,979635405545866
0,000225043684075877
-0,000932972020178397
0,000117541842227021
-0,00327078336784613
0,133437329005709
0,00494442804411532
-0,138516825204595
0,00117436473888543
-0,000280267124446691
0,000572077395706866
0,00276643564038748
-0,00680541177423297
-0,000578993698073687
0,00845980971567538
0,00142644662553485
0,00212821051353945
6,1582320904034E-05
-7,41246764199417E-05
2,14466904727985E-05
-0,00577600102342237
-0,00293847623395021
-0,000612141542086625
-0,0021670950497781
0,000205947462721795
0,00038540983408952
-0,00141987547469236
-0,000560070535491596
0,00174936501814748
-0,000147687067635412
-0,00384045346541957
-0,000867928621979699
0,000812348223874526
0,00386348795511693
-0,000450262745530946
-0,00035700138812247
-0,00227192852272431
-0,00165269909733179
3,91640916282793E-05
0,000940080007457708
0,000827036331628655
0,00344974894296654
6,25712705314377E-08
7,17054416814697E-10
-3,35817180793288E-06
7,10361419682702E-08
2,24548319351304E-05
1,00067698782359E-09
-4,88102202374493E-08
9,54947748245981E-08
-0,000979384922905194
-5,30997276033213E-07
-0,0183365903091397
1,05715129880526E-06
-4,99412900014507E-05
-3,66571400606917E-06
3,27576678152486E-06
2,10958310368778E-05
-0,0636128894066126
0,00264070599487547
-0,00161592758299695
-0,00432255779130167
-4,39863181311016E-05
0,00142400020303173
0,000195630869169531
-0,996187505580739
-0,000112982146690268
4,76281285244269E-05
-0,000636375470465476
7,07527611099107E-05
0,00604129421692743
-2,58786454955488E-05
0,000399061402993457
-0,00104589261911983
-0,000189599647320353
0,000556104143177778
0,000767651289125114
7,28344824527705E-06
-0,0089148440741441
0,00417556665460565
0,0547413027521669
-0,000573239687746144
0,00076920383811113
0,00054112807067274
0,00141676603799624
-0,00195440249070759
-0,000166714692393549
0,000376240892998324
-5,03200751492115E-05
-0,000202426272371731
0,000411404939759979
0,000976979274365454
-0,000178439409788153
2,42326588651746E-05
0,00227335479520144
0,000342493898003134
0,00137564135696795
-0,0033420157428965
0,00355712546513395
0,000134378361109678
0,000725876882068524
0,00306230151618679
-0,00110461361045471
-0,00359324410192989
0,000468590980461211
-0,000101261239367378
5,61078842241228E-13
1,52010794368371E-09
-0,000946564016744842
7,06576089663437E-08
-7,40794041913895E-07
-0,0207390142064098
-0,00328755010681203
0,000333986028309555
-1,74214958496708E-06
0,000362660915023208
2,84229710524344E-05
1,07111108785112E-08
1,79299968596178E-07
-3,60189647042311E-05
-8,24532838598624E-07
-2,15482880997497E-06
1,90388717505042E-06
-4,27427901378772E-05
1,08012986748988E-05
0,00308145669559553
-8,54347636726209E-05
2,39741802643539E-05
0,000449148193853997
-0,000123931644915495
0,996182125875771
0,00145339350045377
8,49428785806386E-05
0,00400937869352799
-0,00149801200144077
-0,000142757593948819
-0,000264526996271248
0,00252501745416434
-0,00636845428053138
0,00606434625297194
0,0697759587819314
-0,000564533806768282
0,0192050591396648
0,0029397406302411
0,00250761573789275
-0,000745779168934611
0,000850911784468387
0,000478110879825317
-0,0417477104008833
-0,00561974083602038
0,00268516923977627
0,00108784230674806
0,00102493780458933
-0,000825924319612626
0,00247298711404085
7,77834509502311E-05
-0,000294528079812105
-5,58775545964315E-05
0,00342729266790232
0,000480747408632681
0,000710299067446434
-0,0022237925324102
0,00155403944808229
0,000227715468971199
-4,89509307262603E-05
0,000416491042205991
-5,40246033842077E-05
-0,000125274318155161
3,36501462449316E-07
-7,1978786112568E-07
1,00765814530894E-10
8,92795391642265E-08
-1,96454698650127E-07
2,38942971907725E-05
3,94325536237624E-07
-9,9106751077413E-10
-4,73568526136641E-09
2,13311243661002E-07
-1,44938879302585E-06
-8,45896359792528E-07
-1,43402167918257E-05
-6,07381731983836E-07
-2,97585970277187E-06
1,51934007280854E-05
-7,77165912719235E-08
1,7755657426579E-05
-6,71782857547049E-05
-0,00371457061745275
0,000548086679625735
0,00116323663034907
-0,000125959369787631
-0,00130848582155017
2,72023980725247E-05
-7,00942269911324E-05
0,000941826327125594
-0,968457376968733
0,0109951667567332
0,00127625912000573
-0,00425394744340203
-0,000183812000582101
0,0103055461561614
0,040281721919579
-0,198247916476009
0,000681008847356332
-0,00961687091220618
0,000245114257558468
-0,00932444365614033
-0,00162654679511857
-0,00179227524430309
-0,0113932656174204
0,0131861122620362
-0,00129144011392886
-0,00135586956378792
-0,00699511474429699
0,000186467248711026
-0,0492070868691384
-0,000411689157138245
0,00147423467990006
-0,0663916818593701
0,0812676216453078
-0,00396359922479862
0,0042363605791073
0,00761717333041188
0,0026797077631871
-0,00252354472838765
-0,00979570437484125
-0,00291578403668569
0,00786980268383971
0,0122629183553588
-0,00039870958708989
-0,031028562542696
0,0155320312615409
-0,0715709022216885
0,0131919770284905
1,23135375868093E-12
6,23478491372359E-10
-6,46580054750581E-10
5,5215260578341E-10
2,81162800745173E-09
-6,25118734583591E-08
-3,49264372421296E-08
5,46000790156661E-07
-1,3381134094152E-06
-4,36115925384323E-08
-1,77402346557676E-05
-0,00162192164644305
-0,0192075097651476
-1,44927695347018E-05
0,000310963758320682
-5,66001768811524E-06
-4,5955912333422E-05
-8,59247951015907E-05
0,000260426246698933
0,00574810112781323
8,33419166785925E-05
4,20269534987747E-05
-0,00351220240555864
0,000104575223340794
-7,31015933381122E-05
-0,00886677280458326
-0,977219914515803
0,00120253931263733
-0,0935726475124052
-2,8943006489802E-05
0,0246644192964742
-0,000148381931110526
0,000320656848130518
0,0178581350065162
0,000704758541104025
-0,000387589129991144
0,000275966895604692
-0,000339091194780427
-0,00123054161578046
-0,0696948446391243
0,106917015455524
-0,0167605226651582
0,0120570855572807
-0,000362308807231709
0,0573734305681149
0,0467078431905182
0,0963619393544937
0,00312238137793997
-0,0437406428795056
-0,0159382357970533
0,0207713957852092
-0,00220766742204219
0,0104109710536783
-0,00465363798303316
-0,000330719069712516
-0,00246808336955785
-1,74909050923367E-05
-0,000388908692535887
0,00356832995583107
0,000713440817550725
-0,00138331074478188
0,00322810907566595
0,00542286955489839
0,0240780292914478
5,45229412291764E-09
0,0044314022187149
-3,64942975345162E-08
-1,05102035656054E-06
6,79553112223798E-05
-1,30105679900859E-07
-1,22228947410894E-07
5,22220071011182E-06
-0,000710422787423386
2,66081390085838E-06
3,92886173959205E-05
-0,000161897153607406
-0,00258360007932675
-0,000379325448053274
-0,0041548482638507
0,0483033699265776
-5,99640329811578E-05
1,04419952610083E-05
0,00106491390432869
6,63080443385484E-07
-0,070598211784945
-0,000633461299653384
0,140216271558651
5,69731785745873E-05
0,00134506764950537
-0,000523085448800166
-0,00150283812050548
-0,977206906768556
-0,00268765084378469
0,0536810107499708
-0,00296095678120726
0,00187132609135711
-0,00420539292683713
-0,00433908013256563
0,0658588142078186
0,00619229189460323
-0,0963991203465146
-0,0150959783160995
-0,0123145491134562
-0,0013193498715759
-0,00175036931904592
-0,00683074569066838
-0,000190556370921936
0,0314329902321682
0,000614152413846413
-6,25614012929206E-05
-8,65720610253917E-05
-0,000226115191502022
0,00148114429630843
-0,00198028987615468
-3,20887483591644E-05
-0,000116636561963539
0,00201425078107755
0,000680901630512277
-0,000463177301386857
-0,00131931369519151
-0,000104183197210345
-0,000465113390623819
-9,21821967783651E-05
0,000250086155953313
-3,03423972997414E-05
-8,21687219754411E-05
9,41735409400635E-06
-1,67238532491804E-06
3,48110602357558E-08
4,12852957436373E-08
-4,33991059601435E-09
2,98297001369364E-07
5,61018839563318E-08
-1,98404773898222E-07
-3,9755957346032E-05
6,26509827013206E-05
-0,000140175116191646
-2,42454896537911E-07
-0,000408278984882944
-0,00415646686594123
-0,0486745096507343
-3,70960656954443E-05
0,000796328175858557
-6,69576398832335E-05
-0,0283563845694311
-0,000811198568286668
0,0449190324981299
0,00051476747916344
0,00147642955254674
0,000352784401532868
-0,00694867208593834
0,00800263665731266
0,000164411965600045
-0,00305745572188313
-0,0766520723486273
-0,00418637443712428
0,953990907734502
-0,00397379808206606
0,0709902379412336
-0,00173157915411941
0,00347102310739355
0,229339354833544
0,0140785121667471
0,0078624598532799
0,00192761871205192
0,00485983999725424
0,00732750332391171
-0,0530817948499646
0,0721424575079706
-0,0119427326935439
0,0228428891192332
0,00173875541306683
-0,0280840928615191
-0,010296684306567
-0,0226609504263768
7,09915136203251E-05
0,00203630897487002
0,000297307068533903
-0,000875693790065292
-0,000513341451123109
0,00484424369203599
-0,000588118281266136
-0,0972043317900218
0,0323432838871196
0,000592923937555174
-0,00147703038465474
-0,00259430668304789
-0,00316342554145059
0,00061633223715331
0,00492655440532236
-0,000685175442153582
0,000178602810903308
2,73855848595295E-09
0,00881979025325091
-1,68560207148334E-08
-2,49916260648525E-06
2,23193997019698E-08
1,02533847724656E-08
-8,22252801374665E-08
3,58034894862556E-06
-0,0114283772448405
5,14825018221157E-06
4,86074206478713E-05
-0,00015999465857571
-0,0025425839955426
6,21943489404107E-07
-0,00404904494809443
0,000213707926401061
0,000934207515005429
0,000137442394306912
-6,06428435836645E-05
7,8570317394694E-05
-0,00259902882494998
-0,00110457510773891
0,129496939725756
-1,98498971885469E-05
-0,000221910556407574
-8,58054987707238E-05
-0,000949057181748942
0,0737885921972389
0,00561395542960341
0,988548508370328
-0,00195432947061926
0,000264806011197293
0,000173837104034775
-0,00106728588325987
0,00256506860474103
3,54821940230632E-05
-0,00460648599049072
-0,000754277944784498
-0,00115449164097037
-3,50613390507267E-05
0,000741757335826925
0,00518398795401338
0,00174485849801955
0,000304325696846082
-5,34024595917518E-05
-5,69029334553511E-05
-5,79826971364361E-05
-0,000166070611901206
-0,000145759867378928
-0,00166809812308072
0,000356099651732648
0,000979295768256188
-0,00143917065438888
0,00991287209053052
-0,00146188224828791
-0,00499250934064359
0,000345327620100097
0,00484001267373132
0,00663060138378737
-0,00439802735152814
-0,00019476940843113
-0,00118819878270577
-3,89732774199E-05
6,93733383382098E-06
4,01093560408891E-13
1,99674002939551E-10
-2,89201932686885E-08
1,23209333718357E-07
2,37973584808517E-06
-3,46889030404252E-05
3,11915544410202E-08
3,36577304664839E-07
-4,0626894279963E-07
1,1054157867942E-06
-4,26438668763325E-08
-9,79411065287207E-07
-7,75753916508719E-06
-0,000306931638832068
-1,46559763635353E-06
0,00167908110242095
-8,24561667430785E-06
-5,12993207661535E-05
2,88743463600628E-05
0,000512027189943052
2,45240351913917E-05
-1,36745717882574E-05
-3,64292233651661E-05
1,89994970228702E-05
-4,92134065281544E-05
-0,00554469450540372
-0,0177529156315215
0,00256961924121329
0,0601519872425562
-0,00247269154870491
-0,97506438069253
8,21166967121517E-05
-1,09807257816342E-05
-0,0186610448516071
-0,00134600825305788
-0,000542708485901596
-0,000858190229958442
-0,000564845979826074
-0,0010637269658373
0,0206606217994521
0,182767219718991
-0,02566034281127
-0,00454424619589836
-0,002458116102704
-0,0477297077528386
-0,0829505497743247
0,00296959960173418
-0,000417769804762453
-0,0144658104161418
0,000913482781885714
-0,00518964422620054
0,00105289696907085
0,00709526251754824
-0,00174991753708971
-0,00407007407848708
-0,0011352761757594
0,000108788526706583
-0,000124212367454618
0,000628172535238151
0,00145749169661416
0,0126254400888775
0,0011636997326936
0,0253085998777557
-0,0109475041216413
3,12453520963992E-13
7,83772339987923E-05
-0,000501831781873256
2,59595251082529E-07
0,00169244701062356
-1,08798381176946E-06
1,3293870514063E-07
7,41074056849565E-08
1,27771293257726E-07
-0,000532209818195093
-0,000311203910997109
6,3884732794825E-08
2,99494576764943E-07
1,66809790096122E-06
5,54887660111563E-07
-0,000352770999524619
7,34814785755676E-05
-0,0123912770935049
-0,000182022692337329
-0,000501821204987469
2,19207097786601E-05
0,10027307911631
0,000122916913268318
0,000499126455584668
6,49736500205813E-06
-0,00047824600152662
7,29271437927193E-05
-0,000368634004351128
-0,000752350884787157
0,00037876152337799
-0,000119184467525441
-0,948492584153435
-0,194369263531453
-0,00158297382427416
0,0182868585838443
-0,00016705173147371
0,00627880547488485
-0,000949422810560803
-0,00185040382544601
6,10366672764526E-05
0,000634250914219738
0,00594737866873257
0,00104987200774897
-0,00123142719239131
-0,00219729494806534
-0,00030594774823703
-2,74996074004946E-05
-0,000321807304199185
0,00437166817577119
-0,00489795973827064
-0,00736773426321436
-0,133916890642974
0,00214259810888381
0,00944592193551113
-0,00221860339908873
-0,0136732854932938
-0,163041528549905
0,00194981324758319
0,0016161843619938
0,00159438927493694
-0,0734230709258933
0,0196244246556141
0,0332609726713151
-0,012414282040471
3,34156884009366E-06
6,60603451886144E-07
-0,000126194834306145
0,0142689437946677
-1,55933924573235E-06
1,83813703479971E-07
1,75450509921986E-08
1,1717328284128E-06
-6,51328301106884E-05
-6,70026459969501E-07
-0,000204898166075698
1,3590495483712E-06
-1,78644070774977E-05
0,000793038416755192
-7,13049607800655E-07
0,00042868492706695
7,71910976067041E-05
-0,00661090104877247
0,000192036033566479
0,010610153290141
5,57771467340738E-06
-0,00179730993222448
-4,96615998846926E-05
-0,000108310001225684
0,000718437356812573
-0,184953601845456
0,0028642907344456
6,14082611910337E-05
-0,00227832043786002
-0,000211525406013501
0,00183614955410998
-0,187956086679749
0,942679592909652
-0,0134431667306597
0,0889196459935415
0,000310059124348003
0,0146526470110399
0,0015640835717031
0,00111599482976786
-0,00556887818733415
0,00704726803104548
-0,00245176832812984
0,00800070726600617
0,00571426294259093
0,0438033306033148
-0,0169910337397875
-0,000267424754467032
-0,000773326682679188
-0,0219804355768652
0,167291016497057
-0,0125385094743868
0,00981348929566047
-0,0229151338117123
0,012640989203107
-2,68768747308054E-05
0,000143019923157173
-0,0329988030774222
0,0144427390502317
-0,00273764526949644
0,000731289394599419
0,00103144505477942
0,00509327305012405
-0,000830447467018135
0,00016068076314825
3,47446714411199E-09
3,97446040948006E-09
-3,3017923106652E-09
3,02988210283115E-08
6,67582719755168E-09
-8,73413090418819E-07
-0,000618791365212564
0,0186139338058809
-1,40756793225369E-05
1,28564846916848E-05
-4,76267073133194E-05
-3,80217110940929E-05
-0,000568667513232312
9,68808042308307E-07
1,32030246730135E-05
-2,01996073482565E-06
-0,00317064520140594
-0,000123639679617433
0,00530232052538982
0,00215095032312919
0,000172023253659192
5,94329405060389E-05
-0,000300594345897803
0,00110213093106043
0,00258007675048175
-0,000307310481819236
-0,0239683018037007
-0,000482841230452465
0,232833636549249
-0,00177197671908065
0,0280800621792397
0,000959134135545602
-0,00505637760160645
-0,927059899395225
-0,065621844274727
-0,00223504025516895
-0,0117144764739725
-0,00207826113291046
0,0027778709019275
0,0205439387961093
-0,028285801279455
0,00265665249669267
-0,185641041433829
-0,0182041210744289
0,0170684071054435
0,00414849864796884
0,208397441635472
-0,00338967402951532
0,00739134946356572
0,00408175343037944
-0,00108029215586233
0,0002207821113919
0,0133794989074569
0,00183260324562772
-0,00124886996741397
-0,00815150941399715
0,000151332122454138
-0,00015817961177909
0,000363079707083509
0,00101869938747656
-0,000111072773726069
-0,000462609605224915
5,41740796174597E-06
-9,73689232408158E-07
7,2235695249164E-12
1,58740096212726E-08
-6,24518257253388E-07
1,87975149672492E-06
2,22422136529714E-07
-4,0536221103577E-05
-0,000117876495560646
0,00336043504005022
-1,11681974798271E-05
4,14537156468606E-06
-9,78714608247534E-05
-1,01482714956313E-06
-1,54799730218222E-06
-0,000294251273584106
-1,62179189414823E-07
1,02637559431738E-05
1,91399093932254E-05
-0,000271610238281533
7,03079558213219E-05
0,00404091964148969
-0,000243781123315835
-1,08317233065602E-05
0,000177365295259287
-2,56052693002685E-07
0,0718987035678023
-0,00356504617928189
0,00038864809109022
-0,0149255954598492
-0,00164491558498304
0,0019090497446043
-0,000139647425489597
-0,0315639172344936
0,0801053363184433
0,0643328642603919
-0,889606355476614
0,00951394945037447
-0,420056680470826
-0,0651052504237139
-0,0503406313494788
0,00256750213542736
-0,00649762243782324
-0,0321739995226554
0,0129935097328387
0,0650991533435013
-0,00421711788099404
0,00434978003638859
0,000344038006112838
-0,0041283533966671
-0,00223879384821977
0,0214145003323336
-0,0028019276324639
0,000677737456472624
0,0155751006351553
-0,0146209815072205
-0,0044004213335221
-0,00845408283481923
-0,0291729783358824
-0,0147997597837671
-0,00784982590247114
0,0190572630681317
-0,00475167882392539
-0,014542430355426
0,00233585552900614
-0,000503758546697093
1,12798333312577E-13
2,92714468495786E-08
-2,75840400593027E-12
2,2923225418888E-07
2,13825701699525E-10
-2,3315136741237E-09
-1,42491669774887E-06
5,93847162922464E-05
-1,4024600677839E-07
7,13810280886071E-08
-6,62057170682267E-07
-6,42435876655029E-07
-1,37547880530767E-05
-3,74732894202141E-06
-1,00311662814989E-06
2,60791292913687E-05
-0,000219012468489277
-0,000361524353522476
0,0284177706973174
-1,02245461203657E-05
-0,0258781212544645
1,61522866796174E-05
-0,00107419820692335
-7,26569788551617E-05
-4,19810405595361E-05
0,000201209696494841
0,000477714661392751
0,00807614706490917
-0,00831961064241807
-0,000529709245622776
-0,000781029508060713
0,000181363341524212
-0,000820358489399998
-0,00497997695748108
0,00684077754893986
0,975942519553803
0,00490867039892433
0,000914276121627563
0,000849522934699668
-0,00102341672663948
0,00102220884477477
0,000547111226948557
-0,00021174644023243
0,0043656418177655
-0,000248749689473268
-0,00118889161889547
0,000259018171163884
0,17666841910025
0,0160927981099292
0,00621301313977407
-0,00316839246429784
0,000571541147643086
0,0688316651210089
0,0503860550622499
0,0272699618277935
0,075512795953874
-0,00271369896401785
0,00201033488307418
0,0178056677179819
0,0144851555827593
-0,00182149208798284
-0,00416744980645341
3,76493320527357E-05
-6,66303040343848E-06
3,27011554018285E-06
6,07104087349443E-07
-1,00404904345112E-07
0,0139929183696874
-2,79439042057094E-06
1,47989940024984E-07
-3,50593059638567E-06
-2,30291549686688E-07
8,20018758032613E-08
-1,30060425515428E-05
7,76618465515323E-06
2,09192557991474E-06
-1,24571048347573E-06
0,000747437255088333
-4,49233254771105E-09
5,79183869998161E-07
-6,6268511685202E-06
-5,57484436138545E-05
-6,32913746932827E-05
-1,31681347580045E-05
-1,08085527173915E-06
0,00228984284883737
2,11236407911207E-06
-0,000163329227756175
-9,26373986141931E-06
9,29507673299951E-05
-6,30250426234103E-05
-8,10635658383489E-06
0,00149500959085641
5,4259388049282E-06
0,000158915952895576
0,00203789994741926
-0,000218407631838514
0,0010674419345572
-0,000223541242551939
0,000153568769569618
0,141502134163514
-0,984920320301088
0,0957824252411836
0,00126521671517521
-0,00148924391151086
0,000948328185240648
0,000879056989595125
-0,00130196761950992
0,0006734516167749
0,000360777352047518
4,46518863325615E-05
-0,000111640571644283
0,000694477332405872
-0,000772762271088979
-2,20642126679628E-05
-0,000435515177804635
0,00207260339654281
0,000509897956912224
-0,021832958474243
0,00592885598032364
0,000184952595602885
-0,000110393042085367
-5,25054966503426E-06
-0,000147192163985378
-3,73994191813275E-05
5,12165980364963E-05
2,26738505382966E-06
-4,07010611035812E-07
8,96307648116702E-10
2,66991597062042E-05
-7,95341839995982E-08
0,00021507144243588
6,05039825745637E-08
-9,47506323424293E-06
-1,5999505058841E-05
0,000458518253051546
-0,00303715848951522
8,74669019912472E-07
7,57483570911772E-06
-8,40796984822491E-05
4,39095423584217E-06
-0,0304746020393019
-4,82253900810677E-05
0,000615276800420442
-0,000208166483095302
-0,000214624173177982
0,00203339823800913
0,000129962750334189
-0,00877534127178112
-6,26811033575332E-05
0,00523752544498573
3,96641937468886E-06
0,0125953715001673
-0,0025886132803554
9,32342221722743E-06
-0,116553624557223
-0,00173638355201593
0,00976442880310468
-0,000516416245937776
-0,00789887627429861
0,0228915154730341
0,0227849505425283
-0,412522694917099
0,000839672082955628
0,77341597710435
0,124183798706789
0,133475282625734
-0,0024800376872649
0,0150815500848807
0,122900971897483
-0,00308963367055186
-0,292114626045703
-0,00900833533259852
-0,00824998938125037
0,00136658926298542
0,00834280060709733
-0,0422188767751049
-0,017203357884092
0,0116664530478457
0,0137746192642485
-0,122606324879893
0,114867643683187
0,0212658403643507
0,0368449413054528
-0,0106549246840303
0,0700823133795787
0,0716663587272065
-0,164652636817836
0,0341102004707308
0,101823973051585
-0,0160410534041908
0,00351272617761894
4,89154816610984E-12
5,08767508878326E-08
-1,48039758094711E-07
8,07650733630261E-07
1,01976148222706E-06
-6,28335430707028E-08
-7,0282789036621E-06
5,8947838364324E-07
-6,73447394969043E-06
-2,62144494576256E-05
-0,000810188142064632
3,10129331849331E-08
-2,05740076131134E-06
-1,5103983080717E-06
-5,4766045364095E-07
3,09216332105912E-06
-0,00110092620640574
-0,000429110457487678
-2,60189209398374E-05
-0,000246955849418237
-1,17813988659911E-05
0,00444893103449964
0,00015702943711131
-0,0561040775325524
1,25153863066455E-05
-1,93821471477631E-05
-0,000180105688764202
-0,00148836982502834
0,00354549242400916
-9,94890155140297E-06
0,000324783039838017
0,0029730224391336
0,00100209669050555
0,00151080424457977
-0,013041369995625
0,000154756310274093
0,152583309701165
-0,0716234342151938
-0,971571176810396
0,00618218816213871
-0,00830365082615732
-0,0122922505327771
-0,0310535816407773
0,0373487748615853
0,00549462913216493
-0,00781054948067383
0,00108133624227869
0,00481284506631823
-0,0122911150602661
-0,0154663060856437
0,00441850324078402
-0,00162888925593321
-0,0524815120680863
-0,00813876721511881
-0,0274960685573034
0,0766460215594186
-0,0115881282618922
-0,00279021301539916
-0,0152212802312411
-0,0671233486344686
0,0241391580591153
0,0781271235328787
-0,0101697062976105
0,00226717402891254
5,5835052571831E-10
7,24740451919499E-09
-1,75149360896252E-07
0,000139190635076873
1,0000440989171E-05
-0,0200628112288356
2,12944781810362E-05
-5,14491447862512E-07
-2,87909180273522E-06
0,000331848571551911
7,10461781375998E-06
-8,20361930724714E-05
2,86204389721482E-05
-0,0300790642065147
-4,77582979624142E-06
0,00616334141867172
-3,80709810317774E-06
-4,36746378892102E-05
-4,1949469631512E-06
-1,67725535499592E-05
8,67621756457161E-05
5,46542338186795E-06
-0,000162251650912634
1,83694057275519E-06
-0,000518632059105326
-0,000320214023945362
-0,00126977894584473
0,00255410867111626
0,00622406510410444
-0,000451498120411817
-0,12345083823042
5,81216936136448E-05
-0,000373997922946169
-0,00446083771030928
-9,10342451617631E-05
-0,000312552161492956
-0,00177389220737178
-0,000669118271402761
-0,00193861184420057
-0,83104371168695
-0,535343772728972
0,0658505216785814
0,00327392050698751
0,00236583912804805
0,0196009611445122
0,0361947639199205
-0,00116418201754304
-0,000918331473212984
-0,000490067673140236
-0,00246400158833368
0,0019848522358501
-0,000522746325789624
0,000713228515891878
0,000237114476612792
0,00124358717234953
0,000404063507802085
7,67612559792541E-05
0,000758582111005743
-4,69664464943573E-05
-0,000500486646764274
-0,00279054991627039
0,000264342722382943
-0,00599369742497476
0,00253532514309742
8,40342616962936E-13
4,24353940262143E-11
-2,72908373148392E-10
1,89043622939665E-09
4,97877805931758E-09
-8,40357229293199E-08
-6,62705096572435E-08
1,78844992724338E-07
-7,20863532809309E-07
-1,78678523648624E-07
-7,74907809939339E-06
-3,74885576964925E-05
-0,000564049699816732
-4,53066453995201E-06
8,94860124380792E-06
3,35535840281516E-05
-0,000353506474075087
-4,78002497901935E-05
0,000849653335742061
0,0017727967836062
3,81144095742608E-05
1,59526694869199E-05
-0,000347897634504503
0,000294742198752471
-2,26356005065094E-05
-0,00538770345661897
-0,0789736886545847
0,0001026358352549
0,0872882574632817
-0,000812334735069452
-0,154757937514251
0,000182667838296367
-0,00165898773532784
0,0480694704503503
0,00366809996907652
0,00211633909192703
0,000359555105151679
0,00232040434541578
0,00702424028328052
0,475491071356715
-0,655590453930388
0,100884263840147
0,018528584699084
-0,00248840509081237
0,414388755684987
0,215883958913496
-0,0267178026086143
0,00881664267474713
-0,0971249528362089
-0,0378618247491474
0,0473383264202119
-0,0137595859124578
0,0189894431579821
-0,0150366677620469
0,027156882468823
-0,00975776757083295
-0,000601628560328967
-6,65644066555439E-05
0,00169069732527547
-0,0105858118170997
-0,100460663096503
-0,0077380925373141
-0,203697347753034
0,0881115691613969
1,13319048554256E-12
6,4581473858961E-10
-7,95880907719199E-07
2,57720957423925E-08
9,40014937701598E-07
-3,06981253914631E-05
-2,32974304383953E-05
0,000562446576759921
-1,96679470099075E-06
1,15798384080407E-06
-0,00085597362073395
-1,51865690213722E-05
-0,000249478398364267
-1,46809261211346E-06
-6,5265068574585E-05
4,35347055797626E-05
0,000189855752409362
-0,00124698305831722
0,00011555772433838
0,0770949899209382
-7,84179769911415E-05
0,00041744443386431
0,00471445137682523
-0,000513955335271781
0,0423496977936375
0,000715746181980197
-0,00132777616714549
0,00158817646374173
0,0230022452217265
-0,0025086905619665
0,00340390072075942
0,0022744420881067
-0,00783864485885542
-0,196772328421265
-0,00352408190691436
-0,00107878031465365
0,0236022202714811
0,00254154140832674
-0,0126211352264129
0,0116381458734322
-0,0135622225833801
0,00977932784752324
0,960058554923433
0,098816643295629
-0,0583592071311991
-0,0313391974932828
-0,0258676995353834
0,0187876926402488
-0,0536311334802756
-0,0271729584938462
0,00924653241556609
-0,00155795317306151
-0,0878843186991096
-0,0128655059648972
0,0131502155411347
0,054949561838101
-0,00151654966199746
0,000994750683444621
-0,00209980778894356
-0,00735468539454244
0,00141975226192591
0,00362418320719403
-3,39009579889816E-05
6,18847005636477E-06
1,70028745560343E-13
8,46412510755607E-09
-8,92190256437653E-11
1,59456122728986E-07
5,92708413750163E-10
-1,4382577617148E-08
-2,99886934967267E-08
1,21348297499754E-06
-1,04079647553984E-05
-2,50783750166265E-07
-1,94571057966099E-06
-1,1900688221559E-06
-6,35168735820815E-07
-0,000244661898173758
-1,78841138469857E-06
2,87829503844548E-05
-9,31084725196438E-05
-2,17977671421894E-05
0,000400320837790434
0,000197848746947361
-0,0215414322076009
1,77905569876404E-06
-0,000695128833301224
1,52604806491864E-05
0,000529285934745339
-0,0084850562632685
0,000128885530424693
-0,00400916350588505
-0,00022685351951595
0,00100521274987427
-0,000245443804563127
-9,09229748652502E-05
-0,00177091169476845
0,00380266047419001
-0,0782380924059628
-0,00591913197262462
0,286217283587696
0,0471548622989236
0,0733018083711368
-0,0028450418881014
0,0153611216488399
0,0772779108521333
-0,100136423937329
0,934234029686073
0,0303110577172665
-0,029073518270621
-0,000972449112134944
-0,000502556836242283
-0,0158271189514239
-0,0265013784869396
0,00459279621312577
0,00306042483259262
-0,00591378866563039
0,0727305490914246
-0,0149311117863518
-0,0341629517162866
0,00535811115421789
-0,02062774038722
-0,0300833021633302
0,0564087589022874
-0,0086158904990853
-0,0248632810800328
0,00453184916926294
-0,000988293724292854
2,27018332882058E-08
3,54399926838703E-10
-4,85495156081659E-07
1,98064015192805E-08
1,01275265791978E-06
-1,37250056117472E-07
-4,32421721279705E-08
1,10857352875849E-06
-7,68114708632707E-05
-4,33820506093798E-07
-0,000852349983619943
-0,000453800075408173
-0,00655932198992942
-5,75799640987394E-06
-0,000167225385891385
0,00049237727523986
0,000188546078111533
-0,00137038878848283
0,000193336329767873
0,0756282868239049
4,27455650310385E-05
0,000361304214199378
-0,00119706599690273
-0,000448409978193626
-0,000578919789233917
-0,00200962948152794
-0,14589607203352
0,000218927890778197
0,00592475658953153
-3,973058163893E-05
-0,00754875083847682
0,000111807890760935
0,00171908795094132
0,0187059761462784
0,00421189220071725
0,000589418072717201
0,000507670019559635
0,000851670327402608
0,0031502799079913
0,229389958223611
-0,398991055963638
0,0641425668425498
-0,0435513185612823
0,00863383976825025
-0,567954400893803
-0,438124164769067
-0,00999027467758672
-0,0281255930610272
0,363422147836007
0,135014339977541
-0,176321452949735
0,0239108585703147
-0,0847558024593811
0,0396767283960599
0,00153633553515083
0,0202379293518276
0,000430649693690466
0,0034227021398984
-0,0305820762275898
-0,00649059089622343
0,00567236758813842
-0,0262002249142738
-0,0472787844729721
-0,209940320231197
8,75834003404701E-13
0,006619447127451
1,01623218967562E-09
-1,86541031529376E-06
-1,10420378366899E-08
9,20077911031832E-09
3,11478385772229E-10
2,65129063868577E-09
-3,22416528742477E-06
3,70609526405071E-06
-8,30636781955442E-06
-3,3747943549736E-10
-3,98889393928953E-08
-2,5075152384045E-06
2,22432372326268E-07
-1,56841139509196E-07
-0,000341808618566057
7,54411758295423E-05
-3,597914722205E-05
8,57991117091338E-06
-1,57420697531214E-05
-0,000557762483780565
4,24761767449928E-05
6,78337059688596E-05
2,84199489667662E-05
-0,000371480016725336
1,01995800535098E-05
-0,00185354071630885
-0,000372647314389551
0,00169701393417421
-0,000133297327728495
-0,000796145589865833
-0,000342528497272347
0,00045231016808532
-0,0137822191853289
4,69848404069601E-05
0,0869728769937309
0,0143525848784072
0,0260127843234175
0,0119652530656491
-0,133612285151087
-0,92847803714908
0,000823702890523701
0,0386739832054859
-0,00122558402724233
-0,0155509615202
0,000129116528965857
0,00077401076533409
-0,0135297603047237
-0,0317083994204608
0,00150795482635896
-0,111847105199345
-0,0564524905744881
0,187304316449536
-0,021598876621807
-0,0751035919116968
-0,00258353710548361
0,0819736618912481
0,108922447599594
-0,0701263617797588
0,135240394232488
-0,0671401831670692
-0,0657432721319716
0,028259734273248
1,39843952366814E-13
2,14986817575086E-12
-1,2198887003993E-10
4,27930314902724E-11
3,97340720902059E-10
-1,12793863579963E-08
-1,53379556346842E-06
6,41141850457401E-05
-1,25734283556279E-07
7,71573382913549E-08
-2,47653106264113E-06
-1,6971427837738E-05
-0,000255493161937978
-2,02593885724761E-07
4,63057404324238E-06
9,81034836322926E-07
-5,81792710188419E-05
-1,45040794574234E-05
0,000152170106168566
0,000863341275657019
8,68270007951643E-06
7,50932295688946E-06
-0,000157948915721415
5,84367816584349E-05
0,000497414702188828
-0,000751707765131816
-0,0963839816281518
0,000113698305397211
0,0152375493285943
-0,000273259262771696
0,00745008958495566
0,00019266414619582
-0,000986431794430896
-0,19874250459308
-0,0149261985555105
-0,000742783950877792
-0,00309251101100421
-0,000764313977728738
9,55374565162016E-05
-0,0166990592911325
0,0285265978424052
-0,00506965293768233
-0,0656646098682093
-0,00710866992396991
0,00245583120493329
0,0164305146536883
-0,972064671619555
0,00202974113446916
0,00254814375746495
-0,000134576772143775
-0,000773960402789588
-0,000652989335211436
-0,00284659731203932
-6,79049859431468E-05
-0,000210982231420827
0,00103479844724481
5,16102822835578E-06
1,87538547997385E-05
-0,000109872678546451
-3,04084147874961E-05
0,000488675381005952
-0,00016217632968996
-1,02810679991246E-06
1,96272699046561E-07
0,00194372537970396
5,3871346385416E-07
-0,000326463312152376
-1,00900515994532E-05
8,94635539922671E-05
-1,24095687452643E-07
1,13424801621821E-07
1,38178427471346E-07
-0,0286972685205413
-1,32327363588381E-06
-0,000104194687662164
-0,000136280112869795
-0,00197841738094442
-7,8092993594828E-06
-0,000110098456571693
0,0525820161232579
0,0022810377042768
-0,010245351787466
-0,000116846041037618
0,014403760171458
0,000324960357546298
-0,00251774691689058
-0,000873609594261916
-0,000274667760591522
-0,000227091684108559
-0,00726281742350585
-0,00544294938290022
0,00330797187752738
-0,000432370839805114
-0,000534702445311376
-0,00159819364178182
-0,0143608074698349
0,0716753349871826
0,00181079681548399
0,0111593959616805
8,33508047444419E-05
-0,00280959870298142
-0,000465262893703039
0,000249254579290902
0,0764097918894005
-0,118780067742392
0,0184183627818274
-0,0547639758571152
0,0148061444189668
-0,600543502883562
0,245797434953688
-0,00100514908348606
0,0316937272684833
-0,625729898688176
-0,278975225393118
0,0678371487830889
-0,0280167449889024
0,216673805179877
-0,0847062479021884
-0,0103527307248396
-0,0619001291601184
0,0169340030695879
-0,0115017944918482
0,0737496506338066
0,00114572518491081
0,0243636177235323
0,0741269026874154
-0,0119416294652352
-0,00447183921336366
1,44121561997699E-08
6,28348401873973E-09
-9,45042155227335E-05
5,71130117541565E-06
6,33200300901117E-07
-2,79802195289943E-08
1,47567613623988E-08
8,00244519516307E-07
-4,76168078132725E-05
-1,39262246953209E-06
-8,03862321445215E-05
-5,78758076175768E-07
-1,12145318523201E-05
2,75301139664866E-06
-8,24410259485887E-07
0,000302130558767392
3,75168460983012E-05
-0,00328497910656499
-1,12435683203752E-06
0,00471910544391916
-1,39244389721758E-06
-0,000844608102905621
4,10598287290856E-05
-5,91783878254977E-05
4,81971941087944E-06
-0,072809061309271
0,000294526514173909
0,000361697202891999
0,00235990661450837
-0,000240700226849387
-0,0516951936908806
-0,00144025325332572
0,00771297323576257
-0,00151866225746665
0,00227782166578197
-3,57854832743001E-05
0,000980301462366196
-5,91449251606906E-06
-0,000752671613462565
0,0144922108843538
0,0284768996998728
-0,00457885354151719
-0,00561902509671509
0,016341177090366
-0,274605124587031
0,74278385469376
0,0145848233758608
-8,5902189071036E-05
0,355137817883628
0,0161562579289866
0,00241536452621209
0,0146725907563616
-0,288214379057047
0,158042356432914
0,0257477630656556
0,130404349666733
-0,00178976596339107
0,00934788879731969
-0,239415078617938
-0,0363579730466093
-0,062099136087681
-0,217612881290695
0,030902133500802
-0,00319233351478263
3,45158179197027E-14
5,40794257855858E-09
-2,4368415254759E-09
1,24872981387155E-07
9,47934068088765E-12
-1,06253747204225E-06
-0,000607115760515652
0,018285854203049
1,4557693781357E-07
1,25167492541953E-05
2,50847389997029E-08
-2,40414852826333E-07
8,39446763255652E-07
-0,000184341768377125
1,64975302476662E-06
4,4878350068471E-06
-3,96825008540824E-05
-6,8272458170342E-05
0,00534674329563908
-2,19560008943608E-05
-0,00489119104611397
4,31235211130173E-06
-0,000310538481247612
-1,39579185580352E-05
-0,000257728773048066
4,56659433075774E-05
0,000102858638398389
0,00163967660310693
-0,00175386620898238
-7,30666858316279E-05
-0,000151541132206267
0,000128188657891143
-0,000403192541528912
-0,000845724273089124
0,00489195400268456
0,21329290708325
0,00245999079993499
0,000423250499327545
0,000495816759371184
3,90097544119962E-06
0,000625773259662823
0,000186827935765794
-0,000823334460021483
0,00102340745405482
0,00078509488682769
0,00302375037941419
-0,00114995895241598
-0,767308115761653
-0,0695002683743164
-0,0369686332044779
0,0155029504255227
-0,00293350990897773
-0,334830688866127
-0,249132069994566
-0,138483310051948
-0,386513869481306
0,0144877240003545
-0,0113660469132091
-0,0952325455452948
-0,0781146886787495
0,00980396652797116
0,0224794677270716
-0,000184023097604943
3,25538316559028E-05
1,88591175913209E-09
0,000124159343588725
-4,0109479663116E-07
0,000427936309935174
0,000159746540165201
-6,19375988679543E-08
-4,85968153041627E-08
1,69874652944125E-06
-3,00795885625229E-06
-2,92405410297193E-05
-0,000604876267941226
-5,9846912190308E-07
-4,78131338047395E-06
1,85238308478437E-05
2,75067573063196E-07
-3,44134573881455E-05
0,000133327561293343
-0,0506190095244266
0,00791089045511626
-0,00070726893327975
0,000187235660664088
-0,00961641495830428
1,4628784963655E-05
-0,000278172716763803
0,000809519433528367
-0,124674808887411
0,00162708180663412
-0,00128804575794347
-0,00235262686990729
-0,000193253516254057
0,00141253593183899
-0,0277749875121261
0,139767093370663
-0,000918212531808027
-0,0147846246423603
-0,00171285059037752
0,0131603822011637
0,00330649077565861
0,00300976836274478
-0,00483096414252215
0,00720941187092608
0,00583110301438999
0,00826007099992014
-0,0265480522045326
0,0581449490529893
-0,0966053785192263
-0,000696238837203581
-0,0119280732048787
0,367652162466544
-0,88329697462094
0,0422202429389655
-0,0418462908778768
0,103437571530981
-0,0696107530224772
-0,0019067831343435
-0,0020131248753105
0,0581526663869354
-0,089187919663809
0,0162053533651078
-0,00532682731161088
-0,00791032271302797
-0,0328451249277499
0,00520804106739915
-0,00100802495984536
2,79239321807E-14
1,76570818869914E-13
-5,18117352609317E-12
-4,05913250440549E-13
6,52352557498946E-12
-6,74836150361144E-13
-6,14933668340718E-13
4,89706406279335E-11
-2,09687016004449E-08
-1,56039153270757E-12
-6,53262542223524E-09
-2,31439507297829E-07
-4,82339808774899E-06
-7,26877198767127E-09
-0,000152701360829726
1,29440301379036E-07
4,04021290916704E-08
-2,75861184228017E-07
-4,4520150439874E-08
6,33681348687001E-06
1,17605479432355E-06
-6,3403884336727E-09
-5,6643056961161E-05
-1,71883736723703E-07
-1,20268872699526E-07
-1,76585188861568E-06
-7,71116551222134E-05
-1,29323186527609E-05
-8,86272968089762E-06
1,67985288316943E-05
-1,187012156796E-05
-8,73423172437271E-06
5,03909771618465E-05
4,11886048612668E-05
2,40878522217565E-05
2,04540897091726E-06
-3,86901726577315E-06
3,69822172946388E-06
2,54694478367785E-05
0,00313679864089645
-0,00648331000568895
0,00107301130447118
-0,00140657439495445
0,000364205874235525
-0,02907819304998
-0,0404906955113515
-0,0014748353069763
-0,00466613261012601
0,0915635875253908
0,0906484508345204
0,912536270184088
-0,0471715504005873
0,0328268406355635
-0,0100623523237024
0,000789875372447809
-0,00232258893691267
-0,00760549339765319
-0,00035545680908087
0,00206706740758189
0,00124566789612516
0,0312605351739234
-0,00977972847733801
-0,0890527394361819
-0,368286965434839
2,07785622273971E-13
3,85787554589677E-08
-7,93471572328804E-05
3,89733061007595E-08
0,000268432707184454
4,84070631733644E-09
2,8655403950533E-08
3,02235951498098E-09
-1,14829613340796E-06
-3,47763203922973E-06
-0,00124108111223153
2,27032561546213E-07
6,25729283466941E-07
-1,60677960870773E-07
3,97997996486827E-08
-5,17788014192393E-05
9,21741231309191E-05
-0,000197757848711183
-1,73203901507124E-06
-0,000162778334413794
2,7244778147309E-07
0,00392531353060602
6,91115414562291E-06
0,000175653208426074
2,9130087617592E-06
-6,5255503696319E-05
-2,30451820193647E-06
-6,47697717226274E-05
-7,02684871961951E-05
6,04899127510026E-05
-4,06228533076098E-05
-0,160583922369508
-0,0329926752568808
-0,000250461919842457
0,00302160740994175
-2,73484916629817E-05
0,00253213390819513
-0,000208477613945228
-0,000367761551739617
0,000974171236583354
-0,00421487308071924
-0,0210583795015278
0,000464621995892308
0,00107093878515869
0,00117242174605758
0,00115195982978708
-0,000438623916828271
0,000123929391377199
-0,0046324167624298
-0,0306230577069082
0,0438059146981959
0,828797579247623
0,0223143633409219
-0,0520256545941267
-0,00201293979833686
0,0165221503664948
0,0188290937087312
-0,00996949361414707
-0,0153295972865012
0,0232550906747886
0,452159319171484
-0,155651338469849
-0,204110465782258
0,0882806116414216
3,48057741024154E-09
9,86980041948672E-08
-4,68491478067905E-07
1,52278081232778E-06
5,93546753145791E-08
-1,45082374269224E-05
-0,0154894060913954
-0,000708771734963255
-1,3856152244481E-05
-4,81143500123119E-05
-4,25523318475643E-05
-3,61142600035605E-05
-0,000531541456930361
4,65355340078353E-07
1,09814299542544E-05
-2,60060586960438E-06
-0,00285323558882702
-0,0010549790024852
0,00449991881090796
-1,75461942118538E-05
0,000139485444441447
0,00721016020767102
-0,000256691496612628
0,000305223957957233
-0,00120453566241262
-0,000195248930710779
-0,00595947378885903
-0,00041964217977799
0,0965990605543171
-0,000425323894665587
0,008424499433166
0,00284759079338891
0,00108998498656239
0,0229464193046684
0,000641746936617223
0,000794047682878646
0,0104506512055969
-0,0260833271229669
-0,0500375405993875
-0,0179760545025071
0,0268523266808077
-0,00534126329625619
-0,000306602582044456
0,00384530598048779
-0,0164134981705642
-0,0123302445516224
-0,00205799288808473
0,000963878885083443
-0,000890865736662441
-0,00558904068036962
0,000291728187652795
0,00976988487467699
-0,0519589838421155
-0,0185510636842533
0,943332351363091
-0,29636120025947
-0,00686708688802309
0,00224618650136376
0,00998894974997779
0,0408432826092951
-0,014815054369447
-0,0438602579573592
0,0070391288981276
-0,00181024799215627
2,52447615078808E-11
3,85471412990366E-08
-0,000182224910947177
4,92531726647113E-06
0,000588057671683493
-6,9649367485606E-11
2,71325601390986E-08
1,90025927193522E-06
-3,72051903097814E-05
-4,6499621480839E-06
-0,0384914177164649
6,71519727999198E-06
1,23674389679145E-05
-3,19935300717883E-06
-2,50532691920011E-07
6,29187570656673E-06
0,00271833456755405
0,000968501789262244
5,73111810399593E-05
0,00400331877895527
5,97832967714238E-07
0,00410119005359555
-6,77692860339707E-06
0,00367047271248569
0,000632740352642843
-0,00206579936430516
0,000263106769656686
-0,000284000660516972
-1,2451821686712E-05
8,76920713889926E-05
7,96699162937475E-05
-0,161101388968584
-0,0079417289862247
0,00166244962476833
-0,0200768859441374
0,000296830465783034
-0,0155485525361706
-0,00307082074118638
-0,00325976306767017
-0,00151261760455515
0,00253342175724829
-0,00126353979527724
-0,00496121308037424
0,00452000479215547
0,00999608781247777
-0,000661213385082616
0,000556136525727453
0,00160615666505673
-0,0186472275393955
0,0587989881946302
-0,00139913171506723
-0,0527015785700336
-0,0364419554804539
-0,00446712736490743
0,0291654199626307
0,0630097333594266
0,977987192818602
-0,00221189611519291
0,00504672356774609
-0,0332647562082267
0,012398698856315
0,0312052834593417
-0,00700114319630053
-0,00947820225272305
8,88037905029859E-10
1,00053741504356E-08
-1,95258597916153E-09
0,000221075249273289
-5,80991330063505E-08
-0,000348941684629455
-9,52914087195531E-08
2,05219174999943E-05
-2,64173595650119E-06
1,49226051097551E-05
1,86697520629329E-06
-0,000133279501093414
-3,19726323143682E-05
-0,046412170284213
2,54679434648217E-06
-4,13717082188415E-05
2,40051518259078E-06
-6,64246471114932E-05
3,89516484394454E-05
0,000291566524930804
-3,08574514107617E-05
-4,89724708785518E-06
-9,96294857585991E-06
-3,94947361348701E-06
-0,000211292910080766
5,42535971743313E-06
3,46294830726849E-05
0,000243214740902315
-9,71350979542459E-05
-4,40690933106365E-05
0,000231868321953468
3,69757953308189E-05
-0,00010853407416942
-0,000191836984562781
0,00087327665622489
0,0145713456716861
-0,000555078066841969
-0,000145965038440733
-0,0004864239250685
0,0021796219453908
0,00218794841927239
-0,000333953722424703
0,00634484759444262
0,000623449214604501
0,00177075745577819
0,00943281087918058
-0,00180781859644414
-0,595452127635564
-0,0181608355281755
0,00948741875170022
-0,00808177188989074
0,0018050088974908
0,28475128430815
0,281504153358703
0,195945524300581
0,596892477492475
-0,0249341622266612
0,0243324651499705
0,219098385712698
0,186244873320013
-0,0236378148450689
-0,05447257928863
0,000477353389326711
-8,44567779740549E-05
1,12539917270775E-12
3,42256355443069E-07
-5,32299179119105E-10
1,99571023586944E-07
1,96944839242861E-08
-1,85141276460324E-07
-2,03840170126267E-05
0,000613837092370694
-0,000635908534235783
5,31590307421412E-08
-4,95954033795646E-06
-8,87796639325447E-06
-0,000131040087137429
-0,000302989382453863
-8,77939184579851E-05
0,000138507267808353
-4,77028877300198E-05
-2,13352942914616E-05
4,31302515474846E-05
0,000901501400286278
-0,000703022125759183
7,20006179420383E-05
0,00646615524132188
-0,00136981420396819
0,000983343843573974
-0,000270557266981788
-2,28814694636466E-05
-0,0226889431389017
0,000245922488856683
-0,000129571193018599
-0,000381503606643043
-0,000565170429752928
0,00226329688536717
-0,00164954921901736
-0,0616137361577741
0,000176096053628863
0,188259832323334
0,0181285817638837
-0,113249223277684
0,000965348590167934
0,00179138390145641
0,0211623412848148
0,0766084712475222
-0,10514376292909
-0,0122976859486105
0,041036645427144
-0,00448060096955656
-0,025975258536114
0,0693297574461833
0,0931497688855801
-0,0271454857434359
0,00401485481507075
0,35092272952554
0,060077202944889
-0,165078220873673
-0,411038815758743
0,0790777725742865
0,0192513774498019
0,106648485956863
0,475117111404505
-0,172913141286
-0,557405984700478
0,0730465259135265
-0,0162846378904642
1,69853385269907E-12
2,37096425614273E-09
-3,1048944345395E-07
6,36522594717374E-08
8,09541149672253E-07
-0,000316731607221665
-1,89347661774326E-05
0,000580704989642885
-3,1797752030387E-06
1,31299929321632E-05
-0,000733223010295852
-0,00380542528875514
-0,0435260445110272
-0,000123180648356986
0,000613291297379272
-9,29428519617774E-06
0,000333050773128403
-0,00100354866362665
-0,000145761261016579
0,0618636782971616
1,33520174469377E-05
0,000334559315143112
0,000680928855000892
-0,000450138805032263
-0,000246979541925572
0,000501664394055337
0,00236905530468252
0,000739078047099968
-0,0018728911494721
-0,00148125000039811
-0,000183609561494418
0,00108456402939539
-0,00371325007772512
-0,0040753440939792
-0,00121121771735003
0,000252901638931171
0,0109185665708994
0,00115971256375865
-0,00637160225061516
-0,00240817731070527
0,00818048543066958
0,000433791129902027
0,0743108578498858
8,62605293892162E-05
0,0145757097775803
0,0404910285230367
-0,0053719259258622
-0,141975914837458
0,105260051218877
0,0833533397106827
-0,0351399347443547
0,0060819446849917
0,609192741345475
0,261063845308592
0,0020201844728888
-0,222002219115716
0,0180079452662126
-0,0227756908960698
-0,48668467384929
-0,444928786687533
0,0594832660745568
0,139126592575561
-0,00123422141963697
0,000245543962309462
4,16959116762596E-08
2,8523929757899E-06
-1,10697807356544E-07
1,78102894570912E-07
7,79898451341937E-07
-1,84791075918816E-08
-6,86734194177244E-08
1,89525892998068E-06
-0,00123524455751785
-2,41549100448206E-07
-0,00090883355184737
-2,83384405927812E-06
-3,94862639445918E-05
-0,000310202364621249
-1,67873784817225E-05
0,000120407080435658
-0,0279412537706415
-0,000141068911306461
-0,000489485879426794
0,000302101285633276
-0,000765485375153647
-4,50038382247011E-05
0,00194839225896779
0,00179558008141078
0,000643888107724705
-0,00751420555575353
0,000369897216688253
-0,0243332819349247
-0,0046806043574484
0,018130668729403
-0,000718515122843911
-0,000424786455326027
-0,000829307464209219
0,00221517461943321
-0,0680797092114944
0,000125688740055932
0,208759176211646
0,0335026912646402
0,038823600732461
0,00288685257022109
-0,0338569804926516
-0,235097159192397
-0,000724005619235104
-0,0263251218724187
-0,00602564559128223
0,0259660762536203
0,000624655852183004
-0,00236946352301523
0,0445229824947605
0,10823257955475
-0,029003092758069
-0,0607026739969953
0,173872994916716
-0,616627404416429
0,0789901478173813
0,264694330404883
-0,0134937252107522
-0,319705654360412
-0,433266623073003
0,29795523321027
0,0112200483103694
0,0742425279657864
0,00265403141606568
-0,000472409097988021
1,03979436248884E-12
7,82197461270553E-10
-2,98501797737119E-07
2,4082791536401E-08
7,07445582015333E-07
-2,69200942412061E-06
-1,84263378663405E-05
0,000555120046320354
-2,24724684089723E-06
-0,000386029456608248
-0,000633927128970784
-1,224458341408E-05
-0,000192124928930837
-2,98703081368731E-06
-5,55503838203954E-05
3,91914912190192E-05
0,000115746467635181
-0,000915769595609976
2,49346929954636E-06
0,0544361168364145
-0,00014516715337247
0,000188152721821719
0,00378423468368042
-0,000368301010718092
-0,000104090152344245
-0,00624840265847675
0,000768598436899248
0,000710650731348969
0,00112787057385002
-0,00135805767793182
-0,021871127896449
0,00122618116464109
-0,00482842239911361
-0,00305496065737095
-0,00370613013043174
-0,000325106881625803
0,022892630346513
0,00324364076241533
-0,00136336948325186
0,00200946570748631
0,0192804646027408
-0,00877653707810818
0,0521741316500615
0,0581853379150578
-0,06659023534019
0,308832059007032
0,00205425753945478
-0,0293122171563451
0,369758122563774
0,14921354320408
-0,0544275597050969
-0,000453060747498172
0,245064393971892
-0,208562782009396
-0,0333964654159355
-0,202528868957709
0,00270548019466355
-0,0193968336854971
0,534855496540991
0,0799149281068244
0,130892647542625
0,51071979797788
-0,0994397425294304
0,0186064276328036
2,14679487126222E-13
1,48524653226009E-06
-1,81452876907433E-07
4,57418464685756E-09
1,19933389851586E-06
5,683448543319E-11
2,35920400142513E-10
1,01145248169166E-09
-1,48137227223474E-06
-1,05545449831827E-08
-0,000732096596269937
1,16575079221087E-07
4,5764561566389E-08
-6,25807681589335E-07
-3,04758296033652E-08
2,03598127973032E-06
-1,61085299641149E-05
7,79832014901152E-05
6,61476976509909E-07
-9,88278770797486E-05
-3,30015480174867E-06
4,37049369650681E-05
1,04766524650203E-05
8,5800666428647E-05
6,82525271346922E-06
-9,44850633579254E-05
-0,000251855065849576
-0,000374149193047174
0,000286837200505211
0,000347447676951663
-0,000761724835756667
-0,00627783679097099
-0,00135888035742097
0,000402303726327929
-0,00260082614313715
2,40578797261191E-05
0,0179599280707945
0,00294949372187622
0,00541305688519718
0,00932288695059176
-0,0384637336560381
-0,194681252214532
0,000679040706832376
0,0083306009318023
0,00959519536539745
0,00463458632305124
-0,00116380083377196
0,000634255290562234
-0,0107932883490609
-0,0280202469461579
0,0322359551432999
0,518646461300532
0,00451783845484565
0,00248498183701393
-0,00678238308574141
-0,00355163521116148
0,0297992899082976
0,0127411986131008
0,021597549908561
-0,0351684832755154
-0,702690261337816
0,245149429868611
0,333838752228689
-0,14437264285492
3,68075980280367E-14
3,40335659888237E-09
-4,02798976560284E-11
4,82603047100906E-07
1,47865519260839E-08
-2,99625591805772E-08
-1,35331145962357E-08
5,37704697814124E-07
-2,70290279230429E-08
-4,67200968881352E-09
-4,48364319516513E-07
-0,000935793292097369
0,000103122900768526
-0,000999602096649772
-8,71253583020923E-07
-1,11598280421109E-06
3,55946494149315E-08
-8,10632221115801E-05
1,25026854999125E-05
4,55827508296964E-06
8,85579409760824E-07
-2,09201585173859E-05
2,2729822391241E-06
-8,19475339263384E-07
0,00019609364438583
-0,000526594609703775
8,742645843846E-06
-4,32569072072834E-05
-2,22234464509733E-05
6,62025499122887E-06
4,55913469699494E-05
-0,000438703579845597
0,00173486845988163
0,000473770532611416
-0,007168334537812
5,32929200338981E-05
-0,00482850577957663
-0,000752659658433905
-0,000649722320490651
0,000614161615262513
0,000503625114264828
-0,000708281411914355
0,000397780922830575
0,00216617277834866
0,00175482002421431
-0,00409501447731754
-1,4433411872866E-05
0,00134770110630524
0,0315320470784814
-0,0797442871429446
0,00312937717841492
-0,00646714785113143
0,0277073971999011
-0,0679028890885709
0,00179543224238369
0,0114509498739316
0,0111259483132641
0,866173649288247
-0,280547526026343
0,322865788982144
0,0464097741948243
0,223121840315652
-0,0405956351411404
0,00762200687747271
1,73945020729138E-13
2,28803360751015E-10
-5,35941850076963E-11
2,16592048063452E-07
3,15640154940418E-10
-1,27783812456903E-08
-4,98395423908287E-09
2,09524672824458E-07
-1,05866207522761E-06
-2,48558206623064E-07
-1,99515243676773E-06
-0,000442462077117119
4,84637424419387E-05
-0,000473958828359396
-5,40041279781127E-07
-6,73111660754999E-09
-8,62683797387793E-05
-1,47412252243197E-05
1,09560547197027E-06
0,000181819913520347
-0,000123053558422925
-4,74186068697397E-06
2,59907100054661E-05
1,31277287013895E-05
1,64939884043009E-05
-0,0071521012372231
0,000103582240491373
-0,00041421891418669
-0,000117680013775979
0,00034025659400018
-0,000146662507588725
0,000621214883071757
-0,0032299054130267
0,000127568478512319
-0,00462788767276416
-0,00020522792257197
0,0211312716613938
0,00346272268167119
0,00543330134561711
-8,19031147026548E-06
0,000353842546923416
-0,0107463049770817
-0,00536941232424601
0,0792399278199538
-0,00171852095951323
0,0245019613930925
0,000117601195584696
-0,00298691746245817
0,0580300753657543
0,0679062324829245
-0,0237128853583984
-0,0234954772112518
0,173554645515619
-0,508321090280027
0,0482974419495634
0,159757095640961
-0,015360565695747
0,352658300577265
0,239623542959624
-0,534561446242535
-0,0776741782702313
-0,427666671180876
0,0994165133463454
-0,0183724481685087
8,44801914971272E-12
7,30412689296087E-09
-1,6132465590474E-08
1,95473741826888E-06
3,25541040613243E-08
-2,94779922818071E-07
-4,58660923434228E-07
1,3357201678867E-05
-2,47444353041317E-07
-4,62669158741056E-05
-2,99841342089393E-06
-9,53901005047711E-06
-0,000143491778516558
1,19989755294535E-06
2,27467211968869E-06
2,92153950952766E-06
-9,06898953842651E-05
-0,000313559004082293
0,000259764997719333
0,000538954271552539
5,46034545723643E-06
-0,000112784142577722
-8,58768306292556E-05
6,74956102270951E-05
7,1008821620582E-05
-0,0801129928316123
-0,0185614189480059
9,18677464298706E-05
0,0199099068278024
-0,000166620412482592
-0,00901702945650084
0,00331209815175853
-0,0164640561696673
0,0126962058823072
0,000419687084885054
0,000572842841779238
-0,00173144526461031
0,000282580017922869
0,00132432906121515
0,110771058577654
-0,170984123565225
0,0274324077112337
0,00510851420711077
-0,00479663459006446
0,101212687101336
0,0592572449777273
-0,00638649509802383
0,00214046105659921
-0,0206480372152049
-0,00283851075516229
0,0103526824419171
-0,0104195646587068
-0,00618058342231877
0,0215157930958561
0,00315222102960102
-0,011911781709027
-0,000764899282957251
-0,00191930820940793
0,0207445753203688
0,053149272783585
0,440904244099143
0,0335303602448155
0,843396235405811
-0,157485607093075
5,52911853320311E-09
1,71220798057512E-09
-3,09365936391394E-08
-1,51556277222097E-09
1,850194765399E-08
-1,27085629506545E-09
-1,08590136939512E-09
6,22308182037341E-08
-1,86534824981134E-05
-1,1404137401297E-09
-3,29880183368383E-06
-0,000113723342480508
-0,00189176139507465
-2,53788873999671E-06
-0,0478762457247589
3,49975109034506E-05
9,75204410522789E-06
-4,69190695721308E-05
-7,35314089775153E-06
0,00092163393648532
0,000158259603639898
-7,81751415554329E-07
-0,00610448040142416
-1,47530874269638E-05
-8,74889085639792E-06
-0,000113207210226251
-0,00426409878148953
-0,000592887419843249
-0,000373335804847423
0,000642037117812682
-0,000432462090378974
-0,000254480605016242
0,00143624020005994
0,00101702504562876
0,00055908745755356
4,15692064357117E-05
-6,2163455112852E-05
5,86512309853442E-05
0,00034339195334486
0,0350942117839662
-0,0658184719229146
0,0107099219988306
-0,0112804243971751
0,00267863179515211
-0,177414305883525
-0,136008764991806
-0,00438140755546023
-0,00928601280580929
0,127221315761491
0,0722135958073366
0,341001048425663
-0,0121048303814096
-0,00387427897060526
0,00531567331466042
-0,000737032001160446
0,00258901311891145
0,00957377050310921
0,000690616108813417
-0,00429957520570424
-0,00273235173436328
-0,0707731531859708
0,0223571572461784
0,209984053796717
0,86841919832346
