0,999476732519724
-0,000123775849509434
0,000305493722892931
-0,00337936200715846
-0,000366136563933348
6,99698940313133E-05
0,00052397146158461
0,00308035332327242
0,0118042690215983
-0,00196377573015412
0,00120069843484507
-0,000799281898306197
-0,000650855869164213
-0,00199848889057316
-0,00220730689422152
-0,00495937275422676
-0,00348214197464528
0,00399580585757422
0,000678886457836409
-0,000476211699375844
-0,0117212898810884
0,00262763109264256
-0,00327271755691641
-0,00255936744287535
-0,00418167697419397
-0,00455186510538627
0,00319125187317834
-0,00299284953708555
-0,00176741527785585
0,000189956329873603
0,00778472721227155
-0,00244608566050677
-0,00395627516176773
-0,00407206195421708
0,000414927807129125
-0,00605019808713727
-0,00380840050630771
-0,00663213376901837
-0,00158731729294967
-0,00133362721940447
0,00397263223391279
-0,00136873708653021
0,000599970094795242
0,00198490612583098
-0,00595776199072086
-0,00284070783631233
0,00568342717552107
-0,00342970136456701
-0,00581738923682719
0,0048371499156272
0,000477381368417666
-0,00377690067072474
-0,00704689055649662
0,00173104991456318
0,00754090483552785
-0,00693925769905209
-0,00423606106820247
0,000722214954001278
-0,0030298738279396
0,00066620297378911
0,00406205692841793
-0,00347854514030048
-0,000495607832362667
-0,000719076404524048
2,31665582648602E-06
0,985572503980687
0,00132021494028699
-0,0206821845751251
-0,00138515927856866
0,00113449836021866
0,00222635486373806
0,0146040065013953
0,0407872308665191
0,00401757007618085
0,0266322069414419
-0,0176964834662933
0,0161629938082953
0,0410683655582373
-0,00970236985228008
0,00804959991003082
0,0388422148523964
-0,00740216253291058
-0,00301274912054371
0,00581087477720216
0,00756869231666481
-0,0203964958584373
0,0307854012692947
0,0430664233537993
-0,00558989060793145
0,0242729485431575
-0,00230328809404059
0,0475537605931865
0,0177192197832178
0,0533526556149415
0,029853921176555
-0,0220305152380088
0,00777182701545965
-0,015729935350179
-0,00817139393526359
-0,0213566924541401
-0,0251280820404393
-0,0222470510608819
0,0105675351267654
0,00560467893397752
-0,0426227449715431
-0,0382995381381234
-0,0104921688815237
-0,0221959046576001
0,0175017304078773
-0,00340213974871398
-0,0108904267843904
0,0118920532627864
0,00461086164949779
-0,0202742034780664
-0,0107444604240038
0,00728250840565233
0,0211382410309866
0,00582722236135928
0,0469465201223349
-0,0171639286304338
0,0134435768380256
0,0150498706547206
0,00716934669575522
0,00169931028120334
-0,00685063012026866
0,000706407571087131
0,0146495943333539
-0,00355151237930298
5,05837586896012E-06
0,000381132608451245
-0,991549954936935
-0,045212684986152
-0,0898129712410421
0,00891040730107185
0,0149917866894048
-0,00194074326315526
0,0149746488140225
0,0225337862137897
-0,0563797399459081
0,0182915311847144
0,00811285401428105
0,0274410702344584
0,00195660888843917
0,00104899711138674
-0,00683212971779226
0,012072757490097
-0,00197174125439264
-0,0127361251571242
-0,00338710422168479
0,000514548936726392
-0,0104813323195227
0,00808466716723122
0,00220527846678019
0,00340933754756813
-0,0203652374257073
0,00343827843727285
-0,00236666893431762
-2,57250665998035E-05
0,00787446797523454
0,00164431034794165
-0,0106851063445977
0,00724702215124037
0,00538651580933829
-0,00441612870886078
0,00220107483601436
0,000140247708684825
0,000309553505406093
0,00536862300859483
0,00136321086245886
0,000892406498188404
0,00118018631190278
-0,00117329600202476
0,00190343459001075
-0,00145014241115882
0,00129531281371418
0,000917909327553162
0,000463072087321294
0,00064859747598654
0,00157825877756023
0,00286746569529032
-0,00179089396175827
0,00170395138445563
-0,000338543615029366
-0,000993105331265889
-0,000623306859559082
-0,000751805490313637
0,000109670738696925
9,21586508411682E-05
-2,44323751332252E-05
1,1983210061326E-06
3,3089947789916E-07
-1,58515331633379E-09
0,00329035273866633
0,0211878589930651
-0,0255371887234783
0,938721031455749
-0,0544067667792763
0,0174341718916594
0,000357919790890089
0,0181340559894874
0,014038286793758
0,0479670354653201
-0,113749130848028
0,00698331681610878
0,0357020433996796
0,0441166394683919
-0,100814524808005
0,0559391321552611
-0,0406761864496899
0,0523662492114983
0,00295238714020078
0,00944772068065949
-0,016538325806118
0,0133333591565981
-0,0247304599747323
0,0425561824314837
-0,0102070407944554
0,0231070372205078
-0,0312731801828461
-0,0435367700134841
0,0647579315436402
0,03954580263769
-0,00792044976891279
0,0201920523793717
-0,0544853231287532
0,0333083086500054
0,00592826344257075
-0,00305380231621457
-0,0108431135117332
0,000154658032150568
0,00784661795309954
0,0675676667954478
0,0433459578953416
0,00389793819567297
0,044870287620811
0,0294682344100012
-0,00588856122796845
-0,0487879778535161
-0,0308246893437651
0,00937231078542842
0,0485616203843259
0,0418254829997106
0,12366405156467
-0,105017204892221
0,108977073393079
0,00433254559789723
0,00756934462350854
-0,00428891503121124
0,0331652794231164
-0,0493442524908811
0,0244352367742938
0,0140944665368577
0,0243363156262482
0,0205509800825039
-0,0114068872835688
-0,00446814200023052
8,21604657818188E-07
0,000503625360128859
-0,0776135786932044
0,0350210946520488
0,956018953089082
0,00122287905208546
-0,00029792353128242
0,0259978983498457
0,0558459619281046
0,0272164403927337
-0,0924680345663968
0,00667842844155839
0,0115806559840736
0,0671101781112357
0,0128533555776386
-0,003023820842862
-0,00231794182786873
0,037149486356396
-0,0173441851079433
-0,0638923270373863
-0,119659021566291
0,00796758932432235
0,0550256186235993
-0,023738380284202
-0,0751549425254707
0,00436765756932167
-0,0107264924969163
0,0137842242626136
-0,0445420340039476
-0,0142592111063227
0,0322695563557381
-0,033900796862305
-0,0255170777117255
-0,0347090778811511
0,0260142812861969
0,0284826812018271
0,0300694459173258
0,0426090886718112
0,000652917782089338
0,0629675511964022
-0,0560443938125558
0,00486865378324405
0,0239778204148346
-0,00117305794745751
0,00562539324937158
-0,0395928473502406
-0,0101726654600919
-0,00359328533800252
-0,0132841899147622
0,00549575895602008
-0,0111586027091745
0,0374179035639546
0,043344068159214
-0,00739471548369405
-0,0585889887410635
0,0513981606927174
0,0189491119012078
-0,00848688071949634
0,0196080250628565
-0,00270268809931522
-0,0162242316644938
0,0197607775420052
0,00590059631600092
0,00224788695406614
5,6995755131397E-09
4,18899271118099E-05
-0,001775386073359
0,00771324667749377
-0,000685908683437606
-0,85872552332628
0,278821101952369
0,040638826659044
-0,012945369860986
-0,0087110468697022
-0,0200436116973081
-0,142146352491845
-0,0495569301377697
-0,00333328062364077
0,0349874842880932
0,0917350693961459
0,00684462828209027
0,0525745514560024
-0,063205838866776
0,00611625950785066
-0,00778661833194809
0,0180555248618602
-0,00202456317006081
-0,0107175195022732
0,0451513963414827
-0,176192073854649
-0,0870734161462804
0,0676296776311745
-0,0201291350959162
0,0766128875587161
0,0103381973637195
-0,00704883722074592
-0,0404016318679467
0,0733519301348484
0,0810950263701768
-0,057478108672366
0,0854097628210376
0,00858230806068454
0,064896090152202
-0,000886361672671108
-0,0223941203423414
0,0274349932745032
-0,00994102102183282
0,0436299164525484
0,0423753410856819
0,0307476019961799
0,0858139798864624
0,0946332025031491
-0,0183272738297546
0,000610819737671554
0,0486365940135276
-0,00742528060830743
0,0357951685681024
-0,0627123180481883
-0,0793547953317872
-0,142949287473606
-0,00967941347738151
0,0502970764466868
0,0227440695488278
0,0093779177463988
-0,0298243451703404
-0,0360064854518853
-0,00195546245044191
-0,0157248498236634
2,08053727693066E-08
1,70291708371726E-05
-0,0185456730812941
-0,000956804502466001
-0,00506561635618248
-0,188140392521153
-0,696036147697092
0,622035930714248
-0,167936085686708
-0,119573369852091
0,00867922948426966
0,00772977226206936
-0,0206729616669799
0,0123750434921939
-0,0266342526621257
-0,029155050404686
-0,0291756425508045
-0,025593019258859
-0,00499214944651207
0,0205058269950069
-0,0224766517185936
-0,00511467278470702
0,00345204923903937
0,0135202851638738
-0,00928509503316649
-0,0289726782834541
-0,028565778272292
-0,0135275921256474
0,0114396460178987
0,00384337441900117
0,0219587832874299
-0,00545448903953554
-0,0269331870941612
-0,0240426084529787
-0,00264606476978396
0,0130967615715813
-0,0356226183139358
-0,0185523677762139
0,0434747677438789
-0,017418135379409
0,0205535894934566
0,0152734126116497
-0,0239968781684803
0,00536289849503598
0,0281076082049982
-0,0239400289854477
0,0347907170410891
0,0113931934211409
0,0246902847653116
-0,069165798670967
0,00498494764194632
-0,0573624762140376
-0,0104003068860996
-0,103705564174419
-0,00932288197730304
0,0707771289670982
0,00148338494209704
0,0609904254662158
-0,0370445098642489
-0,05249922966493
-0,0249837765284615
0,00488962007885079
-0,00319135954188146
-0,0193190769925685
2,07143115086512E-08
0,000125148525569011
-0,00178375386739112
0,00201180555953995
-0,000492139735452665
-0,196601296641698
-0,598937209140109
-0,58363903122223
0,242752867773427
0,246327075193785
-0,0113665287572885
-0,00286835541775762
-0,100070223950087
-0,0479509329634423
-0,00753030243139105
0,00902560165414218
0,126363960581337
0,103618973797644
0,0788441203458555
0,0435559410316317
0,0312670343452987
0,011733886757917
0,00177599700104017
-0,00510183701757161
-0,0217895915316793
-0,0290779556633347
0,00225417112502619
0,0271335254022761
-0,0139183304112051
0,0247904182276416
0,0231467693370448
0,0245131093544461
0,00165605241695134
0,0449475172456817
0,0413585207706224
8,01406718238308E-05
0,0468623219610021
-0,00579428887096806
0,0744622188064027
-0,018922220633129
-0,0296666686202341
-0,000815610386571019
0,0193669675797827
-0,0226608182625066
-0,170067457822352
0,00582644822591251
0,0444466327299329
0,00486611253531108
0,0897439545756992
-0,0705465641377749
-0,0258849547626731
0,00586367911417631
-0,0020499805656366
0,12098952717409
-0,0730408919211438
-0,0534180622361701
0,0238343482845898
-0,0295903465160539
-0,00167400006798155
0,0408440185562843
0,0240567767777272
0,0599878189150257
-0,00942157264669815
-0,0357423018892638
6,54827603657277E-05
0,00275783192493893
-0,00121299142471487
8,89136579089283E-05
0,00823128682605885
-0,00326813360759115
-0,0103573162115525
-0,156117360718067
-0,719979214827362
0,319490107330942
0,0571963984260199
0,0215213892008181
-0,0501788100123313
0,296860135458777
-0,0584554473822603
0,0435434588964321
0,189411048345062
-0,0769893349615883
-0,0181860787643751
-0,046640040407299
-0,257493966811213
0,0203330616783174
0,0497260418544402
0,0288053390050905
-0,102282387670313
-0,0887921860695325
0,0452608934209109
-0,0385364238355047
-0,0433155077797875
0,00831804129721437
0,0635913092356936
-0,0179689419790935
-0,0101798935807991
-0,027603182120528
-0,0185116424165173
-0,138004450987564
-0,0907710706355949
-0,132445285502731
-0,0318969871184802
-0,0155819616274473
-0,0269463804760472
-0,0525233046018459
0,0570725821876546
-0,0295392998358639
-0,0511947271559626
-0,00975173024178774
0,0612712181594419
-0,0403013681917862
-0,0560617955486768
0,0522385035570222
0,0247433474372342
-0,101600698823485
-0,113466815111017
0,0362937551413179
0,0590691657136179
-0,0709382383353356
-0,0622624130497242
0,0228951500477465
-0,0347537933228645
0,00350552802586632
0,0451119340632382
-0,0486073842212929
-0,0142562707523598
-0,0055475321787004
1,5035924513284E-09
0,000491828168341712
-0,000433003385021069
0,00189054698209383
0,00390606190211573
-0,186410697605392
0,0397439901956619
-0,0322796395934708
0,0166386596916981
-0,0222025037256735
0,203480270625318
0,761162301313568
0,155702504702302
0,0146379223334892
-0,125209904426335
-0,0126483876294263
-0,0633353277663492
-0,0160916375853999
0,0214208516340247
0,0420992859081564
0,0894274563254082
0,0588779116344539
0,0477503603560615
-0,133462711729184
-0,340452092919304
0,114383699955941
-0,123339685072941
-0,125384166663642
0,150734472923166
0,101399282680325
-0,02140176850455
-0,0993116544677649
0,0333977235741443
-0,0111974518532305
-0,0491526954220953
0,0112601806818288
-0,0209557817276984
0,0183740146294664
0,00566326216334628
-0,0484448422984915
0,0132191464603918
-0,0273035794261749
-0,0288426604570134
0,0379226517808772
-0,0240203216521134
-0,016547157526629
-0,0824237368958656
0,0302031942527108
-0,0360863799323254
0,0419640868507148
-0,106064534212397
-0,0430920192149075
-0,0462332336928195
0,0550695797365815
-0,0228102223140099
0,0241183160788497
0,0190985509156538
0,0928755218858917
0,0781099949112538
-0,0143093262301971
-0,042836215811347
-0,0279044072160217
0,0188963753633944
0,00844028540720521
1,08532064463024E-05
0,000117640459054215
-0,044334224221817
0,01044942228877
0,107445984134207
0,00111788544004448
-0,00321819740864039
-0,0520122024398589
-0,159154689101921
-0,0263488341877929
0,432253362991779
-0,214215077271534
0,197568821614763
-0,403054558472877
-0,299293007225507
0,0856491532891999
0,0523152475521688
0,0280718813122586
0,161659179549156
0,110062000900369
0,105634162170929
-0,0191451777316327
-0,196707710347037
0,137422485599713
-0,00751310697794099
0,0645631537892603
-0,199942182700461
-0,0611986378124187
0,142480703564197
-0,0603417147097401
0,162665493948598
0,0176874026911131
-0,017689632366461
-0,0921793754167739
0,0269129866259639
-0,119806072294542
0,0203160146403857
-0,0575781221367171
0,002197423400127
0,20268189120846
0,0442792186084086
0,0661293453347498
0,0264272590310279
0,0129011764753923
-0,0193861342152525
0,101288107892176
-0,0307474905373989
-0,016132277107309
-0,0461597256604225
0,0405524197442705
-0,0451437409107104
0,0671051836818274
0,0668634496986859
-0,00494820583628955
-0,00548777040475671
-0,000588235959255074
-0,0699339025403846
0,049757809443425
-0,142913617241241
0,0407600275190622
-0,0623624121260889
0,029863365267531
-0,270795659115206
0,0826222944597221
1,69665468707127E-08
4,10025319011637E-05
-4,05533164199013E-05
0,00166642694906963
-1,68013958482954E-05
-0,00366828049388581
-0,00601629089299419
-0,0404049958069342
-0,038807202862298
-0,172701768899952
-0,14241492306197
0,0119105324770092
0,200983538776005
-0,106144132513248
-0,0821207729561027
-0,353288855583654
0,482823477975556
0,0695636651601414
-0,491381863910682
0,159338556469959
-0,011622813625373
0,443096537317708
-0,0355165886852459
0,0508530410072141
0,0472187566881636
-0,00806201716105352
-0,0154257208748336
-0,00966899822568472
0,0217673446916867
0,0103733299988831
0,00216538759326154
0,0238074727611449
-0,0267324329440958
0,0149539749555467
-0,120485185332503
-0,014007949380833
0,12568750787339
0,0120400091429914
0,0515275730877095
0,00485524286011079
0,0321040048555624
0,00188447495717825
0,0249718615424201
-0,0401584793743163
0,0334648405315438
-0,0517672705591631
-0,0574177410508219
-0,0947816550567158
0,0251808619175032
-0,00972167548751743
-0,00647816932888669
0,00368402553503554
0,00265260719566954
-0,00371271599519691
-0,00253629956188047
-0,00266694644201915
0,000267791604056178
0,00121568190164326
3,72837696566172E-05
0,000264211613127072
7,72385300691864E-05
-2,39860193457836E-06
-7,72066437042639E-08
1,62902353291332E-09
2,0237285972779E-05
0,00255273749869157
-0,000202030033351607
-0,000214319768379068
0,0017704607565278
-0,00664936367750829
-0,0215349373309046
-0,130017136793988
-0,180163760554526
-0,394207141282127
-0,32103540192126
0,0924842220640782
0,0123395448897211
-0,281679026363903
0,00131727872837801
0,120493858622229
0,153563497894707
0,102119830660207
-0,0318769812368423
0,0415695606593123
-0,0123812211277969
-0,455272834639572
0,0830885918530155
-0,000171126945563091
-0,0701827147515258
0,022473393277556
0,0136577180761072
0,00120562142488741
-0,0162601362488581
-0,0671052357772025
-0,0459008723704491
-0,22935367250169
-0,149091162481325
-0,112963688739781
0,0708680653330505
0,141879624220376
-0,024008177397735
-0,00645073398022766
0,106242249306429
0,0805103734336627
-0,0610348803161115
-0,0782610168397787
0,178973035994346
-0,0211618713163009
0,0670853744831623
-0,0575910377346834
0,0321069247542459
0,0976241379940448
0,107355715568464
-0,0791806029559386
-0,00172061818217165
-0,076021991638003
-0,140348011424166
0,111397030826609
0,135414762720039
-0,149410216704937
-0,151136503999481
0,0141737819304259
-0,0313396796703123
-0,00515032256940885
0,0706301538483285
-0,0493994469605529
-0,00894485249451425
0,0759229224331012
3,77110854826861E-06
0,000582339973059194
-0,00104118421089942
0,0566782519173924
-0,00450484386260411
-0,0263649565359942
0,00576877768897065
-0,00813368699076774
-0,00563870855831593
0,00574205547061053
-0,108183417903415
-0,0347842304006155
0,17597970576471
-0,0257472226085043
-0,101963782960218
-0,472939450550828
0,141134040281985
-0,240020360503034
0,234701987607114
-0,208042478620601
0,099656331927121
-0,0259534419953719
0,03369923178943
-0,078448051572018
0,00437002956281454
-0,0077032328981807
0,0082346610822251
-0,014390314343097
0,00551058043068752
-0,0644990315781552
-0,027619731491321
0,0143359839603959
0,126980516140973
-0,0184392984698784
0,406568356543672
0,116481460099997
-0,341150895107006
0,04597807995532
-0,142968854204195
0,0215555614670024
-0,126945179447426
0,0147922281492901
-0,0559791395237601
0,0628967912704742
-0,0532946783321609
0,0657875308387974
0,0464500684275605
-0,0314426212649031
0,0399612900274622
-0,0322646254516534
-0,0125177645473068
0,052345140591028
0,000366494732771569
-0,137740073995074
-0,131698331270931
-0,263662707114145
-0,0277765309389505
0,135517632128653
0,0640396995193769
0,0792221129481651
-0,055457272174681
-0,0713516253818332
0,0111099712114531
-0,0186204768944759
4,53021291567832E-08
0,0028132485573552
-1,07986457141071E-05
-0,000347765304725858
0,000753358919183899
-0,00176024287000303
-0,00620144760847624
-0,0457014469259628
-0,0905590140812938
-0,107575933660557
-0,17668823509825
0,0782536828990734
-0,149373255430267
-0,368089228458914
0,0212668549196378
0,0993482486347707
-0,143570080108603
-0,0714702576594529
0,146232434900225
-0,295620685854098
-0,0920426173014209
0,414137828710641
0,145814322035742
0,163760066162906
-0,0560221687846385
0,0233860658164563
0,02834461599043
0,0545427177637687
-0,0876529457029121
0,0706957496045868
0,046692069441162
0,100676042846308
0,0280316189086565
0,0256156873397066
-0,0702861008606761
-0,221205538730948
-0,146050036501856
-0,244491677653867
-0,00118524857183807
-0,152095763725029
-0,0430391316627685
-0,145374992354963
0,171456749094023
0,194585322152882
0,0983752541342442
0,0575802070922684
-0,129753257833532
0,130594682155668
0,187560390259851
-0,0796294658108434
-0,037604297549607
0,140740166582946
0,0829672022202157
0,00798205262053251
-0,00434223733334217
0,00966224139760047
-0,0013517671353467
-0,00382744832260739
-0,00910367743961434
0,0025323925500569
-0,0501834323642949
0,0613368662209239
0,037195448371228
0,0578446790129108
2,70440312212538E-05
0,00104393760317056
-0,00845909859828366
0,00543041707279709
0,205784532502871
-0,00307812913163964
-0,000592676758895754
-0,0101574047979965
-0,0565941972628797
0,0225477267263552
-0,158876364983837
0,0505311232235462
-0,103977758429416
0,0742655093327
0,0701102913528305
-0,0131981669764767
-0,0694827850302061
-0,103460191764239
-0,0315977197388827
0,171247340773552
0,524377267083783
0,0139839106119245
-0,184729576502242
0,0186843274157241
0,151054646442064
0,133624299608432
-0,0980820452893281
0,0495399670231908
0,069464126907034
0,00430532725055882
-0,0666497260396315
0,196540396882136
-0,00534150744056122
0,0652497725685369
-0,068565117920914
-0,153581105265285
-0,117271105718232
-0,190877615508613
0,0167139110258313
-0,201919298541705
0,243063247324836
-0,0217950419929169
-0,100461476220116
0,0167746033067789
-0,0323391846860041
0,181542127631149
0,0340143230083428
0,0144307843254116
0,0468641930622108
-0,0235375058899769
0,0367768760730776
-0,174840615095197
-0,18158595266322
0,0341771640017733
0,259833910094759
-0,228813650059675
-0,0852151874686817
0,0387895629990064
-0,0883006738615173
0,0125324144862622
0,0724779447341776
-0,088288764397135
-0,026363791147024
-0,0100432737106105
0,0170888723735297
0,000258459436949737
-0,00090827979956755
-0,00117291924046005
0,00512640072093081
-0,00546196528166177
-0,0219439170968996
-0,0493145573118278
-0,182444182711261
0,0661392694582734
0,0951385999355934
-0,0686553807681927
0,31181051379108
-0,0086013857975455
0,0597839496602629
0,143090175329199
-0,00737958784185192
0,0696069795499591
-0,0802728503581688
-0,3090759133462
0,108977891159265
0,0239896885487901
-0,120244380436271
-0,0472795508773885
-0,0304302465379577
0,250977454264881
-0,0468151108673672
0,294545189171281
-0,14668374325803
0,0965307087590752
-0,339113428478219
0,0349423443990304
0,0746894066202581
0,17183918438469
-0,0714318926760123
0,227054635588576
-0,0193603028949792
0,0862750375466857
0,095811517139641
0,0312497943191322
0,00276099465997452
-0,0668677574420313
-0,0283073596474502
-0,226917777715934
0,147827633721988
0,196030680285833
0,0194344863243955
0,0406926605330164
0,197610865228801
-0,146495823599991
0,0594920890786476
-0,151743257201701
0,00503938374560126
0,0425739762134616
-0,210179019665487
0,132399245178107
-0,00641597816770349
0,0440536063222386
0,0399833892307755
-0,0258840629033587
-0,0549646803769848
0,0091005833691823
-0,0288074604658416
0,0199927319913908
0,000655967602948349
0,00190224183715154
-0,0441928456464637
0,194893033636335
0,0627680116172253
0,00730476781746004
-0,000657139644389115
-0,0191978899110621
-0,029371005432122
-0,0821152482282663
0,265238533549899
0,00564572177851964
-0,100700849323304
-0,147816019448301
0,0729498166330798
0,0198295218878819
0,0794100845398391
-0,0314809632845218
-0,0322642282029496
0,0705531798198064
-0,00828597073026335
-0,0277433829266171
0,026609856694602
-0,0394814399993349
0,158992596887117
-0,13115162831081
0,0711566538169515
0,121581189871879
-0,205647297445843
-0,232740267952849
0,164045351502292
-0,225565421749806
0,452855005502594
0,198384483882178
-0,143432272565554
0,109022090655244
-0,0431975138330876
-0,0262886919084671
0,0684741471433218
-0,231583722811281
-0,0911980938073717
0,0108614590042318
-0,259966298557301
0,0495769471729186
0,0354950849126692
-0,115553351113214
-0,0200726945990284
0,0504631935214865
0,100953509803706
0,129959215384995
-0,0571650379063562
0,056623261339462
-0,229313593205498
0,10183267651559
0,0318750280751468
0,0212280043794876
-0,0448985725382523
0,19412087874872
0,0587186721853156
-0,0279103692034658
-0,0735374931452194
-0,0677238736372199
0,0331468281081889
0,0143693230174671
1,51276562576325E-05
0,0133295179695277
-0,000691492488169216
0,0355101969887397
-0,00247075094606169
-0,00799527360096506
-0,0335671208511683
-0,0428943656568983
-0,0242981583976186
0,0265214045559403
-0,0279598734139465
-0,0494574819708377
0,509203725760886
-0,0258867544288555
0,341696389708957
0,233889118744453
-0,165699482790498
-0,244554523942019
-0,228394747231161
-0,158261952871813
0,110487716511776
0,0335538177049641
0,112993322236018
-0,0711702659589007
0,0820556266091197
-0,0803727157436777
0,146165125640658
-0,278093171616424
0,155160891813565
-0,0887218750335387
0,271855602564675
0,0524282916431066
-0,0242455792961584
-0,0958180620183696
0,052109358451706
-0,0319572566051232
0,0620911539994892
-0,0295865026323472
0,153419351685133
-0,062409181501578
-0,0753017799025787
0,0522319595482061
-0,00057886428249995
0,000988628434791693
-0,235471860176651
-0,0448612444112129
0,0876319294099394
0,000399894961919765
0,0775932030297241
-0,0839795669638616
-0,0608394266182449
0,0312092007436445
-0,0614219214392643
-0,0119093042809597
-0,0144794777891489
0,00712417836075822
-0,0391708646794157
0,0154881056270886
-0,0180825919539149
0,0145213341131201
-0,00250075788915218
2,70092453920068E-05
-3,14642300211438E-06
-2,1487473841948E-08
5,15422466141802E-06
0,00010757319940549
-0,0451437235542367
0,0207730457510388
0,0447799476020231
-0,00320908485174018
-0,0166310062459606
-0,0926268376050575
-0,0579959853628323
-0,254854194781864
0,370244481561542
-0,144326004441192
-0,116819237733366
-0,0355053723312721
-0,0304661487706901
-0,0630763584006777
-0,0677554279120937
-0,231280241974637
-0,0811622173259152
0,087552576205102
0,113358743989844
0,0552309540952111
0,258335763940179
-0,274956361207116
-0,0834925813128279
0,0343720631501619
0,161745153759651
0,0762828075062785
-0,108578318105353
-0,0140893178555424
0,0354875182010646
0,0396826414602637
-0,19096392487788
0,158093163729258
0,0483356864816957
-0,0395851187466335
-0,0638124192730648
0,00860348673735262
-0,0373433580642983
0,0564783073372109
0,0968721250667899
-0,0699792226342911
0,164031672392881
0,00938591672807091
-0,00824796578508341
-0,123881626366465
0,0249220624968315
0,0111765768160263
-0,005283358244184
-0,14517734651016
0,0325439573277401
-0,244467195636277
-0,0412390348718812
-0,0444207671213263
0,0413412431745277
-0,0688101372589802
0,299100889028374
-0,204165687649836
0,290007996740521
0,0151775231627186
0,0670213998251843
0,0562996345587314
-0,0913257622088462
0,00575282620784281
1,66740404194851E-08
0,000788547911144165
-4,16418343790925E-05
0,00233121552024662
9,77430547568533E-05
-0,00534836669992243
-0,0125727917494345
-0,0346550164718521
-0,0188775011799368
0,0295502630474737
-0,047632136240478
-0,0118945136189043
0,20896297972156
-0,104933708004608
0,223781346412242
-0,0815328860216096
-0,253344723903646
-0,309243374245466
-0,026832517317182
0,48932082376197
-0,321634889590983
-0,0221876099163133
-0,0245118431609319
0,202837962931506
-0,137054751864354
-0,0835815761593047
-0,268044521177929
0,186147627941105
-0,155422165580965
0,035639526404528
-0,236726501844467
0,0185218444168541
0,033295837422252
0,0498690462277673
-0,0368635686173374
0,00771238494555687
-0,0561750124982557
0,0469323507465291
-0,147887234664508
0,0585534667548186
-0,0472646565906826
0,0369697536121731
-0,00479024070121588
0,00674439605580143
-0,212418378251479
0,010615120498774
-0,0745590689042943
0,0250656629748125
0,135607268088401
-0,0508011651396385
-0,0173325976347625
0,00495756364757095
0,0216462280146283
0,00444296992031229
0,0806559949005854
-0,058696683548812
0,0314352873864572
-0,00389491962345428
-0,0173820286645228
-0,000400791408432009
-0,00544416834008915
7,2469197486935E-06
-5,57265955917898E-05
1,04421790143888E-07
5,51635609710717E-07
0,0139559460177857
-0,00224761650020126
0,00844413250524481
0,0315752851598022
-0,0316153775578609
0,00632922082443739
-0,00721174391296772
0,0101889316609728
-0,0270965773881982
0,182643284992221
0,495209975444274
0,0869247480844096
-0,0240816564957405
0,00555685127620143
-0,0318324492185697
0,032785338762099
-0,010078815327163
0,0395763926929021
-0,0269718917519983
-0,0865309211073255
-0,0702493700346975
-0,0232843760650514
0,107733956017562
0,449372143070675
-0,11692403412172
0,164987586524218
0,17452191063872
-0,213291819137704
-0,176063183061512
0,0230684524952808
0,156436055303411
-0,0787323602170996
0,000486776095386834
0,0451252285215086
-0,0607371708211576
0,00674511651062523
-0,0272776272240363
-0,00936449943929997
0,081868774722717
0,0211333884151685
0,0469058269508922
0,068887261315945
-0,148985597921425
0,0347913787002292
0,00997222560585291
0,171676322453143
-0,0292324250671494
0,0632904495484041
-0,0708148985356511
0,244421834088281
0,106588363120099
0,137500252801079
-0,154922685214554
0,0353638662498598
-0,0593429442488319
-0,0436105384345451
-0,215662892167771
-0,181347703967104
0,0332176754188939
0,0961558170534153
0,0623572523372993
-0,0422099572079134
-0,0188592127372462
2,53564371063161E-08
0,00239730135353793
-9,02394399571446E-05
-0,00017142532922213
0,000774307645984804
-0,0140450361132319
-0,0448937004999482
-0,104425704761552
-0,0418132814178026
-0,102084860804789
-0,094699272719243
0,0325503878504261
-0,100030929854651
-0,124283687423032
-0,0567484042142139
0,0141343108703889
-0,135714193083309
-0,0456738799685942
-0,0489121971062172
-0,146385057994981
-0,119426898990458
0,0256997952767867
-0,181856975234689
-0,0910669104060073
0,0106263462077693
-0,0501506408188541
-0,0355892620660219
-0,0340780717365279
0,0637272045797054
-0,0766780315735186
-0,0397380760567767
0,151392960577005
0,0949598466270434
-0,0413967412272955
0,0192212747434087
-0,0693959529341676
-0,00156485049002021
0,0173320383790321
0,176438303701267
-0,0228685757482692
-0,36386929389973
0,224662689003017
-0,107606812378369
-0,415475522772407
0,0422219104983092
0,0103352578024242
-0,340584943145193
0,0384823396830645
-0,249713936968256
0,0262627707028249
0,00141614848003855
-0,197691587293158
-0,00751669228211944
-0,157078999080782
0,219677926612941
-0,0965218619054042
0,230029717922357
0,00890994871619753
-0,0154592291336537
0,0196264977051573
-0,0394001180877803
-0,0191306384963702
-0,032064449053004
-0,142768288772393
1,22928877167396E-05
5,19056191798671E-05
-0,00124153353838919
0,000399470681238838
0,00614197457551111
-0,000519884266956069
-0,00252116253599043
-0,0249796482135568
-0,109532811178197
0,0422241279187661
0,102894357814178
-0,0507766469159319
0,105961416205547
-0,0618347733357198
-0,0697099983493752
0,0365277420284138
0,0160962805715005
0,061398548648799
0,0220232164114866
-0,079413329986091
0,0258199925409454
-0,00035278521186512
-0,142745523350136
0,0864458435266438
-0,0188136681504145
0,159448296127333
-0,171132933290918
0,184445693983422
-0,0536539910140097
0,0206359230771015
-0,0439260369973938
0,121558282690131
-0,208732516393684
-0,162544836237581
0,036818230634563
0,215291066519617
-0,0370477774305273
0,0451266503155963
0,228215734549201
-0,274571852534995
-0,0182258373329439
0,00944497788702411
-0,144083472295903
0,281322759176419
-0,0840104068117121
-0,381308403114603
-0,0284638844288949
0,0421748491176965
-0,105816149438478
0,101255520281112
-0,0237490614584712
0,189582631788371
-0,119085999122768
-0,171926322198818
0,0338675159797759
-0,0889227163057943
0,0752840803552166
-0,272284960133751
0,0479928846623966
-0,0124494206242315
0,150769202838232
0,00674565291822447
0,271733007766958
-0,0955697728293593
4,43703469058376E-09
6,86010934948226E-05
-0,0135694391721837
0,00204749330187886
-0,00259647924562542
-0,285448698496236
0,0144090956810309
-0,0170433349869288
0,0102015595592433
0,0195203353792374
-0,00918880452096676
-0,0557709229209952
-0,0368215703405121
-0,00157707515540808
0,0251193402810677
-0,0102597382556591
-0,00821531850609959
0,00848952578975887
0,00126468989055589
0,0876213438358331
-0,121187632267436
-0,000425679170064324
-0,000190680880875924
0,106830428274901
0,0488100351929642
0,560657901960481
0,324738524367994
-0,167896839742078
0,020623140028064
-0,275715274525854
-0,00667992227774969
0,105336916374313
0,126993026077347
-0,236522670914895
-0,329626668644569
0,202516866735063
-0,184359749082363
0,0283370979086718
-0,19112408575696
0,0811343575588383
-0,0398360524429266
-0,0631777121800599
0,0439716554486157
0,0287906382352234
-0,100642221403983
0,0608940247513503
-0,0626385008977626
-0,0385013827577799
-0,0273701788867227
0,00491553421505999
0,0310361063915345
-0,000364395826422428
-0,00384840018933327
-0,0432472635056207
0,0483021910492185
-0,00105172240473633
0,0464225939946908
-0,0117942787053768
0,0339632472360741
0,0481730317204786
0,0278444000333961
-0,00527295344637604
0,00337570121125287
0,020548981969327
2,81283501246468E-07
6,00144213449807E-05
-0,00069827534738095
0,00448138508961144
0,000857336770552168
8,04416206197953E-05
-0,000851655833469052
-0,00932702266787626
-0,0232460465647673
-0,0190266439230828
0,0567229068632794
-3,01539793267096E-05
-0,0373330898916795
-0,00696100551551279
0,164239989376804
-0,125007569135596
-0,0400403549757527
0,132543518841362
-0,0128458514015289
-0,056849801088062
0,0171546321169545
-0,0286439573109899
0,0389652428007351
0,0903587134870388
-0,075896215865553
-0,0522103578044981
-0,0295169111186245
0,117333494971564
0,283800700538983
-0,0649656357733857
-0,0292736411357516
0,0910784012450657
0,0461455629961438
-0,167262579669718
0,0223349607130896
-0,0559999760976584
0,0225850530203262
-0,00361871426993363
-0,0276812933271526
0,0971840254879803
0,0323654600073952
-0,0605586712856017
0,125352692468063
-0,102770590733933
0,0159142826530965
0,0393644994541206
0,0962877830313534
0,0123363658730263
0,271079484899217
0,332301742753116
0,165245779469989
0,130888154035864
-0,296130372153641
-0,0424517589580117
0,0419537816854633
-0,0347086480579777
0,0518444781851963
-0,0825139830857771
0,214628500810485
-0,311583089641856
-0,273739068364695
0,173772317731119
-0,11345516852753
-0,350963670353593
2,17669122517747E-08
2,83487898480386E-05
-8,41398090442235E-05
0,000303802312789595
0,000386916481680033
-0,00246172454377517
-0,00842329679320068
-0,0494144417431239
-0,0398229269151781
-0,215126728555226
-0,0406787769277238
-0,015964450569558
0,121099145980853
0,159815030822289
0,0734775635864398
0,0462748754697476
0,0583872922117437
0,168405195250552
0,292941945531681
0,136094596711222
-0,0168697245927524
0,128081504418614
-0,0589387731886675
-0,0101698428911479
-0,0255947441995017
-0,0406612711891316
0,0373591599357504
-0,0092882959917049
-0,0261293330607187
-0,0355443812775091
0,0465923519813841
-0,00392584283802301
-0,0114238514317495
0,021217785328372
-0,0217192724615721
0,00888041907775942
-0,011812956108771
-0,14450336024949
0,044896970632197
-0,0965377145102833
-0,137129196677644
0,0977586080986527
-0,182766526823229
-0,0232263115147393
-0,0948293414136527
0,151381134682095
-0,0549239856124734
-0,09845760266614
-0,0758697210767366
-0,113003379739541
0,00101256634745773
-0,030496441045373
0,164133249024319
-0,0833571281708944
0,0029173030786945
-0,0158272585040336
-0,332502027469308
-0,214500045576526
0,430818212983748
-0,39029355607564
0,0477588739061229
0,0297161738526697
-0,104016457956663
0,182111026035074
1,50512633336408E-05
0,0638353242479663
-0,000219044626374788
-0,00283823022718679
0,0113712517740756
-0,00326269424825949
-0,008700725455951
-0,0734430053002302
-0,214404263836196
-0,0185339977956241
-0,179071858901408
0,071396329571254
-0,133498267988816
-0,223053484482405
0,0832039956901592
-0,0908092330264524
-0,270438268503316
-0,0298771816119017
0,0230658382747026
0,162748856790066
0,10349586055017
0,118434013361389
-0,335919638488529
-0,274796341240621
0,180448102856031
0,0127546303418497
0,0510817928239694
0,0165219976982114
0,0273006111058204
0,213263480313924
0,0563651677624234
-0,0509990980002862
0,0494819495673075
0,00764959251952781
-0,0581635187417565
0,0614643384111563
-0,074971690872272
0,0123394941920325
-0,00446697820424938
0,150428683167339
-0,187640302800146
-0,0798372642727937
0,12387581532733
0,0142374970129511
-0,0442230193939318
-0,185728118089992
0,291715138309637
-0,195826269273565
-0,166704639034774
0,142060791145244
0,0422016754173506
-0,000945351938052474
-0,0193444316247124
0,0339225257368369
-0,280558185235316
0,177155102888879
-0,0578104918199808
-0,00575185914640298
0,0455185079065538
-0,0110528798822016
0,0165086973766442
-8,2999934241132E-05
0,000186916266215052
-3,39314839757756E-07
6,85955036488355E-06
0,000175595213638805
-0,000122142419901201
0,000972644115109752
0,000528944485048718
-0,00630909232794625
-0,0225626191446949
-0,078606740744319
-0,0757483940904611
-0,286664258861325
-0,104205794840939
-0,00954691178734129
0,248946862999882
0,0794374320745974
0,118615182417125
0,111788480476587
0,127747265878394
0,197995070458559
0,141055826864983
0,0426368881637646
0,0198491913987143
-0,115643616491222
-0,0677951042347408
-0,0616879004010909
-0,102986569860288
0,00872531770116309
0,122561237679769
0,050326364151346
-0,0960643327851815
0,0609968650806228
0,0134114358657535
0,0615744923154575
0,134318202409649
0,0802698345136967
-0,0524907305182935
-0,224342508742458
-0,0385810968580493
-0,100790912223546
-0,275890768318094
-0,031673181000784
0,053636330114328
0,0956409560750252
-0,160468523245173
0,232324477629977
0,0404921561422815
-0,0901792956763289
0,0165931314459298
-0,0657603624198987
-0,156893934593365
-0,0881348466321162
-0,0371347589852978
-0,0705142954612189
0,0674875255719592
0,049621626921551
-0,114781525602593
0,00288920519029879
0,226800924128397
-0,0582193990429238
-0,227641152714408
0,067778948920663
-0,188310824343537
0,134466196473943
-0,00997802212156853
-0,398395013723853
7,57056862673882E-06
0,123320154309503
0,000177154047513757
-0,00649922150778226
0,00111106839912847
-0,00146281990648896
-0,00598635856833595
-0,0548103572155273
-0,159202882524011
-0,0391353814657142
-0,129642232943763
0,0510163528095301
-0,139255957319733
-0,178645425229372
-0,00494229821478183
0,0573531660371892
-0,0540031046381961
-0,0572770093443846
0,0491096749687409
-0,114212213046577
-0,162344540137401
0,135390891388537
-0,194039766377259
-0,240023198358683
-0,137701757249581
-0,140727776944695
0,0287824097158463
-0,107196959052463
0,0931596053764654
-0,464740646133443
-0,153603632225696
0,100331758052899
-0,0943364522026101
0,109113881501816
0,0738027610309578
0,143280862787443
0,22825281524834
0,186426850463105
-0,105031610661906
0,0036477950694309
0,41887409699009
0,0705903678225247
-0,223240820431802
0,0983189446244839
-0,0828725653049925
0,0895337446701746
0,0589821938247387
-0,0225125590928797
0,056735022737338
-0,0131584853532551
0,000402797022064164
0,0377498368777716
0,0266991541149393
-0,00322563732875538
-0,0191597714084696
0,0142735617944402
-0,00553347741133968
-0,0105543057503334
0,00110734271392998
-0,00307041781296236
0,00530428236613734
-0,00125392950075701
-0,00157752027884239
4,71657513397754E-06
1,08829565596916E-08
9,55474323569294E-06
-0,00021772402134186
0,000467340908749616
0,00500972909186534
-0,00714827445893447
-0,00319109153071447
-0,0179013163414856
-0,00357460703340115
-0,0304879369741702
0,000981411986995653
0,00284957813709455
-0,028296079415643
0,0704087926576694
-0,0280790347569361
-0,0397594345803528
-0,0846347087555254
-0,07973388814349
-0,0763717698256991
-0,0473474567089186
0,287051539508991
0,0111538159937224
-0,32663034152334
0,42733138837208
-0,269458540264821
-0,183921423075171
0,325231060211007
-0,0146725653273321
-0,181768051277501
-0,130341106812191
-0,0483939596572148
-0,27645623275409
-0,135283911730797
-0,0380739817141138
-0,024747727140697
-0,011102136614004
-0,0180916879086413
-0,118607399079858
-0,0520790096707137
-0,00819615186837024
0,0987759148737554
-0,0143194486822401
0,0442407135561026
-0,229199875633878
-0,118446282212397
-0,150424258958743
-0,0390238060011808
0,188179209339393
-0,0852183106746001
0,0370598536086068
-0,0124071399525785
0,0746316589032117
0,0935951603068589
-0,0447996149667845
-0,185503870466289
-0,028057233234896
0,054140800489635
0,0608545714693266
0,0949661439791312
0,0140803514213068
-0,061184198576434
-0,00103594497756574
0,0150383526608422
-0,00458943564843513
3,55480386845118E-09
0,0145655835886481
-0,0081055730363805
-0,000230683609004435
0,0226399361486172
-0,00161067725821075
0,000901466087486864
0,00126711751857544
0,0076340808182282
-0,00251444095950647
0,0358633312046386
0,070954526104795
0,0285688807575407
-0,00990511373044094
-0,016828788277035
-0,00110835427184447
0,0207621460113115
-0,000482400503555004
0,0256963542828592
3,11526764154321E-06
-0,0787652749118814
-0,043633209884961
0,027646140962417
0,0973961749801057
0,273034304805279
-0,156901484942037
0,281207966832616
0,038663907613159
-0,00221513734057187
0,119792409159413
-0,273090574392523
0,201363754037047
-0,0981065795652813
-0,0631867242122287
0,0307783625323617
0,0153252180243925
-0,08550316195062
-0,136376388679239
0,27638513193549
0,351969168950176
0,149689862813582
0,148259300690518
-0,0581583636656728
0,286418403519224
-0,0854121653017948
0,0380109915433795
-0,236810034152619
0,0187672931736311
-0,0810716883168031
0,101563846425793
-0,248894171654425
-0,120273177593985
-0,162564374649566
0,145232484142296
-0,0833770253616693
0,0740869209741965
0,0269125235490122
0,186271580372029
0,161424087553368
-0,0325746535667308
-0,0821426178747966
-0,058383682438876
0,0243921913795865
0,0209951442007213
0,000656577974667436
0,00174408619250825
-0,0327751132661573
0,195528647536473
-0,00658962127034486
0,00812907795277059
-0,00269538719133785
-0,0255281396616359
-0,0255720564326414
-0,121712933617474
0,240894875037217
-0,0226745680977206
-0,235184895003757
-0,0280185672614942
0,340430093867317
-0,0755085798804373
0,095575381602749
-0,0463728728929864
-0,0845006098857685
-0,0147696350827175
0,0717878268428749
0,0158305377847724
0,0811326231775281
-0,166234391599443
-0,19242326219445
0,0295636581162785
0,032706195963447
0,082989868718247
-0,082884060396293
0,0858134611577672
-0,176500475471324
0,0681868925132573
-0,103875921166026
-0,302746653652556
0,046510475353277
-0,0511802684493372
0,02236126216163
-0,0229192563242258
0,0502026695085791
-0,000546939643747701
-0,0498284476884081
0,0179771918807382
-0,0740646008420584
-0,0460148147512065
-0,095469860899598
0,171531862027125
-0,0680748054594134
-0,0647738932420875
-0,270615966032507
-0,218958848611821
0,161465576674633
0,350232965809335
-0,0691719077665884
0,0519973564801283
-0,0480870149234887
0,0461322817501237
-0,187796334936063
0,133556962983701
-0,212905543662603
-0,0159444864363297
-0,0566403976007258
-0,0329279989880044
0,0247725131028506
0,00879470278897761
9,53595910165523E-06
0,000157825308086843
-0,000150874024603067
0,00111091481800657
7,74568038692882E-05
-0,033462593963829
-0,113005000194064
-0,151878823162118
0,0398255800466622
0,0607115972657943
0,000939253899919775
-0,0251830768465352
0,132378811927594
-0,00280323597872005
0,088549842500329
0,103981743816715
0,0213407341008393
0,0228101160734006
-0,017575388356828
-0,114557901686826
0,111360141627568
0,0652227233141083
0,0161871056047843
-0,106191119332077
0,0903065307509581
-0,00490001703778962
-0,00367233505075013
0,079036957490824
-0,0152774069116266
-0,0232209308393629
-0,216189134848677
-0,225566265989866
0,0766797564587414
0,0170445897328681
0,025488753064356
-0,153025527271505
0,0637054892384603
0,0547338856723195
-0,278316710916882
0,158537754161824
0,0539480928512942
-0,0592251693305226
0,140929102114903
0,167092375972504
0,0524525158023806
-0,17382884668735
-0,111707691135849
0,0227028854293328
-0,150178871386119
0,109486550507039
0,0419473851707779
-0,0116431667657266
-0,030656090539347
-0,4842938508871
0,295264494989368
0,112234810073552
-0,0559777659753132
0,234120016081798
-0,039335315986436
-0,243593394428673
0,11666158913413
-0,0358619831024562
0,0228382983856429
0,139745634506103
2,79244287831657E-07
6,21933751956772E-05
-0,00139082758311992
0,00522579584365691
0,00238343387645231
-0,0124613534177121
-0,018833277904357
-0,0355458433543952
0,00369816944896775
-0,0234734985193619
0,0793638078816268
-0,0165390904828192
-0,0667290485217624
-0,0237379722984791
0,123619863075916
-0,0707922074663763
0,0383024141415675
-0,0513506398322368
-0,000821800441538967
-0,0181454706115526
-0,033808349972072
-0,0315100623102878
0,0129021995643979
-0,0169831142028423
-0,0224347649819823
0,248199243989504
0,0989338001075367
-0,134311699300114
0,00931696271810119
0,046193619389326
-0,049350353760218
-0,014204535536451
-0,509370718758116
0,339425870224512
-0,037559984623253
-0,137252091961403
-0,0426766654299753
-0,0515574049683102
-0,112426801979437
0,0356749641534856
-0,258228114189158
0,246259046698922
-0,286802859807881
-0,0418906975279351
0,113605808710034
-0,0955449183447553
0,0587885089840232
0,030144229977842
0,27105280830143
0,290311937076526
-0,0704190146565462
0,0517887708723649
0,0318223498604829
-0,0307169690903939
0,0191374237673631
0,0337700033607558
-0,146827293265375
0,0958781086002091
-0,106273776810405
0,0030284008023208
-0,0348617127037666
-0,0226358401076192
0,0149977304350328
0,00473755284720041
4,34056056930352E-09
7,86209869462292E-05
-7,45796528358907E-06
0,00049397257525269
-4,2994313394182E-05
-0,00107247975274044
-0,00388215494866295
-0,00791257432805719
0,000846737625909416
0,00644175470014361
-0,00415527187976333
-0,00433115242310243
0,0508794731583845
-0,0107972673864701
0,0448437236474118
0,0172826565631975
-0,0286751821732138
-0,0465074362759265
-0,0251079002946488
0,0321791099596633
-0,0146813456915055
0,0058746694736215
0,0227201572859447
0,0109674440385842
-0,00541419386744356
-0,0586044338906737
-0,0234671450943447
-0,0309142450068939
0,00539114294494211
-0,0241332767381817
0,0445201900339552
0,018791101547836
-0,0543781529371202
-0,0602202891294262
-0,0308643498730284
0,0731034740209603
-0,119751719537812
-0,0133930168720723
-0,0138388453905239
-0,0272888089240615
0,033017929160719
0,0183667120766697
-0,0810152239682032
-0,0324477217364677
0,240987940459466
0,0712463569396185
-0,0262197252466567
-0,0301248138493066
-0,0713817245317618
0,091231039515108
0,0109036461005145
0,0534206089352905
0,0193020136962141
0,159875978723045
-0,162861214027771
-0,17929102481861
0,182544449781577
0,300511135269956
-0,0493719541200276
-0,267003554228522
0,562509684387473
0,513009679883968
-0,0360544780301834
-0,000114414681142024
0,000641093102415281
0,00165255090773755
-0,00478692103672896
0,17151711875315
-0,00922951599472599
0,005970652650084
-0,000381813869260791
0,00507426227939087
0,00255562801208905
0,00353077496898915
0,0013102176205497
0,0334491901357764
-0,0224380917044722
0,00528235450631108
-0,0223343880380613
0,0522781007604408
-0,00540019562296683
0,0518887920684341
-0,0265180212900469
0,0339039928895091
-0,0245150324518844
0,0133688815212165
-0,0269223880068645
0,0340327350804946
0,0730365227442963
-0,0166479259510937
0,00258534030930009
0,0635097194901147
-0,0529732544240168
-0,0263484102325747
-0,0137664216380005
0,0642558694974954
-0,0972813293067598
-0,042497475275922
0,00134072868340955
-0,0230456934331881
0,0738877079948502
0,0689334893370014
-0,20690952594188
-0,0858970079775244
-0,0804979562396003
-0,0448346296751504
0,098011858251205
-0,155309795851608
0,112590296987559
0,216257552887665
0,239408829637491
-0,00509705472580908
-0,0869347102942035
-0,111691095946176
-0,746175634619643
0,140875205285476
-0,260350148664714
-0,176812786275232
-0,0317324066809584
-0,0384191124351305
0,0643629052157881
-0,0755655426132046
0,0297967924690828
-0,0255550445594274
0,00363452677486673
-2,84327061475115E-05
6,06306322835667E-05
-1,25641516998098E-07
2,47322214767336E-06
0,00549645842090781
-0,000931885904398136
0,0367404742084856
-0,00260163002051482
-0,0352987860671906
-0,0336680716582205
-0,0671623126434669
-0,0239894787600608
0,0660773977059689
-0,0635262328002319
-0,0283408436478981
0,136646891028168
-0,0452901720134833
0,0648301988442672
-0,283373996069633
-0,10069050916137
-0,182644594115018
0,168900585730219
0,11850008374351
-0,150150780137674
-0,105151647858892
0,0100848577493266
0,073858623052502
-0,037321550402238
0,330083868965658
0,189854340471703
-0,0173437350332503
-0,0364975792031453
-0,00493441319435471
0,0252796995288928
-0,0643456375127541
0,0901755828579651
0,0666320291257587
0,173024642834411
-0,190512573385255
0,402271776878695
-0,0578354122083033
0,318489339498246
-0,158722050585818
0,180908410737103
-0,0307710625862608
0,0533322470055404
-0,00106876719890432
0,340487410086349
0,0322150361223346
0,0703939891332337
0,0539805786587908
-0,199652455745762
0,0412518784530525
0,0214471122186177
0,0121028317010978
-0,0254996236645902
-0,00711329095005969
-0,0292099786928455
0,0368857426952269
0,0308027539398871
0,00391220151671723
-0,00802503694025835
-0,118892378393512
-0,0469144400245866
-0,0615831984312871
0,000671020686245436
0,021401380097144
1,4226329945723E-07
0,000142610703591346
-0,000528442997533153
0,00198218737998628
0,00298636033861041
-0,00144969835868297
-0,000833355030283554
-0,00334279163714065
-0,0140083471488912
-0,000684260052014939
0,0511503716194426
0,0370553746937266
0,0353094115042532
-0,0442998650766965
-0,0314192423313872
0,00619402359890299
0,00453595962910339
0,0155486914245691
0,0264839965006002
0,00319633610619202
-0,00359229247664283
-0,0180334788881386
-0,0833185788687422
0,0692407990676095
0,179713422817832
0,00814138987091693
-0,00632080965807329
0,120620598914876
-0,089991617879491
-0,0608827364375684
0,111342678706071
0,148154707714584
-0,271937715710495
-0,260096425922281
0,174506156804047
-0,0443856865534401
0,225531119455788
0,170839780433112
-0,327035699103313
-0,355698806526542
-0,159213272690123
-0,120716274516776
0,0629739369391722
0,0599230199254863
-0,032183020823911
-0,00565578132992327
-0,102054270730026
-0,047039111293308
0,0132839152961868
0,00519699864225912
0,100360129484496
-0,281020239405025
0,0370188151611803
0,249449324399555
-0,0177170529489947
0,134195985340274
0,0174241547479769
0,333855971178985
0,171806793476053
-0,0516483717852979
-0,125151157555966
-0,061773411139759
0,0453008563310268
0,00575437459113098
1,53558472346654E-06
0,000247320755336565
-0,000932774543063798
0,0244798926111261
-0,000527134113787655
-0,239355736735097
0,07647547543249
0,00838910819549375
-0,00518280196203623
0,00594425264288648
-0,0408523642515775
-0,0462373679629061
0,0338069292057452
0,00150042202310565
-0,0207569069808831
-0,115837464167063
0,0134921101969491
-0,0766622377339836
0,0844911870374125
-0,066278148651722
0,0760823676604491
-0,0345796606079567
-0,0322232748873496
0,0227729102914121
-0,0193384078315163
-0,033086786874148
0,0336468393953652
0,00525998219926288
-0,0217196022342266
-0,0285634623650045
-0,0234995953645997
-0,0388582841943999
0,0219431598672877
0,0125991704196841
0,238481727327474
-0,00317335346330118
-0,153773332304946
-0,0680646463087137
-0,0387053726730197
-0,0572979198825177
0,116156500110583
-0,0201468057464084
0,00437423421880591
-0,203688211685179
-0,0176531200190201
-0,167516570094189
-0,211810589790677
-0,341224758195115
0,11504116668867
-0,0294011933292936
-0,154343437020861
0,0481283068317637
-0,102774074630923
0,24408073150668
0,253490533003363
0,5120655872636
-0,0224681078384886
-0,22213098790492
-0,156507652722991
-0,0743650285492341
0,0989876180429936
0,148354798293845
-0,0058580934310768
0,0315704197401875
2,38927092753542E-09
1,4422785694473E-06
-1,71313303148966E-05
7,75236572014478E-05
0,000158520036996402
-0,00049872690572544
-0,00120647005621717
-0,00793623424789978
-0,00607509313869459
-0,0383738045752046
-0,00178079817448762
-0,00465389429079365
0,024071370055663
0,0482586429183868
0,0227222267694987
0,0063278507245268
0,0014010191812409
0,0329130905038781
0,0783371667053364
0,0268851339342861
0,0539899363026862
0,0566153180348748
-0,100186130878492
0,100524283291822
-0,0991572655139307
-0,0730656573647571
0,132477030170693
-0,0145045740891789
-0,0810367359667877
-0,0532605927040548
0,0227183212684711
-0,049196168474117
-0,0418118338333856
0,0142130283686085
-0,101584380032779
-0,352582337301788
-0,272483468279045
0,735116586077639
0,295003443086734
-0,0106515145014226
-0,0672110435742909
-0,0615157382154431
0,0338056125926711
0,148149615068168
0,0446894305009768
0,136241467009892
0,0223387492474272
-0,105130129690024
0,047859760785204
0,00913705895991548
0,0104204540788717
-0,0249074404072445
-0,041931114965445
0,0157049396433935
0,0735563352684849
0,0104795410805998
-0,021916793700691
-0,0229083764066624
-0,0366696878326839
-0,00511031047375106
0,0223343422435083
0,000764897550756273
-0,0087284715682322
0,0026385291818134
9,42010392103424E-09
3,17472800357362E-05
-0,00132231998386883
0,000960659406671579
0,00259653364680792
-0,0258363680575361
-0,0658658211393318
-0,159337159140351
0,00295793533126251
-0,211437479176423
0,0730589120705253
-0,0588799427268149
-0,0532161336754678
0,216555920718328
-0,171326902879585
-0,0456790709752726
-0,228939363972905
-0,136589364409691
-0,156610554047977
-0,134602291173495
-0,110160266270496
0,044854993317243
0,0256263295975022
0,0104231294564057
0,225533605186939
0,104859602318033
-0,163347159426807
-0,0300838843165415
0,105705674904533
-0,0233239259354914
-0,112202086443539
-0,0470398538438129
0,0979161183156164
-0,155781229850451
-0,0478228569150437
-0,163101480342714
-0,0992565582595098
0,140548030630771
-0,0807303442615048
0,00924027367501459
0,162777848362561
0,0965827025075362
-0,0399901471739498
-0,0735046682171585
0,117901689501834
-0,335567372989276
0,0164277100848975
0,16950325328648
-0,0147251269359736
-0,147540844042539
-0,130169831934774
-0,00203349441808224
0,090121193126941
0,215695507098404
-0,12305552521019
-0,134076670789882
-0,352866660082928
-0,0337410885946954
-0,0425754378563637
-0,149984727049721
-0,0983709717743433
0,0201118900467072
-0,0128297271300959
-0,0782341919442197
6,71902359996369E-09
6,50578182641941E-05
-2,82002333447433E-05
0,000455822865332903
0,000151123201225876
-0,000924132152814896
-0,00152256977551091
-0,0101828164171771
-0,0306727483242231
0,0155417894691349
0,0105650829049018
-0,00658116509010476
0,0278739303605082
-0,0237715795289427
0,059588500517521
-0,147334821793863
-0,143853056489949
0,160030745233782
-0,0365061405739699
0,0318732485856007
0,00266575411364402
-0,0486340394432697
0,148923390358157
0,111380356841161
-0,0591142398888534
-0,047743354698231
0,0464575341441864
0,243557854358344
0,314599984461263
-0,197769072001616
-0,00801650771341635
0,0286120217309211
-0,00636048189220395
0,112980054986536
-0,00471820891794404
-0,113418395881378
0,0346295821384119
-0,0285917912440285
-0,0166672192594669
-0,0210940023429772
-0,0725610942795201
-0,118005190523277
-0,0714644823325923
0,0216176457870339
0,0329155414809462
-0,0216741570640439
-0,107673186147748
0,0352437795248982
-0,135047805034208
-0,0630572585690017
-4,65940088161207E-05
-0,140566517799775
-0,108104322087976
-0,1514916495807
-0,125969686876635
0,148607786299505
-0,36301719048281
0,0217241209456776
0,12763990338258
0,494251276110807
0,203779902008277
0,238256046107006
-0,00238036271975548
-0,0827770092838903
4,47121087200526E-06
2,13977874457837E-05
-0,00123405208811204
0,00105892235097196
0,00281353373456539
-0,00654379041253056
-0,020432409199532
-0,0986607196286778
-0,0514278769239614
-0,329770393607305
0,0511153588599984
-0,0622970950180794
0,0777452182335555
0,331002488634603
-0,000932738538572959
0,0232959220644358
-0,100980372981366
0,049315353972877
0,313161099707445
0,123697978455807
-0,00157349736627254
0,299720928415207
0,0598221051694067
0,000274550403252274
0,10518013116375
-0,0151708682821675
-0,0349499271350313
-0,0257971868012535
0,0194328671791462
-0,0593329029542628
0,0581360073384843
0,0163542846996442
-0,128245396872154
0,171854990115267
0,0446743096741186
0,315802822388192
0,0687142406112172
0,0324718124904825
0,136553971441059
0,0283312581601623
0,00205432819777409
-0,25752300662633
0,202984002167239
-0,12336766640236
-0,0926226715133724
0,0319206691670319
-0,119306307135944
0,0741792279614065
-0,0273842251376683
0,174325985183794
-0,0287207168531491
0,0664432082791929
-0,0535588653682483
-0,00446876531810248
0,0421996882772715
-0,0312924720241324
-0,0292049602706063
0,185299791863534
-0,296271171589883
0,0765281975694843
-0,0485529671732109
-0,0184836299710674
0,064755037050198
-0,113417834040297
2,60979738112106E-08
0,0907938419000684
0,00017036347253549
-0,00460758401435655
0,000135192570484891
0,000146581339206788
-5,04603752036817E-05
-0,00558667277966803
-0,0296056582207099
0,0173959622089868
0,0158780454390898
-0,0191762982420637
0,0119186402312474
-0,0249292371622405
0,0050781406937247
-0,115781420776573
-0,122402887720448
0,210389175180285
-0,0369364706812782
0,00588162689779449
0,0905375054284916
-0,0251682119213495
0,147092160720794
0,00861902804588588
-0,00186934450996274
-0,0470996321829109
-0,139861284873282
-0,358783503344572
-0,330955627966863
-0,0859327637564142
-0,153532215626249
0,0776519194299697
0,0428265329302417
0,0318282894278756
0,000673319772004518
0,0216727683175034
0,00603538683574229
0,0198460849321867
-0,0558040019250376
-0,22834954126114
0,00134337571490427
0,344684941166814
0,316953486433235
0,0742593659703362
-0,0276357281754806
0,045569336247605
-0,150151229351857
0,0267511222115394
-0,016254478103547
0,146988547245308
0,0851043950161116
-0,114192274999939
-0,257091703912426
-0,0818446196702457
-0,296732317823078
0,0481709657236258
-0,10349816363914
-0,141107321865276
-0,112316799560247
-0,00492303691603686
0,0557221626056591
-0,00590441607493305
-0,156259119290695
0,038353552797138
5,3936154646745E-09
1,7292086861283E-06
-4,73896860197168E-05
7,21332774589455E-05
0,000193799329928885
-0,00266015975620189
-0,00850548711416476
-0,0292425459072422
-0,00436938988327275
-0,0680710943114126
0,0121361684956345
-0,020344808134669
0,02818607440841
0,11372751794453
-0,013769489814436
0,0128247899763709
-0,0572212329283721
0,00688103243140714
0,0895986043702226
0,00315164158147779
-0,0229417323096225
0,185912093303568
0,0274489147950892
-0,0294877342696649
0,228490668812722
0,0413512902452125
-0,145443395076666
-0,0150970555599941
0,0935798340070003
-0,179739346902123
-0,277094476574751
-0,561509145728927
-0,118698756604685
-0,282384946908691
0,00759210284614927
-0,146452754165809
0,00398036627032903
-0,170305125260554
0,0914211382381313
-0,0660741246554527
-0,0981848068974926
0,108761258530267
-0,0976007238643927
0,0786154746118483
0,00287288941867071
0,190622113824632
0,119397889011967
-0,112436345579517
0,0962913539865304
-0,00943711700145671
0,069122965522794
-0,0196192140629121
-0,0606333756676
0,0542170593442855
-0,0414738391032507
0,0535780461513052
0,294784973259058
-0,0705757802568043
0,0437056229129891
0,213646086760239
0,0244355355945944
-2,76162812333716E-05
3,29544068240561E-05
5,73624280624431E-08
0,0272419881886773
0,00152053326660066
-0,00535741647152664
-0,00214370297587657
0,0153522875106802
-0,0016800728111751
-0,00523763107688055
-0,0826103381677033
-0,316713623126033
0,0292730971486389
-0,102033583066104
0,0711176129016124
-0,167647905226739
0,0773467891963846
0,0460599419685096
0,0853291726060696
0,133007623373715
-0,19564660451762
0,028488507143569
0,208178003401138
0,362525352989145
-0,113034196681978
0,196527089836895
0,122569063347199
0,17284460810844
0,00959551312143583
-0,0865459462611011
-0,0760776969839473
0,15723763161734
-0,068168208603533
-0,0715000901503674
0,0677165790314397
0,0989501844246722
0,0412314717468895
0,0311205697899398
0,0793359197373036
0,152127452303141
0,189077340901529
-0,0007288522990506
0,0288304559525939
-0,147687424687374
0,0921567801817792
-0,00402722133819792
0,0694352863485419
0,125743691372501
-0,0191098589923758
-0,220932048714834
0,0998931332841114
0,0901145746584023
-0,0862011224980682
-0,0547334415869838
0,233708330721661
0,256048755757016
-0,0903998458407723
-0,145175719392133
0,171891108238098
0,159829935169142
-0,0542987303796859
0,0863564442534807
-0,00830441631545772
-0,114783301629121
0,122124222814273
0,0362885930951746
0,0138811891606688
3,77096999014731E-06
7,78900592473105E-05
-0,0200225967244591
0,0127708610513815
0,000940365939956705
0,000849330411254139
-0,00147392919672987
-0,0180853862226503
-0,0166945208348578
-0,0713477887177614
0,132421630589395
-0,011931470124803
-0,113178681929766
-0,00912692312586615
0,194224350145312
-0,0688030691357026
0,048126282447023
-0,0478885540980567
-0,034268022957798
-0,0312740153693492
0,0741106364106798
0,00155500337277066
0,0192656468037541
-0,0464513774136508
-0,129429592985063
-0,049120231778064
0,0418526175074475
0,0736459387261821
-0,062138205791049
-0,00447239469524026
-0,0595845679600838
0,0219714622234694
0,173064631676279
-0,322024660275175
0,0515232592830093
0,05415379515457
0,0993842380220478
-0,0390477331445582
0,107463250849123
-0,0301102644027766
-0,0103218330113724
-0,0407362450444564
0,0179657848493109
0,0701590224563517
-0,0012088172061494
0,0593630487134646
0,0680117445577126
-0,0406434566053041
0,189574943477087
0,371271896675144
-0,295620024042382
-0,373484279012889
0,449339721561818
-0,0942958249540406
0,00222830488848553
-0,0349049947069877
-0,127402205289326
-0,115205606929913
-0,186482914618052
0,0355835936156103
0,100639381996121
0,0175696992559894
0,0395439435682024
-0,0390926178476798
1,54822213669971E-08
0,000210736966039764
-0,000115507549803644
0,00163884368931576
-0,000177917147614733
-0,0325294693435038
-0,10642551080568
-0,153612405371406
0,0605243676421561
0,0910004465086527
-0,0165412729592432
-0,0166548956104186
0,121616132778636
-0,0520460993509322
0,133957447428018
0,0577088577605444
-0,0189485861083089
-0,0863685081551534
-0,0201620640237705
0,0980160435174511
0,00438622079579013
0,0326069888920982
0,0805122231617321
-0,00204488406313191
-0,0153238540246112
-0,239186584878141
-0,0852638573765096
-0,043931737402322
-0,00726522619800173
-0,0570742711329488
0,1149234745971
0,0128989628509162
-0,195883444832295
-0,147225439717858
-0,119082238924593
0,225540102116063
-0,331289531308428
-0,0378740971593836
-0,0720731959682115
-0,0296647095409494
0,161709118710076
-0,0556025063801561
-0,0901982716013875
-0,0323074748265415
0,572487438641729
0,0794240889122331
-0,0439908919106755
-0,0299973126472773
-0,196070077358206
0,130140805480002
0,0732896363508997
-0,0412417423631661
0,0419914189640483
-0,0346420115683887
0,0032386857677426
0,0976917083179129
-0,0487112277455062
-0,122198664444671
0,0497499332819562
0,0873526885309103
-0,21042733067037
-0,19873921585564
0,014011116059334
4,42626498713795E-05
1,36153943746111E-06
0,00196694385418355
-0,0035411858290513
0,0216572775715033
0,0302066890215448
-0,000809718458770145
-0,00217961475249943
-0,0144678501958832
-0,00883901443569253
-0,0791396568681884
0,190430574929634
0,0672793101219808
-0,145756714633999
-0,0278160947135978
0,482491627771247
-0,15578224878078
0,160820606361487
0,00900757045896842
0,0133541817994332
-0,250136143905411
-0,1507124205654
-0,114390569430035
-0,262612893147589
0,249192348589721
0,175544612256702
0,0467972620420854
-0,26238948666645
-0,245641483636247
0,158830631682115
0,0906776234571483
0,0623577008881344
-0,129710955013711
-0,0267727251361652
0,227686397208583
-0,0168056334416019
0,0700264345939847
-0,0534275299171242
0,0342020770507537
-0,0267535957020654
-0,0163827340393961
0,10731554712629
-0,126459440932429
0,120512170395459
0,0822772771611882
-0,0509337049893452
0,0326732182657163
-0,0812302503357996
-0,0247209972834639
-0,1279459893919
-0,117840151674095
-0,0613919007180799
-0,139842483357792
0,04936853632137
0,00457204528622289
-0,00937476108714978
-0,0266836964734582
0,0954143551729928
-0,0607636180284457
0,0847000238284401
0,005801775731308
0,0252335926736953
0,0147504632605845
-0,0110960538465691
-0,00394122983332037
1,07295230827815E-09
1,44034444168712E-07
-2,31635888692284E-07
-2,29222748911624E-07
2,78216132194101E-06
-4,11905686883946E-06
-1,59089179968733E-05
-0,000234537509144085
-0,000591595051083152
-0,000839998090243768
-0,00127659338176793
0,00066080317984304
-0,00122795160917607
-0,0028347846899107
0,000307102391345498
0,00169933657247441
-4,61993562399807E-05
-0,00119148688242846
0,00264839488699794
-0,00307587890900731
0,00254758927173776
0,00470834426338501
0,012813605964389
0,012492232530657
0,000750885447310072
0,00346814621790703
-0,00208460204824317
0,00219902112307503
-0,00262167613647456
0,00967293306918099
0,00393178423678673
-0,0043468840308541
0,00205839733999171
-0,00118029946817007
0,00159579824233923
0,00883999449502918
0,00899731751863234
0,0182159816174195
-0,00877646076011681
0,0120622123810577
0,0209034477698031
0,0244857867819087
-0,0443643344120308
-0,038097504864674
-0,0366524219857899
-0,00456622460385494
0,0582083525908994
-0,0663563458731258
-0,0932234301488223
0,0607164131929116
0,0418528565749108
-0,171135009609813
-0,123863925575117
-0,0365725068464889
0,0147076578037762
-0,159474137655137
0,00568258577718971
-0,0744842132609192
-0,127745485040913
0,0313524394615121
-0,46290890364827
0,541863871463289
0,328385183549612
0,510650047500453
3,6892576618038E-09
0,000111051851854601
-0,0174956667302701
0,000453882129810427
0,0454735647318878
0,000487281527130057
0,000658309544815773
0,000609822946891881
0,00311199697188797
0,000493901553384666
0,0162370648526893
-0,0100590063153077
0,0206704174024974
-0,0305739452906799
-0,032438004832857
0,00617324321836644
0,00638976784807158
0,0110406085608804
0,0283406129351548
0,0132564159343015
-0,074197307334429
-0,0141390209801562
0,0348344878272791
0,040594707114457
0,0571790807627382
-0,149080126187801
0,224612465458734
-0,161369959666009
0,154725823757602
0,247019837810919
-0,359624102081959
0,0541686440064469
0,019721569370328
-0,029221261461396
-0,0330288087436318
0,12639206735334
0,0200965912464075
0,0654664455576601
-0,00732888078258475
-0,330155555866065
-0,0584515369069037
-0,268146017621834
-0,171970745963668
0,0119878375393403
0,00209367764764773
-0,1814999375315
0,0823939130977119
0,0119317842672452
-0,00901950257783215
0,0190313046530208
0,0205852952602146
0,0501666571038808
0,015910163056569
-0,0511455016142869
0,0841155026290833
-0,0758553463184954
0,0576558789920099
-0,0254417755158109
-0,0829124105798948
0,0845127142266538
-0,0741129751667909
0,0817533585646694
-0,561246071292044
0,157061089603293
9,55275454996122E-06
0,000171583350788189
-0,00120014560249411
0,00110782964919616
-0,000387260293285211
-0,0409908877463535
-0,159243720887134
0,117311339302016
-0,0537778991086145
-0,0284063234666452
0,00706245700252725
-0,00721193012792887
0,140272582129512
0,00196814792565681
0,0710498222902914
0,0758329567348633
-0,0196098507436252
-0,0146209074654487
-0,0496447210418316
-0,120094794022794
0,0777071157505262
0,00820876124395391
-0,0116893317828601
-0,0692446989121532
0,0427406318671298
0,019302532502166
0,0471258289098326
0,0636067573313306
-0,0369441223423075
0,0200551016971623
-0,109118586617146
-0,0196633610594939
0,0891725893959663
0,111716556589757
0,0430078453866145
-0,0975794856969416
0,154232609937892
0,0809063613453557
-0,21651613844848
0,0765905014508219
-0,0607876338929908
-0,0564580263832894
0,0849430671655334
-0,0116679078296898
0,0308413393616273
0,0950993619625671
-0,188016599270116
-0,0501391324288474
-0,186222542531838
0,386633195655366
-0,00891688664688686
0,269150807196902
0,0527346177631445
0,406388934734302
0,0959739666461974
-0,296163601729184
-0,0363465046917624
-0,266956472775559
0,173189461826241
0,20946658690811
0,0948646173947481
-0,0725157932980054
0,0225667542510238
0,118843225177435
3,62053842742515E-07
0,000145640386735581
-0,0406585997307019
0,00629886990783933
0,0993027639414813
0,00127881508397923
-3,67568856327913E-05
-0,0153825501849355
-0,0273130485724999
-0,0361903773378958
0,189376406624778
-0,0938096504003047
0,0612694238430735
-0,195154527921914
-0,138931075222797
0,0333450283355525
0,0315490346740312
-0,0227504533839253
0,0913270218189658
0,100853201144825
-0,0443086755319988
-0,0180966437119122
0,0139381468760173
0,0398140325985822
0,0475292778892224
-0,182067249814547
0,255457529045509
-0,211171265683836
0,281667255557331
0,234381977123076
-0,247624309549801
-0,0348607316318672
0,0837074073638248
0,0559692804301389
-0,0613461516606478
0,0189426994970775
-0,000847663999460867
0,0345800708931857
-0,129193310786468
-0,206170187060365
0,0128941446022531
0,0750742773992842
0,107367610684122
-0,126084333428336
0,0267314532431846
0,140068436383763
0,0556257261334001
-0,0134908987524962
0,0555791388767324
-0,0646719675862768
0,10579051640819
-0,0307724425362186
0,0157342883539877
-0,0109717545648132
0,0147477422556901
-0,00987958151833402
-0,0876391800002595
-0,0505435894325018
-0,0103214828101537
-0,0669591438524665
0,127607992781694
-0,0750444140336189
0,544285910414189
-0,168827923535071
2,44361880947976E-06
0,000384301167580033
-0,000731193722438975
0,0384009254576532
-0,00309620172018227
-0,0698747126014687
0,0209361202416593
-0,00355474111696478
-0,00249437850937637
0,0143921586175089
-0,0753966742591446
-0,0535634355257483
0,114338525226899
-0,00817623432909584
-0,0653865475828428
-0,328376452125591
0,0489318123467183
-0,214360697032915
0,293606251828598
-0,24016450275633
0,100545941542507
-0,171703973119774
0,0592820492322201
-0,128916511032331
0,0184868287926502
-0,203016980869666
-0,10323258272533
0,0611920797845902
-0,0479433806910189
0,0201247679906499
0,0253392578752843
0,017892430395128
-0,1276532519249
-0,0774041711476999
-0,668431522171922
-0,016495453496992
0,226195439532825
0,0046998841044918
-0,00556378710062487
0,0263643253755822
-0,0243787443416002
-0,00297679398626603
0,0147427895546292
-0,0117989206754878
-0,0927782929418777
-0,00854636795857699
-0,0098957728121571
0,0589259014114707
-0,00663738577312174
-0,0139794009533148
-0,0290902338884655
-0,00561381202824809
-0,0268250972356241
0,0486897888690078
0,0479010686770064
0,058984254048055
0,00365217923805469
-0,0210188755280774
-0,0196838517793331
-0,0147691505207826
0,0286032968690713
0,0352127461749992
-0,00249910900772834
-7,85073986381433E-06
5,33493944368622E-08
0,00100282808394186
-5,49077983921053E-05
0,000360176945303392
0,00093238083304203
-0,00269410966228693
-0,00676834961321645
-0,0357260968989089
-0,108556800085829
0,0420258783108329
-0,0155053326552549
0,0103254884019673
-0,0146346596521519
-0,0127347151775074
0,0176523232232118
-0,118932971796675
-0,137192839443899
0,0884645512916079
-0,0181708269554588
0,0478014454822262
-0,038683979380416
0,023646195267507
-0,0983400404727771
-0,131814689757305
0,122463374220592
0,0169858661178087
0,158240571736613
0,000815530013524098
-0,0719895023711965
0,342559708413744
0,296329078316069
-0,226255268030595
-0,0338807298992605
-0,180035520063649
0,0679462525079085
0,0434343099114831
0,107292115172011
0,129577923964353
-0,152393984038284
0,084360318035341
0,146911812152061
-0,0735063166233837
-0,26980582598957
-0,00500216350543831
-0,00012341435076027
0,162235625945263
-0,399866901891784
0,220966401960784
0,246281231683203
-0,0615347766968386
0,012610431006448
-0,0125198754449687
-0,163359661217209
-0,146868667687893
-0,0806100304480239
-0,0717986792168154
-0,0101096344011679
-0,192326839834324
-0,0906383274846608
0,02241929049143
0,0642805806150728
0,0317416335440147
-0,0231751296233155
-0,00295250029617446
3,5900395143618E-08
9,82770915460525E-05
-0,00111979275866539
0,00100035630703171
0,00251689309229619
-0,027029577947592
-0,0731013869298046
-0,195222255721557
-0,0379821276848956
-0,349301538575311
-0,0433932995438959
-0,028371413387491
0,0116272077459407
0,123328921237908
-0,166459258967916
-0,0259824587989329
-0,0783362276114224
-0,0253802877635688
-0,208376283928924
-0,0795538788401086
-0,131421857260201
-0,28258038314444
0,00502476489637307
0,0134245316937788
0,0335414729993685
0,0165455224288771
-0,103060340296558
0,0160505805027865
-0,000327268638424738
0,130790318945192
0,0812760210789776
0,143619394224287
0,0541072151219439
0,0115352816690649
-0,0284813287108729
-0,153777730653453
-0,128960510933021
-0,0367053419788499
0,012107463274922
-0,170610195160769
0,198817820117293
-0,0740744771628432
-0,0876708952045924
-0,0682055894655846
-0,178929472420422
0,231404770589367
0,0533976332462859
-0,051955861752039
0,0194084882541163
0,283364037587677
0,0558944207047703
0,198603041306865
0,0905167479186113
-0,202210482971197
-0,107661101238228
0,246902346832066
0,141156037734841
0,112190909774587
0,117451795776984
0,0868635330465843
0,0541775985411188
-0,0648586673003745
0,0637641328848994
0,205682666819817
8,25469322979566E-06
0,00276489924204754
-0,000441656519315081
0,000379252694841757
0,00319474463760902
-0,00211007237123929
-0,00523782599123998
-0,0549032262803952
-0,225924698684383
0,0994933424528281
0,045604666704153
-0,0229493397393682
0,0642082867740435
-0,0602668627962584
0,0617005038912834
-0,318391926042222
-0,348616086611696
0,471420825260059
-0,0916277930045071
-0,0163457003556272
0,0780910658690734
-0,0276318013892166
0,147028090146385
-0,0136464192797428
0,0400756768217217
-0,0330486091648179
0,0486727162822675
-0,00262196052422286
-0,0458330853320287
0,0297789854959617
0,0435219370467106
-0,062100263144747
-0,0418658320037153
0,0311488874449659
-0,0247499483644883
0,122177216898843
-0,0622747160813006
0,0299224859932142
0,0402065242953184
-0,049251082709934
0,0973190056620117
0,18800787307132
0,0305697372566959
0,0140824627572662
-0,0217624766696179
0,0117369499219355
0,0890883495154042
-0,0250902069102624
-0,00839666921319673
-0,120642468138741
-0,103386925499085
0,143965420304601
0,31388075265746
0,0876843130386558
0,353831368713308
-0,0638609327098499
0,103674130344378
0,183114738313099
0,0735947144003708
0,0278404772182772
-0,0977912807017414
0,0260858675759446
0,0331100185614191
-9,87614214432458E-05
6,18660659364713E-09
3,19174530112806E-05
-0,00105612551215494
0,000863493416487744
0,0023633985334659
-0,0254123904364901
-0,0631635941170532
-0,148523957066059
0,00694383980112323
-0,176833827495265
0,0755850640359627
0,0059347138370093
-0,0595152869931055
0,192034013021861
-0,169239241323446
-0,0707731868760359
-0,229886189298478
-0,137841184095564
-0,194160350009376
-0,148299781275493
0,0402500584139824
-0,00796948929445561
-0,148084208212713
0,252989911732767
-0,143489678103924
-0,0967945608220587
0,0499631128760051
-0,0355640658870428
-0,00513931059123247
0,0544198366560678
0,0547334112518262
0,0581580937834612
0,079804755695648
0,0419605049193066
0,0187572270662588
0,231197169493047
0,225039572091665
-0,0529006492485644
-0,0758098965199701
0,140146555204629
-0,275052871998742
0,0730121707802265
-0,0412117750431066
0,386896274248182
0,21724690579269
0,171985571300664
0,100917831291453
-0,21966706835058
0,0594693432846786
-0,123157753503812
0,101074672129679
-0,0121147318463144
-0,138584959735575
0,0164066071078062
0,17103019903719
0,0226225845982469
-0,0400221853826391
-0,0583192092579962
-0,0731841379132907
-0,0191007252254288
0,0440083187582214
-0,00194960716609074
-0,0217946260458275
0,011286144078833
8,51434262443227E-09
0,00122294309545063
-0,000570734133793926
4,69941353087713E-05
0,0027838617218135
-5,66876992679773E-05
-0,000403902058321135
-0,00751364952617128
-0,0313637513842215
0,0107862387935097
0,0431434274982777
-0,0265141245355828
0,0343812878548524
-0,0633322238996858
-0,024147560991485
-0,0786007655514972
-0,0926659288229793
0,167285996247273
-0,00600537761799208
0,0213048538139667
0,0931510071790911
-0,0283369865634582
0,0912325727531631
0,0505222086431078
0,0237958354781606
-0,046355472840076
-0,170627759506779
-0,41705503029319
-0,293338594539526
-0,110313383638326
-0,152470534941785
0,151724382725944
0,0388296326416072
-0,0462936567877481
0,0502308830190575
-0,178878727939576
0,0873932213261139
-0,0689663047657034
0,0272141204325515
0,253080117106621
-0,110639223110252
-0,516277103422003
-0,321640731602052
-0,0812923674246666
0,0448903476088349
-0,0704393758251531
0,0615577122277751
0,00244522676418541
0,0337473719037974
-0,0477717705090427
0,014326708456978
-0,0298797333596564
-0,0251158202432926
0,0109363926921558
-0,0029587952245105
0,00847972532280973
0,0290898571778744
-0,0200269169174566
0,0826973405232542
-0,0298858726138329
0,0399558044705798
-0,0247736387291569
0,203665424693049
-0,0604842926465284
1,35478432181753E-09
5,07275427607133E-06
-1,46391419059078E-05
0,000940330998274126
-5,77249927051832E-05
-0,00094574366525855
-9,68049490060278E-05
-0,00281195714730159
-0,00276567870375019
-0,0130196677481734
-0,0182857693374234
-0,00119959705634837
0,0351749955971485
-0,0146883280514313
-0,0157288923455811
-0,0912800030424372
0,0762545036136146
-0,015447177567049
-0,0494328584398468
-0,00192998921276221
0,0115376956541169
0,085335672825155
-0,00381918055999195
0,000566045342071065
0,0146739724364451
-0,00155918875941125
-0,00463913948521204
-0,00918594341375056
0,0124588605463996
-0,0140964883305654
-0,00689397485640991
0,013222511487008
0,0284615176239502
0,0130190101364495
0,122972395005901
0,0549301822422357
-0,113153264282481
0,0419438594050141
-0,066160974158923
0,0311965574936779
-0,124968407209345
0,0305183842166118
-0,0709174556909436
0,0932297887171789
-0,10637160003738
0,189527618037572
0,258407474345841
0,6926971862398
-0,231334814658807
0,089824918532247
0,0486083525646353
-0,0800366004137831
-0,0113302741390198
0,190841073889261
0,185761982009114
0,338682766439736
0,0270841118595077
-0,163568058857971
-0,0664704460175297
-0,0854285166066645
0,0643568937689287
0,0982180012068496
-0,0147291078254278
0,0121395470918023
6,28748339192091E-09
4,18576347622073E-05
-2,28002228275209E-05
0,000156328468282715
0,0001752960608892
-0,000304624508109985
-0,000724455187281864
-0,00782998188911062
-0,0294804877382466
0,0121009334747889
0,0135887162209761
-0,00504876231535146
0,0142564637334481
-0,0172661397111423
0,0452163032212251
-0,130756397844128
-0,121939781730098
0,183552655864404
-0,0461567942736536
-0,00939888578883032
0,0378106858895876
-0,0351167130100512
0,14687759544599
0,0846320724769921
-0,0408940935662588
-0,0704760408465519
0,0532754775210107
0,218699159434281
0,327032587267158
-0,19573226886352
0,0198413016959205
0,0346934022511708
-0,0256289730763041
0,0875410525916661
-0,0266003573421281
-0,0660883620032781
-0,0484167803768332
-0,0227906220294848
-0,0622328601704729
0,012799368255764
-0,116470703168737
-0,107619259285559
-0,0866399224122501
0,0183787715793077
-0,0519733566971103
-0,0404364021164127
-0,0741598993289095
-0,0205980089696406
-0,0360123809798633
-0,0241259139893784
-0,00589061566175504
-0,0946619080401463
-0,0149010907013961
0,0936456733743021
-0,270879787601302
-0,0654522722226422
0,231793738161583
-0,151693543900258
-0,334009129186447
-0,326590195656888
0,0638147765139906
-0,373291052338566
0,0414441862876206
0,302577549029778
3,26118223994994E-07
4,25560299198142E-05
-0,000834744392609816
0,005284809019418
0,001057223553323
-0,000753027256588304
-0,00417128694465287
-0,0281013889977626
-0,0239776349822091
-0,144004808019007
0,0488910662198309
-0,0103133140581829
0,0244980297209136
0,124370783474407
0,227612120262941
-0,0213783573029678
0,0732056706458123
0,132215674697889
0,249627523670984
0,0275510638033293
-0,0034724107434496
0,12455132439861
-0,13129319729071
0,0417619643757234
-0,116914144085659
-0,0531607024023327
-0,0132076850343788
-0,0308409704384423
0,0650714131975753
0,0809666121376773
0,0284701604481494
0,247246235903037
0,165897926516333
-0,201380714809648
0,0192170413447424
-0,0631354816291607
0,0611395101054244
0,0417590264854094
-0,0673191889827019
0,113393001912696
0,0499664382964203
0,244359379652056
0,0169496917945522
-0,130450915159794
0,204742646937502
-0,270781663245033
0,145405820203893
0,153350239753277
0,224580363305896
-0,0627136891891582
0,0428900047275023
0,0212261615856142
-0,152789458993279
0,041109395066901
0,043147201806909
0,042488990633022
0,146782964062415
0,0958813067260767
0,103089168248775
0,252407336774804
0,186188279232024
-0,14824142966042
0,0524736938723361
0,334215666977784
1,51992103420316E-05
0,000105243379889203
-0,000105953322790244
-7,35568438991096E-05
0,000679874932273573
-0,000699909233064421
-0,00250692852093396
-0,0270952754279349
-0,0632198206450226
-0,0751152090688342
-0,101949907030654
0,047388504286487
-0,0788874891054764
-0,171129379663896
0,0183259796941413
0,0942084497082843
-0,00251835843957105
-0,0602628403761487
0,118717418875154
-0,123816654456555
0,0931835349839317
0,167396399962625
0,418464168320935
0,38491278843308
0,0215675686342528
0,0966896350737055
-0,0537060026782383
0,0555648534476652
-0,0645797947697251
0,20699747061061
0,0802272608144196
-0,080489305572845
0,0328407384572056
-0,0179946394937728
0,0221076196619689
0,110212415520018
0,107562959387808
0,202796294582343
-0,0895045241495391
0,102968565441069
0,159844168281754
0,166666050172712
-0,271909552049716
-0,178433442006095
-0,160675693381524
-0,0174703328973653
0,194214870839057
-0,188924828785573
-0,217529005721465
0,106540395531759
0,0493716333924404
-0,158225069910488
-0,0922386225816949
-0,0112152369421876
0,002504221145568
-0,00499901608424794
-0,000136617278704883
0,00574544892972872
0,0157952903999943
-0,00439738274598028
0,0750742830527637
-0,0912109904354986
-0,0553075095727819
-0,0860101038448022
