0,99931594328085
-0,000198308335161309
0,000485463757522986
-0,00388496688130949
-0,000520132511834351
0,000262094161630777
0,0010211490819409
-0,00931047088072051
0,0106231464436377
-0,00243772523295505
0,000939717944723541
-0,000395337741812106
-0,00207221102764288
0,0010344545536837
0,00231751152520395
-0,0103919534241806
0,000122039085882025
0,00287353952476253
0,00229221952768095
-0,000609099138784392
-0,0125550485217236
0,00498860817275832
0,000221938623138767
-0,00131320908777901
0,00705091419579819
0,00142998056531642
-0,00177899012174107
-0,00417389518000518
-0,00267982042435003
0,00181061020502138
0,00800117274824623
-0,00574739825229075
-0,0019615556818176
-0,00660392689589993
0,00159573242306845
-0,00365856946342569
-0,000466852425590898
0,00847027836263741
-0,00321566479420521
-0,00103290846631941
-0,00384234023922141
-0,00215813888497981
0,00150240352948921
0,000677133309365675
0,00556240154476038
-0,00656461252201929
-0,0052331227684992
-0,00355216753142863
-0,00604121130613124
0,00603385260625676
-0,00127810641824968
-0,00219076525674333
-0,00812609604366909
0,00151544430069644
0,00653663172079514
-0,0106664622595811
-0,000260046357741293
0,00381910567697922
-0,00324939441058387
0,000394281830265481
0,00530453427594045
-0,00250080717820546
0,000303858876486019
0,000806008105968597
3,48523554348162E-06
0,980965786398527
0,00254079025886759
-0,0267221363750519
-0,00192422843551981
0,00257942748585287
0,00472288622981997
-0,0430725289856017
0,0394415576699185
-0,00425505359630193
0,0310054282373485
-0,0332237631958288
0,0026631662893376
0,021825727178574
-0,0267767194632017
0,0382027498291809
0,0324243364731965
-0,00738487753677551
-0,0122437894061851
0,016068437298784
0,0184584377721495
-0,048855528402193
0,00573763283902342
0,032070793946027
0,00584731457951172
-0,0201047309246813
0,0380688374106225
0,0372857676119473
-0,0183212276058772
0,0722856837294529
0,00433483795265894
-0,0241770861818031
0,0111435638228911
-0,0167347474743593
-0,00809468899347835
-0,0201451792046666
-0,0140079979102676
0,0347866281606694
0,00112860320276043
0,0107456438113717
0,0499236728201004
-0,0458723828614086
-0,0110259727145063
-0,0217029722803555
-0,0234096295071501
0,00690980450374586
0,0114189262828279
0,0141503787238432
0,0036938320568927
-0,0218152736452529
-0,0138328350695106
0,00725310813749888
0,0322401583540932
0,00944560868983482
0,0442138275751253
-0,0279008805561306
-0,004686394648345
-0,0229835827602646
0,00108694513452442
0,00180697655898968
-0,00916127528149644
0,00221602852058431
0,0169680108057631
0,00355796490633135
7,08613645501617E-06
0,000667229623478159
-0,984598012784269
-0,0719719214029751
-0,121977004915833
0,0129199508301539
0,0173779013210787
-0,00867444655999222
0,0111714108609368
0,0316639239143765
-0,0681866005437157
0,00459892917993864
0,0200806741766412
0,0153302901145988
-0,0392643761333963
-0,00408341186991851
-0,00383695246574363
0,0114131166759228
-0,00898244302010274
-0,0172529285202491
-0,0103463726749099
-0,00150827152966823
-0,00912817217291472
0,00822412484740333
-0,00933438070173111
0,00222916440986264
-0,0138230369946476
0,0202760371509205
-0,00319855799786325
0,00356635726752821
0,00697873279662406
-0,000711636031692334
-0,0152504091939406
0,00357238492680745
0,00667796075800508
-0,0034167843166297
0,00419979158974605
0,000825185002709172
0,00108972118427479
0,00623554028836712
-0,0014621964010738
0,0015703495198681
0,00299737488362074
-0,00196038499755209
-0,00259046358790245
-0,000530919175411848
-0,00129819943160651
0,001011681978138
0,000386206696311683
0,00069713900081039
0,00246975204265295
0,00357855138815192
-0,00180476796054604
0,00254142339894881
-0,000568343982304521
-0,000969110384020937
0,000744925399434761
0,000941917241561914
0,000238336395698114
5,77690575975111E-05
-3,48535537679506E-05
9,87338067062785E-07
1,34281437969875E-07
9,1629923512966E-10
0,00376226935056676
0,0276535169643114
-0,0405842289144651
0,920309790242761
-0,0681606862533722
0,0245910209106526
0,000267823953974309
-0,0345880626762476
-0,0089629225395946
0,0558254126986634
-0,142122832696363
-0,0350990294108799
0,000428117330534687
0,122140361705666
-0,0120887397229187
0,0120803512704923
-0,0378980654022557
0,070925238001327
0,00809733687719329
-0,00332130975913127
-0,0348759252799157
-0,0101447910333522
-0,0299688168568252
0,0512538971602944
-0,0159492404337266
-0,00302246887212227
-0,0161903256011391
0,00549491696291865
0,0879830154142674
0,0458990156669907
-0,00424537324708848
0,013270993263839
-0,0727088654557641
0,00729753152520793
0,00692412284584515
-0,00659823405843996
-0,0125145058435127
0,00823064497119363
0,0196937411907114
0,0590231088632516
-0,0463959285439639
0,00944529799023159
0,064668721658957
0,0134998617454674
0,00350838466800399
-0,0538927086773036
0,0438717385766676
0,000674556512466354
0,0532192777465689
0,0267000458366655
0,116619412494035
-0,16599816341934
0,0908467665872636
0,0431459692752455
-0,00960111589576866
0,000514945309663619
0,0654675943235468
-0,0124620073870758
0,0253039707461425
0,0141703962349676
0,0177799105532897
0,0227751695662512
-0,0166858534120637
0,00739941475110277
1,29691137705528E-06
0,000781642344467971
-0,104325495167618
0,0401478762567897
0,941201504977644
0,0011829410248376
0,00269972777788179
-0,0648091839204104
0,0344450022591172
0,0264630765401127
-0,103195029266496
-0,0157144966022411
0,0103045665351055
0,00978932251988316
-0,0795642953839063
-0,0120145940742895
-0,000550151936358563
0,0299075907508848
-0,0345141399839207
-0,038691434131129
-0,0916813616010772
-0,0144706812205288
0,0895932034699367
-0,00168583322666322
0,0914823745507582
-0,0385458510365821
-0,0591732982062167
0,0154687899185749
-0,049254668472542
-0,00558755247491823
0,0293228095775131
-0,052995772589923
0,000227868621056318
-0,0372507109718147
0,0354121439348076
0,0194169253293492
0,0193781928692316
-0,0586768048785091
0,0212050280764889
0,0744474316008369
0,0665255687103114
0,0130130822088165
0,0321179454183666
-0,0118066783915578
-0,0155407953273384
-0,036885724931507
0,0212577421021593
-0,00762374102163401
-0,0219125500141979
0,0168655418872131
0,00675372543636454
0,0383952130932673
0,0527556452688432
-0,0120813324514782
-0,0569346249730694
0,0831767802558813
0,006597971410543
-0,0149067072976633
0,0277085076107524
-0,00242766950328403
-0,0236331510858457
0,0173472890891203
0,00669608070072399
-0,00121246681074617
1,01164763316616E-08
7,49033634647051E-05
-0,00237883713759506
0,0108215558100728
-0,00178192761563871
-0,783301699115654
0,394646424770447
-0,019361465130451
-0,0317873529026162
-0,0338310119169176
0,000147232763133326
-0,0768600971514785
-0,107135811011407
-0,0689423918799389
-0,00504177705131962
0,0670728615982191
-0,0637023852173749
0,0916063215722476
-0,0751596080511123
0,0175987964474894
-0,0145511192323742
0,0186763554431994
0,00938416571425038
-0,0134222406543716
0,0197959892694299
0,22077267124091
-0,00310393611636586
0,0612036603233096
-0,0716690929223617
0,0751076565229214
-0,0184375232172536
-0,00329474534302307
-0,066100296972601
0,0768666139143166
0,0953033630531569
-0,0452055611957601
0,116385371370145
0,0079945208551575
0,0777622261950505
-0,0121308097573411
0,0250988954294798
0,0349648100358665
-0,00757265280207862
0,0413505833297677
-0,0316695032117314
0,000292744205637588
-0,113483918199594
0,118053224373773
-0,00665413288397721
0,00084475532369704
0,0586332764210585
-0,0350060905485534
0,035304882118164
-0,0314112544408345
-0,121491743096754
-0,127462115701863
-0,0661945160369998
-0,0275388009537335
0,0174191636662169
0,0052984565998148
-0,0226298857554973
-0,0367172710397755
-0,00239335323082684
0,0137542099802333
3,57580315402171E-08
3,38841027091041E-05
-0,0234560823242648
-0,00197144814957717
-0,00830855811558996
-0,2429700509133
-0,576827570529547
-0,478035095588195
-0,465884525128256
-0,30533723196791
0,00272897916222564
0,00583558648150673
-0,0228640192572898
0,0475401598107957
-0,00465368989110306
-0,0435529314734515
-0,026532264568598
-0,0589429963389719
0,00646079304182595
0,0246127791885074
-0,0236472970229986
-0,016768964546481
-0,00114667870448498
0,0139359456482036
0,0151938140847097
0,0406704301071108
-0,0236870320695949
0,00825682236554081
0,0186453735352184
0,0122033929957927
0,0302803481919499
-0,0176547772679451
-0,0146400515227167
-0,0460108120636285
0,00150742377437299
-0,00160692133186573
-0,0392056949470896
0,0272897034616574
0,0327938224577209
-0,0270636290212286
-0,0200142049276739
0,0154118104826369
-0,0220114162234756
0,0122820508506991
-0,0473243412375978
-0,0318878195220679
-0,0239356113919881
0,0122862289928904
0,023024921500901
-0,0717784744864986
-0,00657594369548774
-0,068427460431046
-0,0164085312647004
-0,131350334926805
0,0142267156553974
0,0712935851316977
-0,068317522336692
-0,0264182916550343
-0,0391658118411944
-0,0412513186932474
-0,0178020080008118
-0,00125751266261383
-0,00479842965885227
0,0116018422022094
3,65769398485235E-08
0,000220465874767451
-0,00269135700977093
0,0032584327099126
-0,00102312269557779
-0,302811932182214
-0,615249645534049
0,206757490434385
0,376188142487896
0,389639708369753
0,0103160338812906
0,104824980794895
-0,0923074148653449
-0,0536076009845578
0,00267443008600518
0,0580827517559088
0,151913317157585
0,147574175325595
0,0816108901467447
0,0324954699286631
0,0441639446002628
0,020612879048832
-0,014634561148902
-0,00876270812311638
0,0317841641486419
0,023124098131679
0,00533598995243194
0,0155251467326635
-0,0237902263736494
0,0310692331713478
0,0134266410315562
0,0168706829179095
-0,0156496243459216
0,0508463158944165
0,0426726770596318
-0,00163344211977525
0,0491952573292053
0,00973814247083432
0,0824834889058649
-0,0366046968853483
0,032526722763306
0,00472699260719716
-0,00849168856471965
-0,0584569746391036
0,164653060618857
-0,0699570960295516
-0,0298158118541588
-0,00489918883824419
0,0994532865409662
-0,0879729803683572
-0,0511542440229311
0,0327395068532012
-0,0152906061919556
0,138212678534531
-0,0906952317769621
-0,00938158766268437
0,0261238330367045
0,00365738252698988
-0,00923811715779536
0,0329270482866388
0,00380421598417815
0,0584619241927822
-0,0185114836143806
0,0366162832906723
8,5551937637292E-05
0,00378901841136826
-0,00180999791599439
2,00565286567653E-05
0,0116406714443845
-0,00786710116983499
-0,0197067012565785
0,400997926747211
-0,544075638115152
0,270411535212731
0,129903907722829
-0,0148505314899132
-0,0185098177792824
0,177554156371545
-0,243112725735224
0,263507998996482
0,13100356757148
-0,0871169438705744
-0,032682639545561
-0,0116310469398403
-0,241998510340877
-0,0247812615346553
0,0972840883278365
0,0510977251694054
0,202139301748366
0,0329105465134852
-0,0539844811881676
-0,083338179013838
-0,058806607375058
0,000562035245235517
0,0611179243207686
-0,0477591767788326
-0,00908798831849081
-0,0434534890574316
-0,0126661238573138
-0,0946856461811248
-0,0197647644124838
0,181183781044172
-0,0785208041744529
-0,013826844883401
0,0473405396309464
-0,0798140313904654
0,0708930295038515
-0,0417688194940368
0,0509280643923855
-0,0313268171021372
-0,0586182002860205
-0,0430665423539561
-0,0550476059316825
0,057713770024139
-0,0194757642003289
-0,0897531114199761
-0,142576084661796
0,0383301513865784
0,050169741553964
-0,0980923012301945
-0,0339775581922702
0,050078672419765
-0,033888949265622
0,00115377075563683
0,0583588743052449
-0,0372818872684798
-0,0141881338949729
0,00261849932941199
2,7765585894189E-09
0,000634498020864011
-0,000710787476808001
0,0028461293192244
0,00516607391205618
-0,194784066348443
0,0682659916727251
0,0182877171054039
0,0352805142624292
-0,00909816330187754
0,128317319011977
0,437719469886984
0,513442983016633
0,309299158842749
0,0633593624546501
-0,0604861577642892
-0,0274986402453341
-0,0362302226321436
0,0489414095526218
0,0488812245448737
0,115450911759495
0,101273948102034
0,0431592715554245
-0,0782886604151805
0,197603891911059
-0,181012228591679
-0,203683493868334
0,0783138484346401
0,31821110961181
0,172331370351387
-0,0717885153327857
-0,1054352319144
0,0335500839711188
-0,0290922946602263
-0,0590924798147164
-0,0118756734238516
-0,0213942837570301
-0,012735212648113
-7,06164375811E-05
-0,0258346697900297
-0,0260953470221151
-0,0286887910118623
-0,027367447580461
0,0481907422218727
0,0406824562572654
0,0104785265040496
0,0963696840069782
0,0441689543204418
-0,0574567256251704
0,0650854107492454
-0,132719168983589
-0,00689811751193969
-0,0448142183469562
0,0377351016199535
0,00141908193045339
0,0357516065251504
-0,084250429280953
-0,0737269110719175
0,0774213613620314
-0,0148116211597097
-0,035076953051594
-0,025130606166823
0,021893749529888
-0,0106887297267837
1,42978156493297E-05
0,000211920782023843
-0,0530204137952384
0,0119045597223249
0,117783664598197
0,000620375364417007
-0,00734156186643128
0,114333883514997
-0,104731202167718
-0,00130823899924525
0,358375318515547
-0,22443032375156
-0,0430615721759959
0,104590019180092
0,514452100054761
0,0302033231912467
0,0886391781440942
0,0823517640427827
0,183586562240951
0,00946780259406147
0,0381216488874957
-0,00530067114481855
-0,277894941544067
0,106229526044477
-0,142477939265668
0,0125247778326838
-0,0686875282064042
0,210421406443386
0,164800168562418
0,0242892535462405
0,161824208380427
-0,00992803225159298
0,0327860488676626
-0,0937463527101493
0,0312434504632812
-0,0722266260664297
0,0543890306303979
0,0950687047045039
0,0119802896126289
0,180358832331488
-0,0535594600534557
0,0752024211537307
0,063300148076472
0,0132162416681507
0,0612191130202651
0,0908054901755102
-0,0145462708758612
-0,0150879278681276
-0,0447460134289837
0,0646902727714168
0,00154936697064964
0,0857767130184027
0,0849904707267791
-0,033000094978916
-0,000239070668901754
-0,00612523691151771
-0,0569061527858473
0,063392136438299
-0,154080219885384
0,0476213550350656
-0,041751398739999
0,00379287427697358
-0,302213583001083
-0,076691463147453
2,89685586918316E-08
7,17167891559722E-05
-8,89393898979696E-05
0,00229041924443719
-1,19022809229198E-05
-0,00763242338111468
-0,0116501881379438
0,076530701126438
0,00652290150074611
-0,127558411481748
-0,144042329721816
-0,0631792484002661
0,0945517629212677
-0,00996953973740103
0,131046459921717
-0,0892228964765678
0,521996123350903
-0,0873668000148668
-0,453738567508992
0,287983509974001
-0,0479356331100773
0,411941009223667
0,0957721613438527
0,260618120742828
-0,055677160338516
0,0666955329965653
0,00870155856765007
0,00994441154063248
0,0176742205872361
0,0187696317438754
0,0097207182238448
0,0336866879851423
-0,0377544454217825
0,00152675488059236
-0,148425072683744
0,0171065542729088
0,167697914007329
-0,0134351639449549
0,0834871486595016
-0,00957726952876601
-0,0486890702375163
0,00161642187176081
0,0375430927932354
-0,042352492489971
-0,0658808993738815
-0,015411707750651
0,0920282004534211
-0,113710534201696
0,0135781058958669
-0,0102577301826456
-0,00600380563625842
0,00494565754503846
0,00426772733123311
-0,00385268674034186
-0,00465247563769637
-0,00282478867016374
-0,00193508893464192
-0,00114226750891238
-3,99501700728759E-05
0,00026523623876155
8,88729155085318E-05
-1,76789107301454E-06
-1,09519075940337E-08
-1,16386902933212E-09
3,02262777311259E-05
0,00381555260098012
-0,000328151462074913
-0,000427637625780005
0,00291450932509329
-0,0160840968900397
-0,0394285449788682
0,265876179722619
-0,0655849510762708
-0,285799443955364
-0,341267467925279
0,128157460466864
0,0451361524883823
-0,140351117391183
0,274018489465495
0,0542077735949875
0,0907023813260736
0,131747451727608
-0,0978975915403698
0,0674510181396876
0,0211276843760697
-0,372372926627131
-0,0835026150083766
-0,161938416932915
0,0413920944002309
-0,051307552116114
-0,00886282265818851
-0,00517634530601634
0,00322477854563136
-0,0875694413651682
-0,0775846034153545
-0,275571747925236
-0,0521927814789138
-0,162298183597074
0,107858136695716
0,123777462339268
-0,0794704019078675
-0,0596973266388891
0,160203047372821
0,0693998218405303
0,0967298237308315
-0,0723153688010741
0,182150967408927
-0,0643350956441512
-0,078349746731722
-0,0560127629345017
-0,0021268706957302
0,105224182912804
0,0884999254659135
-0,0730660446858816
-0,0692407112688999
-0,0515602393960987
-0,150088111527265
0,109179573773062
0,114301690351898
-0,191951063394434
-0,0515990806266544
0,11560241539573
-0,0318359193673904
-0,0113944197703113
0,07448073945985
-0,0277849101807488
-0,0176470120801283
-0,0728916669546252
4,92847691464837E-06
0,000863943162335416
-0,00187753296705268
0,0617007480396874
-0,0063416553470351
-0,0316292739893394
0,0118067189248077
0,00852081101941511
-0,00354401637304901
0,020240660829205
-0,113610801680218
-0,109570442930887
0,0352238513196692
0,0390624268480801
0,0341635235784182
-0,192552058300003
0,371408852813955
-0,3385554457388
0,109538180246016
-0,218113156382829
0,115451063378969
0,0475507643590322
0,0578023033310032
-0,0510579437142878
-0,00751860772562954
-0,0257481975231188
-0,00069825467778444
-0,014387725272985
0,0359557866146217
-0,0601659880217406
0,00154219123950375
0,0408166414301346
0,119837862378006
0,0519049881191272
0,384906272111505
-0,00950341908204996
-0,404669060726869
-0,0564794967347779
-0,171317342510419
0,0522240802577894
0,142110389168586
0,020670627381199
-0,0725752412415561
0,0559568894345399
0,0852901767782558
0,0159662435112918
-0,068758354681163
-0,0104036360537401
0,0396875459257872
-0,0369408751512591
0,0043222316124866
0,0599650767474336
0,0146832683571684
-0,101206536496522
-0,210006466763791
-0,265450438949162
-0,173821712966618
-0,0616770324184644
0,0628524972171244
0,0697601891697645
-0,0467152402970038
-0,067463507441653
0,0135719762599243
0,0191733431487716
8,44279793100003E-08
0,00417293840741761
-1,50933964706476E-05
-0,000645675580870653
0,00127596659594146
-0,00462938612977914
-0,0119153891330611
0,109239311065062
-0,0635479981633945
-0,067089728805656
-0,185992766852299
0,191727321500784
-0,0644853042518938
-0,1547203674564
0,276455378724967
-0,0470871155470541
-0,162565173815665
0,0247104206713942
0,137011297387946
-0,293573748568792
-0,0309542191533893
0,199184378402803
0,204939067806565
0,313644348548047
0,109362767535396
-0,0559595933162847
-0,0255392366122221
-0,00465899169154542
-0,13409108271374
0,0726925817631847
0,0432082309967439
0,117696246093291
-0,0208095743330915
0,0163786925351896
-0,0799630966912521
-0,143393216189739
-0,0386400290569638
0,312729304048223
-0,0697927708815829
-0,155830208980388
0,103268841218777
-0,182614472432458
0,191656232760175
0,227466607867591
-0,0380297333734665
0,0849292665991981
0,141986716522218
0,158954525996635
0,193754768894474
-0,095600173081301
0,00407972009488899
0,139201374132243
0,116014424310502
0,00917676642189097
0,00655600093761437
0,0107920509545806
-0,000177096031616152
0,00148670670745221
-0,00991764320965708
0,00313535215432656
-0,0646615507729888
0,0530183970201627
0,0265911798544424
-0,0569000980953982
3,53331401732946E-05
0,00138719074591496
-0,0127448460553522
0,00675740155274322
0,222772383574467
-0,00439790936198969
-0,000606939655116233
0,0316387706860643
-0,0528542695097333
0,02887052033088
-0,152300408053902
0,0822635330506308
-0,0355339037792115
-0,0305856251661577
-0,15794215416037
0,0221052139235185
-0,0828375335123103
-0,0945965104079524
-0,0257284689720118
0,0985157178309897
0,370672231973024
0,119993787225354
-0,244379395712638
-0,044544510076953
-0,264761191188028
-0,0495890890383094
0,0387971856456974
0,160345499053803
0,0616120294035231
0,00423432872101226
-0,0433199845117974
0,217510687076143
-0,0799391277019801
0,0160381491228731
-0,076202516705396
-0,0901424241755578
-0,0519196194504309
0,229213584238796
-0,0487348287340226
-0,210635380679486
-0,252148880658821
-0,047276482191916
-0,107591597493056
0,0561710975952145
0,0739144427678158
0,148621449958755
-0,0753519859604153
0,0284468824670084
0,0713062903579366
-0,0613861701871454
-0,042008142804008
-0,157514101908208
-0,19318325196929
0,0480601040454267
0,220001592016287
-0,323704468352219
-0,0271386274232925
0,0590084519212419
-0,109175970246426
0,00999143854096414
0,0923909802198682
-0,0678171484976635
-0,026177887759558
0,00474000456109472
0,0195280875807809
0,00043002258025056
-0,00122236543416457
-0,00106324038951034
0,00638871509095079
-0,0118068138630311
-0,0317442526251732
0,109951479056613
-0,139338385608753
0,0731558305541242
0,0966431844813571
-0,234759568345013
0,209067776531565
-0,0144354949738477
0,0658997943781134
0,0997517915196893
-0,0478574299281597
0,0851595880468036
-0,162805663300943
-0,271189141464929
0,0293541692154118
0,0763140835799903
-0,0416762853813537
-0,0412576589815533
-0,0343327070341054
-0,237620287181454
0,0275456345455757
0,185722686252205
-0,173477633187318
0,0216249683779325
-0,375200690418516
0,116158674637163
-0,0254160957837921
0,179475106472141
-0,0965130667260324
0,151032361134542
-0,1209797057612
-0,146668823495575
0,127478732828541
0,00338779332506296
-0,000876299766464153
-0,0614903379486708
-0,0690866515405963
-0,171169402161415
-0,139298160807644
0,233623689664473
-0,0553789669992436
0,0263703510069554
0,204361855078881
-0,190838087703288
-0,00957221172596033
-0,178846089671611
-0,0308573757804861
0,057177881131042
-0,15896735235284
0,211861127506064
-0,105175525892423
-0,0133971116461829
0,0514794801625269
-0,0169875303910645
-0,0654323934711646
-0,00264966535125132
-0,065832681276299
-0,0321703559125805
0,000857204761325908
0,00283110904474878
-0,0614917462823121
0,21711911345278
0,0690303630295645
0,0122341579785147
-0,00364802115151378
0,037923174454517
0,00161657222662109
-0,0834708320761521
0,253529785644793
0,0963046231361957
-0,0364899430728092
-0,0936248278866655
0,132703371514507
0,0407442389796257
0,013482795941996
-0,000326560187906666
-0,00644820807546611
0,0961475447959832
0,0187783266108911
0,00883610681614856
0,0262819287349398
-0,0579938208582745
-0,0376785535561893
0,110075625700838
0,0685869673625717
-0,0079438545120537
-0,239017450219024
-0,178520607730285
0,133944112083595
-0,204577714257891
0,368252305164072
0,357526591451429
-0,177346210204148
0,058755032324678
-0,083156724180364
0,0401075389645945
0,0345848293900037
-0,182830023591499
0,0852623138362262
0,0244400748704547
-0,302692816234876
0,0711246822396817
-0,0786326849463777
-0,0748413425434217
0,0923482374191475
0,0624971253470875
0,0955714209352342
0,154488287787982
-0,0686893038285413
0,111940029908893
-0,240283697484423
0,0658207135925793
0,105003469670889
-0,00329357647288932
-0,205585388959803
-0,0614464237775407
0,0543915042625762
-0,0278840359719183
-0,0483952437900727
-0,063908229993512
0,0394677906280263
-0,0199357066765401
2,25912978412039E-05
0,0174289252606938
-0,00141127100157129
0,0444107336407784
-0,00408995665864479
-0,0178683455069346
-0,0490087295339125
0,0396461757368694
-0,0052770225637878
0,0718062948611053
-0,0386590854777456
-0,343174518683241
0,444065607061377
-0,245844124407355
0,0636859069853145
0,118427412806018
-0,322803675565616
-0,148205218879285
-0,233740696086824
-0,116590715068622
0,111398328243379
0,0293588072614033
0,108843488523689
-0,0288161347984682
-0,0540158324749032
0,033285923044235
0,0429892405911172
-0,229354576828723
0,193041527726315
-0,0332070033073845
0,33486864918268
0,00407756720891606
0,0484897886859863
-0,108183241005378
0,0600527108213623
-0,0452173368174207
0,0916389526800865
0,0570805744962622
0,130491784296276
-0,0898759476773607
0,0739435647168219
0,0659336776983364
-0,0362048232468147
-0,0456142106171543
0,200650922128172
-0,144472098851648
-0,0501133717617243
-0,0103863605646709
0,0672165741563667
-0,0794323166640718
-0,0733483807564575
0,0757152784328896
-0,0650006882185483
-0,0365174912643206
-0,00746891527100953
0,00412849106494852
-0,0340420732272143
0,0372146787921261
-0,0141823304068887
0,0126615317550944
-0,0021924551428462
1,67989627844042E-05
-1,35046868133245E-06
1,93629655015461E-08
7,31790208808581E-06
0,000213141469478236
-0,0608427312501513
0,0281402811983747
0,0542587056372568
-0,00828385398868043
-0,0309076767004131
0,148537531732389
0,0525292512480122
-0,228433534585037
0,363080444785694
-0,0406643312900815
-0,166219482105855
-0,0340324487374821
0,128577503496106
-0,0025838685563047
-0,0769926687746757
-0,223766635723782
-0,00208635698530492
0,136549214434454
0,20141498710333
0,0866343168969891
0,242350635188981
-0,197451300095818
0,0918273921264139
-0,133044172698469
0,0375792269700564
-0,0705788684103904
-0,0914911198151667
-0,0252381246548377
0,07308948367587
-0,0109650803568274
-0,229713144151328
0,0910598280345102
0,0493994839884784
-0,0434171222735826
-0,0430693776765596
0,0139678075456517
-0,030026195506085
0,0375414679070882
-0,085917577113957
-0,0573206826965023
0,170685081900916
-0,00989945427062468
-0,0175365741003984
-0,130455439637303
0,00704266889828661
0,00120763854935302
-0,0289387808519269
-0,185668063786784
-0,0427456486558789
-0,236044906174049
-0,0478254386840716
0,00731844893871898
-0,0323647696047329
-0,0626094048741488
0,327147326125135
-0,234270135017892
0,256783818014134
0,00810270463632202
0,0442739776077384
0,0497569956468026
-0,093419050378874
0,00517531786985811
3,09877959817991E-08
0,0011287163482668
-0,000102701703659692
0,00371502119108866
-2,68400663577682E-05
-0,0115151232785643
-0,0196688515364948
0,0393888917591061
-0,00450030859359841
0,0675066091731064
-0,0503051024128715
-0,128354250938802
0,196343506361452
-0,209095954229379
0,0526303326629452
-0,146522157257703
-0,229732500651205
-0,342738508302634
0,17430806330919
0,458315860840863
-0,249572029669202
-0,10533086612611
-0,0801579922781662
0,158259149625516
0,135542153073512
0,144897528582023
-0,176237760194956
0,232230890283044
-0,152410014625473
0,00295803681057253
-0,260266968462383
0,0527664903164089
-0,025451556669851
0,0662760501260254
-0,0645794886498795
0,0102500011863304
-0,0619686560732015
-0,0609217971977299
-0,134648808766012
0,092303047363656
0,0433137076406911
0,0418273067452356
-0,00612692218844055
-0,0363997385742833
0,209521686139685
-0,0463755972677152
0,0896995998757667
0,0119973103881985
0,126921173729892
-0,0657067478269913
-0,0179306089382707
0,00546428160980975
0,0354790033380841
0,0135445375730996
0,0517239147883744
-0,0666884658917035
0,0239901129294881
-0,0265809889721983
-0,0274440292532142
0,00138273688411592
-0,00639757379243377
-1,13007662718051E-06
-4,52257496774035E-05
-6,55644385015244E-08
8,57699053853975E-07
0,0158751388791847
-0,00373022590860208
0,0110101072371935
0,0398708805390962
-0,0361254168790628
0,0130286838495507
-0,000357150514632472
0,0205132825426436
-0,0266331037271745
0,147505478444986
0,355247747242105
0,417055770554267
0,156912689008381
0,0449290049364435
-0,0429622593928483
0,0491375585278687
-0,0370689448138138
0,0447213011668774
-0,030463797284394
-0,0653927222757276
-0,0874149257636963
0,0144171116995146
0,013744638482625
-0,221179868511308
0,14925341448427
0,209713293245734
-0,0772872578089358
-0,351825457079966
-0,236814902248642
0,0857234761131546
0,131550815149477
-0,0605592618884398
0,00771972446513969
0,0406437037469625
-0,0273620242453753
0,016802384839951
0,0357333054828161
-0,0169190885882417
0,020524362502912
-0,0105337823561983
0,0338054992196149
0,058016800761309
-0,170493236627401
-0,0763089359086298
-0,0332720574027388
-0,1734867659245
-0,0444743820128648
0,0971768309457891
-0,10091428565186
0,283089553886999
0,0133610924713296
0,125216244082668
-0,103443291207434
-0,0246803035292232
-0,0709335506078322
0,172021322070419
0,150269959165914
-0,157352060726996
0,0303258469163512
0,0689371585662641
0,0491363260357939
-0,0427990049350346
0,0208977760279968
4,33244567909017E-08
0,00312266124960776
-0,000174797761603644
-0,000236663140579414
0,00121431794406253
-0,0290482841777537
-0,06429696813247
0,129426829076232
0,0302542673070598
-0,0478816318623016
-0,0970146025259699
0,0960470975073253
-0,0782419256292636
0,00661538387948547
0,107468982686275
-0,0645136759848439
-0,118824479465004
-0,0285872293337257
-0,0436971417106219
-0,142757258317212
-0,163274771300908
0,0750643965289974
-0,0527009438425947
-0,0660098731123783
0,00560712411498115
0,0443381250165777
-0,0114975214510226
0,0273212142884441
0,0628958749862474
-0,0651642529715105
0,0077433533344452
0,167288495370894
0,0866529045794504
-0,012208566896891
0,0144165194330656
-0,107713056852943
0,0106353012265439
0,0477055960486073
0,119156139845088
-0,0564424142618725
0,329989403990257
0,231648940930518
-0,153159057940137
-0,403679468002518
-0,0379026423260269
0,21158815378521
0,290381308420426
0,0223549138904306
-0,299909038626497
0,0363917527050668
-0,0193096033033044
-0,217413151332816
0,0219278551465234
-0,154769958146308
0,144254360848797
-0,126052512038441
0,120192744115159
-0,229025932034025
-0,0616318572558
0,0303383993844911
-0,0359168339801708
-0,0359815704957739
-0,0131791783532972
0,158438418091795
1,60667468450847E-05
9,48590007080415E-05
-0,0017762495691267
0,000541727769077054
0,00799279297924761
-0,00145518602632937
-0,00473450956097168
0,0694822127438417
-0,0932887867657741
0,0465841199315138
0,103428234726797
-0,0951834863167306
0,0306782504163768
0,0562861065624349
0,0984922921077488
0,0246847494108455
0,0373344475189183
0,0595003079118183
0,00186083909834826
-0,0898225974089801
-0,0375903545015122
0,00812083818876091
-0,130252278860675
0,0682263966975813
-0,0558821694270218
-0,0971053871926374
-0,0413804284741043
0,254011530817375
-0,0878485751319703
0,0346977435739389
-0,0613357900281037
0,103750088449706
-0,134778962377173
-0,218515076854629
0,0400809759494559
0,128501472680576
-0,122250493381397
-0,0994541774570633
0,231911322811713
-0,257599429222181
0,00543537826651953
0,0184218647630346
-0,180853187779332
0,200105927883727
-0,0231519032401903
-0,357319280060759
0,135963421126578
0,0714068703851359
-0,0848753569872005
0,0917719233965413
0,0699008918610591
0,187268704349951
-0,0838660552963939
-0,16594211998257
-0,0503531354959114
-0,101503341041487
0,308443513925092
0,0296397419641889
0,0864016921597958
-0,0335772880001425
0,119595667170422
0,0330108730321404
0,350725734181031
0,108463023094134
7,96669673133505E-09
0,000122429804158262
-0,0155428554643622
0,00311300288709839
-0,00428134684614079
-0,316124755285611
0,0593345864501703
-0,00261437450408458
0,010599528897113
0,0281936806826639
0,00108363282179633
-0,0176532682029945
-0,0666510668845351
-0,0501890491190817
-0,0211934999064295
0,00103862280209
-0,0056315889992147
0,0240393644536029
0,0321809571542764
0,117678506509971
-0,13471313495663
-0,050867742580053
8,05664161844114E-05
0,153218937582109
-0,185256056768295
-0,536625258399351
0,106835834748689
-0,199671341595502
0,0692958167498747
-0,26384578402838
0,103811169999942
0,0908602874122656
0,171185071747106
-0,207900763431671
-0,361031107615211
0,157473061665135
-0,223174709215432
-0,0867886964038175
-0,162557178613427
0,109108330904452
0,0395448291001045
-0,0568624163565134
0,0320666558821439
0,0149102199850993
0,119367815587313
0,0402739017349071
0,0405389186285167
-0,0384127142600113
-0,0270639945753294
-0,00392936914463288
0,0402945181431829
-0,0116206784974311
0,00941698027316066
-0,0339574079841597
0,038786582733812
-0,0264937669668862
0,0377755583912215
-0,0336338320946137
0,0349377154159373
0,0449883546927691
0,0233911299225576
0,00147249791615371
0,00582639674770536
-0,0141033529945643
4,21212688444096E-07
0,000101285907260281
-0,00111876454691144
0,0056925636542657
0,0011989341630116
-7,9275096406231E-05
-0,00206158918522162
0,026844284472174
-0,0190866007674074
-0,0169523868938042
0,0738398086107178
0,0242795227262491
0,0116682489644159
-0,119255841503144
-0,0902100938444088
-0,159134780227981
0,0219923762316427
0,0729254654227469
-0,0463008790164816
-0,0437350213578313
0,0356568373956307
-0,0749350947801936
0,0127052952653975
0,0715931941321682
0,116523313866565
0,0420810309902129
0,158912008692563
0,163694234673635
0,168420454885709
-0,0441590598735225
-0,00198537510494954
0,0955521193069758
0,0895405210220465
-0,130010766977202
0,028695311956464
-0,034729513398451
0,039806722917496
0,00942056872469115
-0,0263925124829228
0,0866482403285772
-0,0205230092111817
-0,0641651093892211
0,131131567812719
-0,102829658415463
0,0025093122673994
0,0568392105466973
-0,0823883004333379
-0,0167949145930478
0,285108969731922
0,243736384224233
0,194239058612429
0,0961704268287074
-0,286623920494915
-0,0368749899875585
0,0369321118427506
-0,0480364313952601
0,101890631029582
-0,0942452661980083
0,177981690584463
-0,408868247984037
-0,302450932858853
0,0751310893555418
-0,12555061933935
0,361316984829359
3,68725486239238E-08
5,01816956609801E-05
-0,000175386796415497
0,000570461166981195
0,000714828686731743
-0,00711432756081616
-0,0183945479551109
0,105916277466852
0,0251087179972357
-0,211847003478746
-0,0571420618694218
-0,118558839552746
0,125403187733379
-0,0110906186536314
-0,149441278022417
0,0405981297078787
0,0940127268601171
0,189468706788446
0,271370655981323
0,0649745947366786
-0,00454908247931409
0,0997665593979009
-0,0408162554427359
0,0105453272593121
0,0468465016563997
0,012348870356577
0,00134482942265205
-0,0240760863790192
-0,0222257206858249
-0,018836984868696
0,0514976700612456
-0,0143694428133214
-0,017091055323848
0,0150836850762537
-0,0184694158221117
0,026101103897584
0,0052297334518054
0,127893559430699
-0,00284826315598804
-0,0832786723325825
0,12776449215867
0,10800915797897
-0,206352653905004
0,00330607704982533
0,0964573253723136
0,0987158798149733
0,0254233091700935
-0,0871559348474549
-0,097066018730747
-0,135928713117321
-0,00723602874591282
-0,0637584311748901
0,179494254007793
-0,0590423671665051
-0,0055736937841492
-0,0606676193239815
0,033296510084888
0,326490150235803
0,419817748901738
-0,45161593886172
0,0396994505855369
0,0224372140000151
-0,115501714776086
-0,217348047059876
2,24982313875675E-05
0,0736006546376103
-0,000301868802080462
-0,00430544555445777
0,0144520702927512
-0,00793171388374476
-0,016970483826144
0,19904672959933
-0,190284601039213
0,0254050130579889
-0,17158641308039
0,168883839941886
-0,0654841001263684
-0,135632921674
0,0800474935178286
-0,21345704769549
-0,191568447719434
-0,0480851711630695
0,112354028700085
0,0747531313320119
-0,0226879314604425
0,328480133867307
-0,174904661239163
-0,24109095160543
-0,244670118680106
0,040066978258918
0,131003248373147
-0,0241647060518318
0,0160769144864361
0,214021582415208
-0,0176921928834312
0,00460239233501208
0,0354932299407844
0,0415317010566171
-0,081270406119707
0,025147935060203
-0,0853853556689926
-0,00379860961451408
0,0235989515897968
0,109190306846961
0,176923292483249
-0,0701771385258435
0,0969846052293497
-0,0285621383764939
-0,0216732421165876
-0,242047951366216
-0,238054927242483
-0,21176542999252
-0,153374599217954
0,167274471328143
0,0440943741652057
-0,00444864916070266
-0,0749137556329177
0,0155923298830017
-0,209127958678631
0,228486356934133
-0,0473658860885315
0,0619509902700788
0,0772702808146218
-0,0127380114034299
0,0210051059511515
-5,51820652914648E-05
0,000154166099708549
2,13208979480385E-07
8,97428789257787E-06
0,000277804426649969
-0,000249291990627377
0,00151285985840184
0,000936849281633231
-0,0152677107131031
-0,038906446948103
0,158940487391089
0,0150389359240406
-0,262172986579054
-0,127042729048836
-0,169136052557252
0,227314737301224
-0,0714849794132543
-0,0526939133071631
0,0789762247934375
0,128948152855397
0,233579033276228
0,0661554389045955
0,0390323401093792
0,00146931072780671
-0,0585875136614143
-0,125232761347101
-0,153751209975086
0,113102738254795
-0,0965520372876977
0,0210954033843453
-0,0506998620442441
-0,102650194968961
0,042855562391962
-0,0163473229444352
0,0452746604652244
0,0488755654944421
0,0985672719362234
-0,0623891886540318
-0,117248008578082
0,03290971515177
0,158409140587385
-0,31038966545352
0,0126570932788987
-0,0565024639832459
0,093163179817882
-0,118809552307486
0,264508441369503
-0,040682746807429
-0,101817227271171
-0,0160312803461366
-0,0471883103585821
-0,148093970194873
-0,0661326631180759
-0,0435871732590322
-0,0491221965608408
0,0457732668264915
0,055469184799397
-0,136986124625092
0,0778572800611158
0,115633540844312
-0,13663860863305
-0,279293222966777
0,0799445130147073
-0,193507846626365
0,0548166707420827
0,00146791979044665
0,391704604183541
1,1323654850264E-05
0,140848117999875
0,000439469191205299
-0,00953106148461029
0,00190812507252051
-0,00419310286398035
-0,0118022759345468
0,140689634490225
-0,121824918000592
-0,0193765485162081
-0,134031767886107
0,155338247226289
-0,0884311325720854
-0,0815757448692156
0,140619449166198
0,0157348574121787
-0,0852304814583781
-0,00848848124815225
0,0701295256439892
-0,148310807576322
-0,205113907748246
0,248341479526227
-0,00157156095703879
-0,127199839770443
0,189294817361175
0,0545046682192491
-0,0672259637301939
-0,00749303963576277
0,192052954282879
-0,482133146175432
0,0251789996888076
0,0642572307671516
-0,0874339747271848
0,0749984086806818
0,0812110381346398
0,119232182635963
0,145398057556562
-0,247299764705651
-0,0393839409636181
0,0458356345372385
-0,437659694551725
0,109541092926247
-0,209704698870047
0,0945286550931241
0,0864602803485651
0,0186432100101587
-0,0702462905853111
-0,0251723217958377
0,061910762558344
-0,0248951326999403
0,0131049226409199
0,0277171926579458
0,0308096349748778
-0,00246629379384681
-0,00963086214620862
0,0141413820567612
0,00416029286679301
0,00813635800608725
0,00393040726061843
-0,00266805295026829
0,00493945640052401
-0,00114967667425072
-0,00121023965550266
-3,50003538376642E-06
1,85260773637093E-08
1,70573278524514E-05
-0,000391292361802591
0,000699034349499031
0,00692215057877005
-0,0107440857628007
-0,00627743279398876
0,0268312734113797
0,0165192334701926
-0,0252564520832053
-0,00129832062179317
0,00781521832079372
-0,0280605766081367
0,063156648935524
-0,0668208097814005
-0,0345574848300125
-0,0832199210417397
-0,113515356425995
-0,0914832102713662
-0,0725152728842374
0,247030711540175
0,104113795957764
-0,543956385544802
0,275793575474698
0,265997192816351
-0,00628077769375872
0,0938384207338148
-0,216860178308081
-0,16338860351714
-0,168558294527882
-0,0669476507099281
-0,280758043520259
-0,0712430531890387
-0,0754229141054916
-0,00684960509494538
0,035189437010949
0,0018246177344201
0,118244386836167
-0,0721381189469229
-0,0319211046531208
-0,105345084652325
-0,0269352277889305
0,0390257903993821
-0,263308476212331
0,0544253157748385
-0,109417327610152
0,0648623296802957
0,178026227299192
-0,0830777183431882
0,0599954791245418
0,0140824196717597
0,0588481065605731
0,0934037551470056
-0,0178855045697224
-0,176803163865166
0,053335190648341
-0,0557569272506225
-0,0830463019333632
0,0918215778670222
0,00784734526307402
-0,0594367197183234
0,00027918966010307
0,0156369200644846
0,00393698663900728
6,47564641684642E-09
0,0187103929623613
-0,00960145383724287
-0,000710329002948526
0,0251637680674936
-0,00179616150341509
0,00184739931511923
-0,00762876179214366
0,00942274181324312
-0,00254497538595271
0,0274189950913967
0,0429559830215421
0,0732076065655908
0,0416166300915671
0,0241624647305846
0,000280155433743123
0,0263470499954897
-0,00284801261622718
0,0269458655203252
-0,000932212009476319
-0,0528811558179856
-0,0879237894421899
0,0298942574727215
0,0436228765171321
-0,0663763355031129
0,153707061350385
0,26984719707288
-0,247583822503712
-0,131741478853149
-0,0315635986334252
-0,206996908969128
0,257126824648098
-0,107620952235554
-0,107146358894807
0,041889875705216
0,000191291194104545
-0,126076249708399
0,214807917931847
0,334832591982431
0,330755761685629
-0,174740536361374
0,20458594401508
0,0197507718433245
0,26459199442293
0,153662524760562
0,0702971645633182
0,182971321029653
0,025861493456097
-0,100404442423865
0,119282354192759
-0,245981651106147
-0,0219950955711913
-0,143793885834063
0,0791156613092806
-0,0254217359386003
0,0872644525464265
-0,136405180477413
-0,0993251742373525
0,126817168692079
-0,0264215177603917
-0,0466568446211425
-0,0419833127371367
0,0176702119574378
-0,0204709971368823
0,000858228978170121
0,00264152636956483
-0,0465712794892597
0,220977937993747
-0,0101304872140388
0,0130002646724014
-0,00800065496497454
0,0559684996713242
0,0135937494230717
-0,140181475356499
0,289325634648393
0,153043451778906
-0,0956543252627635
-0,328247542949329
-0,106737422846227
0,0171726918461113
0,025572424493224
-0,0589936877320777
-0,0961041638990563
0,0434525660178432
0,0965789701223322
0,0780175683759551
0,0871445202016155
-0,128112664895536
0,157891423884372
-0,100585165808368
-0,0511757120054547
0,0203787098088646
-0,0750831253866008
0,0380211859300094
-0,18864818414662
0,101235606401144
-0,0078949128814775
-0,31770320088017
0,0680128637488782
-0,0232278369782742
0,0416580723622544
0,00581443312613886
0,0335162817041578
0,00510804579101926
0,0379391344445656
-0,00331135987150103
-0,0643763989436348
-0,0410754731549808
0,116410645926668
0,143041675549138
-0,0208504288784329
-0,0394828381593557
-0,277052986785537
-0,206508930381948
0,22320270387606
0,316022087088831
-0,0319016310685353
0,0215848417746598
0,0073939628411632
0,0549898790735974
-0,222938289854739
0,158633303217086
-0,198320281773554
-0,00884760837695842
-0,0384177204664911
-0,034441027984476
0,0338986321153864
-0,0134260489899246
1,42353518434864E-05
0,000270685447678107
-0,00027306280189162
0,00180870755718236
3,22598202004124E-05
-0,0579599560263535
-0,131433090487237
0,0761673276651767
0,0883845111988936
0,116215311843849
0,00567965991059323
-0,0911665623774669
0,113997909385226
-0,0816266806030315
0,0142992335092618
0,0907666160861376
-0,0248271462235969
0,0780874226562107
-0,0561369737840926
-0,116265608602639
0,109428198402303
0,103060790167975
0,0714835030553345
-0,0688272310088259
-0,0762689514180646
0,0245063051509642
0,0612677266561798
0,0345673465868373
-0,0458717078890615
-0,0653274935971365
-0,261558123798098
-0,138179310823145
0,0605914536395318
0,0936001148942732
0,0199568998183896
-0,0588901295053342
0,0829395950942852
-0,047378364967716
-0,240934395229363
0,204121889007734
-0,0648143180260552
-0,0688385110981283
0,203826844097777
0,140399424661565
-0,0417687741051432
-0,133405794603675
0,125342672015334
0,0340456624829373
-0,159774772029033
0,127526884941264
0,101033053883102
-0,0636426820925052
0,0208571137802318
-0,515350759895846
0,308857166860736
-0,0413384892739398
-0,152127870741751
-0,0737534490322855
-0,0443601175621583
-0,185014542206977
0,143163441930618
0,0127906874994979
0,0517339115276008
-0,125271861253865
4,77208571554352E-07
0,000102342897553242
-0,00241730114802268
0,00764312011591381
0,00356082045171783
-0,017831986978771
-0,0212294519337884
0,0290965588551436
0,0248273363116382
-0,0197339991037422
0,100974561911443
0,0435335061785394
-0,0301819588881795
-0,137036236136515
-0,0309335089957324
-0,0171948687335014
0,0445783337141151
-0,0711725685456311
-0,00549765052370385
-0,0154578061397732
-0,0362360655146472
-0,0343318945104212
0,0175102520256297
-0,00249345493817468
-0,0765717077712172
-0,232164280371983
-0,0214548395770393
-0,118239494363401
0,0886183163764221
0,0162902468002901
-0,0229400038073394
-0,0739775120984674
-0,631588257064642
0,0891556952986226
-0,028214613096887
-0,0849468803589646
0,0381026973006816
0,0798728141669855
-0,132705261172227
0,071143455826401
0,219224438837116
0,249827344528603
-0,243401560452598
-0,0373893155261174
-0,149104910754743
-0,0413334654428804
0,00947546149956767
0,0152432471902389
0,280585997547395
0,315904970964027
-0,0292848484622899
0,0479812045424787
0,0279439175192808
-0,056143839302922
0,0477804768729159
0,0119223101176032
-0,138662500127085
0,0960334811062074
-0,0856576464669429
0,00288780882994791
-0,0213553814370979
-0,0203955885170513
0,0179393295685893
-0,00650906266797635
7,40828264144358E-09
0,000116574186646513
-1,69025311274567E-05
0,000686649841545171
-8,15415529472093E-05
-0,00211609356944191
-0,00516699623036115
0,00491188530585519
0,00380909103099997
0,012298396428463
-0,00440844499966253
-0,0297768068139012
0,0431296944044282
-0,034835088622301
0,00921374557751789
0,00373370267537321
-0,0414267287840947
-0,0342620454468818
-0,0073397580298638
0,032486721627015
-0,00244313335759123
-0,0032480390333171
0,0119475404846529
0,0123059976806766
0,0182072727959212
0,0583439781246513
-0,024411899369334
-0,00880148337779803
0,0128722731536522
-0,0106481464887956
0,0633061796902146
-0,00395718462332963
-0,0246229335117625
-0,0788302479775204
-0,0222426259667684
0,0285967277658852
-0,108285592939732
0,00316080900135742
-0,0188365002317519
-0,0229155845185342
-0,0213748023125337
0,013259586831387
-0,0595900931063204
0,0185237049428191
-0,179632596137012
0,147932741344204
-0,0100515451320424
-0,015791502356221
-0,0565677671985098
0,0837312224085748
0,0173456329553319
0,0468590536879646
0,00838585972557947
0,174516636125722
-0,175290753677029
-0,0740904294076613
-0,154900074197609
-0,284809671073969
-0,139150031253006
-0,26468519828836
0,483135611536982
0,627958314484242
-0,0341656597814423
0,000103977780633645
0,000837406278432795
0,00245964322539949
-0,00857983495249491
0,188561458803453
-0,0127502107501512
0,00969237282262214
-0,000948388605126673
-0,00806671423841265
-0,00204334588518038
0,00148719082365534
-0,00365931898713499
0,0446050515635448
0,00569517919376583
0,0416701473732405
0,00223843285494364
0,0227675728753378
-0,0308330449309282
0,0733020705109249
-0,0156645934217055
0,044927249999135
-0,0371512226230084
0,0080216892454332
-0,0206753587363657
0,0306929636939955
-0,0466122770949969
0,0450923112294667
0,0341238855927738
0,0266838234219045
-0,0988485049534973
-0,0457979708933438
-0,00873126609155119
0,0631484450008837
-0,0880216331492757
-0,0576831114471621
-0,00324968650557785
0,0207999200966379
0,0952071899842281
-0,118501303686949
-0,192628074158224
-0,0488258056441909
0,0800920211069019
-0,0584133700371189
0,0758980744510475
-0,086862563137986
-0,0680020013371351
0,209664708782029
-0,272141940630888
0,00735293677559355
-0,0630547653633955
-0,053348498491128
-0,681773398311469
0,327982876486445
-0,133994624843803
-0,282346958877934
-0,0774994413336562
-0,0431702512948239
0,13480675180053
-0,0424766676327623
0,0320960883968789
-0,0245603245488475
0,00358070297148675
-3,53449437869383E-05
3,5037108163036E-05
5,31690761189006E-08
3,69737204839989E-06
0,00728197456863583
-0,00179170216249338
0,0460694233359308
-0,00433190735674953
-0,0553259454969289
-0,039128914441309
0,055868162379992
0,000829512645032216
0,110415061400851
-0,0645392462489545
-0,101240861920064
0,0713367740017775
-0,0782582090118869
-0,00638888068464194
-0,213273058224799
0,0761058673981531
-0,281322947410877
0,23148612720674
0,0819801895533358
-0,117337355430796
-0,146053670756722
-0,0282847684593421
0,0410936102112196
-0,0373331514039234
-0,377445103350554
0,0574303318889657
-0,0891666649880657
-0,0280144254900045
-0,0270786737358595
-0,0224940913297143
-0,046897154735514
0,103636990819744
0,112455748925163
0,198365660736771
-0,0849909219794768
0,388677075936473
0,0829363804578696
0,273491985770138
-0,196586203109343
-0,155874076776556
-0,0444507315397773
0,0555875102609392
0,071330916201162
-0,311035886830238
0,117971170423425
-0,110097596929392
0,0753471366085323
-0,184105348699074
0,0611436608761017
0,0246739721801029
0,00395997633452952
-0,0289346769609314
-0,0285697306787966
-0,0087071330884372
0,0503599217461986
-0,00663490848504281
-0,0334260116480847
-0,0138402239525971
-0,100518809044122
-0,0224539596153841
-0,0698451128596185
0,00955636436228937
-0,0294376380443142
2,42025627406935E-07
0,00021384528498513
-0,000855297696258597
0,00277756706710645
0,00425552117736687
-0,00209471473278983
-0,000764403090882016
0,00942840804482124
-0,0114176226351133
0,000647283778069425
0,0473661673038413
0,0218116782731287
0,0562910809115472
0,0388234310962863
0,0654849528459657
-0,00696531941542479
0,0165137750272019
0,0157669259690386
0,0332448106154339
-0,012901451532636
-0,0255324503045183
-0,0144718257090135
-0,0804175169847744
0,0308746897981577
-0,157840357100978
0,0479739192607647
0,086878907432228
0,0763045293712509
-0,187846992194099
-0,0730362919725292
0,130380281690527
0,121916709464173
-0,14413782814022
-0,294003721695476
0,218276180800462
0,018138007482503
0,261146445803669
-0,271399899582295
-0,307954576397025
-0,24867971842475
0,158637059317839
-0,128730268535867
0,0297339445220567
0,121014150351458
0,0773863873068994
-0,0203506411198784
0,135540793402495
-0,048092633713405
-0,0349282868748805
0,0212336799901892
-0,0337895255853984
-0,271900306085578
-0,0411985724444086
0,248562760124821
0,0865868435672809
0,140963390804889
-0,310674995126535
-0,164518475268269
0,146241423016169
-0,0376809842419771
-0,0891811992788671
-0,051193865837063
0,044951859483004
-0,0149204015475833
2,29378621260134E-06
0,000420648004728626
-0,00164159090285163
0,0308847797810921
-0,00165003466307103
-0,249455798485441
0,123657291877228
-0,00424270373914644
-0,0115679106519424
0,00419940506114298
-0,0403724392215882
-0,056266190886052
-0,0234976227078702
-0,00141466164472617
-0,00497616851549308
-0,0462714311960383
0,0702010093438087
-0,096277972419788
0,0472469818653107
-0,0866050348688004
0,0696641698591217
-0,00362707755666098
-0,0554296894681235
-0,00963475733550436
0,0184080010700217
0,00511868931033454
0,014650690380593
-0,0173000670824287
-0,0135591156182452
-0,0318843419678703
-0,0239877781111433
-0,0253894744618592
0,0251116037743776
0,0394242193473971
0,26831491126322
-0,0349409946352516
-0,178894765764386
0,0741708631105195
-0,0809940496955812
-0,0635244682232777
-0,105654774095086
-0,0375279090144765
0,00592215462107221
-0,16344759869215
-0,0624160109517326
-0,0428063788626016
0,278710123583402
-0,382651630719424
0,0786833887886461
-0,0326267099000114
-0,160680515549459
0,126318321870007
-0,0993994819232653
0,115572462914763
0,351093956442667
0,418974576653659
0,21950509109555
0,161852973327626
-0,129777251375136
-0,0540154250718247
0,064140715146391
0,126298530672332
-0,00931367443323725
-0,0236631753651864
3,60487830994863E-09
2,63388427838781E-06
-3,32573450818307E-05
0,000128858035213722
0,000252314228095292
-0,00118474674724102
-0,00258276323068782
0,0164668441732241
0,00497552997075291
-0,0368807355634273
-0,00418941392814336
-0,0250938789363571
0,0249319891155367
-0,000805088418467255
-0,0471916587234665
0,00545526134046852
0,00960497619110875
0,0324918644479509
0,0675094701397755
-0,00156270967386992
0,0486778304311672
0,0651669896521516
-0,134683550679949
0,0705887581660186
0,104001284568626
-0,000663223150665318
0,0235411793902397
-0,0910614577123765
-0,0679766509969833
-0,0607998528035896
0,0261389982984422
-0,0711786846046931
-0,0380778233031633
-0,00618501207323057
-0,146049971802875
-0,721589703061568
-0,166190914756169
-0,489831934698903
0,247845090344503
0,00237605767507061
0,0625605664030382
-0,0499966424644918
0,0187397696402646
0,142549950194822
0,00917379267282455
0,0802312670250114
-0,0425005599021514
-0,0877484035874127
0,0424560360091893
-0,00754672784370999
0,00197640844364511
-0,0174789671969678
-0,0351719424647038
0,0042163871389335
0,0609936743095631
-0,0184193370018917
0,0183016863324865
0,0281999858835067
-0,0311309088092261
-0,00239772745418121
0,0191637771393583
-3,84603261079288E-05
-0,00791304879775604
-0,00198046086909593
1,58074667670135E-08
5,79335873346652E-05
-0,00207852821430579
0,00156420245392393
0,00376016538247088
-0,0515073424281877
-0,100366927743608
0,186255042810115
0,145393417868029
-0,163303311326092
0,0548636549926592
-0,0639959123287449
-0,114338776404892
0,238687570643177
-0,0974818476793371
-0,0692421563733527
-0,197105661727168
-0,172297138720887
-0,121877512855749
-0,104706308085447
-0,132253174716502
-0,0191531711104555
0,151476458290716
0,061486660869069
-0,241127383123982
0,0372471366131674
-0,00617744541134466
0,0885314930799814
0,0829038611852685
-0,0361063263336305
-0,112723365541838
0,0132055555497537
0,133965750659771
-0,113524597773742
-0,0584493972845018
-0,198586570736083
-0,0449419917335166
-0,0483304219761104
-0,135148640037678
0,0268076142308665
-0,170494799880661
0,107497633015622
0,0132375149489544
-0,0874034959259478
-0,24843340307207
-0,281292808643631
0,0907559237255445
0,192352979092604
-0,0512805582497849
-0,0754422971995494
-0,169825013927745
0,0310289419210249
0,0628315044160485
0,195572426587207
-0,121788309954917
-0,0686691252766721
-0,139845152667906
0,294866945818433
-0,0514493855392419
-0,176600574211321
-0,0985054363018754
-0,006329440735917
-0,0253471289908529
0,0613649674280603
1,15317469595368E-08
0,000114954828152809
-5,90891745929779E-05
0,000658319717580259
0,000294758946469152
-0,0018753416171857
-0,00269057794233596
0,0289388120040223
-0,0343196616040073
0,0259015435208811
0,0245615504412364
-0,0256005241893357
0,0196977828332732
-0,0316549853738244
-0,0440050467448969
-0,250075359829154
-0,0271671126244467
0,0869606738268579
-0,0363918754522435
0,0492072499940975
0,0671404343102737
-0,134673416896579
0,0821795967727867
0,0902853032032371
0,160083449956243
0,0176530586959347
0,282034089772516
0,222837661661664
0,147375754594236
-0,156917405792336
0,031617055905908
0,0212516034222075
-0,0442116428282261
0,0893471082307678
-0,00801770200213875
-0,0710129796207103
0,0704893158897421
0,0574450133686659
-0,0371716529412529
0,0204837006667324
0,0601502705127965
-0,112393223328228
-0,0737491623672809
0,0364237303747656
-0,0302399323845306
0,019211177806644
0,0980163637594825
0,0505474222584815
-0,139648520002777
-0,0364468646764205
-0,021626601612517
-0,111877902510347
-0,124479772715986
-0,150043603333237
-0,061652310367555
0,0746976519017155
-0,135280500694259
0,353531906261502
0,222294809861158
0,460307477940962
0,127314300740178
0,308835354604261
-0,0420436886264261
0,130125274407558
5,84857516025706E-06
4,04019031944999E-05
-0,00195392211225218
0,00174659152909312
0,00412288042781886
-0,0177183703725413
-0,0423464339596662
0,186217271693581
0,0756901926074142
-0,328194941180721
0,0253301105664881
-0,175902708033833
0,0606967785728995
0,12726964997937
-0,263488208139943
0,0191767010398889
-0,0546558018769188
0,0623252798656307
0,354743936913011
0,03346929456174
0,0404522028334554
0,186135768941031
0,145979839511674
0,131395477404914
-0,0891422664575829
0,0620741557249019
0,00212041903935975
0,00200631134685573
0,0297020448703682
-0,0431305375438418
0,0985624632445559
-0,00808251369498204
-0,162981628022081
0,134409310103057
0,0428309870097976
0,2588146118968
-0,0475856507968782
-0,138999015494149
0,234968482408113
-0,00788625833780224
-0,00333183281635132
-0,275654632953307
0,144281642587513
-0,151987340205041
0,123066600627701
0,0656968381322893
0,0879871798013837
0,0634273223554516
-0,0172432797462725
0,168467379909749
-0,00259049562947729
0,0601457099498988
-0,0386310541651999
-0,0279326526248059
0,0392190355141005
-0,0252550050474048
-0,142125449379305
-0,0205589216900728
-0,262818438498078
0,0894064258186985
-0,0379725684357645
-0,0122619479693503
0,0629387596321835
0,118442900872702
4,65197544999012E-08
0,103006264043414
0,000378118710359674
-0,00664720957692109
0,000340038525705113
0,000141176907546363
-0,000284526122264525
0,0224550948313436
-0,0348439719367172
0,0233415691847446
0,0305377736895177
-0,0291783965635322
-0,0162758815515665
0,00876170550976521
-0,0194789609601984
-0,217206013471496
-0,00938422303252204
0,145902273706978
-0,0451779313623859
0,02539818969005
0,137780219474989
-0,0605005871509747
0,0511542592570934
0,0131077167041801
-0,0783764399004772
0,0523336048586029
-0,441149212426401
-0,223458067259315
-0,0641338100626882
-0,142986933106431
-0,0894982964581328
0,07524480856967
0,0146606684989228
0,056650886307122
-0,0125171846253641
0,0344728489030698
-0,0160524977583098
-0,0627641449348693
-0,0749954441961693
-0,284624265125001
0,0227833846287176
0,29378463854349
0,298344269971034
0,0795609259757942
0,0940975105763108
0,0858433622686633
0,139829429056496
0,03613575078896
-0,0175648476280264
0,13415409425187
0,0845842989321886
-0,0861260939319254
-0,300885131413946
-0,0982707358035178
-0,267422397071893
0,0925040526188737
0,0649975466517502
0,167662718995715
-0,0694967160670543
-0,00357152243332568
0,0658605693393972
-0,0193765776780327
-0,158856960283297
-0,0336211172974203
9,21068866305474E-09
3,6293035569008E-06
-9,65305350739764E-05
0,000144360090133865
0,000356106622545918
-0,00639320801299795
-0,0148808014155107
0,0440462430366254
0,0283724342553323
-0,0659140045350219
0,00715628014071294
-0,0592052715621114
0,0126278057231348
0,0609654624455171
-0,0897461870874339
0,00357357151833451
-0,0503304145850001
0,00784086684947732
0,11034369517749
-0,0347237410344799
-0,0181362588893085
0,138213973447734
0,166946045161004
0,0978830131589816
-0,257241478883689
0,0940600736634228
0,0245220928328326
0,096401880200033
0,0908640549921482
-0,217844759187559
-0,339008215218066
-0,496691739782262
0,0600438118456001
-0,296723366019041
0,0352623059510702
-0,0796357786287425
0,0763192987597432
0,198455511162689
0,0233048533143059
-0,0697166967078922
0,116285629224208
0,115260476172356
-0,107080712926472
0,109928951713011
0,0588372489842271
0,136479166008537
-0,150492669856373
-0,129584881893707
0,108395305653906
-0,0430212306977558
0,0649158947719551
-0,0126847781290988
-0,0657104419581337
0,0571702183664706
-0,0316756831101602
0,0704379219759755
0,161320223194997
-0,198270650651194
0,0508958499836348
0,200985068415822
0,0211822417932619
4,67790114845021E-05
4,01407646829719E-06
-1,05935801499059E-07
0,0311441739836528
0,00228932155472752
-0,00640404794620265
-0,0030465359361013
0,0192542587633811
-0,00476281436127014
-0,0122425375943679
0,229671600268436
-0,250789091898031
0,0313031172025588
-0,0883094815157406
0,156238031681428
-0,0615216035646822
-0,0283033958110494
-0,114875841310757
0,266613163660931
0,0303742943453272
-0,154239859381519
0,0308782366978755
0,185152283745838
0,386346390836176
-0,209282878522492
0,0200808989030328
0,0661416641649797
-0,20489449404497
0,102103354721622
0,0403805799445624
0,0157930002953976
0,195515444354482
-0,0721781747738479
-0,0193962118069484
0,111295661887257
0,0802474421344661
0,0992028585497183
0,0114684818352389
0,0221126094444389
0,0909972016266475
-0,179340532071549
0,024323563433293
0,0301536430756436
0,124183457485343
0,107842395911683
-0,00478669322506815
0,085508719002928
-0,0911549723344037
0,0636034788129551
0,203164890519452
0,0968364362553567
0,066365706799931
-0,0747486850206826
0,0471757705632845
0,182225472304343
0,28091264970038
-0,084638423411674
-0,110423417915382
0,209989410849009
0,0745431375594927
-0,114497122267814
0,0722775270142898
-0,00207300501246024
-0,129509736966529
0,0820777530265357
0,0315359770012202
-0,00573247524685992
5,30724785402869E-06
0,000145442970678642
-0,0268068116847325
0,0175815569787689
0,000529624838168938
0,00134021736275834
-0,00416866959697954
0,0376319491425174
0,00881062714609108
-0,0805697381217143
0,161246606707358
0,074132160896615
-0,0370355133764634
-0,188072708978375
-0,0684108098659489
-0,00662872241929863
0,0256999267251554
-0,068191799904851
-0,0479877278178209
-0,00890744876338201
0,0896827463830536
0,0431299292153619
0,00187993402275202
-0,0531209517499064
0,13285896949815
-0,0193613215087687
-0,00829876620730812
0,0131032171655049
-0,0756210399597202
-0,0140751066474841
-0,0700268035573508
0,0617109640853687
0,294762543130348
-0,219538360651243
0,0721699577325409
0,0614198970893476
0,0534706932452264
-0,00142657226255102
0,113661261080896
-0,0504135309571446
0,0160288093710743
-0,0577315222400801
-0,00074458631240753
0,0749689520934729
0,0410821581079414
0,00928066852455961
-0,050653377302661
-0,0650021141614573
0,247042907344432
0,393041862674818
-0,295906398660433
-0,361357113395109
0,400629999236749
-0,0887169080043382
-0,0730549170251049
-0,0282302464672921
0,0846457061815759
0,189130943504495
-0,152200271987723
0,0341591909800495
0,0769833825744177
0,0361862195564639
0,0250670864089313
0,0351470359208332
3,01400117570133E-08
0,000359914071000253
-0,000215444499066085
0,00261205502876868
-0,000388592529066341
-0,0559704888068976
-0,123134074088058
0,0657064588541907
0,106588492279387
0,154374544881296
-0,0121477759926763
-0,0715577016398826
0,119406379620934
-0,145465121290885
0,0338454759325762
0,045610890099768
-0,0642450135836829
-0,0415650416671154
0,0197181129018813
0,100293819126064
0,0540814342267073
0,0220855802899552
0,0511691471726742
0,00763708201585224
0,0827974603246715
0,267332723081725
-0,0728215072975834
-0,00199054024334927
0,000951370863138854
-0,0275596260487469
0,178563101944192
-0,0619629486552713
-0,126908875852051
-0,235414981838532
-0,0846426146577344
0,124029198890858
-0,3560553831552
-0,00259301158300513
-0,0747785684699464
-0,0248092628424993
-0,143355887705871
-0,0766782104208634
-0,0377739815604133
0,0900654531038289
-0,504275031469773
0,273879953501335
-0,0233309087016927
-0,0062589463245029
-0,176915397354784
0,140604815000426
0,0869301491019286
-0,0833578356885787
0,0372626086616341
-0,00791824368161369
0,0134826632388915
0,067760551577114
0,0636974701223108
0,0713373592441843
0,080541736295234
0,0747262501978246
-0,156197323764382
-0,212844404403156
0,0116155013280443
-3,52123174328019E-05
2,06486884709763E-06
0,00234879555861955
-0,00613149662191939
0,0282598466831414
0,0385563674232726
-0,00109765930710303
-0,00428900494674288
0,0290372858066853
0,0148299598671122
-0,098414898225988
0,239334475453959
0,194618443712725
0,0862967717986865
-0,424399564786254
-0,206555775057389
-0,0496899998964196
0,15209541790348
-0,0538447985381103
-0,0877993735476806
-0,298636841274841
-0,268552651957535
-0,15305257833251
-0,22120986548696
0,188698591628099
-0,26500690289632
0,13482634560577
-0,11014752503484
0,014628884957667
0,219227863995563
0,101158921148648
0,0400884792607778
-0,14064611074269
-0,0671060254711186
0,192746202528557
-0,0347133311059269
0,035098905217083
-0,0713921187666851
-0,0338097854625366
0,00172051180863858
-0,0253267647835802
-0,0965613460101882
-0,121396561694516
0,0931720788269095
0,0852301908066191
0,0802486474656016
0,0176709569644323
0,0500153519021127
-0,0129969300253183
-0,13630221990037
-0,118766440363538
-0,0941340343827518
-0,113191920688845
0,0359745089013978
0,0222120347522004
-0,0340435156456033
-0,0157468519490198
0,0894217234602461
-0,0657976993207269
0,068486422130845
0,00348695428477477
0,0152080486982655
0,01349808847054
-0,0132899787100687
0,00526460238187847
1,83052491134223E-09
2,90728628290936E-07
-4,06943838430188E-07
-4,75347577367327E-07
5,02557373048609E-06
-1,34716654385773E-05
-3,95097135201446E-05
0,000651179941797207
-0,000433091978650701
-0,00061964020397713
-0,00138535658857088
0,00158371064562702
-0,00034563596160102
-0,0013909827891268
0,00228320160837672
0,00107531936882906
-0,000837293010282629
0,000175805255802639
0,00201890171920208
-0,00287311508045511
0,00633805252698
-0,00483416271421689
0,00789851222189802
0,0144159013976594
0,000131816811970042
-0,00200971346169234
-0,00108647758888056
0,000479740702588541
-0,00603037852687838
0,0115934879464831
0,000669414232164454
-0,00271012275070645
0,00256436192142944
0,000612469165732862
0,000368826220445077
0,00254335861784078
0,00357124018905733
-0,0147486216382498
-0,00655757015813162
0,0100032786567209
-0,0254860792598566
0,0218926960771728
-0,0387648123684891
-0,0334135917723743
0,0201423247244819
-0,0178642213939055
-0,0524486292368952
-0,0614067808216371
-0,0823961432060587
0,0581392963253048
0,00462891890829092
-0,1456611253571
-0,152411382388393
-0,0267728782325485
-0,0357979119295842
-0,139478837291966
0,0971353578003278
0,0211673364975226
-0,149171707142863
0,0369033355867687
-0,593053453459823
0,468345175846983
0,234756304266559
-0,502311306319135
6,83843942996715E-09
0,000169779126540992
-0,0235489600982679
0,000123604441024159
0,0563609149560881
0,000853734190027681
0,00113398543095532
-0,00472473941310663
0,00408211854829766
0,00304031846237228
0,00782047953159044
-0,0206217042004764
0,00139892818910411
0,0182104434009362
0,0504968437598565
-0,00430017220015478
0,0144921583079775
0,0188946644232793
0,0376034955852628
0,0051356490647168
-0,0606941314562469
-0,050967272522626
0,0295767344183869
0,0358546203838875
0,0615405597514364
0,134311665257154
0,151894070441369
-0,33038540167365
0,170215516582717
0,105135925441716
-0,337119682854158
0,145996966281935
-0,0162795389582285
-0,0607445115144027
-0,0257254741088177
0,0808207269887442
-0,00979765250746797
-0,117621281517089
-0,0202740880414756
-0,267560492357421
0,0490540829632177
-0,279007892499939
-0,251722937859588
0,0321937403645577
-0,0740421977669927
-0,215709989760496
0,0146695074764649
0,0259491796844914
-0,021317889944486
0,041936139917733
0,0378087789060543
0,0638650015567033
0,00258613105626549
-0,0453970416745668
0,0542781880539617
-0,0969098883026453
0,0823538921480144
-0,0750716810946586
-0,0727719676801879
0,0764226056712307
-0,0462622332127616
0,0201749462602909
-0,543013574283518
-0,124944744875738
1,42604274955256E-05
0,00028552033179797
-0,00174267442758928
0,00163334380899136
-0,000821468232778984
-0,0625027695916742
-0,156443897302961
-0,0944417756852613
-0,122333348541091
-0,0657005048628908
0,00467679602369361
-0,094731759921058
0,126391187281683
-0,0390484119497295
0,0212508625009988
0,0438111650798426
-0,0653915680835341
0,00450099259114841
-0,0888826452820898
-0,114024669541565
0,0611108021284992
0,0432030982870436
0,0178762966757581
-0,068505574353191
-0,0344972396284123
-0,0401370609334639
0,0540438085677214
-0,00432494798664758
-0,0553965329798018
-0,0146574831469621
-0,13970869729237
0,0302839694510576
0,0352566584455843
0,16841976864727
0,0307711784155706
-0,0238287827505552
0,152675169362612
-0,0950632122396276
-0,162829265697945
0,113310305547113
0,044770711210268
-0,0543690270973903
0,0886274067550151
-0,00413461090648747
0,0336342934515679
0,1821234135027
0,116094839860081
-0,0394429446671112
-0,174026422691278
0,376168732842094
0,0616186097682004
0,264500301120342
0,0809955186787248
0,450719600305042
0,00707169275189396
-0,291294299879077
0,262532361819731
0,116578945636161
0,168142461365036
0,139960572091842
0,0682848635340553
-0,043634744431767
0,0347825757861038
-0,0773109391213416
6,09413897964996E-07
0,000239656026511428
-0,0549141938023552
0,0076187759791099
0,122495028915275
0,0019374509534048
-0,000968173983770004
0,0251750457406419
-0,00460689479290515
-0,0265993736019313
0,158284310854599
-0,0901341026762348
-0,0426811347621246
0,0379940059830734
0,273355867959256
0,0129320832390635
0,0415550851251514
0,0139541174136868
0,131008519864166
0,060414439746641
-0,0301441279146285
-0,045501909435345
-0,0228305842249031
0,0339017619657337
0,0562255817849762
0,167317584997268
0,217994620308492
-0,341122420760495
0,298315159507374
0,133810015439523
-0,225307403320947
0,0322137226773771
0,0394885333584373
0,0626932121673978
-0,0686623658690984
0,00849829773912235
0,0106862492923483
-0,0489560364816671
-0,156245757357312
-0,19170461534288
-0,0168540134800739
0,0475756261765951
0,0975131796896095
-0,103932390479228
0,00869856556064209
0,157021018046594
-0,0989432883389704
-0,0212078017677161
0,0778423702981888
-0,0975932352410916
0,0566538087427515
-0,0908314782005576
0,00194952166660476
0,0219408109842803
0,0142872702040159
-0,0217497722880235
-0,0341881755559785
0,128153036670018
-0,00565380625311769
-0,0634794857646855
0,0884464351782027
-0,0208677389244855
0,529307291754066
0,134278353894029
3,65077099039465E-06
0,000655010823068877
-0,00150489312447527
0,0483550498372013
-0,00509506436360753
-0,0845776455647867
0,0403874041667954
0,00228300873677808
-0,00451087172583986
0,0256043540980176
-0,0877280760803032
-0,113000712739101
-0,00112976872777262
0,0219513335025821
0,0110572522725825
-0,156566899163552
0,252209398303991
-0,308143688805187
0,21440296268882
-0,345261417945663
0,158930610494567
-0,134688544917531
0,0411354451049718
-0,25103359358439
0,0629935022950354
0,192983982507055
-0,0377482415597705
0,0548466033989782
-0,0853799279579803
0,00438891050488938
0,0247682990955492
-0,0183075331129141
-0,0764843919675354
-0,154383448249206
-0,586291391854109
0,0795764429323394
0,224304775626811
-0,0249942036958809
0,0200216958554664
0,0287243595571345
0,0122775894075804
-8,56116696397128E-05
0,00502463546163755
-0,0324004274701385
0,0798530203344347
-0,0235937063950806
0,0208738840882524
0,0438732376365213
-0,00755016799192587
-0,00984125250014634
-0,0407225666801573
0,0131316671815948
-0,0261905764177667
0,0289085315317011
0,0672949522372493
0,0560357755800395
0,0323315655119353
0,0143091759516952
-0,0197341729646598
-0,011214952154595
0,0191706875095155
0,0329810205841942
-0,00180936095298579
5,46656312437524E-06
9,37126378813006E-08
0,00151971710220204
-0,000106602694579852
0,000452004245769888
0,00158511883413973
-0,00542558240825664
-0,0103165692582953
0,0906563044782842
-0,10205910104456
0,0585570155028779
0,00175841492682252
0,0134215836514129
-0,0121031320922984
0,00699977516329955
-0,047967324532925
-0,177933584594168
-0,0409387116677682
0,0257919413692553
0,0122948908201908
0,039426424160525
-0,0803000436264461
0,115631443603128
-0,0243607276299618
-0,131385216283096
-0,118091927501086
-0,0158234135302062
0,12655503374218
-0,161627578754802
-0,146932332252131
0,37659745970269
0,149025622602014
-0,239577985446073
0,073536461019247
-0,145320131365277
0,100871480457
0,0301327041769754
0,112130551205212
-0,162843585129793
-0,11148122610286
0,177141704227124
-0,165096718987881
-0,0457570456358176
-0,231036295025766
0,0263615451502798
0,0491043824195809
0,249743880653701
0,356035671644484
0,234391060504972
0,220535670656704
-0,108320125435439
0,0407441613189144
-0,00115504452339235
-0,129901120943017
-0,130030093338
-0,116301935735081
-0,0540703149227153
0,158305180408006
0,0869291678000113
-0,0654668210749069
0,0147458895314096
0,0400012932167721
0,0230137227362027
-0,0201458892502859
0,00669819106953753
6,10589495460722E-08
0,000171271102824444
-0,00180391621950693
0,00163149742215883
0,00375769145598896
-0,055471654758495
-0,114234941991785
0,260039853504017
0,140889472113153
-0,273811199825427
-0,0728226510642273
-0,0581468554250814
-0,0485820536607444
0,186382229962505
0,00214786324787905
-0,0523344017509256
-0,0427901888860392
-0,0653885306241983
-0,240443912663176
-0,00576663085554564
-0,158441737790734
-0,269682921565523
-0,0304191599053312
-0,125136970045589
-0,0219368438523693
0,0131074916819526
-0,0463936101274376
0,051275113641115
-0,033173599742953
0,128545354508008
0,0581008009285825
0,116432514543425
0,00899721609589422
0,00198606026145227
-0,0256375221684197
-0,151957579951341
-0,0691759689625619
0,0986775518460748
-0,0634066616153312
-0,165409235238714
-0,204198683887963
-0,12187321020067
-0,0910264095852475
-0,037609357546239
0,223313709032012
0,176691931452648
-0,120791981063067
-0,0582767827604152
0,0831768167677997
0,23839029157489
0,163759211184892
0,140946570063335
0,0892318469012784
-0,191109697701398
-0,023074943557388
0,219087681613154
-0,051293694080687
-0,147027944621619
0,167856227058318
0,105560317579071
0,0714340165427774
-0,0234993392139278
0,0672650303720711
-0,205582921196352
1,08175613926065E-05
0,0040734193251222
-0,000718889325828787
0,000444100163409039
0,00498823603441824
-0,00507189414958251
-0,0105081370510508
0,170804657414659
-0,225471117242347
0,128770498961167
0,0943213286800335
-0,0712800118136785
0,017566436070433
0,00991520901441618
-0,0861214885700459
-0,568054476478981
-0,0543741501000604
0,291497744299198
-0,0996046789616347
0,0180843482364073
0,113861565809944
-0,0509789985018987
0,0906668903345646
-0,0122880521467144
-0,00951454268663864
0,0119260982705834
0,0126819692204157
-0,0601067163531438
-0,0586501138500532
0,0354873396436831
0,021081800670684
-0,071244250085468
-0,0400846626449936
0,00972010644104899
-0,0212591830320725
0,0741181345285943
-0,096781441814797
-0,0564025389411927
0,0587235536222723
-0,0939199421403361
-0,0901879707060821
0,183732401630526
0,0326600597153413
0,00245755951031694
0,00871195389818038
-0,0386244644104586
-0,0974440869226469
-0,0293659131373054
-0,00566488653666239
-0,0976456295245691
-0,0822027637352902
0,119700980722287
0,364215556708436
0,0938121260271552
0,31227889263227
-0,117677976396769
-0,0874282548487035
-0,178735213117206
0,0174402770626778
0,0276142566882418
-0,097414068680101
0,025970878288264
0,0275411638662971
7,94432720684942E-05
1,02626780003685E-08
5,76231115535371E-05
-0,00169319893614794
0,00142169957667686
0,00353375752530774
-0,0506769133702922
-0,0950783356359783
0,167778450514421
0,136121437570822
-0,130174233616992
0,0584638498954248
0,00129625562968081
-0,0783484381654222
0,250477041853143
-0,0900666330775892
-0,0966509760347709
-0,19336102104235
-0,196289998456394
-0,177799456391045
-0,122805890908935
0,0202762231954471
-0,00328090601574148
-0,222396277222158
0,178887623219638
0,165462480293246
0,0247494013460957
-0,0137715801685198
-0,0658346050218717
0,00736651451429727
0,0666741323065906
0,0538793663763603
0,0605488465633803
0,0555209896490764
0,0777930136184915
0,0170580045159612
0,278673932295459
0,126017401763539
-0,0871510817721556
0,0265416334264978
0,174206948086144
0,285901263220011
0,102684787367944
-0,0179523358531836
0,414664051147622
-0,127904166186706
0,108577512075242
-0,134638270598613
-0,209586878638905
0,0555010810118677
-0,138123229887678
0,0784130191724104
-0,0174640116403144
-0,120916624797975
-0,00497995476679113
0,165930250311554
-0,0540975120214343
0,056922729521102
0,0692134620702029
-0,0766965980068433
-0,0119794749075791
0,0478333960975118
-0,00569131329497541
-0,019387214133141
-0,00920522366762389
1,46171493600928E-08
0,00177059810574926
-0,000877305734492428
1,71882075696244E-05
0,00392263491454974
-0,000276567768233126
-0,00106909236587672
0,0256552898840955
-0,0341357793762364
0,0185096858838387
0,0508539443649163
-0,0435776080847064
-0,00528049445845196
0,017483830742161
0,0489980585091313
-0,172754656499854
-0,0009964741479509
0,128620094002475
-0,00748652806438051
0,020325291630486
0,129364044941137
-0,0656092151408188
-0,0173297558245186
0,046573174210098
-0,136564395898894
0,0773916227444834
-0,474013626730454
-0,226239926754084
-0,00364479695361438
-0,175479438476511
-0,0570510126529137
0,162063527817965
0,0363249454505805
-0,0279492800555649
0,0524308792621019
-0,117768614832827
0,139335002893109
0,138422699070735
0,0243169241886376
0,340522440699826
0,0805930596072311
-0,451655243919454
-0,300019524076767
-0,075184242695176
-0,0977042718142632
-0,0591956267668303
-0,035982436809941
-0,00294839879855626
0,0322993718537433
-0,0591169180371969
-0,0125105535093801
-0,0426121440337974
-0,0327402532841605
0,0251045944972782
-0,00211582663552756
0,0125128351921404
0,0180243638464499
-0,0254224641523596
0,0859869621539344
-0,0315350314490709
0,0256423104165075
-0,00399256768394964
0,209628125026015
0,0518827587228199
2,31738087301523E-09
9,40704403891619E-06
-3,30271445886875E-05
0,00128832999164014
-0,000113170387155018
-0,00154542418709585
-0,000174474886049676
0,00583581662270397
0,000321136787091117
-0,00972111665750173
-0,0206911525459812
-0,0155071388631963
0,0144138309296728
6,81506284194883E-05
0,0191871572765723
-0,0326659000923545
0,116625304988931
-0,051786465710231
-0,065258991917312
0,021614912208127
0,0068629214705856
0,103346129756477
0,0325363124478293
0,0586279718015488
-0,0201241078663842
0,0135802455025756
0,00282153012897921
1,67083752619406E-05
0,0200081381882005
-0,0101400123357455
0,00563229065313909
0,0281867981824424
0,0192476333245463
0,0324517441681775
0,105922827926857
0,00643192260495707
-0,127592253370032
-0,0524506486223387
-0,0597339927842075
0,051389541530363
0,130692930471429
0,04433642834967
-0,0846693248844663
0,0524628994449347
0,172416360065152
0,0421608391391328
-0,332158381859858
0,649447449917434
-0,145740175378043
0,0916301800564577
0,0163040718826463
-0,0945761662821349
-0,0316586104309655
0,143670509429053
0,287740930068687
0,333997118206004
0,213288766555582
0,0807490259656624
-0,0657219003153919
-0,0778485367179073
0,0513024494821078
0,0922253065074044
-0,0190616126291659
-0,0124858617588564
1,07840073212968E-08
8,00586609938371E-05
-4,73235718142806E-05
0,00023822491091924
0,000341591777915249
-0,000778702811642558
-0,00160894202627865
0,0266654914987855
-0,034019671989216
0,0202590455489955
0,0274870734897955
-0,0171120264247805
0,0093241792304055
-0,0193735958761258
-0,0450004254733053
-0,232158871483737
-0,0160561102148383
0,115530686786598
-0,0611437495239588
0,0147146040404596
0,0920592691432829
-0,110489566636047
0,0900947369727522
0,0743002786919414
0,14764941733639
0,0387876861550743
0,287399327379027
0,203748609913938
0,162996684796596
-0,150436248215344
0,0661353168000829
0,0207139872688215
-0,053975600534347
0,0575120065645857
-0,0291251758765502
-0,052793621741735
-0,00445950468801474
0,0482571159782509
-0,0703671596208734
0,050757503623144
0,0959899365736008
-0,101322433607094
-0,0893334417247929
0,0149979282361086
0,0377338096969932
-0,0313636016200981
0,0868312467526997
-0,0106258844088829
-0,0435625927025365
-0,0163865894067955
-0,0240883924779374
-0,0738775476592446
-0,0593613678598864
0,0833839580863428
-0,288669153291671
0,076307957029525
0,158104753562541
-0,119557018046472
-0,349615244087109
-0,231276470215949
0,158039075742795
-0,381724504425827
0,0940470681950755
-0,356548928453995
5,57091390931459E-07
7,50875903573531E-05
-0,00153822693819586
0,00774297605078085
0,0016773844058369
-0,00276489829911765
-0,0102230340337724
0,0679139237445975
0,0180987341226942
-0,162342075014546
0,0591838464950629
-0,0385035946018083
0,0970099625194707
-0,160328175170157
-0,211272173637539
0,0113669266585962
0,101398088920064
0,13482685567789
0,21906347338138
-0,042242815075625
-0,0194281224401437
0,109582341855466
-0,110694594131666
0,0548194258561782
0,110010704994427
0,0238575876526751
-0,0264223216225319
0,0108452331421473
0,066948695848943
0,095987790671453
0,041060073621474
0,266807176084709
0,201238214038147
-0,136245346747412
0,0251550809522496
-0,0485284414639261
0,0732785628980586
-0,0201469484019329
-0,0791359037105974
0,104362385390394
-0,0392655569787723
0,26243888846637
0,0913045402102937
-0,159704581451305
-0,292278597942737
-0,179391820825027
-0,0410978847397176
0,130710099810723
0,217393538030493
-0,0237585818990885
0,0239170347473259
0,0449858492722699
-0,168524534517241
0,0382247426639492
0,0838052839568341
0,0148776462500489
-0,011534250597883
-0,180374665266531
0,130389752118869
0,288446688977641
0,190416492241184
-0,0660214373726756
0,0538523211867428
-0,296979335003813
2,27005624057505E-05
0,000188925135998221
-0,000166929365788929
-0,000140493006761486
0,00113094763475452
-0,00214740095058247
-0,00584764891109545
0,0734077750409498
-0,0456976047696977
-0,0573784805908601
-0,114754998680109
0,112277077554064
-0,0235485287959322
-0,0905957233394629
0,14068233944764
0,0640777290462519
-0,0469445719674857
0,00953765288001389
0,0948461579459558
-0,121485889880219
0,243866022348061
-0,174164652198627
0,276964885097757
0,483318737214431
0,00400440386666407
-0,059719104202783
-0,0306776223123842
0,013079472957466
-0,157989170309968
0,272788821435422
0,0144397757600972
-0,053766798833522
0,044374770958743
0,010008583669135
0,00537769762464438
0,0343414888971436
0,0460020200960555
-0,18121444460211
-0,0725464324376365
0,0922978001965449
-0,209283167366036
0,165849118101752
-0,254987588254409
-0,165740374398627
0,091077511103507
-0,0682182689427299
-0,18939516831238
-0,19545956369386
-0,184668350854922
0,104324797461869
0,00577016627771469
-0,134319777016359
-0,111564609089208
-0,011558746400482
-0,00669889570532274
-0,00568190427675254
-0,00214729277277958
-0,000709005747175285
0,0156007856588205
-0,00471268916076844
0,0846763495870867
-0,0689868374525464
-0,0345969117181303
0,0740298943099351
