0,999133371575118
-0,000302684101896719
0,000747043245419271
-0,00438298517246924
-0,000711122389954937
0,000759435190634346
0,001818340962174
-0,0118677615415248
0,0105428167255075
0,000341096917627744
0,000938173181718957
0,00040123943311645
-0,00366164962066115
-0,00135955446830322
0,00907469229182113
-0,0109259021592028
0,00143643352646816
-0,00193286803314934
0,00400499565316653
-0,00340030605148689
-0,0130439239484807
-0,00502221730278794
0,000230035527973715
0,000384695664869389
0,00527413294307587
0,00240003588662218
0,00587927693617257
-0,00306438214151887
-0,00534477163739235
0,00156692505798428
0,00754561640072563
-0,0083363710736198
0,000240541559550906
-0,00807590101247241
0,00224815465967283
-0,00244789855939294
0,00242508780465051
-0,00747424602775756
-0,00459769857629518
-0,00070315231347276
-0,00364976185832873
-0,00274127714704862
0,00238189606192574
0,00040965529525352
0,00443804556740393
-0,0099926753449181
0,00149884215723561
-0,00379875446822849
-0,0057796730325898
0,00795522012743288
-0,00210870517987942
-0,000239386339969781
-0,00845115838511442
-0,000960858195405669
-0,00516111887190981
-0,0116148796979435
0,00699825150133316
0,00344810968139788
-0,00384484368957454
0,000158428174879716
0,0059492912194172
-0,00144705583595447
0,00155193090245561
-0,000953880271969732
5,00238149514113E-06
0,975633425416453
0,00460025466728367
-0,0333340705972732
-0,00266491752486416
0,00594352584426589
0,00893003756763724
-0,0603005704991786
0,0444379720426811
0,00405500816309487
0,0308938347271395
-0,0371055492659654
-0,0219945892782253
0,00507499642867585
-0,0170551220807916
0,0499949041082151
0,025697250833777
0,0222510423274584
-0,0177730227161992
0,0320155251227163
0,0253199371152116
0,0556268062813217
-0,00526056427529003
0,00586330613944372
0,0321275781477231
-0,0219856839505398
-0,0359339825715107
0,0260201854976432
-0,0452776059560869
0,0743459963146786
-0,01196308448644
-0,0233755354392575
0,0131150853483852
-0,0201091034196984
-0,0115523489953894
-0,0093309991660603
0,0221904835113298
-0,0302197803194865
-0,00544592518775181
0,0139038044026985
0,0536876730071951
-0,059240593215681
-0,00926188110881646
-0,0248795142923683
-0,0227567215219947
0,0183465758695738
0,000808691721685439
0,0163578499267459
0,000411468918147785
-0,0216073568962398
-0,0193120142755645
0,00275416864818634
0,0439945551208875
-0,0091860831237594
-0,0437870449320263
-0,0335286920580999
-0,00112114119617032
-0,0210474917821263
-0,00523272859571215
0,00197127892326665
-0,0131670468390296
0,00423909270760031
0,0188148448205756
-0,00268461667355285
9,65771822818454E-06
0,00111526293449499
-0,97324730498046
-0,108170893683483
-0,159717787484128
0,0181917050361937
0,018873211001095
-0,0124147138499533
-0,00408348755946839
-0,0434557869795082
-0,0774693114092809
-0,00666966388804961
0,00613777397281476
0,0321832470716799
0,0402734213807188
0,035046866496222
-0,00381527094834399
-0,0101114253517528
-0,0171142910587836
-0,0211626287271876
-0,0121067775117118
0,00929416452938637
-0,00775281903244336
0,00566693423655771
-0,0143759219467852
0,00375808284886728
0,00713421670095633
0,0264919291517833
-0,00247667860470757
0,00745718357413952
0,00570644197522509
-0,003706257764272
-0,0185871916670146
0,00181456028572488
0,00635584926946161
-0,00561005407735253
-0,00381002934452417
-0,00282596637189861
0,0022471044822487
0,00697331737503055
-0,000912357798549582
0,00229186013692383
0,00472286062148132
-0,00324422766580958
-0,00243802857504931
-0,000803654111881483
-0,00175443705009353
0,000810839215285364
0,000333348159022153
0,000588822693589516
0,0028644021210691
0,00514404119244947
-0,00142792708310449
-0,00325775863543648
0,000621085676190949
-0,000566594542935769
0,00159962974723816
0,000499192210458647
0,000316218980212084
2,32863213214306E-05
-3,98323171275655E-05
6,93040284698355E-07
4,65466776670782E-08
-5,28179559062566E-10
0,00423493666812792
0,0349667322842461
-0,0612142677298329
0,899591223725766
-0,0798060682778356
0,0328349591197122
-0,000282187279519901
-0,0400620103003907
-0,0407283800809141
-0,0602716784782603
-0,1676840845918
-0,0352538756108903
-0,103057320805027
0,0733812615883223
0,0103175396744478
0,0296784740620681
0,00394790923356828
-0,0789662409924436
0,00669495580848123
-0,0211669177065988
-0,042086317776952
0,0489113609537919
-0,0389472479248115
0,0372439891625612
-0,0135517435309655
0,00995664407821809
-0,00519974288087624
-0,0131588999944951
0,0778401729516621
0,0693245991547982
0,000496760033708245
-0,00204620528278542
-0,0791510390858842
-0,00666483595015574
0,00402970621668041
-0,010572838238279
0,0229139365748112
-0,00950069887514626
0,0234990432785774
0,0485432499885459
-0,0443417698972182
0,0179820827689078
0,0780336510142041
0,000372225406609385
0,000421697123103215
-0,0196045876418787
0,081882119438021
-0,00690408446793879
0,0621758281552822
0,000574237483858157
0,116176346834963
-0,190942031467278
0,0523526363355298
-0,104406392399457
0,0176228738061429
0,028602497168598
0,0494601965397866
-0,0383726027345509
0,0206728639590607
0,013366738517163
0,0143255798876935
0,0208218254371023
-0,0235890892794627
-0,00985667187927102
1,94810141472714E-06
0,00116594059887972
-0,135316256804575
0,0402906287947858
0,924025555204207
0,00246989920666509
0,0103129806925677
-0,0823169812798275
0,01155923375887
-0,0299656833477712
-0,111809973788043
-0,0197368051574539
-0,00255289905554007
0,00303655567705805
0,0771976086478965
0,0537238740656758
-0,0032656198906966
-0,027081439469372
-0,0416362234898476
-0,0255038981319353
-0,0637092108320121
0,0218244659135469
0,0853941068049116
0,00979704089958983
0,0684210108211126
-0,0174540265426949
0,130046727314402
0,0330899612457832
-0,0489357843072358
-0,00831700190547102
0,0231997416702299
-0,0635938397149036
0,0190624245246563
-0,0302953902384159
0,0413584739066228
-0,00798692564260883
-0,0372806698680604
0,0503573038608673
0,0476768817327858
0,0806218018934338
0,0815939079766744
0,0138211426893954
0,0379378773937725
-0,0188599356943535
-0,0196807975515304
-0,0110502702864285
0,0401849212139637
-0,013507412285453
-0,0249640364734819
0,029452016780146
0,02566167035868
0,0327138780200312
0,0590202037805457
0,0166121859344168
0,0556385025422883
0,0999382820560833
-0,0402370790162011
-0,0177171630039003
0,0405760768466823
-0,00259950484186196
-0,0293032404820708
0,014754078929583
0,0069509040720567
0,000961725692266041
1,68372336800036E-08
0,000127122119332468
-0,00312013705184602
0,0143066412266324
-0,00351911167472199
-0,664482607160617
0,528913647481721
0,0187024525465054
-0,00693839594518571
0,0608305554121775
0,00996508516587367
-0,0207461632767421
-0,0285305279754223
-0,130526181947742
-0,0443776932950101
0,0373297511537398
-0,0296839193742555
-0,138733690993693
-0,0803003941171572
0,0191883444634294
-0,0252778031207138
-0,012300354022652
0,0192192164242413
-0,0290633273816942
-0,000666688941177659
0,239308154469694
-0,037870456751775
0,0438976315499841
-0,110461812320925
0,0473754534633179
-0,0301546007695415
-0,000723365076260974
-0,0838560595757629
0,0886803204548488
0,0928027408076006
-0,0814809422966683
-0,107525205907342
-0,0808774459024621
0,0892647957978545
-0,0288654288885485
0,0278905131637234
0,0388777633446782
-0,00785482974285298
0,025751964337623
-0,0415754969819611
-0,0976771372210819
-0,0949445397745965
0,133522424108166
0,00361657949253912
-0,00515012262608017
0,0667239001247805
-0,0552368350613884
0,0230346631067285
-0,00650530784592432
0,136803351808118
-0,133964553597613
-0,0542691390801461
-0,0092509551734234
0,0107518359271214
0,00278147028704252
-0,0169833972565627
-0,0340448781817578
-0,00196487867837446
-0,0121946978905783
5,77580756046871E-08
6,2761115293755E-05
-0,0284425231974129
-0,00365398039670878
-0,0127230490876498
-0,290696720113617
-0,42523528823874
-0,374453696467587
-0,419513216256258
0,564348179583871
-0,0335148534107091
-0,0082870621575659
-0,0885842217466527
0,0224083141789848
0,0274988690788173
-0,0406665202573049
-0,0868407125624664
0,0687132936966677
0,0182528440712866
0,0229721604380903
-0,0261090549316463
0,0303962961518925
-0,00524441293207197
0,000874882445028161
0,00234281466781574
0,0571778131109026
0,0174008252576365
0,00251160726476489
0,0123169007213209
0,0211332875063766
0,0366948553543152
-0,0304714013744653
-0,0011678349787234
-0,0609189620873138
0,00236575450058648
-0,00525208479371983
0,0488048494899625
-0,0155271926684203
0,0144190111723713
-0,0321427682020628
-0,0186385748155487
0,0151261111181898
-0,017282149101776
0,0141620925358524
-0,0653857066886084
-0,0314855558634794
0,00530496485572416
0,0144527669846214
0,0144803233730208
-0,0758765912869302
-0,00665951324166584
-0,0921108062778001
-0,0281644136120652
0,149404624376497
-0,0251477246195053
0,0422676480852369
-0,0963203242557731
0,00602024326650896
-0,0336270676216941
-0,0305296568911697
-0,0116555799861483
-0,00357333833268934
-0,00544449089890533
-0,00713991335973734
6,05884298372845E-08
0,000365169971559939
-0,00387324342657202
0,00488239060280288
-0,00193594376768405
-0,431646100448344
-0,561208363576465
-0,0550452717940196
0,140087964121036
-0,461566310512197
0,0575416648580474
0,180076211676816
0,041036963792953
-0,0561043987670418
0,00407601953243234
0,0802985371653958
0,255084838779788
-0,0887680170763899
0,0830054815433576
0,0249387433192998
0,0477680444485538
-0,0405784457943094
-0,0245325586022459
-0,0145117695887757
0,0223303348421558
0,0326646938455843
-0,00270629398117136
0,0163065235496326
-0,0274710238614647
0,0305670013525019
0,00499734646967083
0,0102294057843812
-0,024916214202569
0,0546253984658029
0,0428396243241742
-0,0234941985395466
-0,0359233849070391
-0,0453293321637424
0,0830530902271575
-0,0537523011359906
0,0305460115074046
0,00776305942023544
-0,0357135468726453
-0,0658650050417547
0,150206863718089
-0,101092965023926
0,0606052080743619
-0,0140030074539184
0,0894238504887574
-0,103012890183789
-0,0836328576120191
0,0783792230133013
-0,0173518870183974
-0,137678471532592
0,0849886328614384
0,0238306781190637
0,00438853496848429
0,00794123847647343
-0,012809456054587
0,0274295902765424
-0,0076766272176366
0,051214733828215
-0,0305545702396102
-0,0360993596288055
0,000108311323171453
0,00504565935779844
-0,00257925056221976
-0,000227654884307768
0,0156307362632458
-0,0176593837894962
-0,0338461886194581
0,423481042118878
-0,483748101561841
-0,119120401895933
0,1669044205878
-0,0479852519487028
-0,128779248227206
0,121019900999415
-0,118654379541901
0,393053417535641
0,0631299236084295
0,134280337674392
-0,0328627636659323
-0,0107338554544982
-0,218944137233028
0,0583887064610872
0,0755716385758456
0,0338722282868995
0,190365281075213
0,0759952576722595
0,19858823104221
-0,0794931634421916
-0,0871285506671133
-0,0384529881475095
0,0571641528054954
-0,0749847815308127
-0,00132730788364588
-0,0582732912883777
-0,0172035240273646
-0,0453577093091451
0,0595958850621142
-0,164646590384709
-0,116374249996504
-0,0100175846738506
0,0639386627270875
-0,113754278234087
0,0853829767416217
-0,0426137026425489
0,0558021368624399
-0,0677529138527566
-0,0174568475499172
-0,0471370500167845
-0,051779838097176
0,0725447262837227
-0,0475861437268238
-0,0607063407628398
-0,163853265396424
-0,0399461379156107
-0,0422410067386609
-0,109447779410714
0,0318572528722658
0,0585844663642971
-0,0358723319377666
3,66970906024524E-05
0,0663389411392984
-0,0281337440860788
-0,0131111316816727
-0,00184603111878216
4,78855716000141E-09
0,000793498446388877
-0,00111342127516908
0,00398749882542131
0,00638986953998367
-0,189611626077809
0,108661929988689
0,0101794681197601
0,0376433211644893
-0,00121084670753092
0,101166632800624
0,121501645895607
0,165433265113136
0,648190802384514
-0,0134520124875384
-0,121362736910645
-0,0378587539481394
0,0451169777956843
0,0743888655964531
0,0652840225402528
0,105618489936704
-0,151265605002889
0,0288545891354283
-0,0212652373627647
0,0898313386153748
-0,0831791148265756
0,246582180539512
0,0276798995599599
0,340867357293555
0,313818138597127
-0,124357818092046
-0,112517299706035
0,0446747501696622
-0,0584906422421945
-0,0714373480472682
0,00654007389968476
0,00983125546315571
0,0118690014658099
-0,00185262399581922
-0,00604907912775209
-0,0437460099078823
-0,0243936507924012
-0,0165834536157054
0,0608112286669027
0,0616039812549176
0,0773544338067908
0,0597882147262296
0,0640220801260177
-0,0679370114829394
0,10025374593264
-0,140118608721053
0,0085009268805379
-0,0325780882921017
-0,0111250999473053
-0,0200022495050878
0,00523003812055278
-0,112631458610942
-0,0545618367247317
0,0800315121804293
-0,0147138219037058
-0,0314994733656238
-0,0204038354940069
0,0262103060562146
0,0123769023583255
1,82532508262657E-05
0,000358987550545628
-0,0624111876452126
0,0119143312653646
0,125774219567478
-0,00165319064847204
-0,013461784482648
0,114924746107802
-0,079984029061118
0,0068217526313033
0,292434242140221
-0,169043031556631
-0,172798040944188
-0,0441767224593261
-0,348761442123833
-0,326547105596332
0,207183566266088
-0,0204328914148796
0,17233026297513
-0,0709841776049212
0,000109250986778236
0,0592934805741493
-0,293399490430879
0,0396164743339848
-0,166792290978175
0,0272856902541268
-0,114126542297391
0,242777709604257
0,161335254514441
0,129646818068107
0,128485446831731
-0,0132183136507704
0,0573678058774048
-0,0910230513539862
0,0186166797411935
-0,0521082654477257
-0,00560576959325732
-0,116401914898117
0,0146336136508299
0,157043903080539
-0,0483641314214047
0,0815800028339896
0,0779410649939882
0,0129766009087613
0,0832183171264258
0,0289463928237498
-0,0682120146791571
-0,015967591237563
-0,033704215985492
0,088309742487913
0,0527898057619738
0,0801904980001126
0,104214493441138
0,0608693690919642
0,0089818856650022
-0,0127053232970448
-0,0151389859119539
0,0810434506361647
-0,16515555256442
0,0482250463710434
-0,0055779618760914
-0,0323741694845487
-0,320187871244649
0,0536220111842764
4,64464083395336E-08
0,000117606604853959
-0,000178354942205303
0,00298334329023718
2,81330337610557E-05
-0,015405203708581
-0,0197820060786181
0,0831586216483526
0,0503346312092126
0,0779653869140454
-0,141804716033717
-0,0679961231649777
0,0456373414779729
0,0052249466127768
0,011349903181127
-0,145889361752857
0,362680877778006
0,307091173642066
-0,397221510473081
0,344407977672004
-0,142977777046927
-0,269704952328709
0,0188948943978346
0,431174896212095
-0,0258563630348344
0,121365413590375
-0,0382419339998101
0,00312922825776033
-0,00660479969372734
0,0263594141609365
0,0197287980830322
0,0380694106873254
-0,0427630229700336
0,00175143147370249
-0,13474874273595
0,0848145047917016
-0,189983816363509
-0,0916490492800926
0,116413046894557
-0,0282727452731198
-0,0687205179106768
0,00833361674904686
0,0546165610170151
-0,0447001980107488
-0,0778012043836949
0,089748740387849
0,0863827276733348
-0,129503158088862
0,00489147672923987
-0,00945900192793836
-0,00692899042134399
0,00415675207929032
0,00562252928034561
0,00394120139221646
0,00672348670642032
-0,00405219777910331
-0,00276595040219185
-0,000411366211738521
-9,43654959140595E-05
0,000266582468585395
9,13213565747089E-05
-1,09493026470516E-06
1,41635294688735E-08
8,89718043425839E-10
4,30658373466324E-05
0,00543939170913824
-0,000500039328562011
-0,000792075329408807
0,00450832817736647
-0,0362158521006989
-0,0651911027656882
0,302664199876196
0,0313437287465775
0,185373367041783
-0,339906591907544
0,13888467974297
0,182262720506164
-0,0376894044643656
-0,140491560749675
-0,207372823520901
0,15486974546084
-0,0762573096914346
-0,115209765930263
0,100558671119768
0,0402788633153274
0,234852371355426
-0,0472258180256642
-0,267203473787064
-0,000317278363735789
-0,0655586530613083
-0,00112673545659165
0,00333613241686006
0,0361108523250144
-0,101024870734681
-0,114643448797603
-0,293138292024081
0,0263261679151353
-0,164426569507591
0,151852523179178
0,0451736545792255
0,0785109288381902
0,12905497498073
0,216990773889776
0,053876967484049
0,116448411345589
-0,0653354581927944
0,17398651008088
-0,11714424168698
-0,0751007062937507
-0,0296738447343692
0,0349906392413122
0,108342929331434
0,0576629851933154
-0,059214136473453
-0,124398698679843
-0,0110039473592187
-0,143716021937168
-0,0953590953828229
-0,0989285475583712
-0,196272566799187
0,0681745835683687
0,108398616777334
-0,0394907482973238
-0,0129600550968832
0,0743775301400105
-0,015308997191361
-0,0295703930945809
0,0674634671526784
6,24184138808932E-06
0,00122146980844136
-0,00315178024140661
0,0657917440712037
-0,00822232539830875
-0,0343338337002334
0,0217124051665924
0,00707694906840338
-0,0112334521505411
-0,0337030856200555
-0,113676740272087
-0,0863404273263
-0,0363250163464849
-0,0292445068116033
0,0884136554703249
-0,0882556476525505
0,181185398766691
0,462157320563002
0,00726142158832276
-0,164388455084548
0,132596501762044
-0,105575175950592
0,0699402743168501
0,0498353405707377
-0,00643966270228732
-0,0401115114689351
0,00542263388738174
-0,0124033899914356
0,0645886427502097
-0,0298039806633412
0,0220001274920076
0,0693806506627185
0,0898435585251321
0,06502085529317
0,284375948717222
-0,17299712903104
0,366493803054787
0,254009036727506
-0,195230660255244
0,0794259708622665
0,164048190014523
0,00924365243979959
-0,0940658870381498
0,0557763384016147
0,0922157877106688
-0,0691496916387328
-0,0574773300469726
0,0145588804149544
0,0342264914879129
-0,0417998161897537
0,00943895084604062
0,0538273013200747
0,025330647288891
0,0734204326568387
0,248757328709132
-0,322145366966305
-0,140810086573648
-0,0126104070046249
0,0580455805124716
0,0599572372367114
-0,0445390663206481
-0,0584558066962898
0,0162375770725213
-0,0188890838904494
1,4671243168199E-07
0,0058984626678313
-1,10819056242012E-05
-0,00110800316536139
0,00203654587210573
-0,0110720487567143
-0,0207563044709344
0,134074380608841
-0,045043518143235
0,0445670628298791
-0,177582510935101
0,213964067873421
0,122081646301126
-0,0810015240173914
-0,0900018768817562
-0,247990025549864
-0,0784025024153985
-0,112428151727494
0,107842949844982
-0,297571062637558
0,0359841381357744
-0,0433546428815884
0,064972544056034
0,339905794855393
0,132954512017298
-0,0226155241850929
0,14175669924897
0,0127486964081186
-0,159648875132895
0,0454747221387316
0,0572486242428847
0,119442729702367
-0,0560752397046021
-0,00732154326061567
-0,0967438678778713
-0,039006310848986
0,119470300031959
-0,280590554369203
-0,125488357387852
-0,159603605373716
0,131870126498692
-0,216835780388165
0,21577083393909
0,228275594242597
-0,00147701308549054
0,170039452553397
0,0575321691064768
0,197831005180672
0,186333360838884
-0,128078173898113
0,0163379406452868
0,124407947550273
0,150218826569679
-0,000918374579788741
-0,0172094623999269
0,00741037737250242
-0,00699151594551065
0,000610397780067896
-0,0111536249953446
0,00324743057574524
-0,0739827672597612
0,0451638570023212
0,0100407055715697
0,0571537701871078
4,47334209829238E-05
0,00179088455603114
-0,0181599007791983
0,00716950199270654
0,236231144096597
-0,00616498848459386
0,000243471675848275
0,0353260028154124
-0,0577188324132623
-0,0209696801617335
-0,141202063959466
0,0801419701321861
0,0280718371449421
-0,0120069758932984
0,0825829705219354
0,170195866321228
-0,140344050153607
0,0316070957946054
-0,0430218016170162
0,10496104058177
0,237092824964717
-0,172841877297727
-0,185762747558863
-0,032598244035925
-0,228462856214203
-0,0917712696918041
-0,185071107365927
0,185838844777234
0,0873332042001322
0,0475436460122802
-0,0260576311893897
0,207274149668984
-0,128460146675884
-0,0372070854544048
-0,0821383536365887
-0,00727532973809249
0,110969640652044
-0,178881060560033
-0,114132273603769
-0,2007327110356
-0,270965655743617
-0,04296014416618
-0,107211235749357
0,0762980502818016
0,085344202535727
0,0429156186423733
-0,136666420135702
0,0459567851413552
0,0721988508781091
-0,0924497345709437
-0,104982403110324
-0,123677390131894
-0,19197412853814
-0,0586778205714236
-0,189727352120726
-0,345576192030727
0,138221690924582
0,06343247854852
-0,14176022728893
0,00954396204783012
0,101828844175554
-0,0512702862628096
-0,0241546248330662
-0,00334200926007605
0,0219664731983837
0,000674025400742593
-0,00158588692380639
-0,000830902829112689
0,00759519902232074
-0,022783815146557
-0,0406300410043231
0,105350435188078
-0,134228890850168
-0,0444491365735283
0,0916242364265683
-0,291862941101781
0,0754609660406259
0,0463105110641943
-0,146593604182785
-0,00190488453982474
0,00502813714247323
-0,0901559540653585
-0,208012479210421
-0,219708327402319
0,0154234019082352
-0,0763256107665124
-0,00171212164088334
0,00514338736847833
0,0194741975061398
-0,232585428975533
0,0218196196660369
0,174132839314036
-0,0993657711546742
-0,0179811552865417
-0,359165412923949
0,157285728104375
-0,0904470786546864
0,168172875290197
-0,0845284134962915
0,131385502944966
0,082724681902946
0,187446647958311
0,143454006637937
-0,00858111649523866
-0,0120825509973099
-0,0500942988194742
-0,100737267969065
-0,150775294705251
-0,110052771596209
0,162763043124705
-0,198337997713228
0,0123434685896498
0,178457402369624
-0,235011640298274
-0,066004734151506
-0,167296008833157
-0,0703572074515001
-0,082063209099119
0,0997005868305049
0,194754204179939
-0,219333924375239
0,0310652662870713
0,0684998810951312
-0,00783355843662886
-0,0626108887307986
-0,0219543992847182
-0,111922706993616
0,0377274069088223
0,00108551864946246
0,00404017432870874
-0,0831141081509389
0,235878225364836
0,0733266997135767
0,0176778701946631
-0,0107577211905656
0,0385420079448675
0,0375692179781193
0,084621554137879
0,233707416128073
0,0990388305202889
0,0472897725849602
-0,0312946606254865
-0,120347384118044
-0,094649200985848
0,0223183974999495
-0,0213674401997064
0,0265009518670812
0,105651695670544
0,0143973361927332
-0,0498321563931267
0,0302742906604536
-0,0408416718941836
-0,0169577747302394
0,0641657110041711
-0,0647230612772174
0,0421890085004618
-0,179445440032274
-0,194680213140361
0,0908804440267446
-0,160107354310374
0,3394562853627
0,401938483548341
-0,159784328765194
0,103963915297593
0,102086776450282
-0,0459402419605564
-0,00791743261477283
-0,143504654431981
0,0722234147901379
0,0276708012472826
-0,316143597620759
0,0856986316398335
-0,103087899347801
0,0579120288588141
0,109398855527428
0,0868244070084823
0,105835828004956
0,171508687322324
-0,0823274168041283
0,160189170987383
-0,222757418463214
-0,00349889548365817
-0,163951030139724
-0,10387009602924
-0,184368037022447
-0,00350350915338345
0,0551910381168754
-0,026234105375359
-0,0333991273681263
-0,053554985702397
0,048176977837309
0,0234881746743816
3,21823865369578E-05
0,0220830659480334
-0,00264151418639165
0,0535702954349334
-0,00613085567744301
-0,0347798315747004
-0,061093890214494
0,0119678084396283
-0,0380638964974869
-0,110851706859869
-0,0445199463052792
-0,476551424111506
0,36948375020266
-0,0103891891288019
-0,169353155914664
-0,0608049298799556
-0,338140732860013
-0,0517251638119223
-0,235734976760166
-0,0690400255173827
0,101258230289703
-0,036799566683957
0,102126055075462
0,0240571920825325
-0,0390907050485123
-0,0210031914281319
-0,0502262578758045
-0,216548536349775
0,142978303059168
0,00904735984145252
0,348071457913901
-0,020438822558892
0,100587156810791
-0,108671063482793
0,0526445772684053
-0,0689054457735222
-0,0690372351714396
-0,125412799606148
0,0963608294590779
-0,112142243263516
0,0706644557408173
0,0687247411926318
-0,0649710125204484
-0,0474947646873417
0,160015515873758
-0,163468419428893
0,0927039876045579
-0,0174621847439956
0,0433087552300998
-0,0689358251247095
-0,0844690635968116
0,106105727390117
-0,0534831362228676
0,0770292823816464
0,00693010666126845
-0,00855556444285143
-0,0147445323596237
0,0520181198795339
-0,00669819970689078
0,0104105106766468
-0,00210061501756666
9,56975501052683E-06
-9,07893822556406E-07
-1,69730176510749E-08
1,01037613651306E-05
0,000392879394237053
-0,0795068860515967
0,0350624932888217
0,0621255252530972
-0,0201158353415328
-0,0516681901400456
0,147718920655217
0,156603178272031
0,163174404441274
0,340027939208231
0,0308537575357649
-0,088348850721515
-0,170336478878768
-0,167733601864938
-0,130522736811348
-0,139702117971015
0,134811175001397
0,0546699075824884
0,170314693512043
0,194298316398559
-0,185937209398258
0,216562858452045
-0,0804682024495616
0,0649935359870298
-0,148172686170951
0,0489200315691385
-0,050835637099578
-0,0458509789377176
-0,0367169615948954
0,102686398081611
-0,0696843913880519
-0,217809447455354
0,0701441015884894
0,0313970297883643
-0,0546939076630745
0,0473061408184577
-0,0062531972694045
-0,0330769174615025
0,0209495168918554
-0,0730718913220567
-0,0371815189821806
0,174224308812407
-0,0205961464575724
-0,0305881430943441
-0,0903527081757377
0,0989510162601601
-0,00744930423426058
-0,0716771268786723
-0,207863408966302
-0,0872003184840553
-0,209583053239539
-0,0613652706417882
-0,0717624903407824
0,0765972752191267
0,0261978493588327
0,218618319531558
-0,374138048582114
0,192203509793921
0,00146463666850749
0,0398816039797883
0,0326496704636922
-0,0953907707352759
-0,0133422974233545
5,37240938265174E-08
0,00157080612223003
-0,000229217213607679
0,00551786129801996
-0,000290550568684246
-0,0218288649335984
-0,0251412688648319
0,0276002093512123
-0,0297418793642539
-0,10513405571937
-0,0422244866254914
-0,18614931394977
0,237756264716587
-0,0867740109401632
0,0376959038448055
-0,164396128557628
-0,347592807226511
0,223965923877736
0,29936955970024
0,362880430277689
-0,235977786972029
0,165360102905444
-0,130102112208964
0,0291351086592028
0,0404033411190448
0,238426149892298
0,161036711839963
0,220379235852249
-0,110507797384204
-0,013438899119977
-0,261383203105648
0,0687737153095668
-0,0753458156718886
0,0672583665642866
-0,0829781892939526
0,0454311885589354
0,0209263911411263
0,0963353835381096
-0,103505832007865
0,114098572606213
0,0494349398803528
0,0409232833169855
-0,00954787323914218
-0,0475829306649098
0,200611266850267
-0,0103380099317654
0,133686415598645
0,00478473814397744
0,107945604280488
-0,0810446966260817
-0,0254530747446191
0,00352675387231445
0,0446027336209596
-0,0175812333656731
-0,0346707377294215
-0,0530359381189304
0,0313737047657257
-0,0277114710099938
-0,0370966868666511
0,00258530657404022
-0,00746571625107689
-9,23602765446335E-06
-3,55910943347451E-05
-3,79197416842956E-09
1,27024835844007E-06
0,0177644674224847
-0,00586710977424205
0,0136032130525866
0,0485301699372075
-0,0369994173298112
0,0233908523923722
-0,0067419593720464
0,0295766687257709
0,0295110579915978
0,133069209057466
0,111617847234493
0,220444547059823
0,559782177172916
0,0052931962299579
-0,107374680125475
0,0250289761698884
0,0963660395115042
0,0610106918787574
-0,0298997711405517
-0,0158727457899401
0,0670551399287974
0,0586725547040644
-0,0230284835879325
-0,0907863474029622
0,0156988456121936
-0,196743037717663
-0,0104130890875895
-0,288201689894985
-0,334647492991344
0,12663373633711
0,110933971943223
-0,0571435956101256
0,0274117308896791
0,0291486343546818
-0,0251801850942743
0,00275643826541904
-0,0335749120987379
-0,0346787438957341
-0,0185844479815719
0,00255631343259188
0,017350468615559
0,0353785367966711
-0,190644683613169
-0,103098771619818
-0,131912786316198
-0,0933445236366436
-0,0688814281427359
0,10911652276558
-0,147483519230127
0,283046228699386
-0,0286998553704863
0,0920847036289582
0,0421688907322064
0,0618883225260294
-0,00353605312493371
0,202999080289023
0,0998012470642147
-0,144180185681369
0,0269158856192784
0,0550572217431467
0,0354609585982952
-0,0455476127167311
-0,0215096414592676
6,9518103939476E-08
0,00394038763471791
-0,000311006753347662
-0,000302382558549942
0,00180120563037189
-0,0548724800582151
-0,082487369852761
0,115445383872683
0,053803067244807
-0,017902377257063
-0,087100513287634
0,128094690402148
-0,0299453106014371
-0,0154085047011898
-0,0167391124801989
-0,119802446457253
-0,0949833881933394
-0,0283792098845353
-0,0450812916675544
-0,152826311009555
-0,147776302155706
-0,0413907492674987
0,00201887718374544
-0,0396382831933919
0,00958543647631232
0,0384937554601922
0,00903873369636466
0,0321557253327521
0,0630408299895775
-0,0320306689007041
0,02608284888176
0,177081859077738
0,0582620776564991
-0,012662769461513
-0,0240936678022511
-0,107098687497807
0,020523997032814
-0,0983326348435772
0,0561984768740871
-0,0845962194154813
0,318828780379623
0,200251065735233
-0,19741950339947
-0,384400125138225
0,0516659174754361
0,372634650780684
0,0171382199285931
0,000604287204583456
-0,319467255521214
0,0766200390255844
0,00669216085891614
-0,266290219170463
0,0253169992087098
0,130921940110005
-0,0843897325577622
-0,0912141763930741
0,0778439866940134
-0,250519176417136
-0,109443019805871
0,0365701510556428
-0,0335007999319203
-0,0453411565217997
0,0245955968359705
-0,171594397516929
2,03497370195137E-05
0,000161996165853337
-0,00244428023107255
0,000624087012620407
0,00995565197627729
-0,00355777717056049
-0,00795628008500716
0,0781063988874905
-0,0926254938288018
-0,025164684366687
0,100873363367991
-0,0987286123463153
-0,0570271759967449
0,0291099984787899
-0,0946940265554494
-0,0400017756492235
0,0820150444416736
-0,0178938256894354
-0,0117960504726072
-0,0970300273820911
-0,0540867891065208
0,0320871838499127
-0,122489316276841
0,0405906471205137
-0,030233027857064
-0,0656942983185083
0,00477426063623284
0,262933055295135
-0,0549721846955547
0,0561572851991812
-0,06632553865116
0,0856230004748244
-0,115223755414331
-0,224903772850742
0,0446155000392786
0,062483827911599
0,101682376078802
0,148631913695891
0,221916186641889
-0,253761739263012
-0,0192041830015942
0,0315205929879831
-0,202604292511942
0,157254453076866
-0,120646208177054
-0,126798161716095
0,308177875409964
0,101015361511956
-0,0475818018389407
0,0569303608063363
0,117177147552816
0,154443008155306
-0,0590918515080449
0,146924916865899
0,119835486731376
0,00104880911573377
0,319206554880378
-0,0900942342156528
0,114123412515043
-0,0467437038086588
0,0673280302693145
0,0774586201763835
0,418132455782264
-0,0923314229112602
1,35210299062382E-08
0,000205965081413355
-0,0174720615177479
0,00436966624077036
-0,00671568508448503
-0,328468221682903
0,133579047113348
-0,0157338500101614
-0,00708790847881987
-0,0247770335197257
0,0133672695924113
0,0230610749604711
-0,00336868258042582
-0,0911836697427742
0,0152112994734717
0,0328599511212465
0,0141361184496543
-0,0508011876004648
0,0606677906739858
0,1213751039467
-0,150230776459858
0,124389422835642
-0,0446638618816151
0,192822647660847
-0,0521921216140635
-0,527428371439897
-0,0333699204907118
-0,120198127832047
0,111202108496456
-0,233049222283315
0,152754800309677
0,0807906998222622
0,181766487098476
-0,198241108102742
-0,320921850589028
0,274590147021506
0,128320419827951
0,192789807957935
-0,121776836964287
0,130049360443549
0,0366889501125212
-0,0520380100823357
0,022972641053836
0,0166066059515675
0,122914955920572
0,0326736569178285
0,0139643090137339
-0,0369627337946634
-0,0264574617668663
-0,00827894541081961
0,0473088859170663
-0,0252535449636135
0,0152859328416907
0,0205609058407183
-0,0271835523379229
-0,0301965188908448
0,0403880829447182
-0,0454061015312657
0,0296754920153222
0,0387783293185519
0,017830422089779
0,00484929674418759
0,00744383159429663
0,00976428733471394
6,01736634289424E-07
0,000164061987247805
-0,00171259910029516
0,0069352025585107
0,00160094179085814
-0,000853437268377751
-0,00447958202201335
0,036188641328421
-0,0146419051007311
0,021778510610648
0,0898512704855588
0,00526799673844452
0,0664786210724501
-0,0427451315924623
0,192350934072622
-0,0380470362386955
0,0194940759325564
-0,036251452462155
-0,0627844047819247
-0,0171391721503767
0,0638076843138834
0,0879858925630125
0,000201729329969894
0,0229310440830878
0,203891749567448
0,0498622296835971
-0,118567273673679
0,114840491865125
0,143722098059641
0,00345995507512614
0,00326749390288298
0,103080377406773
0,0853630023452201
-0,108870142968632
0,0209069627288128
-0,0326546397155922
-0,0360570965476305
-0,017158964579315
-0,018477223722447
0,0794065995155566
-0,0145533935832808
-0,0652951723811666
0,129930987278422
-0,10070183393839
0,0341602210592955
-0,000866890679105836
-0,103722158773196
-0,0395345546437034
0,299279224733642
0,137479198463302
0,179216141178459
0,103804577734933
-0,276207563142756
0,0303116468250396
-0,035092714713975
-0,0358474369640468
0,0611309615854044
-0,18805525609468
0,113227692257163
-0,49415056088015
-0,284056247003517
-0,00928305941422808
-0,116306093470886
-0,359009262708906
5,88311916213666E-08
8,36874376806044E-05
-0,000340603059065009
0,000974574302357874
0,00121804343339866
-0,018761118600764
-0,0355201806629243
0,129208836526649
0,11636936511493
0,17264045524472
-0,0787146264309758
-0,182169968416781
0,0678884307027384
0,0356680941229876
0,0939071575367677
0,127198749087003
0,174949799095061
-0,112540645593489
0,239452562684417
0,0192901659443936
-0,00597252169279983
-0,0847311233276131
-0,0615051644511507
0,00545396706106517
0,0340625738309893
0,0156225709064485
0,0184988943269287
-0,0112800723472748
-0,0180317132490715
-0,012255553646797
0,0471105879201014
-0,0237895199780373
-0,017390494229688
0,0115441020519412
0,000974349059588698
0,0375365266097169
0,0246594162807069
-0,112767464926051
-0,0502023343194922
-0,0673570417436273
0,126175472400243
0,100866357635464
-0,215931421464703
0,0307068615732801
0,0757032668474982
0,0664823277083567
-0,00940020206256139
-0,0719432816412386
-0,130614032101316
-0,127200343806377
-0,0134638800802211
-0,102842433172311
0,178865979161674
0,0270063224034289
0,0305183203220084
-0,0480982800474309
0,145139831076979
0,236267145592388
0,388988483097372
-0,48998666193818
0,0589515788853387
0,00595025034263069
-0,149610205639122
0,255900316915383
3,20817843619654E-05
0,0836308454796326
-0,000338926974036364
-0,00628344284549551
0,0179259811544444
-0,0181266719732739
-0,0300682665193378
0,252447837801543
-0,194259777397205
-0,0194231169233966
-0,142237941919455
0,193274187265253
0,0811846172827288
-0,0733207693090644
0,118121297056459
-0,164902967747497
-0,183485901919596
-0,0338375812608136
0,149335062828691
-0,0157637623098876
-0,124649997756111
-0,36326968700059
-0,0431712996073831
-0,0901220209982974
-0,208962472573958
-0,0270022189780239
-0,286480707027838
-0,0512140279742372
-0,0272558513692328
0,201154518903782
-0,0374423069360097
0,0561546355097922
0,0118414346903367
0,0533115878393278
-0,0970062187315975
0,0506992136598005
0,0793197925995177
0,0163446093230549
0,0348416625577423
0,0620462546864619
0,159696625578978
-0,0823332916882156
0,067129710509251
-0,0274471869818063
-0,078058967628318
-0,313038999273151
-0,0211677174515341
-0,233803089051506
-0,12194748026217
0,187583481928528
0,0553751439763648
0,0135192635594553
-0,119172595373081
-0,00828037626643368
0,163248668679459
0,208642290248119
-0,101285474133909
0,0678652618591574
0,111159810607164
-0,0138036466803585
0,0259285903574953
-1,43721557734882E-05
0,000124807593632843
2,19606809374448E-08
1,13795453734719E-05
0,000418733817105636
-0,000476277992741386
0,00223395995027243
0,00155838207391334
-0,0349004721306198
-0,0631749459337489
0,184500186488253
0,125809179231272
0,202133648868984
-0,150699007381623
-0,253866466081212
0,159019096674429
0,0393469749705134
0,0253304222483562
0,0511285935217994
0,236235559496353
-0,13664037613182
0,022719420760136
0,057306646702779
-0,027765360120876
-0,0303421841416253
-0,103158405198525
-0,223976774450511
0,0738109369101822
-0,106403252133378
0,0515683113368976
-0,0279013943534831
-0,0850031708275319
0,00630758243141904
-0,0373142245461862
0,0181429426546239
0,00791244927029926
0,0734446689840202
-0,0679167752288162
-0,0216555602947964
0,00244005596025693
-0,141683724569912
-0,334102877634393
0,0471420149703711
-0,0333353097069812
0,0830585630919963
-0,0808823424208117
0,285435428808474
-0,0691961068674392
-0,0912199956201489
0,0506952350878377
-0,0232003047165224
-0,135048743110781
-0,0412355791053288
-0,0352337350870044
-0,02774173358218
0,0248363519773164
-0,0636279003597231
0,134316430259793
0,134459502784388
-0,00580386767042093
-0,102840750234965
-0,303545466150998
0,0932669643423092
-0,186112497676381
0,0088013625036722
0,0358809301446781
-0,387222548294046
1,61595625176628E-05
0,158317425083071
0,000967426320555352
-0,0133034719846107
0,00303292892092603
-0,010568032526152
-0,0212052873804051
0,169796952250026
-0,0996747163374698
0,0255059470267624
-0,128452414419671
0,197751409456985
0,0570176185723521
-0,0679630065482909
-0,0873746527485156
-0,0986175235066701
-0,0514785999415161
-0,0524445543811515
0,0740548384197186
-0,206757606472568
-0,197322098477987
-0,225604096243284
0,0404921156280456
0,00344808914314688
0,151334470500965
0,0998569709419489
0,15868309471343
0,0437595521079379
0,314654123082308
-0,395891666945362
0,0966849163887425
0,0239423669857501
-0,0634666959233675
0,076458399217026
0,104635237173181
0,0287933561411016
-0,198643925896752
0,172673337976493
0,00407937514529351
0,0886896285857235
-0,437926839171631
0,176657273498706
-0,193662087903008
0,0921796895192344
0,0574752868087781
-0,0552844983700752
-0,0404476670943964
-0,0281756292729432
0,0570287211432345
-0,039200810135797
0,0144457817808547
0,0172148246000362
0,0326547879917094
0,00147814751391267
0,00394634351009431
0,0119186516736076
0,0011599244137946
0,00464836360369908
0,00531779191745944
-0,002189973055027
0,00477653116258311
-0,000982582792535073
-0,000900764190131079
1,61072145206587E-06
2,96404068767445E-08
2,86954303095849E-05
-0,000661057810285293
0,000959933360321518
0,0090678276044857
-0,0168037894983647
-0,0102937601555012
0,0270881637708425
0,0336860508877142
0,00377577368408502
-0,00387248259274958
0,0159498155936981
-0,0653148506481884
0,0314150557761765
0,0407722140988779
0,0407492937001553
-0,160814023748132
0,0722578853141654
-0,113017075026242
-0,0564547946796206
0,199841199686413
-0,147452097735799
-0,658856882314125
0,0983746759808369
0,170861971508777
-0,000306430124710505
-0,00925107640467514
-0,15086142899602
-0,126186223705185
-0,229069995007502
-0,0832488176722893
-0,26540955209848
-0,017930799704609
-0,0745894699930406
0,03206088335765
0,0560078861508111
0,0298370766084782
-0,0907603574310953
-0,100480024245923
-0,0422125436068457
-0,106865258574456
-0,0323817536861136
0,0348111563646407
-0,269751722128294
0,0535925925110457
-0,0340662024677501
0,0975973736161279
0,159608835138768
-0,074094598556383
0,0826389320102067
0,0344574300576993
0,0429179116870475
0,0865605107522736
0,00490784250045093
0,150358919669353
0,0670410410243541
-0,122894305130368
-0,0623416255781601
0,0964611949477955
0,00341600436433412
-0,058614670547217
0,0019146339523846
0,0157194674774508
-0,00259686443537768
1,11064199295004E-08
0,0232343846114953
-0,0111549199903932
-0,00159225405302201
0,0272851374234853
-0,00139728127577457
0,00353599156952993
-0,0125291341968144
0,0108347985450728
0,00142468145739256
0,0210771352508826
0,00156222445420417
0,023638939955619
0,103095728744295
-0,0140932476144061
-0,0248051576588603
0,0274982860767668
0,0247633896541332
0,0286927271206176
-0,00211790185195332
-0,0167438042680766
0,0922258959825657
0,0328207554627228
-0,00234132129075252
0,0540559131171397
0,0601999163519673
-0,20596689503188
-0,256867818559488
-0,182919198355213
-0,167849375420604
-0,122854435666798
0,271464858527368
-0,143211046385642
-0,135186892009112
0,0443268513287999
-0,0114945562173639
0,285721380707181
-0,222393738187714
0,330139442301999
0,285899894569636
-0,163415024002501
0,261533764274625
0,0616972769283263
0,25588502267905
0,176007378646863
0,125305652357472
0,0660172274125535
0,0386004237340527
-0,0928916737665086
0,145218303290674
-0,210696887925705
0,0172616157617128
-0,11728705790456
-0,0232914395716192
-0,0005442094417065
0,0368994232464683
-0,147040498930912
-0,0507075405792812
0,109376703491611
-0,0213655221235895
-0,0264586096511216
-0,0297495997516306
0,0139520019794577
0,0181585975309597
0,00108714128421253
0,00382713693553967
-0,064488959722026
0,244481801417004
-0,0145637612494321
0,0174680610048139
-0,0199764182392407
0,0678961955964994
0,0745220895390902
0,153960332049101
0,319298820715605
0,177343612556004
0,202377992583025
-0,207393612446768
0,0443920804673541
0,0679215124977605
-0,0385575855075645
0,0285561971913104
-0,083156510045913
0,0954952933465813
0,0773833131163195
-0,148068425098965
0,0823365982637703
-0,0643137104788634
0,0920908283583856
-0,0588425167143977
0,137062636029191
0,0245892797657647
-0,0578396091357131
0,0106475980011233
-0,179775962521449
0,127156077476127
-0,000992176578456124
-0,315710920495421
0,0656047477454376
-0,034407624527682
-0,0490195979416341
0,0074295652334267
0,0381032028320886
0,0109197576496173
0,0255163127604599
-0,0246481333283044
-0,0592820489720733
-0,0317557362664094
0,120088179635432
0,0481328037730293
-0,116422137795604
-0,0309523798274912
-0,293473538014427
-0,171459618701732
0,233703008046289
0,299502326953025
0,00698561313326501
0,0290060555635741
-0,0482482129925568
-0,00365744794241786
-0,163512079454202
0,268771047056296
-0,157279638735865
-0,00275864107044983
-0,0319822021226055
-0,0268681818201368
0,0430313492731884
0,0160142595883763
2,02701649967468E-05
0,000435814221110487
-0,000465691054759208
0,00273325179321055
-0,000108905452701175
-0,0910787262695961
-0,134143692826357
0,0073589466316706
0,0263576523016922
-0,152994269829283
0,0180478983142946
-0,116346533315754
0,126943393726512
-0,0137852312269517
-0,0742323042761025
0,0347712866268044
0,0370787039711875
-0,109038433419269
-0,0849791568402387
-0,0975056524649097
0,111562994520179
-0,130042223778857
0,0959149113192724
0,0159871011239818
-0,0420785196677862
-0,00279617988310011
-0,089641979433916
0,0290328478124404
-0,0296671899780676
-0,0923188775514588
-0,277359497447436
-0,0658659593752236
0,026501631258012
0,132857321543059
0,00880444615443328
-0,0237846124321953
-0,0823854625988288
0,0497311002709044
-0,178235404642855
0,226842948874503
-0,0641024030647387
-0,0713810206889523
0,25258384737569
0,115605626287678
-0,0406257926418243
-0,029291101969622
0,166043006417342
0,044327017673346
-0,137056550077084
0,138560346968223
0,168994671230031
-0,172866071699726
0,0371593074932919
0,508619718900325
-0,256054644090515
-0,144236296625419
-0,0540911380443517
-0,0407025034398531
-0,0502615644415921
-0,143042596683084
0,142181442159695
0,0540978537197674
0,0836913109613055
0,109768225082406
7,65886916794332E-07
0,000161913729058014
-0,00397640441106789
0,0105151050971804
0,00490623361700986
-0,0241633077915007
-0,021158467144958
0,0198964657124676
0,0326736945557571
0,0178921184430627
0,119765345731255
0,0583255375643873
0,0936672779671675
-0,0969438943474511
0,0285788636720375
0,0121164042160131
0,00357803958232042
0,0811577073169747
-0,0105213926100901
-0,0161092948094155
-0,0300374118203121
0,0407243985592146
0,0216064480122116
0,019715507829158
-0,0609945362621939
-0,222521687914833
0,0248983416893836
-0,10777377918672
0,0973044041758349
0,0195521892376008
0,00830390537517756
-0,174054023622791
-0,639228783443567
-0,0252131232699897
-0,0336430377591868
-0,0321013846904101
-0,0487858882421153
-0,0865442003647059
-0,135537541152601
0,0870146419660287
0,217626592131611
0,216347060863083
-0,208216811526468
-0,044507828139366
-0,148513446902831
0,0312142176023005
0,0199150858193269
0,010763063056667
0,32096855433807
0,301490224863959
0,00597653719490378
0,0246632317466484
0,0244110976747602
0,0781027324954529
-0,0561089243311267
-0,0300378546191569
-0,0775068406990479
0,134895653769435
-0,0580032623632834
0,00308477497977273
-0,0162364331140796
-0,0143417528312828
0,0202398674440585
0,00696890223363248
1,18728732104115E-08
0,000164708615737612
-3,46147538096403E-05
0,000904032094904597
-0,000137105290111942
-0,00368201494518415
-0,00585593055211109
0,000869643868686511
-0,00114726849229521
-0,0173965078417059
-0,00339958377564751
-0,0387042244298381
0,0420469562097453
-0,00806925068526042
-0,0123004102489694
-0,0130124461921408
-0,0460628561995503
0,00709313698062547
0,0029482700509957
0,0276751796742735
-0,00128320764577653
0,00487629961512116
0,00317678559374383
0,00535864909924315
-7,07675249575793E-05
0,0622684964342976
0,014343357994157
-0,00821217285909372
0,00534637712749456
-0,00295540016556409
0,0677779520502323
-0,0192963834173646
-0,0053589755013152
-0,0779693440930871
-0,0153705336228572
0,0230348633032374
0,0765040666363685
0,0382492457688349
-0,0249342775419394
-0,0161453478115592
-0,012344680195763
0,011126221100822
-0,0471291718271734
0,0241946653726671
-0,125095004735833
0,119434240059162
-0,127377543119835
-0,0076713292497196
-0,0356310856935257
0,0754491567805887
0,0116876430332213
0,0585576120445131
0,00265102478727623
-0,171083274136623
0,139725309082772
-0,064739760557746
-0,225622452360244
-0,196402675790743
-0,203358314108855
-0,246669240120396
0,421911906991652
0,696648791705484
-0,0306210607404005
-0,000143974571534449
0,00105992844422497
0,0034907710397446
-0,0143480746832974
0,203174019707716
-0,0161098039343901
0,0143369876389103
-0,00280344168407365
-0,0083365179608453
-0,00520188748212967
0,00292280798632832
-0,00893875391227868
0,0373663974615367
-0,018932590141994
0,0671416660497756
-0,0105630152177567
0,00759936281275696
0,0052767808149508
-0,0881081133328292
0,000378138356198581
0,0433222109890909
-0,0496319851134577
0,0101945058976173
-0,0229117223602072
0,0240470713866108
-0,0270209843118911
0,0405653363840754
-0,0496744957807679
0,04428755737813
-0,0942937299758157
-0,0794395139208881
-0,00101885590351335
0,0604491704067578
-0,0978548166107406
-0,0453935225712058
-0,00261029909495301
0,0363970489789672
-0,168470323822212
0,116835597742792
-0,139177422810263
-0,0153369824222423
0,071690564214681
-0,0672371943845839
0,0664897690929593
-0,0529095488468688
-0,0252572575134796
-0,00147832087897056
-0,356363919868376
0,00838334795307143
-0,0629437821637396
0,0118532625345543
-0,615837551590376
0,312865750589365
0,0102510219180288
0,393496882307583
0,148993256139041
0,00586889497294549
0,144629353618896
-0,113389512694364
0,0223780768751022
-0,022498343982977
0,00392052339932202
-3,51358593817044E-05
2,11103751648977E-05
6,15970103642173E-09
5,27327709383623E-06
0,00936257300133378
-0,0032236625506598
0,0557263710057188
-0,00653119971252994
-0,0795955522053348
-0,0327992281150481
0,0278665285183001
-0,0408133031470228
-0,14336801780424
-0,0552682874099857
-0,106890127255707
0,0680261761964653
-0,0765603303661241
0,135193663066633
-0,0929822167922383
-0,0393495060562062
0,325542654392664
0,25693156447548
0,0418631640840444
-0,0809623802182297
0,153137260392956
-0,0451540563954032
0,000920510721663184
0,0252091922943439
-0,404112834650264
0,0380220400597242
-0,0518950073446216
0,00820791017977013
-0,0482687470909119
-0,0560736993160206
-0,0189506563771808
0,110623552733982
0,131079543028973
0,207904328305879
-0,144239823416344
-0,253538850404253
-0,235041516682799
0,220911584332215
-0,212162748493267
-0,152885021979185
-0,036672187781282
0,0637812931471499
0,0818213190544196
-0,285469012047073
0,0550202194033567
-0,211228503105247
0,0854942856165137
-0,160321242108204
0,0849369704349587
0,0362997273804648
-0,00750190603367624
-0,0304625905367459
0,0438538896790486
-0,00547507738880034
0,0406157396490521
-0,0368553589238256
-0,0263662652618478
-0,015457475349414
-0,0836920623214632
-0,00354784991531223
-0,0676494491856397
0,0236703705557653
0,0338695105118118
3,8687307194922E-07
0,000306052625143422
-0,00132517178477647
0,00364641571591758
0,0057227816783297
-0,00271292748144009
-0,000443550714242643
0,0102807884318665
-0,0100780672264318
0,00269391876220935
0,0439365481597616
-0,00571747511652879
0,00994865898360193
0,0913324324347571
-0,039940938747415
-0,0612586287190688
0,0352104516493499
0,00578434101756325
0,0387930475751766
-0,0289091944773101
-0,0257011083098659
0,0271297354555848
-0,0641615955836844
0,00570408285318753
-0,104934013874123
-0,00180131424244449
-0,15708255994004
0,12355774757052
-0,175806550468604
-0,121560081640995
0,147709439736448
0,115450186856254
-0,105665414406492
-0,254244555540028
0,230300571482157
-0,067761161608329
-0,393825515870561
0,240358220992576
-0,217884066162427
-0,167667479635675
0,137480899554338
-0,129781091241259
0,0284523494873339
0,1707122964331
0,103649551927147
0,0643795000668398
0,147364160794168
-0,0330495271923968
-0,0655222150818672
0,0548111480775382
-0,105628784972842
-0,210875560332158
-0,0973552208940318
-0,23850531867817
-0,171056717974541
0,0165419035736741
-0,355646794011472
-0,049547488781099
0,142233664042416
-0,027838369305684
-0,0704347691904728
-0,0375164263604348
0,0475065398403857
0,0188685208392143
3,26854708121458E-06
0,000671731750155776
-0,00275461019252767
0,0375601711672529
-0,00327639047830614
-0,23825673281702
0,186807316425841
0,00632370949848756
-0,0101468174411212
-5,61190015814983E-05
-0,0398801080932001
-0,0346887444583163
-0,0282517902609035
-0,048880392306173
0,0244459652474642
-0,00474124134240585
0,0168762153087723
0,108553964639711
0,0100663874766426
-0,0769391710358393
0,0688054558160638
-0,0245084492550814
-0,0485701224081977
-0,0171925564606468
0,00642627542297918
-0,00382527352832721
-0,0125905258278093
-0,00861895855432283
0,00166309646400624
-0,0276033253544955
-0,0250100481479781
-0,00961530569424627
0,0165976414709264
0,048321195070829
0,247868391101825
-0,148704172811181
0,223604480276782
0,0413580472540445
-0,13532322496725
-0,053000306591643
-0,0898144943147799
-0,0439564440222761
0,00927523437726287
-0,111234681424742
-0,0584678693122802
0,217470340359357
0,227076091804998
-0,39807933781421
0,0512171937534215
-0,0287196127530077
-0,166872335507019
0,178276861235981
-0,0643407253150924
0,00344285265935183
-0,355599586989882
0,414181155285682
0,174521262685625
0,100861730941174
-0,100669567026423
-0,0390426035971501
0,0446174263180865
0,100297928050058
-0,0151247945265949
0,018015325345531
5,19486851696046E-09
4,52707836023312E-06
-6,03901552407017E-05
0,000197746784898916
0,000374823587735968
-0,00278260405764242
-0,00488242351583285
0,0191689662197195
0,0196682756822015
0,0292417291764397
-0,00766821599480143
-0,0358037817548725
0,0104586718445338
0,00845009260602064
0,0275556484901191
0,0373227869616811
0,0185967561599381
-0,0194154199540798
0,0525976498166651
-0,0133981808743041
0,0381963498783848
-0,0631985447054469
-0,160645235704356
0,0278194717873852
0,064905461253848
0,0054296271612268
0,0184547441798277
-0,0619213689651239
-0,0552254913794007
-0,0834068386958119
0,0232187356489197
-0,0844027978774303
-0,0217407117809218
-0,013802891757177
-0,48004305919492
-0,724324153285171
-0,0340713158258474
0,290936784082322
0,232530129573602
0,00513177181570218
0,0452997917309769
-0,0388667254397162
0,0089871084522347
0,128782458419817
0,0119779899784542
0,0167656167995041
-0,0589416650282074
-0,0714726147681063
0,0357224492924395
-0,0193728282519105
-0,00379939994848247
-0,0112010576533394
-0,0282689437605568
0,000333293006684807
-0,0459755871875918
-0,0204093865480775
0,0366563953490809
0,0186711639310636
-0,0291770014422066
-0,000830043143113556
0,0170853878204159
-0,000801767649150872
-0,00705620039744579
0,00116113292764945
2,51190505443762E-08
9,99660757930528E-05
-0,00313192281667456
0,00233669992675481
0,00512150502034076
-0,098024431896425
-0,137835168740333
0,163654570296545
0,237598979345545
0,0302713281753609
0,0336010598933785
-0,0196090341040639
-0,262542660649885
0,0556787209544211
0,029590362622032
0,0201302837331249
-0,267384184112032
0,0722229457825344
-0,0974480973703488
-0,100673112806958
-0,103511132889881
0,110381927184185
0,201740952404921
0,125155088405393
-0,153243539257458
0,0195026129333708
-0,0913613588720876
0,0677140808965214
0,0623267345108387
-0,0276580456372684
-0,106124892800697
0,0657328042926786
0,123655261723111
-0,102960666887869
-0,125582904132897
-0,144098210817834
0,00750350364530397
0,0252311264467023
-0,174814584221991
0,0458928065306055
-0,15136554739872
0,124476128879338
0,0664309947163656
-0,116781808696299
-0,305111700543498
-0,0842232387244825
0,230655808397473
0,213962475638365
-0,0814039296991107
0,0027023019573667
-0,191296917805381
0,063804219511906
0,0553741177027522
-0,15982661452876
0,107316893518859
-0,0387467059818025
-0,0442839751285929
0,301699172293075
-0,0455875537573005
-0,180836862813464
-0,0864107943886366
-0,0236687180677166
-0,0364382890878119
-0,0477959609095827
1,85927298789921E-08
0,00019211320609848
-0,000113866411210301
0,000892218647926556
0,000534204186099519
-0,00364220674219843
-0,00434094869167587
0,039494303478915
-0,0470129159408934
-0,0247421153364176
0,0441933366691413
-0,041480480658319
-0,0093165797827083
-0,00893642153215502
0,231976695311267
-0,126457158115752
-0,00977223686720103
-0,057699654568297
-0,0334634149413026
0,0754052676284967
0,109833507978694
0,139225902805784
0,0444196980459269
0,0280437404815577
0,313085907953619
0,0169301774642086
-0,191897136857264
0,177469139327215
0,158480148353481
-0,0917878464955909
0,0357396714893443
0,0110043770260713
-0,0507170480233149
0,0721324925394001
-0,017867964498161
-0,039801086735212
-0,046660577477673
-0,0875561926405224
-0,0435298186987505
0,0467670466137017
0,043538398524658
-0,114236094792058
-0,0628723773226677
0,0416495987127246
-0,0241642727467786
0,0842892301466393
0,0449172211626724
0,064114287277161
-0,135629705549438
-0,00485081605179549
-0,0104559417124716
-0,0942207456463056
-0,1394580430821
0,126671299239894
0,0555808532843438
0,0169942874861273
0,0433557217952539
0,34948761910265
0,30879034919445
0,417037475566466
0,0536105074329311
0,336528799522318
-0,117534694561823
-0,168429866125304
7,41464782558811E-06
7,20392711336203E-05
-0,0029681833217962
0,00264659759659833
0,00572317993450284
-0,0440503880951753
-0,0772418344352719
0,216196280500938
0,235055952299059
0,241948320160952
-0,0158388137270833
-0,232168826417932
-0,090625134721388
0,0659437293236586
0,12175852148502
0,203670716603921
-0,0290728031297955
-0,0666950361634279
0,353459572334367
-0,03933614742355
0,0691667219158297
-0,086226031335489
0,103277242382533
0,224525725167724
-0,0535631803356966
0,0602373452649504
-0,0387407246996245
-0,00143478646551212
0,0326406883130721
-0,0223946968295938
0,128396524054953
-0,0330945188339668
-0,158997989950662
0,138679289825766
0,0949885269966029
0,164968351913137
0,0322738183634152
0,16477763139555
0,308570496361879
-0,0415059314453107
-0,0455530378210643
-0,271161186841708
0,0893405823482282
-0,156170597359557
0,160191684009188
0,0831414124763127
0,012010613535728
0,049148858219523
0,00468308272749887
0,158545541252654
0,0157141902594801
0,044545817828313
-0,0258167023596586
0,0492539374787546
-0,033422480398523
-0,0441243399883108
-0,103857804363898
0,0524505897415407
-0,221043121795687
0,0942662844520271
-0,0427347703208341
-0,00294723704549192
0,072472101811494
-0,123957138913198
7,78408607994891E-08
0,11489922963322
0,000774357073860999
-0,00910952992435954
0,000667308330661714
-4,0620202739667E-05
-0,000980474397532203
0,032095402826629
-0,0445688893847815
-0,0168972098873986
0,0488328860369188
-0,0299462415779626
-0,0606118907481805
-0,0105478744989595
0,187228338623164
-0,117472514517822
0,0414456561483492
-0,10400273171296
-0,0440620802106755
0,0515662882743296
0,144840835345708
0,0402957498274429
-0,00304039683758962
-0,00157806048770234
-0,312459630926519
0,0793340994078498
0,360433644683702
-0,139054129398466
0,0163203382365639
-0,157913570794421
-0,0559713781737201
0,0623895233232455
-0,00657547804557101
0,0665290919290516
-0,0132359117458256
0,03739271640889
-0,0147377922554416
0,109785969341376
-0,0830423182763365
-0,309534982923321
0,0534382153926982
0,262963287238086
0,266246100769052
0,0881400418159982
0,140915176181621
0,14512182658133
0,0431991396400543
0,0517132367674478
-0,000324475297119032
0,116043492761047
0,107981276323302
-0,0375953364845888
-0,336490566254037
0,0852571446536287
0,255403929460012
0,125094519252826
0,0712731725557168
0,129708733893124
-0,0388516539456007
-0,00338118881669545
0,0868576383308095
-0,0342950162254892
-0,156945095475854
0,0225505410145894
1,47707340080948E-08
7,07477495162579E-06
-0,000181907011027379
0,00025833577833489
0,000597179276816926
-0,0143451053467112
-0,023847978620032
0,0468861862749848
0,0630030232341444
0,0401148989744719
-0,00189469483829628
-0,07087287519925
-0,0518158351373365
0,0286649301093557
0,0372386642173501
0,0723048609116771
-0,0519458613788557
-0,0268297579282765
0,115745595794543
-0,07257976339638
0,00551979905080099
-0,0411015475324348
0,187838982733626
0,256932749241921
-0,178921751823935
0,0785073941023657
-0,168671813395759
0,0883287749581519
0,109805859889259
-0,211694728899029
-0,390619796613562
-0,411131494213669
0,151279279636035
-0,285700269342359
0,0467086786673047
-0,0485382671427664
-0,0219126682996285
-0,206506473534474
-0,0353937003682901
-0,0649081439854679
0,135552761733522
0,102630142244955
-0,115349818253585
0,133259589021488
0,0781970686482357
-0,0108481853499501
-0,180949815379524
-0,142441839418902
0,106701364304887
-0,0839564639613181
0,0556222493433364
0,00838774065617323
-0,065562526390374
-0,0609201018001243
0,0110351917715256
0,0810380126509341
0,0485676716945426
-0,215367488880127
0,0476780841185159
0,18374179417009
0,0183940425855894
8,46864870436734E-05
-2,15642319654145E-06
9,13923343919092E-08
0,0350505377742111
0,00329083766477619
-0,00751535126519231
-0,00433876158062086
0,0233462355445922
-0,0125035761139396
-0,0248091686064496
0,271629915459094
-0,212881142058195
0,0180644629180933
-0,0806826400534955
0,166453137075631
0,0619559932707067
0,00611814730931541
-0,164718167952386
0,309065763972717
-0,044165412277378
0,123334249956998
0,0173638132080706
0,229888224595409
0,36577842539715
0,190941158083134
-0,00358929927440385
-0,0161499371690361
-0,162519159720807
0,0749273880090334
-0,181516924301736
-0,0235971150309756
0,215615072667663
-0,0337381643612329
0,0125907256100365
0,138787974500911
0,0519476465082321
0,124690328406556
-0,00874711406911576
-0,0144307027966061
-0,120508627623165
0,0947728737509217
0,0418218557490164
0,0241899015148266
0,112084295608127
0,109572985462986
-0,00477870952311802
0,0827897569998391
-0,0576710033078186
0,182812870333014
0,0826831568422576
0,0997796687756221
0,0535113904691004
-0,0805129050492607
0,101701111533779
0,111263902940379
0,285913114391002
0,0788838739976171
0,0849830444643962
0,209768461707887
-0,0622434262185014
-0,118230615943261
0,0669840822637187
0,000343011966264492
-0,130757389083344
0,0551362667091153
0,025867345000006
0,00359255688694083
7,26594469691668E-06
0,00025613790060229
-0,0348485731841077
0,0225867571188625
-0,000649344822282229
0,00104923760623021
-0,0099138973537528
0,0447452039256361
0,0457061959758089
0,0853524958576555
0,180716715501875
0,0809034437252074
0,128119306725163
-0,115836316076667
0,0392176335464589
0,0369110224927934
-0,0290211237390931
0,0605178698056106
-0,050668642991795
0,0208061562473615
0,0831571383150369
-0,0936288725720194
-0,00440972728584096
-0,0439416841525257
0,086862472455021
-0,00356552687817068
0,0728670301692938
0,0226941387507436
-0,0608560337885316
-0,0267472237235454
-0,076829958127636
0,120552086188829
0,316229209963063
-0,167182097223117
0,0963760141545477
0,00956760832358869
-0,0240693066200256
0,00197914034215272
0,11312005848622
-0,0640118206040431
0,00610158057858257
-0,0694560846098655
-0,0213795971982549
0,0833308792416377
0,0451361351290534
-0,0343526290764015
-0,00242061707216932
-0,0760659470093631
0,326337244924131
0,374557606925939
-0,233124952582918
-0,410033627558635
0,332678958771887
0,0376491487782447
0,14732163338428
0,0538098325850214
0,149838088046684
0,160011815272516
-0,120256398848029
0,0324802872239335
0,0540626898139601
0,0437767005196295
0,0073825119936323
-0,0314299715327073
5,42576595109293E-08
0,00057690135793071
-0,000382143589448649
0,00388717900883694
-0,000749638903499837
-0,0872093588763565
-0,124100089874207
-0,00817849129001916
0,0306560834052267
-0,20330037748405
0,00453913974336079
-0,0967129391391721
0,185375181956071
-0,0556214261749388
-0,0526398833716404
-0,0118759293719755
-0,0511839450498699
-0,0196110424492991
0,0456837513554363
0,0930474711617094
0,0636817513419679
-0,0424928134938585
0,0244999594367331
-0,00145087857010949
0,00812156006767352
0,312859567913162
0,032369870234693
-0,00619841061251842
-0,0249407870813854
-0,0166322969316275
0,211288035603261
-0,126239829804475
-0,0671597625160102
-0,255311260601515
-0,0437800227390275
0,113436653360556
0,289928794581363
0,167697825311879
-0,0847599331906369
-0,00927840853926567
-0,131360866374205
-0,0797017768054428
0,00449415533466743
0,108429333425117
-0,424993738970911
0,25574744490615
-0,276493267521518
0,00927823622130597
-0,134182456327621
0,143958022255087
0,104489028826524
-0,110864535825423
0,0196497069562409
-0,0409507907432584
-0,010636085420677
0,0651067704878104
0,0504089167998523
0,0233164696952122
0,0939336755297937
0,0611302413324227
-0,119006042329496
-0,20988025461127
0,00925322613749849
4,33966000552352E-05
3,00632568792306E-06
0,00278450426799421
-0,0100394006169483
0,0355430142831388
0,0474687570167808
-0,00183783610258604
-0,00845654286571513
0,0351205269623253
0,0561869310922942
0,123543133406132
0,281570342681408
0,138764374915783
0,411445305056347
-0,0997976298322931
0,214946094169059
0,116796122561203
0,058419456480599
0,138040181155754
-0,16667809372374
-0,337246477751363
-0,242750775750216
0,287477805538276
-0,163170621693431
0,0892292799516029
-0,232375469001454
0,127635784823538
-0,0971774117654216
-0,0264696273910261
0,146816951454258
0,12222369186081
0,0253114898119362
-0,149298632772865
-0,046612501259278
0,180317622879006
-0,0377372075550242
0,0334451003693132
0,0607756152349765
0,045024776948558
0,0138643359836647
-0,0292271655578938
-0,100917491716439
-0,100677978241828
0,073255564417059
0,0942232934275918
0,0839177976405911
0,0186232834444236
0,0324236547103005
-0,00104828509809165
-0,152657495255907
-0,100880723498981
-0,104875565697002
-0,095403794331888
0,0237544914524279
-0,0412553194374173
0,0453157491332743
0,0115442044465271
0,0517912280231979
-0,0925827629726549
0,0474366360572843
0,00166554262696486
0,0113843696260759
0,00936055509259544
-0,0149975489641063
-0,00558176199590287
2,93235372636613E-09
5,3900831286586E-07
-6,63357853228036E-07
-9,26431674935736E-07
8,36350430319186E-06
-3,82934374502583E-05
-8,349896862283E-05
0,000811898138422326
-0,000253272729616926
0,000526313804012825
-0,00137276138050362
0,00163669969810721
0,00132409041349743
-0,000546271402809439
-0,00177674361271046
-0,00110692351406339
-6,29331995944329E-05
-0,000824562867000812
0,00116725000055579
-0,00164346584077428
0,0087870213101007
0,00864448973601034
0,00180266631932308
0,0115154965866169
0,00188179298126595
-0,00123891706442433
0,00341548248872074
-0,000567549736546645
-0,0104314738517217
0,0100109377636413
-0,000425044979021394
-0,00118750390901821
0,00184987400302761
0,0014411591309303
-0,000790131551395804
-5,23814952046724E-05
-0,00718793228617387
0,00843356205308511
-0,00651280980840837
0,00923199680340918
-0,0246316554773319
0,0198156260165644
-0,034622353048788
-0,0230916994739192
0,00964385193239097
-0,0439728872420284
-0,0225352195015454
-0,0590828799343195
-0,0683088301407216
0,061996795974441
-0,00114533819730727
-0,111060301115132
-0,179032253837319
0,00587697915302239
0,0628272978636519
-0,0714935080347655
0,132262080907821
-0,0192036104394206
-0,171920429760382
0,0367085367737404
-0,676861760031972
0,398907034907381
0,088641445413317
0,504550699801389
1,19788352095082E-08
0,000249965359073586
-0,0306514214197386
-0,00103335965289385
0,0670392289364035
0,00150674126536669
0,00210983068945573
-0,00897397303183547
0,0023801188551027
-0,00708618171995447
-0,00228452264195755
-0,0201482020362552
-0,0203561045374552
0,00184503482640441
-0,0252305019009848
-0,044586728977166
0,0349500985681538
-0,0100289183426525
0,0414094793921995
-0,013436687805601
-0,0411016208562088
0,0718389246145168
0,0155693419974652
0,00876419183748143
0,111717382553442
0,116238604611061
-0,0927577530412286
-0,419441775001679
0,0903531213713031
0,0191779704762472
-0,273689915959791
0,18811334956891
-0,0570447343307139
-0,0935916189069932
-0,00446548733072983
0,0567668328542855
-0,055107438770755
0,133949527239911
-0,0129939408605173
-0,215749966232419
-0,000952932153581207
-0,285216148860988
-0,287775019866533
0,0520229737968714
-0,136827199310361
-0,110160272451679
0,186421204416623
0,0487397488082336
-0,031443815454521
0,0619002364411056
0,0558467331652529
0,0772889646712552
0,00317856379756773
0,0485364226327938
-0,0335140488475824
-0,07863124823821
0,0819425159661016
-0,153120530589058
-0,0977036016806777
0,0617024248196404
0,010407483090983
-0,0452289946319367
-0,508378793414951
0,0756368946223686
2,03058730011375E-05
0,000449499628481142
-0,00239580115065273
0,00225576387266044
-0,0015194477778695
-0,0878655153808437
-0,137589607817615
-0,0852865655316336
-0,126956011018296
0,137343234406686
-0,0059321175845694
-0,143893571538627
0,0739750170215229
0,0248443438133187
-0,0586134595044576
-0,0190629322843816
-0,0646086444638645
-0,0356051240516408
-0,114046597011072
-0,0908106415598219
0,0555236763993879
-0,0684751955751865
0,0447325861543176
-0,0310763359747376
-0,0102155622594193
-0,0749484080361292
-0,0408026815763437
-0,00348187915541994
-0,0342485869659901
-0,0419820530507323
-0,147978842347626
0,0702123994734951
-0,00741458939575786
0,190807096582684
0,0201644496399448
-0,017457553009185
-0,159214354344775
0,0516445895957499
-0,0943924765818582
0,12862246341483
0,0332570496377732
-0,0502755633802331
0,0860935424870135
0,000489055881580728
0,091366244133595
0,194768063529696
-0,0726130920179103
-0,0349443635595162
-0,123949215364565
0,375106226097109
0,0846117944603305
0,290724427082284
0,119713903314904
-0,462187977405358
0,0313985342535937
-0,17659980695223
0,359324772797356
-0,0207395291833047
0,134432580283943
0,0871887387568075
0,0478114616074348
-0,0298595274189217
0,0449833805285731
0,0556825017595853
9,66888582844695E-07
0,000381228321703052
-0,0717651130263161
0,00734576002891731
0,144795372084674
0,00245028964347536
-0,00236496406894289
0,0181156360039255
0,0109706029187221
0,0159583102981009
0,122032247326408
-0,0583902108354049
-0,085074749423375
-0,0498897239443477
-0,187887364339603
-0,201114850875096
0,098233087154347
0,00139374553090262
0,146781922264672
0,00920076146500988
-0,0199356287319571
0,0662496408996993
-0,0440372775673382
-0,00152986600438595
0,122049908560101
0,142081908552187
-0,203304256841683
-0,448222274865774
0,194455763885539
0,0892651270981742
-0,178878702941393
0,0627084941400284
0,0167213761111427
0,0559217954723649
-0,0654112722326527
0,0326918533805244
-0,0561239825378221
0,0531212889867743
-0,167178576861084
-0,171490301664282
-0,0240548358726118
0,0343534234193366
0,0958098931135597
-0,0947841167321921
0,0539711197081424
0,0472632318075702
-0,194057215579009
-0,0350498059540353
0,0833188251063308
-0,13218794942241
-0,0015885975119248
-0,113615168261078
-0,0206925865149387
-0,0521573843497819
-0,0229048962204338
-0,0349028319874665
0,0103295919843639
0,187250032604598
0,0180673855016988
-0,0515566932654461
0,0282803045443871
0,0409648542597166
0,496507868828009
-0,0830019801369411
5,20316718784498E-06
0,00104784379122856
-0,0028466474161988
0,0587432199769639
-0,00762466596780409
-0,0917928188879969
0,0710963485475843
0,00306431996846379
-0,0145242095672618
-0,0370019755590634
-0,0972050566111028
-0,0888622584578749
-0,0524152140051795
-0,0693275921963827
0,0830169185550362
-0,0582446357539918
0,108126170831875
0,427195544566604
0,110967474814711
-0,367208540507628
0,259144158057865
-0,00821156909052671
0,12514061098675
-0,321265956308852
0,00846837836264912
0,1477090290722
0,0213083457548853
0,0468386307877837
-0,0870372802062179
-0,0353353641053068
0,0246193879025379
-0,045803294481482
-0,0212260517232422
-0,161083772912966
-0,438114978942317
0,286291961021999
-0,223427151064269
-0,0673352895786419
0,0513780176638911
0,0278705288801173
0,000204609126439109
0,00164987380722981
-8,87768450955927E-06
-0,0351784810645314
0,0720561630502082
-0,00435448302864901
0,039701588658573
0,0293971943360985
-0,0122624832212476
-0,00182645057340543
-0,04749665250102
0,0277997383030527
-0,0183004257838642
-0,00467958719474491
-0,0755556869613481
0,063978394829669
0,0298141986141914
0,00678865391546635
-0,0171889233664538
-0,0082146941061174
0,0133878952059053
0,0289187151274903
-0,00127998424972125
-5,99289013551888E-06
1,54460828807721E-07
0,00219894947204033
-0,000189604167701556
0,000500601838396207
0,00252716903189945
-0,0104990538520628
-0,0151037620231447
0,112712123854722
-0,117562769239945
-0,0457562354286352
0,025201295833904
0,00800142349632297
-0,0358127167974036
0,0118350931968281
0,158555532359669
-0,0506140025646852
-0,0409801984611352
-0,012274057335587
0,0343518703813969
0,0123640460629141
-0,12146814188302
-0,14950205401265
0,0396356970154568
-0,0618072734831987
-0,0834930067304658
-0,0756381015570853
-0,157018514835898
-0,194540455791666
-0,275660771783786
0,292532542937739
0,0790891595026608
-0,215079222236922
0,130417471966427
-0,0978750506800619
0,120522994181652
-0,0349892964311387
-0,182275314717361
0,116707108621316
-0,0533159999831569
0,24963654859047
-0,172691219015115
-0,00770833994877631
-0,187470606274374
0,024930613442748
0,1002378906515
0,403216927249968
0,0924640974870109
0,26048006260355
0,189454074650849
-0,161652086752035
0,0544847147605348
0,00239462329727488
-0,109712804850063
0,0991869951136969
0,138671815556047
0,0117502774666907
0,160654142892245
0,0258076840700854
-0,0548963143042167
0,00990351028053131
0,0280123575564833
0,0149909688472308
-0,0189395065621632
-0,00752935563932047
9,77059928228757E-08
0,000281142477671897
-0,00278184899272164
0,0024538947601839
0,00529590787168596
-0,108925432957326
-0,161522022383223
0,248468870077424
0,272017593987387
0,107965343434152
-0,0980283077324378
-0,031249944897401
-0,1763779073281
0,0603206008984803
0,000574937998403614
-0,0669475950534251
-0,0703752267898033
0,0590141294702607
-0,241744588769386
0,0463802781845146
-0,15926117505858
0,216126249365771
0,0430523126668426
-0,239529735962763
-0,0308489066621704
-0,00509125607949678
0,0331535821652019
0,0374568369299038
-0,0631954584071724
0,0989901646185294
0,0471554823700243
0,0806835945981903
-0,0141563398285974
-0,020744556872684
-0,0594325875330362
-0,104000908195473
0,0804019714180716
-0,0692267144871102
-0,123187308712108
-0,142978694387281
-0,222175527728851
-0,142633054000655
-0,0883124736525443
0,00371116164297279
0,243834467104087
0,00501026824410077
-0,196454453284678
-0,0673655129403347
0,145622315604247
0,169974085695722
0,219721292910641
0,0781561554297623
0,0772754739713273
0,17507285272407
-0,0224395097215262
0,134493932148029
-0,129761342671761
-0,121846203308793
0,208423646474466
0,106850703522896
0,0688607239320208
0,00843375285917908
0,0580521830470367
0,205079487439799
1,37439913423418E-05
0,00574906378815418
-0,00110889364383666
0,000393911425800951
0,00740546209821798
-0,0116044027990635
-0,0192544878902981
0,221589788357984
-0,262514204537793
-0,0917615520430719
0,154530845088841
-0,105063275677386
-0,114324254303789
0,0224661722187525
0,499494666846234
-0,26447299440493
0,0331779494934686
-0,194649218889587
-0,0904835478164663
0,0540155844638829
0,118067915418278
0,0240301390918115
0,0666141417992649
-0,00771615458733902
-0,0149393741458155
-0,00847343385410569
0,00355182244207378
-0,0603874790638984
-0,07467174495471
0,0124663604258168
0,0105178288448323
-0,0766416696532555
-0,0263199152646039
0,00363088677083161
-0,00598918653692559
0,0510832953414182
0,0714671779476945
0,0927750112847254
0,0592638951494983
-0,121805290325707
-0,0728222870571425
0,19080984454914
0,0217147670993363
-0,00521654271341507
-0,0129143759581634
-0,106597197291257
-0,0338644613361433
-0,0387942419154637
-0,0157918784921524
-0,0703651223859764
-0,0814571573849666
0,064779543517426
0,40668339717098
-0,0680092830745579
-0,287892048713032
-0,152504461884766
-0,0781975756243246
-0,13159627836873
-0,0253908665513262
0,0261791182725175
-0,102108407438879
0,0240916908369004
0,0222059408962296
-3,95305330142345E-05
1,61880702210882E-08
9,84538317044654E-05
-0,00259747984953213
0,00214896651787791
0,00495836440598055
-0,0953358935938267
-0,128418887409626
0,143259461119469
0,213048416920461
0,00738304729748434
0,0421518727188284
0,0248898185953958
-0,236973828658462
0,119653873942317
0,0477889750411659
-0,000153020731905548
-0,289700097160923
0,106685745760313
-0,16728842086404
-0,0992336472842173
0,0272298965594622
0,0176341105062066
-0,276456403356743
0,0609450342287698
0,12681998536623
0,0455729252758209
0,0789827179759827
-0,0776222851080909
-0,00573054477219051
0,0720299676450827
0,0586899161896317
0,0632500159574452
0,0390569788334977
0,0972777158283104
0,0970560260245642
0,221142337649021
-0,127809451571581
0,0875894049826828
0,123192920187744
0,179058991608148
0,300143107724774
0,103433759137503
-0,00511235713456783
0,404954413802864
-0,13455814280069
-0,0112945136382239
-0,147006746994221
-0,194460058708964
0,0427149718601884
-0,155691960510384
0,054460474413394
-0,0106498271638949
-0,103894308438547
0,0132119041095557
-0,143830288567741
-0,0683410298686024
0,119697604717956
0,0502055936311403
-0,0862198804344148
-0,00691542058659586
0,0513462385016991
-0,00774174970641629
-0,0167001626028858
0,00678450411449889
2,35725023058464E-08
0,00245337625481934
-0,00127741663835945
-9,21007363109125E-05
0,00523599223887135
-0,000946924751886897
-0,00239006992436036
0,0351116194664011
-0,0426291768326034
-0,0148018202964018
0,06119357767994
-0,0461154754243462
-0,0587410211188633
-0,00404470081605766
0,108387860364002
-0,148871910244474
0,0590128985411074
-0,0912105389767258
-0,00716340267698537
0,0268248831503115
0,135419018381909
0,0647619400251066
-0,0777469481284975
0,0128803918622764
-0,396946512681183
0,102794531193437
0,342623981909033
-0,128913231456812
0,0882354554203535
-0,173070042115699
-0,00439635942849333
0,161852140701834
0,0158083059361927
-0,0281687219012814
0,0340847950694973
-0,0953990220857191
-0,0626881508193945
-0,224577661415656
0,028619276502238
0,381040443520883
0,0358785160950234
-0,421253420115947
-0,255471619593895
-0,0748416609910819
-0,120455908601196
-0,0412665663680974
0,0047698228147814
-0,00888852426371823
0,0226685889781991
-0,069554588023098
-0,0446875552437617
-0,0425023327802483
-0,0426727986391549
-0,0386362418519689
-0,00500091703937592
0,0122955773108953
-0,00241028395387268
-0,0268346163767074
0,0931847017272014
-0,0297920853133777
0,00159838888584464
0,0206218509476518
0,209479550345018
-0,0342183352683119
3,72334877691293E-09
1,6358017735994E-05
-6,75148316442691E-05
0,00167015423711458
-0,000186434729914057
-0,00237268163636848
-0,000243031738762951
0,00683262491468638
0,00357784321854237
0,00534011857976302
-0,0220316450816364
-0,0151415929194568
0,00410217404409521
-0,00305163528164299
0,0125591036474403
-0,0307396605000677
0,0786120965888908
0,107357633720049
-0,0743303058585638
0,0438845850568166
-0,011001858864474
-0,0839319022866389
0,0175583283120453
0,132751651115809
-0,0105411756925871
0,0280633323768178
-0,0132344381537243
-0,00249007746504631
0,0195871687983344
0,00269189468801892
0,0183100503991047
0,0430987437965576
0,00489398942951161
0,0389957778589954
0,0662017660220811
-0,0404621336198341
0,0895679526594602
0,10386583355424
-0,0458055987330035
0,0599465990116795
0,13773811595199
0,0414179316269833
-0,102474341921639
0,0153222937374072
0,164642485927568
-0,265852854400091
-0,262630690989156
0,591023408292862
-0,0925095049519244
0,0933837278590554
0,00731678234262243
-0,0830648901882499
-0,0460641539038381
-0,106640610348947
-0,338611723756661
0,40256868858836
0,178985608167277
0,0182492618125946
-0,0608027338811696
-0,0691857523905221
0,0474386029986887
0,0794491578041433
-0,0239154650313773
0,0123448031120423
1,73794983228985E-08
0,000142022883307776
-9,03528249753322E-05
0,000336034856841141
0,000613675327652219
-0,00190428093103727
-0,00322962012003985
0,0381883800895489
-0,0448921333355198
-0,017227600650458
0,0463473346368608
-0,0311569272844307
-0,0206802538269276
-0,00235036043076852
0,223146308110161
-0,115019766822069
0,0102648147082587
-0,080519281250147
-0,065226392599015
0,0512273913927035
0,128831725237216
0,112810347315398
0,0568119022500228
0,028738895329876
0,302198408518497
0,0314361630098018
-0,206488476642835
0,158554097785863
0,16583480523154
-0,0832501775189701
0,0728605896820322
0,00557280368051373
-0,0539911099274533
0,0402068544491253
-0,0374747577811923
-0,0216991863103766
0,00325823177090919
-0,0532365762572384
-0,0691656710877163
0,0719764410239666
0,0757897320204947
-0,107208158887619
-0,08145449530715
0,0207325718354867
0,0295980225514741
0,0364726109618128
0,0858875441677397
0,00293883659582608
-0,0451654076417191
-0,00686381081151029
-0,0253909982672475
-0,0382396566743997
-0,0961594323293327
-0,0821486250225322
0,266690167745601
0,16244668597085
-0,00787555973976816
-0,102399437449904
-0,352429642480951
-0,133049529998819
0,224983725749187
-0,354524771561862
0,168892934273539
0,393491323034296
8,93695698184696E-07
0,000126540147111306
-0,00266637756497159
0,0107262197510801
0,00247667601703171
-0,0088869345297596
-0,0221499564458556
0,0893508178004542
0,0910823331808321
0,159209690619524
0,0603707783936143
-0,098527050602006
0,174071563114227
-0,0401131628558253
0,159641660477051
0,167073071155681
0,139530180830337
-0,0661275127047684
0,179647938641206
-0,086438712270678
-0,0163905749570279
-0,0756337119377029
-0,130482496089598
0,0238811954387313
0,0812168912401312
0,0555061501575653
0,0552086646194485
-0,00332922354243734
0,0374812201495834
0,11968863940473
0,0478156669745735
0,291913320487795
0,176102406145852
-0,11571214560167
0,0154209717001724
-0,0481432543599868
-0,0773063167758731
-0,0118878404826011
-0,0877127653704188
0,09462015331553
0,00639253408113288
0,268457285509609
0,144039895529659
-0,208719855067602
-0,292493734153015
-0,0729019422124174
0,0419013666159434
0,104831778961739
0,20932072272836
-0,02057645411299
0,0013470646186927
0,0810357473624215
-0,164291052429702
-0,0199045182873032
-0,118139773577975
-0,0362079496894402
-0,0457299121147557
-0,192944653335898
0,143041623007163
0,308423225161779
0,169101214631624
-0,0118188373644806
0,0434547166988715
0,259094158533114
3,23419017687993E-05
0,000317108807024709
-0,000249205475256121
-0,000257142513384421
0,00176589610263304
-0,00588189606573456
-0,0118983047437887
0,0939419346714165
-0,026965349398654
0,0488454211338378
-0,119068937906038
0,124170291656131
0,0951952097771723
-0,0366673062695848
-0,115387873988169
-0,0690037998626649
-0,00367699414813068
-0,0467828061708277
0,0580585807216615
-0,0733974290640485
0,363417362200317
0,334587439266227
0,0679564083230804
0,400874795166206
0,0611458488237752
-0,0393979854375613
0,103604387523148
-0,016547678184225
-0,287076929988714
0,254193833503016
-0,00968709557994185
-0,0249863352258301
0,0346510714563533
0,0250674168161399
-0,012042375465791
-0,000783507239551426
-0,0980398921951334
0,111903194026906
-0,0773926044654953
0,0924460006172277
-0,216890814008624
0,164932805852438
-0,239432117644471
-0,122406272269214
0,0461532091826599
-0,174181507658357
-0,0842525901345773
-0,207606714653493
-0,149174281545156
0,114318238826775
-0,0015897888594181
-0,105004650588292
-0,126814834447406
0,00322996132258552
0,0141790930150397
-0,00356556856429097
0,00333556933968275
0,000650358270609006
0,0157861977088114
-0,0043082463569544
0,0861586186090763
-0,052236570073323
-0,0116121074557217
-0,0660977204557325
