0,999999966543405
-5,2076339375137E-11
1,35022523899174E-08
-1,22576210281689E-05
-9,66921883705964E-10
-7,34376613023001E-13
1,32402161082655E-11
-2,11115033097932E-11
2,49098360153231E-06
4,42757047337355E-12
1,08531195608845E-06
1,35363114350116E-09
3,88147514735256E-08
-1,08593571537436E-08
3,136721311844E-10
2,7610430609979E-06
0,00013729947592991
4,0916303047807E-07
1,30565033408591E-07
-6,16351505906111E-07
7,86648334794906E-10
1,59580285767725E-08
1,74768295254907E-09
-2,00021109920401E-06
5,84303475485602E-10
6,93189488799703E-08
6,84224967829058E-08
-3,7493026670763E-08
8,99841366129295E-07
1,80991412768056E-09
-2,35694387460827E-08
7,67309772584318E-09
-3,70494204630675E-06
-2,78199474579501E-08
4,12295786056872E-08
2,25368645376197E-11
-1,28527832763413E-10
-1,33351133059639E-07
2,10189794774303E-08
-2,3535823946224E-07
-1,89320014476408E-06
-2,68587860752108E-07
3,41252584903761E-08
-1,41541850640184E-07
-3,97234516344903E-05
-1,7070521215676E-07
-0,000207586733058965
-5,6479981625918E-05
-4,31253755585751E-09
-2,89583537211145E-06
-2,11925202624455E-07
4,60731854847749E-09
-3,19276283391374E-09
1,93578974846644E-07
2,0684389050176E-07
6,76670302761042E-07
3,03297490188396E-07
2,46976549774577E-11
1,90781566825285E-06
-4,54727261275026E-08
-5,96478116737609E-07
-5,68286871108861E-07
5,62095034799084E-07
1,73446951293974E-08
4,48622647405153E-13
0,999996902894525
8,6419264744603E-10
-4,12392399686101E-06
-7,72960578811137E-09
1,10480441706469E-09
1,18704276865864E-10
-2,32056863201277E-10
5,76701555183443E-06
1,8602532156937E-06
9,69643381339606E-09
1,21281057257073E-08
3,36898124065312E-07
2,23000147766821E-08
7,45021902842341E-07
1,07927749138696E-05
-9,09433672162035E-08
5,3029429059321E-06
-2,62081146299802E-06
6,38879550160541E-09
-1,22471754388611E-05
-0,000190183448427221
-0,000100040266667243
-1,64917797248879E-09
-9,0918893031621E-09
5,77264232780769E-07
4,37985636462673E-08
0,000912720037099362
-5,02614078640588E-08
-0,00184458257620014
-4,74887162684268E-08
-1,20229519283022E-06
-8,20264318125317E-07
-1,50689668737775E-08
2,50112862646531E-06
-2,25178755017159E-07
3,13966722491713E-08
-1,84390298939636E-05
2,87003162515682E-07
6,83821837306605E-08
-4,4508987770834E-07
4,94937095537224E-08
-8,07098333513815E-07
0,00137610562962641
-2,77280823712983E-06
4,59552004317327E-09
3,97392415926644E-07
-3,91039339628052E-07
-2,85179919331901E-09
-2,22200686424906E-05
-2,01586722571539E-09
1,54970172828578E-05
-2,88647771441159E-07
-5,84819586633936E-09
-5,51081108621196E-07
-3,76839623971411E-06
-8,98889549492934E-05
1,4930725215086E-05
5,54352708802797E-05
-7,71059806834341E-05
-4,20611317947335E-06
1,81670067064716E-06
3,11669451405251E-06
-7,38836542996398E-08
1,12816267088475E-10
5,03205512049058E-10
-0,999999837988741
-1,14927822287755E-07
-1,6064749608775E-05
1,29275135876726E-06
4,36796420169448E-06
5,46128791768451E-08
5,87797273723655E-07
2,09764132958485E-09
0,000519207048746037
1,49852970309056E-10
5,31716137343298E-09
5,8665388146966E-11
1,12593408251804E-10
8,03091348277031E-07
-3,97590584546153E-06
2,61316314240951E-06
-2,34780893116178E-09
-4,3700713561343E-06
2,12120636238832E-10
-2,44003680090243E-06
-1,56678755790048E-09
-1,6349838068708E-06
-0,000199100943311781
2,86622501174539E-07
1,65889466322157E-08
-1,67237095423161E-08
-8,186650780631E-09
1,06386632224393E-09
-4,80138459143631E-08
0,000103382372426624
-6,53755681343213E-06
1,03324636021E-07
2,85783436157096E-06
-8,73918198898772E-12
-2,08537394951561E-09
7,93210590679899E-08
3,02293276769256E-09
-6,81141477241668E-08
-5,04539454181953E-07
-1,94245059531006E-06
9,10058855433101E-09
-2,48440474797794E-08
-1,10384852506688E-05
-4,57707043491508E-08
-5,89487491409008E-05
-1,1617640482515E-05
-7,74307049116929E-10
-5,21693245797833E-07
-5,76942493370993E-08
3,59641783765764E-07
1,1225020641382E-08
-1,35203418094146E-07
1,71866340206985E-08
5,28260198310718E-08
2,08693311673177E-08
7,77225891719845E-11
1,31731608754532E-08
1,10583898236344E-09
-2,56375096004613E-10
-1,4101099838904E-09
7,60591194087444E-10
-3,05565499433402E-11
1,22575072977682E-05
4,12190116494654E-06
-7,35562619653612E-08
0,999985956787593
-7,20643700417176E-06
6,62951268369642E-08
1,11047026147614E-09
-4,82078606499087E-10
4,10814674193042E-08
1,45782547025008E-07
3,17068621113336E-05
3,37159054448675E-07
-3,14050784274474E-08
0,000889073714229
-5,1672720735938E-12
-2,06401083083785E-07
-1,98037246733573E-06
0,00309867949305017
-8,41344792944191E-06
2,92878314175335E-07
8,12781525380531E-09
8,02939681810349E-05
9,11483766870294E-10
2,46268199058034E-07
-1,75099684984414E-08
0,000103629574110026
-4,08996533817767E-09
6,10704027490283E-08
-1,4457022197425E-07
2,03980862707585E-08
2,36192322106008E-08
6,76813825339044E-06
-0,00297364456351502
-2,39965427403614E-07
2,43550886007748E-05
1,42530626874583E-08
-0,00297028252177248
1,39004312282149E-06
-1,1105913188473E-05
-1,34340613891825E-07
5,08943885712748E-07
2,65020287168884E-07
1,30900025728503E-08
2,06317275093651E-08
1,10993034311854E-05
4,45561479882789E-08
5,24154923926055E-05
9,78409026718363E-06
2,30188557908464E-08
7,74873523764054E-05
6,0150671510484E-08
-9,18229403425284E-08
-1,64396446959545E-05
-1,8118849349266E-05
-1,44333006607098E-07
-4,30895377625541E-07
-1,89710872345751E-07
-6,54149960191131E-08
3,09421351900074E-07
1,04814947498823E-09
7,35818266630326E-07
-3,85333703779335E-07
2,3377586450545E-07
-2,87601638504051E-11
1,08985883781371E-13
1,26491760813587E-09
-1,51561970638555E-05
4,92043878197136E-06
0,999990840729212
2,74183075798639E-08
-1,73726653256749E-10
-1,9582388909835E-11
5,1706850298139E-07
1,36587270888401E-07
0,00167298676426709
1,33339088668618E-10
1,32956121998779E-08
4,94426525473249E-08
1,34395055501361E-07
0,00385531898585882
-1,23538404976367E-05
0,000720861847081198
1,86755002465329E-07
5,79435720947252E-06
1,1132163106384E-06
2,19113915217581E-06
2,14140743328227E-06
-4,78742922345848E-06
1,37310616626666E-09
-1,13907764655729E-07
-1,9836881465157E-08
-4,111349349412E-05
-3,66087393370482E-08
1,81169553841729E-07
4,93583308009941E-07
0,000363517195072556
1,76300736033197E-06
-1,09576743503565E-09
2,50336086080338E-07
9,37281089384012E-09
-7,35347508517078E-09
9,38402367232E-07
2,0678841963294E-09
-5,18039436603559E-06
7,18536880475014E-07
6,33220210307372E-08
-6,2345157020159E-08
-9,20720129292277E-10
8,42708951349594E-06
3,59302291052281E-08
4,35376929481417E-05
1,17039696096798E-05
9,07388276275557E-10
6,94841045334848E-07
4,41054976440497E-08
1,17047553652403E-06
4,03705740679709E-08
-5,8561959855564E-07
-4,4195231434418E-08
-1,46504711533472E-07
-2,07116933937346E-07
2,43236710827766E-08
-2,88874219316192E-07
2,01950949839241E-08
1,13041837826454E-07
1,15416419956132E-07
-1,0951989862128E-07
-3,48371765001371E-09
4,86785911321449E-18
5,51541703403761E-11
-5,4284763281684E-07
4,13073584478998E-08
2,38293619021082E-08
-0,999983295466987
7,15004726112682E-06
-1,32907987478731E-07
4,26978610689416E-10
0,00238957351457088
-9,45623579669428E-09
2,30358146087657E-08
3,26016734161072E-07
2,89509365144415E-05
5,04418376547005E-11
5,91286156188938E-06
3,16186897869372E-10
-5,65882476405508E-07
-1,5175307887234E-10
-8,42299018530333E-07
2,51638724702609E-09
1,78265313554439E-05
-3,73080701780585E-08
6,81985841191326E-09
-0,00376520807868624
3,854738775316E-09
6,57960366187363E-08
-5,93056844369932E-07
-3,06498425270669E-07
3,44742171602498E-09
-9,86325620772026E-05
3,14042125555811E-07
4,54913223578959E-07
1,79393433150701E-06
5,03934126456428E-05
-4,00571664848662E-09
-6,73461747072513E-09
1,2280705288536E-06
-2,0241284141133E-08
0,00366821478562841
-0,000224977978105608
-3,30275074946406E-05
-5,51487151525524E-08
-9,48985134046745E-09
1,23152692724072E-06
1,8648506278704E-08
-2,77895272154153E-06
2,21730905750273E-06
-1,41446668203021E-06
-4,8357961623301E-08
-4,2110945293536E-09
1,41866304245857E-08
2,34458453083358E-07
1,43712272975372E-07
1,63963912851527E-05
5,88505661424944E-06
-3,55861241825449E-06
-2,40207563810375E-05
1,26691698800385E-06
-2,94343688943411E-08
1,34950919622754E-08
1,68597222606182E-07
2,54176330479902E-07
-1,43254868810327E-08
3,77087684527811E-17
1,71434500448945E-12
-4,17435191408614E-06
1,16494844571341E-10
-2,19211899967415E-10
-3,47957801230472E-06
-0,99988474718764
-0,0146408185995563
1,63001516340222E-09
-1,4232021581777E-07
-1,08968553819007E-08
5,95869680099958E-09
1,54240466890734E-07
-8,71143414663012E-10
-1,6269921623042E-09
-1,04125772763685E-10
6,908451021164E-07
1,1121403678621E-07
-8,99951332532167E-07
-1,25815797009669E-07
5,23074278672289E-09
-6,52346475925781E-06
1,03479471169407E-07
7,8619636012897E-08
-0,000973679620168972
-2,30222532886381E-10
3,54486253135066E-07
-2,66164197464341E-08
-9,22774857357482E-05
3,96079963462627E-09
5,44042074764183E-07
-6,0049374453558E-07
1,30501241656415E-07
2,10753450571151E-05
1,58064461738433E-05
7,36302463918724E-07
-2,21485834564719E-05
1,59171248168211E-06
5,46150657097158E-05
4,79288585624243E-07
7,83468377144451E-06
-7,7278039243918E-06
4,55493524762023E-08
1,18079731879151E-08
-1,07393248918779E-06
-7,89727703996736E-07
1,67163644647031E-07
-1,16017905696409E-07
1,42521872604062E-05
-1,22654976115675E-07
8,1026085159961E-09
-1,44951450395462E-06
0,00389573915193481
-1,60724529862558E-06
9,01393608065291E-06
2,66207301242585E-05
-1,96019029604264E-06
6,41376027577575E-06
-2,97249001713277E-06
-6,51002566576229E-08
8,98933769767853E-07
8,62978376570449E-07
-7,71703648357218E-07
6,57789765591171E-10
3,06602130616837E-17
4,34708288635003E-12
-4,50868600449632E-09
8,88395434166543E-11
8,10803483475059E-13
-8,76358477276579E-08
-0,0146407470063093
0,999872381184667
8,27442957362534E-08
2,38902471404004E-05
1,78302647058652E-08
3,98676968005867E-08
9,40278155093988E-07
3,35015461340627E-07
3,76773990990657E-07
6,60106250744572E-09
9,35172593465606E-07
6,02409361651877E-10
-2,49180110319663E-06
-2,06605402276898E-06
-1,19958474186702E-06
1,0090639246733E-07
-2,84293030401718E-05
-6,30378459080503E-08
-3,73613458819105E-05
2,21523094869464E-07
4,92110902889531E-06
6,52272018610883E-07
-0,000278506128195539
9,72389372878864E-07
2,01483000947111E-06
9,17341562677652E-07
-7,10743410071911E-06
-0,00450300130272868
-0,000918513066853749
-0,000232050556007997
-5,25281638195236E-08
-3,47834063627115E-05
5,30594421351659E-06
-4,94124479777613E-07
-7,41645246397635E-06
-0,000174068137388514
1,39013407848698E-07
4,2789910893067E-08
1,9483995195132E-07
0,000205156666048877
-7,67441750302368E-07
4,56630125912754E-06
-0,00438383924929255
2,29228568049497E-06
2,56249738565648E-09
-3,0031390397741E-08
-9,58839133209595E-07
-5,87492833420762E-06
-0,00048906225999232
0,000285159168665518
-1,61677727100148E-05
-4,78197952918757E-05
1,8325137833778E-06
-1,94687779647742E-07
-2,76906877107833E-06
-5,74712456392092E-06
-4,51281402571366E-06
7,25380506611021E-11
1,95048363807068E-09
3,4225065160305E-07
-5,54850604330377E-08
1,22122606839747E-09
2,74793141592946E-08
-1,47700952770918E-11
-7,28245301121203E-10
5,07053781075898E-08
-0,999947872858684
2,32190696124366E-11
0,000206056035430167
1,38019923458636E-07
3,30132619330326E-06
1,08961195353146E-05
1,18945906973002E-06
0,000142818703329766
0,00636699871886634
1,8385569613672E-05
5,35396006677889E-06
-2,61153103088231E-05
-1,07876537017695E-06
8,00377752586668E-07
-0,000112279947481666
-2,42071535750772E-05
-4,34545152002631E-07
2,65437250470074E-06
2,52841570148111E-06
4,6973054403256E-05
2,92915398104751E-05
-0,00292140899737611
-8,32177404882517E-07
2,87574422884486E-07
-0,000129991222857403
-7,30717078254373E-07
-6,29001542255461E-05
3,26134712041723E-08
-2,38819661443281E-08
0,000829176787949943
-1,62686450043379E-05
-7,88960055175134E-06
-6,44798628924454E-05
-1,0034080326293E-05
-5,87115892851356E-05
-5,92557766836199E-06
-0,00134416674786931
-5,75890965975579E-06
-0,00699643341684458
-0,00190034463599218
-1,4395664862515E-07
-8,97054375284857E-05
-7,12383469114753E-06
1,80569953352671E-07
-6,99370791534621E-08
6,4329602760405E-06
6,6339770748991E-06
2,18545443210517E-05
2,84420478563758E-05
-3,24404334695489E-06
5,22880648647132E-05
-1,25100501503998E-06
-1,90194992206968E-05
-1,92481020877164E-05
1,84420936107765E-05
5,8114891066691E-07
6,05801825906958E-19
8,93932381393782E-08
-1,13665002378122E-09
2,14112081464233E-09
1,7271767462336E-08
-0,00238967324739289
-1,85069759178378E-07
2,38900708746028E-05
2,59719064443077E-10
-0,99995388215064
1,53141977820509E-06
-3,10134703117835E-10
-5,36056636879961E-09
-6,94858910948493E-08
-1,1411572559635E-10
-3,62015109168721E-08
-1,08155977855803E-07
0,000288094420497852
8,5349454746238E-08
-5,6459853187992E-08
9,41947469318573E-09
-0,0092951988326266
-8,14898476278616E-08
-1,03104697974557E-07
9,51251154555342E-07
5,79442687287035E-07
2,43321615855883E-08
2,14389300987764E-07
4,1725171712812E-07
-3,98450704268362E-07
-3,25885254169043E-08
-0,000193470906689163
-4,41846506924804E-07
5,91920257478144E-08
-2,0887939752295E-07
4,05628018394678E-09
9,1941420616383E-07
-2,3750524780976E-08
-1,78551412668613E-06
-2,20762026096205E-07
-1,44539673433093E-06
4,90509311467505E-08
2,1712651591547E-07
2,36860708672565E-07
1,43078316488926E-07
-6,31217575760361E-09
-6,87422545579422E-07
2,47197771667989E-06
8,38785020124986E-08
3,51232220992279E-08
3,8989470535647E-10
-5,03543897510364E-06
-1,17185792416778E-05
4,9839492995783E-06
8,42354185714635E-07
4,67295398195791E-06
1,05082108423777E-05
1,33558244661536E-06
1,64098211680426E-05
-1,55180402560359E-06
-7,63002009136759E-06
-2,09985030621169E-05
-1,42085568881015E-05
6,23204947268615E-11
3,25926473614656E-10
1,26160070253168E-11
-0,000519078042455863
2,14353950421423E-06
0,00166614317611186
1,7721679442777E-09
1,45720811739763E-08
2,79648073262987E-09
-0,0001554346186925
-6,19139146777091E-07
-0,999824289826234
2,85623134368962E-07
5,14646553567163E-06
-1,56458807235106E-06
-1,32329659301494E-09
-7,18872010726679E-05
0,00792278259746885
0,00954590549921722
8,86125901081674E-06
-0,0101428231506886
-1,59486360027042E-08
0,000195062862301381
9,9665520430698E-08
0,00335202063053641
3,5697754314816E-06
-2,10194463543981E-06
-5,74502319045314E-06
4,31458375064093E-07
2,76945079901264E-05
-2,91292494820331E-08
9,87575770840702E-08
0,000355454868130826
-4,8891041383736E-05
5,25877514814514E-06
-6,12821569294177E-05
-8,26380037606305E-09
-9,50678045629621E-10
-8,94480041872032E-06
-6,5346084908485E-06
9,45363907340556E-07
1,49010611969401E-05
-0,000115884018973029
-9,7553932005509E-08
3,15307279625301E-06
0,000117006519800955
2,9626916387716E-07
1,49026038751206E-05
-7,03103037895717E-06
3,10038579184313E-07
9,92959089999642E-05
-9,33888785303079E-07
-0,000230392542119718
4,00725155662411E-06
0,00894638288865982
-9,51633978742213E-06
-2,5662522197334E-05
-2,11931752468657E-05
5,23950387507253E-05
-4,47153568273025E-05
-2,85456527310635E-06
1,91367821769277E-05
1,84669731069349E-05
-1,78482496335868E-05
-4,68903990035904E-06
3,20747435744551E-17
1,26462617628933E-12
-1,20240268464932E-13
6,47348458017814E-09
3,06138174492266E-14
-2,91749677485187E-10
-8,06194773932214E-11
1,72780585861486E-09
-9,2212095776569E-09
5,74762480820819E-11
-8,79729665984944E-08
-0,99910825445736
0,042220208418425
0,000373074715151094
-5,60063640595433E-06
-1,03720339248292E-07
-1,29708728508248E-06
6,45257968738626E-09
7,61510194888845E-07
9,93352077753748E-07
3,35277998580247E-08
4,05911884808095E-10
3,0810730072867E-05
7,77599781104042E-09
-4,86393272853891E-10
3,54047329736167E-08
-3,67585139191605E-06
4,07225319755207E-07
6,79228318539546E-06
-3,20649289294471E-07
-1,47937987143971E-08
4,0822947965104E-12
8,40597985431029E-09
-2,42932635504873E-07
-3,07329360952389E-08
1,3671453562387E-09
-2,96092887492887E-09
-4,87676641633715E-07
1,16009862151314E-08
-4,49329952852439E-07
8,82198349618034E-07
9,15953333741297E-09
4,26694541345562E-07
4,97583421988483E-08
6,59766214226992E-06
2,37359976016986E-09
-7,39692399059074E-07
1,26534066522154E-07
9,67758217665918E-08
-8,18633016984106E-07
-1,94546058467464E-08
2,33850673166488E-09
1,28476562131127E-09
-1,39626245815501E-08
-3,96631808809629E-07
2,40561174621382E-06
2,12342102760876E-05
-7,30528305340607E-07
3,91237815642675E-05
-6,04908644242518E-07
7,86966231001833E-05
2,92210278636289E-05
-2,37909550140822E-05
1,34244016841908E-10
1,04878607478932E-11
7,3098024616113E-09
-3,72003207050349E-10
5,6197170495405E-12
1,0267602914729E-10
-4,23094894486033E-08
-1,15280885241472E-08
2,48345036727913E-07
-1,2544183235508E-06
3,66608586154987E-09
-2,41006012700821E-06
-0,0422144504481313
-0,998965470132423
-2,10877167602082E-05
0,000437586396125829
8,51380104422548E-06
0,00018779063821641
6,16346802062463E-07
-0,000183386515165476
-0,000252398545146821
-4,58750457406941E-06
-2,39895695816673E-07
-0,00521060198040382
-6,1134763616521E-06
1,10364257266247E-07
9,34839678452863E-07
0,0045803119593531
-8,15969287082591E-05
-0,0114654659242341
6,46579080067134E-05
6,61836736217802E-05
1,01501103641393E-07
-2,13081953821909E-06
0,000673251245737383
1,80418503798723E-06
-3,10214846660612E-06
2,29166434287176E-06
5,92650586597934E-06
-1,33802617434176E-06
8,33734976217052E-06
0,000123654489481783
4,21206839829222E-05
-1,0962032219961E-06
-2,43486129562317E-06
-0,00131696685938443
7,33851164004175E-05
0,000145714743124864
3,49995775250409E-05
-5,26682687448305E-05
2,68111420131038E-06
3,35105538485485E-06
-3,04618856577001E-07
-0,000249278657823848
-2,3401197578571E-05
0,00244553982023828
0,00297907510585962
-0,00137753453808138
-0,0093115616803331
0,000494911386641414
-5,99518592292124E-06
-3,94498864547294E-05
-1,07357409364198E-05
5,05130477601158E-06
-5,64448001318496E-06
5,50971496771934E-11
1,54991275063447E-09
-4,24962252825641E-11
0,000889422739598758
-9,16512857567879E-09
-3,30135423352758E-06
-6,27807127838191E-10
8,26381692230283E-08
-5,02182634063177E-06
6,48999541586645E-08
8,01926019404483E-07
-0,000371815366319875
3,6890617612691E-05
-0,999893692903504
3,0778691136041E-08
3,86001829772775E-05
2,00152446394818E-07
-8,0021306191786E-05
-1,09282501982349E-06
-1,73654933733951E-07
-4,57460061621739E-06
-1,32340268438123E-06
-3,62590505816295E-06
-3,44215868238617E-09
-4,18460443577911E-06
-6,48207197351025E-07
1,48805964998921E-07
0,000198728487095865
-6,77232724641714E-07
-1,1502823836975E-06
-0,000200775773037454
2,74802429132401E-07
2,85213848674492E-05
1,34968305110123E-06
-0,000547785823619693
-7,39760382087194E-06
3,33079424823435E-05
0,00695302398840175
-0,000147941792488613
0,00693126346455804
-0,000424696350599663
-1,18512432940696E-05
-0,000492045307884214
-4,77094044463698E-05
1,61507158239634E-06
-2,47201127775881E-08
-8,54263246100934E-06
9,54779270630135E-07
-0,00133726474020546
5,95437887425433E-05
-6,79080945887564E-09
-3,53756817662655E-07
1,24880997167718E-06
-4,64440208675994E-06
0,0100035604775083
-0,0031455760651379
6,78314832357604E-05
0,00162574743298129
0,000200884765147247
-4,65703208256507E-06
5,12208030445891E-05
1,36910512420237E-05
6,80510132298936E-07
-4,05266284296138E-08
3,25067824399777E-17
9,61816085947522E-09
-1,35316426216714E-13
-2,68104191624389E-13
4,23091074739362E-11
-7,1388287647293E-13
-5,16289007932106E-10
6,35123019813003E-08
-2,96279596608707E-07
1,28931833650159E-11
-8,50363200623267E-10
-1,07483039023004E-05
-0,000378797584568552
-2,663072613933E-08
-0,999866858662516
3,93105143535456E-05
-4,52162507859589E-07
1,13756324580445E-08
1,26699333000319E-07
-1,29327140004531E-06
-1,17733146264362E-05
9,5819671085433E-08
-0,0110682644255497
-1,51877038872427E-08
1,47668989445723E-07
-3,00349826326712E-09
4,29941714021307E-06
-0,000160676342374751
-1,25818022863168E-06
0,00012237832290618
-8,089016449073E-08
5,36992764055679E-10
-2,98035367185261E-07
1,80394128274416E-07
-1,33700216720784E-07
9,20992880084418E-09
1,81432332324213E-09
1,65076443955227E-07
-3,89470560462399E-07
-3,03194970456156E-06
-5,33605275266086E-05
-2,58636146903843E-06
8,12834153864905E-08
-1,34005109681817E-06
-0,000669586937660712
-1,02549467596309E-06
0,000121044878806418
2,29178410276501E-05
-2,11571176527713E-09
1,18937847333904E-06
-0,00109179410082514
-2,04578564056475E-07
-6,90702143607658E-09
1,58756132742407E-06
-2,14410808113535E-06
-8,57682285811059E-06
1,49850155760762E-07
-1,54156850871146E-06
4,22928183156437E-07
1,21336040270888E-05
-8,10222305056152E-08
-1,24741724654953E-06
-2,06443931940842E-06
-0,0119127547688869
8,44919870888379E-10
1,9316404010864E-07
-5,46512731597997E-08
1,33928037936797E-08
0,00385573728028581
-4,90678562140963E-07
8,14011407441421E-12
2,02801202406367E-10
-4,92716325796243E-05
1,11574461142128E-08
7,81547543526101E-05
-1,3914236612631E-07
-5,02061870256685E-06
-2,78719611061742E-05
-3,46271663314476E-05
-0,999846044898392
-2,95372437212882E-05
-5,71099204284261E-05
-3,1226725590504E-07
-9,44859279385893E-05
-0,00029918707570903
1,99408969267314E-06
-0,000585842649258646
3,60025884725497E-07
-6,19003487344041E-08
5,39886535873016E-06
5,67641094580915E-06
0,0114345871425997
3,62978435006689E-07
-5,09003921505728E-05
-0,000137283602893268
-1,76918353200863E-05
-0,000236936420752982
1,24120336472383E-07
3,26914013826093E-05
-2,64840622239913E-06
-3,6956647204789E-09
-0,000261651974251751
4,96496555608008E-06
0,0014569811353015
-0,000199152498375064
-1,54833082434705E-05
1,75612199411713E-05
-3,69285212545695E-06
-0,00231920407642007
-9,89113832976258E-06
-0,0119816487056522
-0,00324362756623603
-2,43640906698387E-07
-0,000167592460551908
-1,21453251888286E-05
2,74691751557973E-07
-2,20210165568473E-07
1,04587634478617E-05
1,22840776993232E-05
4,10886856883965E-05
5,82908151677783E-05
-6,81160550054222E-06
8,1552710302861E-05
-1,95941433319263E-06
-3,1908691201008E-05
-3,25785400668643E-05
3,0918291986647E-05
9,83755608787946E-07
0,000137358277967312
1,12558347734533E-10
-1,52411601973218E-07
-3,24173713007288E-07
1,12263864415235E-06
9,26359512939857E-13
-9,82666789385257E-08
1,52984303846082E-07
-0,00636879220342445
-2,97646889225009E-09
-0,00788053335453485
-3,48268131977337E-06
-0,000112088320932478
3,97426165467923E-08
4,49466542336074E-07
2,80637397027383E-05
-0,999800014395135
-0,000457584018279223
-0,000949231326973154
0,00025553341953197
4,36580770935633E-07
-3,9509806541493E-06
5,14251099302445E-06
0,0145690847783163
-7,89930601200421E-08
3,56125501632519E-06
3,40427979080528E-05
9,98721402904311E-06
-0,00656395522706616
2,6306062348878E-05
3,40409335600746E-05
-3,0885005133779E-06
2,29604548921314E-06
0,000232389933668754
-1,45730449811393E-05
-7,48600677129574E-07
1,028140343485E-06
0,000328008442238334
-0,000141022221760439
8,02310300661311E-06
0,000125093428661704
2,57392559527938E-06
-1,43055286488144E-05
0,000490324594292949
6,57760636388783E-06
-6,16617730359064E-07
8,82177740727454E-05
4,31086662197741E-05
4,3428891753849E-09
2,0395388469662E-05
1,29053467890433E-07
7,8770968409428E-06
-3,16735440502608E-06
-6,96519848008713E-05
3,35694239744838E-05
0,000223204146150748
0,00526332253868074
-0,00088236769559142
-0,00341218615487357
7,94865215698674E-05
0,000246380245676739
-4,73257856440337E-05
-0,000120840681118267
3,09022500319652E-08
3,63538970255968E-08
4,40921971452718E-08
-7,44461950034307E-06
0,00309849759570595
0,000736426732494318
-3,05362312778167E-09
-7,0696087601899E-10
3,3100870682677E-10
-5,22255935953811E-06
-4,17085013992958E-05
-0,00953827483948802
1,71273822611878E-08
-1,44280764569422E-07
8,28410483215955E-05
-3,54090273455401E-09
7,92627713633033E-05
0,000531628906849425
-0,9995404650929
-0,000289887580583979
-0,000555556200584791
8,07163452965778E-08
-0,0264878595106663
-1,82585070488953E-07
-7,81471095673735E-05
-1,71656898527211E-09
0,000415133991319004
5,28589170216109E-07
1,51095920068601E-06
1,23628573152717E-06
-4,44729185729886E-07
-1,37698035125842E-06
-0,000304959236346182
-0,000682889877537943
9,16521751244883E-08
-1,41501316427186E-05
1,1565949515511E-06
2,93070852003533E-06
0,000102476474403141
-4,91081328328828E-06
-1,70504310567831E-06
-1,30874867132576E-05
-4,64847515699753E-06
-1,88951774593951E-05
-3,1581623798246E-06
-0,000281042455548195
-1,16620390814828E-06
-0,0013962695539185
-0,000237218396816622
-1,76446586286856E-06
-0,0106103481375473
-2,92770668283937E-06
-2,45610491510123E-06
-1,6667950398977E-05
5,06559514993961E-05
7,66664178141259E-06
3,20035652528355E-05
2,11118437170192E-05
5,08748495924336E-06
-2,79438605767296E-05
-5,80612438472926E-07
-0,000130539109365219
5,74227745558158E-05
-3,2102481259485E-05
1,08753057159828E-10
7,16788611645727E-12
2,57799307149725E-06
-1,51236001201052E-12
9,14471274085603E-06
7,80270857623749E-10
3,74406749186723E-13
-9,57241822171252E-08
3,30135107429887E-07
-5,15378106614826E-07
-3,19087057771988E-10
-1,16975799459877E-06
-2,68801245043752E-06
-8,02243175508941E-05
-4,50394934153319E-07
1,15644013416166E-07
-4,96547090941075E-08
-0,000890399834217423
-0,000271630937567591
0,99994373787365
-7,21152605999305E-07
-0,000855396421145813
3,91125033385252E-07
5,69285831312281E-06
-1,12381819340429E-05
-1,18716446597969E-07
6,99712516576325E-05
4,74297573947272E-05
-1,09075077966815E-06
-0,00896879987199071
1,11632340008998E-06
4,61777885548911E-05
2,32867305218514E-07
-8,08740185969934E-05
0,000309040580839123
-8,44032063845584E-06
-0,00521527647788452
1,4762671947183E-06
0,000101788468902738
-3,37825793710423E-06
1,02896330916983E-05
0,000162360134417496
2,2107313899161E-06
-8,59612334683192E-06
-1,19853891958034E-06
-9,92972572466017E-06
-8,76952982010351E-07
2,37755946284148E-05
1,05011957123943E-05
3,53825300299363E-05
-0,00176821066952472
-2,23061242509155E-07
2,49088624996701E-08
-5,79864818587994E-06
7,32931071334736E-06
1,58234975918573E-06
1,1964198786845E-06
6,42137074022959E-07
9,84617606523105E-08
-1,93690186924293E-06
4,52070203535607E-07
-2,21168699613244E-05
9,38306755184089E-06
-5,08383475579666E-06
4,12085528681917E-11
1,11895467859178E-10
4,15670659309472E-13
-9,44299380180214E-06
7,85664672407003E-08
1,18446200193559E-05
-2,01590193328655E-08
-2,53624168154181E-09
2,2784602624795E-07
-6,40286836455697E-06
-8,89147119461784E-08
-0,0101384787434195
-3,71839380464954E-06
-0,000108871258516962
-3,49580714506615E-08
-3,62808784053425E-07
-6,11961314856991E-05
0,000333479449742345
-0,000454684160939133
7,541020858852E-07
0,999543396467183
-1,84885626458465E-07
1,45117151266596E-05
-1,7532119352322E-05
-0,000137621116866844
-0,000279102913638638
4,42787913905896E-05
0,00073696491454184
-1,29437957743299E-06
-5,19295823350974E-05
1,14285671920274E-06
-3,22869600939614E-05
4,59846209382234E-05
-0,000515520150919001
-0,000838499532903979
-0,000155221455470583
-3,94647008277077E-08
-4,14471335544406E-08
2,66645581448817E-05
2,3811197598554E-05
-0,000131713964586933
-0,00219865566256999
0,0164807092952095
0,00012636996250541
-2,29753917519471E-05
-0,0161723229604886
-3,89156666435565E-05
5,71714617907417E-05
0,0013973845045492
-6,07210379196188E-05
2,80076130678038E-05
0,000124316397282649
1,05049926584484E-05
-1,97651631586141E-05
0,000982000102510757
0,0032606336808942
0,00570954794832596
0,00381200583614242
-0,0100808987352886
0,00857730357337859
-0,000142915268813884
-0,00326163541287922
-0,00346473392145017
0,00330612873531054
0,000845731473489522
1,33639596442645E-17
1,09088385313367E-07
-6,10533493913321E-14
1,44202882665304E-10
1,35754781463185E-09
-9,39850757657049E-13
-1,15835242879319E-09
1,35300852337172E-07
-1,62410361732286E-07
8,94532282006456E-11
1,59703979807423E-09
-2,18390758289801E-08
-7,22134882614454E-07
-1,5803478699517E-06
-2,97028356705227E-06
-0,000149043090055661
-3,23840338816311E-07
-1,97470405853557E-07
0,000828682311056429
1,24824672250873E-07
0,999892460303126
1,32436732502427E-06
-0,000986243007182941
4,20666885871686E-09
-5,20272358452921E-07
2,95876094971789E-06
2,9310182040134E-07
0,0130796562312795
5,78539191206434E-06
-5,7013060908233E-05
-5,82835008540444E-07
-5,28523584017581E-08
2,54236281810794E-07
-2,65878170045151E-07
-3,07411705119089E-06
-0,0051258602837364
6,34984543099361E-10
0,000336758525495631
-8,93833902043567E-06
1,09813451449451E-06
2,61601362366678E-08
-1,61726203294219E-06
0,00398927002093561
3,69303321751699E-06
3,38957478641007E-07
-8,1193079225596E-11
1,70268585955646E-06
-6,75080334386556E-06
3,41250939952265E-05
-3,46886699400994E-06
-3,90002365169061E-09
-1,97283437136193E-08
-3,75850365147867E-09
1,77136922710961E-08
-3,33003706093595E-07
-8,03909941011905E-06
-3,74216262389683E-05
1,02171627432539E-06
-2,39073557745265E-05
3,37581464372105E-07
3,32877776402972E-06
-7,93046830912338E-07
-2,06059572987994E-06
2,67516256323082E-11
9,48020756734064E-14
0,000190392514413406
-3,60532191248383E-08
1,51567615971145E-06
8,1881889898158E-06
-4,38937775272648E-06
-5,40442366030006E-07
1,10351757037476E-07
2,50032086930719E-09
-0,00930155322874943
-5,49732423260018E-05
-4,88257869254398E-10
-2,03781763986346E-08
7,91537875012311E-07
1,08743378696804E-08
2,42890993852707E-06
9,08135831870506E-06
-0,0264883661629299
-8,05891091211915E-06
-2,74507336161522E-05
-9,65886816486116E-07
0,999311185914078
8,56922789776275E-06
1,18550302963948E-05
3,09565968512994E-07
-5,09262743742079E-06
2,25164555429062E-07
-2,62361894903821E-05
-5,47162978329337E-05
4,92239947487907E-05
3,44344412800093E-07
0,0242001913751728
5,79555185326436E-05
2,71483512352577E-06
2,78414571033084E-05
-9,31055099323232E-09
-0,000117506118587349
6,00244837975915E-06
0,000230056036281117
2,4500519551892E-07
3,73835450952105E-06
1,17010973217822E-07
7,93798305472507E-08
-2,84974635011535E-05
4,47201703123904E-06
-3,09626475130262E-08
2,69971216912671E-05
5,06189708761788E-06
6,62609083505223E-09
5,40258780105057E-08
4,05808841777309E-08
0,000660459369728198
0,00153389245157227
-0,000658922466216095
7,47368892463282E-07
4,13575850200337E-06
4,63677806453E-09
1,29560656418669E-06
-5,77118311113199E-07
9,82425892491749E-05
4,81289916019086E-07
6,56864940387956E-08
-1,19190968025456E-06
2,00361980115286E-08
4,70347820809842E-17
4,67136120731559E-07
-3,18366715236327E-13
-1,24749307943393E-11
1,91852494731228E-09
-3,21792163530212E-10
-3,15770353519447E-07
2,82776702176387E-05
-9,15909943923457E-06
7,18615967765261E-10
-1,06077099701352E-08
-0,000189432253778414
-0,00521366755692653
-2,81352321294007E-07
-0,0110653430618388
-0,00014115635693274
2,65949476124038E-06
4,13881669598339E-09
-2,72367842085321E-06
8,73701497641168E-06
0,000477635145794613
-5,81881675807253E-06
0,998571516882726
1,6160665974492E-06
-1,46490279643139E-05
8,39687240468707E-07
-0,000156427224552643
0,0386290322679054
0,000317614401391406
-0,0347928557079926
-3,72984200195453E-06
-2,90264658220576E-07
9,68427453262068E-07
-2,76638392257793E-05
7,65302112935248E-05
-6,45801679820369E-06
-1,8709035030244E-07
-0,000542773064694444
6,1084263202784E-05
2,19464305132889E-06
-1,09882896159926E-06
0,00027661753336395
2,80520515902679E-05
-3,58605443051985E-06
3,60842659958541E-05
-1,59374472671723E-06
-1,09598777140987E-05
3,34400160238774E-05
5,38808695153756E-07
8,26440910607569E-07
2,25425433392754E-05
-3,30104897677765E-08
-6,83112702979318E-06
-1,62559068245105E-06
0,000294314904842704
0,00122865524172215
-8,42055023251585E-05
0,000314359222552112
-3,24084613510304E-05
5,54244584928619E-08
5,08067381672915E-06
2,61963462366054E-06
-1,01609183262302E-07
0,000239613056286763
3,90769560492584E-10
1,03343109386175E-12
-1,06655406163171E-07
5,07906290914313E-10
7,62742832419296E-07
8,56933604843089E-13
-4,82007451577172E-10
3,87060952475283E-10
-6,9101753050819E-05
-1,95098928504208E-09
-0,00346590317186566
-2,26925981885139E-08
-8,63522367810381E-07
-7,76036581621889E-09
5,67253515131064E-09
-1,7903530217904E-07
-0,0145456188440009
0,000103273280040687
-2,08147549868486E-05
-0,000167859821259634
1,63884904452609E-08
1,19048454346348E-05
1,33090333295436E-06
-0,999802237170345
-1,71282268372181E-06
1,26227266760904E-08
-2,33874337440169E-06
2,61999369706155E-07
0,000371612409020859
-2,17146093905179E-07
-1,73883834463024E-06
-9,84833180070596E-06
1,1849618516321E-06
-9,39852921549473E-06
-8,44700932014142E-08
2,86572929104148E-08
-5,03056903708169E-05
0,000261638712154165
0,0130945022447365
-4,41374495456113E-07
-6,22973706164432E-06
-1,48129581742495E-05
6,39713058784314E-06
-2,34040431766978E-07
-1,73448468361093E-06
4,68039524875429E-08
4,75004836926501E-08
-2,42162679141468E-06
1,86957833938912E-08
-3,21944932405498E-06
1,36731644230282E-08
3,88976919220943E-06
-0,000150289808622768
-0,000146851015328264
-7,26029818046002E-05
-0,000329343731956706
3,66393651769816E-05
-0,000122120506763084
6,29493813712471E-05
-1,0073748739646E-06
-1,99348248891933E-05
-1,97097779881774E-05
1,85175355506323E-05
6,07343342046564E-08
1,85946253016493E-16
2,22939773367712E-12
-0,000199135592545626
1,68405733408205E-10
-7,02734793525554E-09
-0,00376571813030084
-0,00097433330015911
9,88773430548186E-06
-2,85773085232319E-08
9,95258573614819E-06
1,62001406187891E-06
1,61951880599831E-10
6,25746738100682E-09
-4,97428686896237E-07
-3,23647321207302E-09
3,03233133941085E-08
-1,51153877175021E-08
-1,78620209148793E-08
1,69059959620159E-08
0,000128519441812475
1,51582121503851E-07
-8,92975428606306E-08
1,16470058551048E-05
-1,7346475837539E-06
0,999858534853124
1,89990068877521E-06
4,22978635066787E-07
3,65328794416443E-05
-2,03430020115859E-05
1,79118624319897E-07
5,05268451145406E-07
1,25555490627397E-05
-0,000116721624184863
-0,00049651215048759
-0,0136381878452936
-4,29984782202965E-07
4,53892167660478E-07
-0,000529758502600134
1,70999766197791E-05
-2,72936172041962E-06
-3,42055668828119E-06
0,00900894642965681
1,27295343345262E-05
9,09088666969059E-07
-8,30798475575691E-06
-1,07177438419287E-05
-7,10550024640071E-06
-4,81786704158195E-06
-2,27128990706907E-07
1,08880583902447E-05
2,17139357078196E-09
-3,26855956917168E-07
-6,45948097087001E-05
-6,13056784697329E-05
-2,84344453888294E-05
-0,000100004680071759
5,21480354179667E-06
-9,22386747067923E-06
2,60622637311812E-06
-3,57550660114722E-08
-9,81333604089852E-06
3,87147273358709E-06
-2,12560267586716E-06
-2,02317932353991E-12
5,34927539432661E-14
2,95824758929975E-09
-1,65283330451975E-09
8,37516461487424E-07
3,96854416052788E-09
-5,98864391369917E-12
-8,65258187724997E-11
9,90541475563942E-09
-1,62516657314959E-08
-5,24501917139765E-08
-1,7960683236093E-07
-5,6685182794986E-09
-8,53137255604976E-09
1,44944224601739E-07
-2,71680107464125E-10
-2,25594700338769E-07
-8,46565013934997E-07
-0,000125563206551284
2,26310417633075E-05
1,34653138131104E-05
1,12494250006811E-06
-8,201064370934E-06
4,27165578567549E-07
-3,19542403695132E-08
9,48612815261318E-07
-0,998762756830319
0,000110270078710957
7,9771156605339E-06
-6,63310042437307E-05
-1,55209749121445E-06
-0,000420114806418864
7,66136866268397E-05
-0,0353149475557597
1,91072657994406E-06
0,000200183913104918
3,35699024374576E-06
1,63682537023057E-06
0,000346506544968262
-7,71362432326713E-06
-9,50288951215028E-05
-0,00124535872261657
2,7737517005636E-06
0,000405754042633414
2,6342144721055E-05
9,4118023824965E-07
-3,77385340068817E-06
-0,00367479309969958
0,0158683689961585
-3,71563212122604E-06
-0,024820359170814
3,84550798686386E-06
6,01326491580242E-06
2,21901902639592E-06
-9,4758580623022E-06
-3,87457370840741E-05
-0,000155441297713568
0,00019106289495116
-5,24885737646262E-05
0,000167527022061339
-0,000383056834357435
-0,00103320215046909
-0,00998341874046408
-0,0155361996935301
8,14541307140846E-08
2,94791764533305E-16
9,1637518134652E-13
-1,90873182586187E-12
1,98745013854688E-13
5,13983307493327E-12
-1,65605413668339E-10
-1,5244396365676E-10
5,47130296289127E-09
-1,58585673270795E-08
-1,60845662789568E-09
-1,95296032756334E-07
-0,000185717564573229
-0,00447580017811166
-9,61748463815368E-08
2,78268593733983E-06
-1,48771286063985E-07
-4,8403902151031E-07
-1,01132269525854E-07
1,80965104554194E-06
0,00021669153537471
-7,62311466717493E-08
1,04844400068154E-08
-0,000178363255961771
4,38998040856614E-07
-4,76884009779757E-08
-8,67788087604288E-05
-0,999062758722
1,63988800294552E-05
-0,00545204344759867
-6,43982789690289E-06
-0,00166957632680738
-2,19466357184126E-07
-1,93680628725286E-05
-0,00173585827282444
-3,94340345504799E-06
-9,08147352104485E-07
7,96792388977751E-07
-1,03287263188547E-06
-3,44558229922211E-06
-0,00130471350942606
-0,0210410362530303
-0,00012206876275175
2,14121155746983E-06
-6,77977495845624E-05
-0,029011353506901
-0,0224092964144092
0,00514531664872878
0,000967937524872479
-1,00389323975581E-07
4,43293460746313E-05
0,000225891615210342
7,03443000716757E-06
1,13538566307492E-06
9,4417639024621E-06
3,34722041352085E-06
-6,88695671986376E-07
-1,24603351811126E-05
-1,79871586557344E-05
-1,3434296656584E-05
-4,08905996625561E-05
5,24839712819171E-06
5,9029282790715E-06
-4,25523115065648E-06
0,0014749364433229
7,89523702226554E-12
0,000924818541298031
-2,82881302618903E-10
-8,31003825990664E-09
2,9793318517561E-06
-4,16052220404848E-10
-6,57710633575534E-10
7,51981465074703E-08
-4,48981746699357E-05
3,17501058605806E-08
4,27510266968604E-07
-4,28718074233487E-06
-0,000119687080484104
-1,88899582563919E-05
-0,000268992818433657
-0,0114560167068304
-6,07105795366093E-07
-8,43747635444936E-07
8,03796611910648E-06
-1,14240559288249E-06
0,0131006749986973
-2,70579674367971E-05
0,0387994175125579
9,8050948591779E-08
1,04261386230201E-05
-3,4607107450251E-06
-2,24332598725324E-05
-0,998748987614581
-9,4484829989458E-05
0,00460940531258196
4,46334887481234E-05
6,40924583393551E-06
-3,3294575344337E-05
9,53455392229491E-06
-0,0029021199603766
0,000260676421700597
-5,58007185536432E-07
0,0256626380970053
-0,000489136989043419
-9,91184687588762E-05
6,16512737447563E-06
-3,99456665629961E-05
-0,00162376460170424
-6,69247453100755E-05
2,8135240726028E-06
4,82195193733792E-08
7,56726620055252E-06
-9,84928172448925E-07
-1,01470014186537E-06
0,000173307615339705
8,22517318697834E-10
-7,89573647180108E-08
1,2620723171014E-06
5,50761902021997E-06
-2,38564219216135E-05
-9,12943147628196E-05
-3,34707823207162E-06
-9,93540966262734E-06
1,26562314556562E-05
-2,18934933402498E-07
1,52283895117019E-06
-1,00172632591891E-06
9,95034846723927E-07
-6,83310394584193E-11
2,20293170666924E-10
2,94455495197457E-10
-3,01541656752185E-11
2,62410360768351E-09
4,79111009832322E-10
-4,39980083254257E-10
-2,74374252407593E-06
4,02437438435528E-06
-1,22038347411616E-05
-5,27853472866282E-09
-2,31740071954203E-05
-0,000479290079526234
-0,0115031717525922
-2,47765232115639E-07
7,35644837203497E-06
3,23549674516614E-07
-0,0065674522018742
-6,16943476999982E-06
0,00896454044713124
5,01244430034676E-06
-1,07158680053653E-05
1,92136320615218E-05
-0,00037823828715287
0,000469592202933713
1,51478609977326E-06
-3,84022166049622E-05
-0,00488673833252901
-0,000108809303196342
0,997487193414205
-8,25143802026665E-05
-0,00528776332617522
-1,19969793232124E-05
1,33715790647719E-05
-0,0606421760276767
-0,000165956395188512
0,000285955928741426
-0,00021524526965594
-1,48774747332107E-05
0,000473892624979242
-0,00138577544180166
-0,0219599613280988
-0,00134642431121643
9,72573295114859E-07
-2,44900260914875E-05
0,00161643218098075
0,00116581991992629
-0,00012042052545788
1,70750933791631E-06
-1,15125403500914E-06
5,46365626684561E-05
-2,40270418061053E-06
2,61333422851816E-06
0,0233052760781229
-8,45378069537666E-06
4,44426581804053E-05
0,000163077354474955
-0,000170458597813801
6,44160797582576E-05
8,29083910461991E-05
-6,3624353343641E-05
-1,24832008136549E-06
6,91014165613121E-06
-2,2063331763496E-07
-6,8850290072271E-11
3,95115781349099E-12
0,00184142209057836
-1,45993689581202E-10
-1,98469789640591E-08
4,17447745506954E-11
7,50946690083647E-12
-4,31421636508459E-10
5,01981251318142E-08
-0,00292287860758617
6,25425837264913E-08
9,10268793265074E-07
-4,21199632539908E-06
-0,000117436506575011
6,09253075498613E-08
-0,000261462749245006
-2,88314355244869E-06
6,00594121959942E-05
7,80847178191882E-07
-3,76042571911424E-07
-2,46381875693238E-08
1,31243702976978E-05
-4,97644279552811E-05
0,0345869422807671
-8,36038523239818E-07
-6,95344693642976E-07
-9,65374056540492E-07
-1,25325861562935E-05
0,00596148395594212
9,60047015706781E-05
0,999374914281755
2,97617191652411E-06
3,03995391780018E-06
2,59732218838823E-06
2,66950203163506E-06
-9,13795042500309E-06
1,10018466069511E-07
-1,76103849789196E-08
0,000133678583317513
-6,61188926685946E-06
1,00559837264445E-08
9,29257091457541E-10
-1,79960549991475E-05
-2,85620739629663E-06
0,000221062733201872
1,73147319744219E-07
3,05233886866291E-08
1,45082343711408E-06
6,18415686548971E-06
1,83768149621071E-08
1,95269431238281E-05
-2,29776421673736E-08
2,42378067043159E-06
6,40829251040587E-07
2,43305925410551E-07
-3,43264045403477E-06
2,30195475126091E-05
0,00201724243389468
-0,00034535079943624
-0,0012977548709376
3,01090598009104E-05
9,34613528638388E-05
-1,8251659749372E-05
-4,57430256959965E-05
5,13989504623502E-10
5,75671910790013E-17
3,30042727581694E-13
-2,2739010539681E-10
9,58487347723873E-10
2,46910285946221E-08
-9,04879423735303E-07
2,11888076236943E-12
1,16116746184927E-09
-3,15505438625027E-09
8,55202309502401E-09
-1,00882364775452E-09
-6,82674017045425E-09
-9,1705495492668E-08
-1,61518146805321E-05
-3,2927211440418E-09
-9,63593625857305E-05
-9,27558072402476E-08
-2,65904699904794E-07
2,18607906968329E-07
4,77292288317796E-06
-5,79166603642397E-08
-2,07328915335648E-08
-1,48106750832475E-07
8,97413097233599E-08
-2,77608747708035E-07
-0,000239171496238332
-0,00108516131160412
4,25323126586343E-05
0,0045441538604712
-3,66734025714889E-06
0,998993671776681
2,44927942092094E-07
-2,2840439726744E-05
0,000224791156432459
1,17462910027948E-06
-1,23066045435223E-06
1,10307015986524E-06
-4,03107929506019E-06
-4,37372659899257E-06
0,024413818762508
-0,0357362830015013
-2,55352669654582E-06
1,97255991535448E-05
-6,44454528352602E-06
0,00364087200447749
-5,4924430850104E-05
-0,00310259074881263
0,00958538386140542
-2,31170905424519E-08
2,42360592852706E-05
-9,66674526299118E-06
1,71764769426628E-05
3,7720275810917E-05
3,58462163325856E-07
-1,74941303969052E-05
-6,89134568381303E-05
-6,91837672828674E-05
-7,06049980336412E-06
-0,000103541991960952
-6,23219617814379E-05
8,82240931078573E-05
0,000771776796690265
0,00108637401497453
-7,14237842125743E-05
9,7575058561958E-17
3,41242060751834E-06
-0,000103296740386153
1,96845270403773E-09
0,000363132371525171
-3,00140306412071E-09
1,31892380341647E-09
3,88008055536437E-10
1,99034096440181E-10
-3,16723377866563E-05
-1,79848069782579E-05
2,91258501076301E-12
-2,17801369994407E-11
5,71279768756713E-09
8,45814154747626E-10
1,94993869085995E-05
8,00531729776524E-07
-0,000335068974209985
-1,09846133352547E-07
7,38339654278048E-06
-1,1376518541749E-08
0,024216943466804
2,65984782146852E-07
4,26443617391751E-06
-2,1833502647752E-06
-3,43412872933131E-06
1,3268029539935E-07
-4,93023876206449E-06
-9,92349048336694E-06
4,25431188907139E-06
1,97463751576862E-07
-0,998359203404887
-0,00221169956275374
4,6427854141095E-06
-0,00122914857783452
-4,55365423479355E-08
1,81994719902255E-05
-6,04349231711071E-05
-2,75493248574796E-05
6,75647993167222E-08
-3,99425409910763E-06
-1,45861241682283E-05
3,23577991323622E-06
0,000121865210628899
2,5282126051301E-05
4,78835642213322E-08
3,00651793568321E-05
3,98785650063952E-06
-4,7382796260037E-07
0,00016713083862169
-5,87564017732835E-07
-0,0364323716454771
-0,000107325574108981
0,0364562395419203
5,03309649284791E-05
5,30916911012426E-05
5,47483179454094E-05
-6,76749479418924E-05
-6,83851825604068E-05
-0,00541447404045339
-3,9829896732108E-06
4,41088864034045E-05
9,68533520314716E-05
-1,04700473544414E-06
3,63738204515588E-08
6,73236301958268E-09
-5,74778590437538E-06
0,00297756793390865
-9,73526362712426E-09
3,12516131595397E-10
-4,58237625211898E-11
1,83257344723985E-08
-4,40711396550662E-06
-3,19533058681016E-09
-5,17870051027496E-06
6,43763803519326E-09
-1,48819760967945E-07
3,73160427948573E-05
-3,03339777311146E-09
-2,34439726327406E-05
5,65347068394746E-07
-0,000230908410756321
1,13986614850954E-05
0,000460790475602398
-1,54457882151793E-08
-1,13849103571174E-05
-7,11150120246886E-08
2,77228924598964E-07
5,48762920322147E-06
-0,0342810725437301
7,95548436359794E-07
-9,7835287424793E-07
-8,7962194117143E-06
-2,14390260325405E-06
5,9183875326356E-07
-0,00198479274274083
0,998390767624638
9,3739727822496E-05
-0,00827596512446451
1,1432025333075E-05
2,06341513959626E-05
0,000578223282598212
-1,3127507295616E-05
-2,66467306377101E-05
-0,000183627219833713
-8,49306632753054E-05
-0,000107731908263408
-2,10667663214729E-05
-0,00340873035586975
-1,33091924784395E-05
-0,015826048514164
-0,00287614331489101
-7,08725636790823E-06
-0,0406188589394247
-2,06517226980492E-05
3,75149305867371E-05
8,34866950651499E-07
0,00617895512890514
3,38080998775453E-05
0,000117192583615025
4,68516214998149E-05
1,64055994448429E-05
-0,000115772252284859
1,08082314919363E-06
-0,000455949878720675
0,000200719503541285
-0,000114255454082015
-3,17801597964583E-09
4,9538761857987E-12
6,58462770069588E-12
-6,55770983131324E-12
5,94826656700164E-11
1,33156543417243E-11
-3,77820283472597E-10
-5,13208282014159E-05
0,00452213691800409
-2,8453667793365E-07
1,85447869381868E-07
-6,42459284203914E-07
-1,19591247254034E-06
-3,2463362745931E-05
3,93158044871719E-09
3,445023622249E-08
2,90953470407377E-09
-0,000166646057577877
-1,87905881418581E-07
0,00023600691397426
9,4192510923697E-05
-2,99124965662872E-07
5,66436645164522E-07
-4,56279068634344E-06
1,56417601402816E-05
0,000127431449107233
-9,50872049318678E-07
-0,00106024063009933
-4,59014248237608E-06
0,0606937810141777
-7,50511690313847E-06
-0,000449887581448015
1,15156099720153E-07
-6,47888909575477E-05
0,99603078762834
0,00303213897109626
-1,37204234405925E-05
8,89526762047844E-06
9,65684541115134E-05
4,20234985775757E-05
0,000101172121756225
0,00156815700397478
0,0454123702723458
1,24254455591076E-05
1,09965058627062E-06
-3,66657928312254E-05
-0,0462916283936436
-3,56836447270357E-06
-1,9028693293455E-05
2,45915870496005E-06
-2,38409026195779E-06
2,62756919845102E-07
-2,05434191519118E-07
-2,81212878064621E-05
9,94145929316887E-06
-0,000103379884683027
-0,000390987682822245
1,83745127465953E-05
-4,8177062382797E-05
1,37326450493617E-05
1,60870118369194E-06
-1,26485408747753E-06
4,72439526476372E-07
1,06208528782147E-06
1,96523793997134E-10
9,91454371830467E-16
1,2134081706092E-10
-2,24497916420645E-08
1,6955345177876E-08
1,64897953114491E-09
-9,88469463226763E-07
-1,07914428377084E-05
0,000906311837572391
-9,0593638644988E-07
4,87569227350557E-08
-3,7182312851118E-06
-8,45735216253843E-09
-4,02258705450611E-09
-1,67415172509141E-05
-1,09768149578878E-09
-1,32829354270402E-07
1,30048831676286E-07
-1,81152689212284E-06
7,04285877882178E-07
0,000161630790141868
2,35323729810776E-06
3,02022954456353E-07
3,91290074485715E-06
4,28032650294686E-07
0,0136435112178372
-4,13795289390861E-05
7,74702915923753E-07
-0,000945139040963934
-1,73337996065412E-05
7,99945293313659E-06
7,28550504670642E-08
-0,00100487635228907
0,00813870747245946
-0,00302290213858584
0,996963382102094
4,58539053601644E-05
-1,35146418601121E-06
0,0757332790476931
-0,00144065695328624
9,25407225712172E-06
4,57871104661008E-06
-0,000542366157020729
-0,00306699333484625
-0,000286334736150629
2,6004085854458E-05
-9,35852675475461E-06
2,49919552398417E-05
-9,42171736389352E-06
0,000191162181722893
-0,000919600569955788
-3,36967463783583E-07
3,75268760933808E-05
1,83497535955048E-05
0,00675824599230259
-0,000286660191068317
-0,00143693588362812
-0,0010450330456203
-0,000300872968828509
0,00115363112078422
-2,45941013546763E-05
0,000870731262031414
-0,0005043548434437
0,000342022411151253
-6,38498429866903E-08
7,76370144228129E-18
2,0290225382374E-10
-6,32033930577748E-16
1,81792248644084E-09
5,14589388293463E-13
-3,15244303920114E-13
-3,09449235602879E-08
3,49742292943922E-06
-7,96098064697281E-10
2,41092222115255E-10
-2,19918904995594E-09
-5,93344228475653E-09
-1,99720880411598E-07
-2,61491712005909E-08
-7,40334201562994E-09
-4,24341935937034E-07
-3,52659199919459E-06
-1,31805309221023E-06
0,00521185643910468
-4,07129334294949E-09
0,00511351378687235
1,20264347860525E-08
-8,49963185548085E-06
-1,54211963260144E-07
-4,10298807080537E-08
1,42459703012404E-06
1,2325984736907E-06
0,00032600943406055
-0,000331538353847518
-1,79131110214635E-06
2,0809887425333E-06
2,55956425739362E-08
-8,01550666072093E-06
3,30067817920246E-05
-3,02603038003684E-05
0,998637071893409
-6,99155774875484E-07
-7,70795470747546E-05
1,34595260902556E-06
-1,63631141724031E-06
-1,87892905810737E-05
-1,60794821372415E-06
-0,000224108387111341
-1,13135704440484E-07
7,43807101009589E-07
-6,57735544064152E-08
-1,03827093472236E-06
-6,95118850604781E-07
-0,0513545897856725
9,92103317789207E-05
3,29546692561522E-08
8,61480018286468E-09
1,61304549892101E-06
3,59037101523564E-06
-0,00552477412574342
0,00145151090344867
-0,000120306055952214
-0,000680540949488002
2,96362843185014E-05
-4,61866187512322E-07
-2,61409041830238E-06
-1,77892387239094E-06
5,26573670495957E-07
3,37499272598677E-11
3,62614640229858E-08
4,88118918709304E-09
-2,1828179940229E-10
0,00297022500634043
-2,14159022766818E-08
2,85099879802866E-10
-2,5037897769779E-07
-4,72417881390883E-09
3,0022968321477E-10
-1,56981598871945E-07
9,51735026708502E-08
1,07466537795924E-08
-8,97731273638314E-09
3,60634354132224E-05
8,61658877202626E-12
-1,85297252944246E-09
-6,95627018184102E-08
8,52197916970603E-06
-6,02171581595254E-07
-1,18214193382196E-09
5,84568913435782E-10
0,000107910098665519
-2,27989910993709E-09
-2,21415813334434E-06
-1,01303684945168E-07
9,74055351327461E-07
-2,36757947356904E-07
3,53950423234555E-09
8,3705668592904E-05
2,33402325314422E-08
-5,88612217805582E-07
2,02226284076859E-05
-2,68824520738074E-05
-1,40126172911332E-05
-1,03811695850505E-07
7,26451461089093E-07
0,999973089229536
9,28664299032277E-05
0,003732586320886
2,5924083419282E-06
3,17712375940182E-05
-1,82147085737703E-06
1,20891969940906E-06
1,45759623002461E-07
-2,4715908840212E-06
-2,3956681613611E-07
-6,90904912719298E-07
-7,34491303013425E-07
5,50444918461644E-09
6,34023065170271E-05
2,08965410793001E-08
-2,571685495666E-06
0,00557054441665772
-2,1591814397268E-06
5,93299558563082E-06
1,82488546966037E-05
-5,99011793604512E-07
1,38548846824408E-06
-3,03857401159306E-07
-2,0795191090868E-07
7,76581877278927E-07
-2,5773128827818E-07
1,39705038380373E-07
-9,77397268224011E-12
5,91227161127382E-13
1,01909629052422E-06
-6,55174273728893E-10
9,278718126516E-06
9,77424284047403E-10
-5,1223732851633E-08
-3,19473147866242E-07
2,69413067318159E-05
-0,000836806337606699
1,89019941189571E-09
1,65516015742529E-07
-2,11037695401421E-06
-3,94064088568087E-08
-0,00701469222965186
-8,42758889472921E-07
-3,74774848131726E-05
-5,54242200008732E-06
-7,42193461007908E-06
8,62069118982289E-05
9,63064043196067E-07
0,000385948224773678
-5,41559201921634E-07
0,000391565682576146
-3,5302759049038E-10
0,000495776865290799
-7,89937008388984E-05
-3,58222946105391E-07
-0,0258040907019615
-1,43870251935513E-05
0,000152500222038389
-5,11690863169036E-07
-4,77386515260174E-05
0,000840684327229506
-0,000195849438427511
0,0756655594143013
-5,10543729908417E-05
1,51474430054513E-05
-0,991296737871998
0,0211978318060741
-0,000152782812943222
1,08726221282502E-05
0,0017655305956712
0,0718685055617706
0,00698159517221909
9,43000123709641E-05
-2,55203467618293E-06
0,0004424738789337
0,000586948479729278
-3,90968007158405E-06
-0,00901331902339804
-6,56709018577913E-07
5,19476546774403E-05
-0,000432632822028781
-0,000338217883759535
0,0104077509311502
0,0478945198189563
0,0362213885586384
0,0101935432015808
-0,035799308425411
0,000772131482341837
0,00457874644706537
0,00243831330128434
-0,00357746326121969
2,15460311486369E-06
9,35970627218684E-16
3,64088755289639E-10
-1,13889964631325E-09
7,40973924875404E-09
8,21957262054364E-09
-3,42179462762906E-11
-5,00149721993758E-07
5,1444072965349E-08
-1,19474698035796E-07
-3,13270234614102E-07
-3,77683568720921E-05
-8,12565819169222E-10
-2,544598964404E-08
-2,22484478847901E-08
-9,28749149854011E-09
-8,76823673432272E-09
-5,76774456379919E-05
-1,90067761627981E-06
1,07755398624084E-07
-1,92176085860313E-06
2,03473378564724E-08
0,000208716842338995
7,54375717885649E-06
-0,0131034260761542
-8,30935621607027E-08
-3,19026983655814E-08
-4,9188935507079E-07
-1,78536153320573E-05
0,000159897081986218
-1,82184343691953E-06
-1,03682257195867E-06
3,23469484561868E-05
8,51738878668651E-07
-1,4992759832429E-05
9,99580943506656E-05
-7,32713194162377E-08
0,0036541530665422
-0,0196484943901441
-0,999049961564439
1,3183228552862E-05
0,000152457478851127
0,00136962160203052
-0,000533135986314793
-2,36505314609796E-05
-7,15519933425567E-06
-2,75634488953175E-06
-3,22640750925206E-05
0,000224708043969022
-2,13667679059802E-06
0,00013857662091397
1,38116828194965E-07
-6,42099663525086E-06
0,0136651435972783
-2,47137832510286E-05
0,00666436487145146
0,0302571106303666
-0,00336568381993586
0,0111961560317991
-0,00574553689201231
9,64440323963409E-05
0,00181551288196173
0,00179681438585894
-0,00168753626801935
1,41024994817363E-06
3,68889857911585E-13
1,65031922180697E-11
-1,99392563005089E-09
5,96615076022675E-06
4,41815375791881E-07
-0,00367650426059025
2,63992607397927E-08
5,85511185097826E-11
-5,87085671478314E-08
8,91667570725829E-06
6,37771212666384E-08
-2,08491799170502E-06
2,37117401509901E-07
-0,00694644397278587
-4,72280011677763E-08
-0,00147480141815791
-4,44530151469399E-08
-6,81802180937643E-07
-7,58987619372314E-09
-2,26447373696701E-07
-8,09206292049891E-07
6,93359901372224E-08
-2,51008627336111E-06
2,69227183694023E-09
-1,63839917143251E-05
-3,22515095405789E-06
-1,85251545006349E-05
0,000122675990445541
0,00010350506318408
-7,56447382267697E-07
0,026581181929788
-3,11783731918668E-07
-5,83563838385535E-06
1,07308945146544E-05
-5,91559324914257E-06
-4,00328533828429E-07
9,04706885249831E-07
0,000200039659095045
-7,87912629441495E-06
-0,997738521940462
0,0612063826445452
3,69643318554625E-06
1,31153941160339E-06
1,53806845350204E-06
-0,000318935614466453
5,56378707703491E-06
0,000771691885882833
-0,000588120538535687
4,14802482647093E-06
4,29225071449579E-06
1,10123136427197E-06
-1,12188259510976E-06
-2,33039916564553E-06
-2,70735229285002E-07
-1,88336179548861E-05
-1,1581802162612E-06
1,63735786909286E-06
2,08502134405242E-05
-4,17531929463592E-06
3,64995163547887E-06
-1,70450820581711E-05
-4,65809287149945E-05
-5,69056590639753E-05
3,9141328926286E-06
3,08890250696041E-16
2,18919812314952E-13
-8,90824794114046E-13
3,03119730743727E-12
1,00405860070607E-11
-2,94301430365942E-10
-1,35407281298148E-09
7,08736082867969E-09
-1,71874374666283E-08
-2,64013132842974E-08
-1,15532372476484E-07
-1,21611535750142E-06
-3,31476690978117E-05
-4,62368509483595E-08
-1,90129219226819E-08
-4,52186912835874E-07
-1,97302511433238E-05
-6,99148200282542E-08
3,50925270198675E-05
7,4539635118045E-05
-5,49549228922953E-08
1,12179556334606E-07
-4,87396213653532E-06
4,48787493521254E-06
-3,70068771404781E-08
-0,000250702767798839
-0,0172108056441358
-6,80239441065596E-07
0,0219818348342852
-2,29860000580448E-06
0,0342645762527682
-9,83175386794944E-07
-1,40187615084368E-05
-0,00282301838231466
-9,75903096531165E-06
2,59476779501398E-05
-2,58588593683159E-05
-3,62886603806655E-07
0,000135032621533617
0,061509947892207
0,98683576857667
0,000158741909055452
-3,16985950807686E-06
0,000268775187889942
-0,130288799989932
0,00196107515285839
0,0155204786262554
0,00152122566175806
6,93540878678732E-07
0,000138330679557706
0,000560430399792972
-0,000690898739874407
-0,00149763339763494
2,4172779016727E-05
3,70796232639137E-05
0,000169859891528473
0,000730232218404638
9,99514673725777E-05
0,00300725062885034
0,00263927931684814
-0,0034823056752205
-0,0324170981879578
-0,0457838386963383
0,00300867165280233
3,5929757329621E-16
9,26933802191554E-13
-2,22247150712619E-08
4,47949232274679E-11
9,67102855828755E-09
-8,31436989785637E-07
-7,55247795086596E-07
2,92664023225756E-05
-3,06535868831881E-08
8,87755275859753E-09
-5,36821297476827E-05
-1,01961887771986E-07
-2,92856166607352E-06
-7,78192817083407E-09
-9,4398551345593E-07
-6,56303637260133E-07
3,07574107186288E-06
-6,02064719678561E-06
1,04199103716626E-06
0,0164629799069184
7,72760208653347E-08
3,321335392255E-07
0,000258210005188971
-4,70752314632152E-06
0,00901400769060447
1,23399790736442E-06
-2,00029873126762E-05
2,01587948903245E-05
0,00142411393004932
-2,62690940029701E-05
-1,22588024590151E-05
5,80924143491521E-06
-7,70113949764207E-05
0,0455101222303885
-0,000419900544232343
-1,94944337314877E-06
2,58378845418475E-06
-0,00120794638544694
-0,000923913707203166
1,86094149922627E-05
0,000364363650201788
-0,998697987380514
-0,000311370723171606
-7,48519202317482E-06
0,000953674120367352
0,00128115458159998
0,000933389643175871
0,00060346391449138
-3,59489863185216E-06
6,24092382052379E-05
2,60788142299783E-07
-3,26185364732363E-06
-0,000105432834874469
-0,00029449645850822
0,00329368003950511
0,0125007304426064
-0,000612817529106306
0,0015625784538673
-0,000474846022492824
7,43016357720723E-06
5,99405892336382E-05
1,86113279207446E-05
-8,86467924985851E-06
1,89015989677776E-11
1,28889155179233E-17
5,54793216762072E-11
-9,94222021694688E-14
1,18576353993176E-09
7,34315788112792E-13
-1,03398742796526E-11
-1,45409346909575E-10
1,58868866471748E-08
-6,64967741324039E-07
-2,62373110814918E-09
-1,04432078940644E-08
-1,03750183401053E-08
-1,33929102206246E-09
-1,18681420916437E-05
-8,48668959785154E-09
-4,31434474406474E-07
-1,0738174469712E-06
-4,06186563544196E-08
2,86302454846423E-06
5,93169557733838E-06
0,00400498589028338
1,42075501045568E-09
-3,57945167248796E-06
4,44709189084961E-08
3,83119797994454E-06
-0,000435600427028431
7,2214287843591E-08
-0,000189066685904357
-4,2917217734615E-07
4,60006408776568E-06
2,43116963422747E-06
-1,05052851078637E-06
-1,9091546205033E-05
-5,61680014586118E-06
0,00241711043973217
-0,000250099341454365
8,8324220352167E-07
-0,0722081383926069
0,00183180178817187
-1,7600008681131E-05
-8,07858742055099E-06
0,000371913560300858
-0,997306020927993
-0,00124852835851514
-9,87094007594169E-05
1,01761804764699E-07
-0,000484780851811446
0,00170738708747378
-3,04132365687647E-06
0,00109097566959272
1,05017927511475E-06
1,75634746726251E-06
2,76284451605536E-05
5,27173340501408E-06
-0,00028021973700392
-0,00103197632716773
0,00738247954122293
-0,000937639430183316
0,00874682574228056
-0,000141781964642288
-0,00119829601781906
4,39976432619228E-05
0,00078854090587602
-1,55305214157603E-07
1,43012838144182E-10
5,62412807074089E-13
-8,2786275022878E-09
4,55399172405459E-11
1,03446260879646E-08
-3,20007700468272E-10
-1,2142516312808E-10
3,89439032097719E-09
-5,48735838829506E-06
-2,81214232492119E-09
-5,33396677514336E-05
-5,49234888199199E-05
-0,00146076809964815
-3,44955686318E-08
-1,72593841123129E-05
-2,79397722438158E-05
3,18510749107335E-06
-1,02704879035645E-05
1,54385584878298E-06
0,0161325783682904
-3,91588005806208E-08
-1,54282103868103E-09
-3,62820136837141E-05
-4,30883610582705E-06
-4,80304068338723E-06
-1,93413599320956E-05
-0,0320467934383345
1,47619174035114E-06
0,00109473861201725
3,50593018106982E-07
0,000659052240121986
3,95716427007513E-06
0,000353017026843776
-0,000273897435485974
-2,77740894928626E-05
2,08038349156054E-06
-2,19277868893675E-06
2,19979020874399E-05
1,4552102276737E-05
0,00758473792780428
0,130335267476281
0,00104656316902033
-6,6803402983247E-05
0,00199945025257719
0,972473829914993
0,00101674422130284
-0,178153794090738
-0,0336840151249843
4,65645528935493E-06
-0,00157721563022478
-0,0080439144377045
8,39005105611281E-05
4,30829569870806E-05
-0,00034602212860755
-0,000130687192083631
1,08374182624441E-05
0,000461574458831297
0,000669062092659398
0,000441172467633382
-0,000316338061101103
-0,000184880210298444
-0,00019254552336522
0,000176421491505385
-0,05486977250963
1,81265440071658E-16
0,0013825085273835
1,85513683912167E-12
-1,48324544934405E-08
-2,29596501499754E-11
6,08460508374364E-12
1,16721101726942E-12
1,14603934437131E-11
-5,36167912206208E-08
4,47398198132405E-08
-8,96305934103915E-08
-1,5686208410893E-11
-2,54238638403543E-10
-2,56323991616904E-08
7,85647412765255E-10
1,16195604654851E-08
-1,4570040211696E-05
4,30363453553819E-07
-2,51904735276763E-07
2,24069724995322E-08
7,10900868764559E-09
-2,65585499836821E-05
1,81414317057485E-07
6,5544962513452E-07
3,4974403469116E-08
-3,43841522772283E-06
-1,1993060909226E-07
-1,59420213848053E-05
-3,16862670538126E-06
3,66936215615208E-05
5,82670580648782E-07
-5,95736222369763E-06
-8,30036728577916E-07
1,0967630737594E-07
6,7400388326381E-05
-6,90995030555731E-08
9,24353517808381E-08
-0,0031331557298269
7,81522349516487E-05
1,68004028377507E-05
0,000317780091101394
1,33174254596041E-05
0,00159303224249696
-0,995614446550915
0,00201756105190405
-3,26886023663778E-06
-9,88812524985005E-05
0,000366762987915746
1,02547214124237E-07
0,00043494353198999
-6,22636131916185E-07
-0,011218161055112
-2,05908615378149E-06
6,6020990224179E-05
0,000422771328975482
0,0027699592462215
0,0623867087387183
-0,0103405230638792
-0,0384245279615427
0,0557675752362767
0,00272233584935667
-0,00120654481300334
-0,00224100308324941
5,34751194775243E-05
1,14709906880768E-17
6,80436621916482E-16
-1,32756729954916E-13
1,45110216712164E-14
1,95624838832712E-13
-8,60308182793876E-12
-3,66544783584609E-08
4,1526146663737E-06
-6,58716568789015E-10
2,85900560068973E-10
-8,32381133468544E-09
-4,93451181365531E-07
-1,33737671456868E-05
-3,02408746228766E-10
9,53425312981028E-09
-4,02828810262384E-09
-7,2974522079939E-07
-3,98773064235739E-09
1,34197857605847E-06
8,1205631732184E-06
-2,71834226467982E-09
5,21197981466413E-09
-2,11390215847955E-06
2,08278091994604E-07
5,20488147127777E-06
-1,6209405916595E-06
-0,0223950267499012
3,33389147275482E-07
0,00148067159835676
-4,42256694681942E-07
-6,66324083578973E-05
6,21251685871514E-09
-3,38061967229847E-06
0,0461493624722416
0,0001507731819236
-1,03511994365799E-06
7,86786420799152E-07
5,9567539396781E-06
1,37609379090304E-06
-0,000145937231284855
-0,00246031012538507
0,00338404638413187
1,40136340245118E-06
-6,50758095888363E-06
-0,00153777490366434
0,998672283305461
-0,000507380152629872
-3,26587604185034E-05
-1,05420943480865E-06
-6,01150949665429E-07
-4,19779939699847E-06
-2,92155984382527E-06
7,98933735922717E-06
-4,53697647648261E-07
2,45650782331651E-06
8,65112851835794E-06
-2,05590027341276E-07
8,19972453216286E-07
2,76124688248344E-07
1,01500262241393E-05
-1,44351393907703E-07
-3,48565388626899E-07
-2,61033247798739E-07
-2,79344483718845E-09
0,000218850732133567
4,89109579299608E-09
-6,10779247996493E-05
5,84940568525896E-09
3,97700519097354E-06
-3,49339390125175E-10
1,24625582825499E-09
3,65727240800549E-10
-0,00737592598513098
-1,95680807263105E-08
-1,17398736091468E-05
-4,01558159637459E-06
-0,000106944425442828
2,51558392544266E-08
-1,71481616240237E-06
-0,0126298531962335
0,00014318281842812
-0,00158989589879526
-3,47862238513148E-07
0,00265542192707991
-3,86820734207205E-06
-7,055160719325E-05
-1,12115096279132E-05
-2,66819532677994E-06
-2,61996746140938E-06
-0,000319143987537344
-0,00033398569448059
0,000165038969805968
7,08696409726542E-06
-2,47761975766066E-05
8,63316990229133E-05
-3,31248301568117E-05
0,0169283726063047
-1,86983217851858E-05
-0,00017923304251878
3,6374593973988E-07
6,13460970051235E-07
0,000403301849705678
-7,55025312528708E-06
0,00107039487459899
0,00857207101478243
0,00122564136698156
-0,000146932716555047
0,000339096459959539
0,181504580479693
0,000780393699137915
0,948475785626133
0,258048688446725
1,97028726636518E-05
0,0132233568805613
0,000968276756258734
-2,59951318387199E-05
1,65765984843396E-05
-0,000840842396722097
-0,00096620400093969
-0,00323199374854345
-0,00468834919183787
0,000553529497289862
-0,00657648962910276
0,000157906756741531
0,0025709810006622
0,00262637506369097
-0,00249257617252926
-7,92733680061001E-05
8,42321892699661E-11
4,58674441886848E-11
-4,31110094512671E-06
4,79421892889604E-08
5,66877402174927E-09
-9,99527002896615E-11
-3,30500993026791E-12
1,03472009039097E-08
-3,20012164259027E-06
-1,38577150552026E-08
-1,0563926255009E-06
-3,36938610294735E-09
-1,00841719244219E-07
-5,99362277182216E-09
-3,25346255625927E-09
-1,59749486240494E-05
2,74451111510658E-07
-0,000115893899319095
3,22488094346881E-07
0,000213361768881507
4,31986149790527E-09
-5,24752385756751E-06
8,43402336459122E-07
-9,65029205834248E-08
-1,77808086849144E-07
-0,0162487556506139
-7,39493741600918E-06
1,79356684994004E-06
3,89564681871955E-05
-4,3528291432502E-07
0,00989063369821457
-1,11351786868582E-06
0,000728932245030558
2,51071454336788E-06
-9,70282395261643E-06
3,83423337429355E-08
1,32437722903914E-07
-6,76020919406259E-06
-8,58489340198989E-06
0,000954281343957866
-0,0011453326383077
1,5772441959338E-05
-0,000634675371158325
-3,86264533627123E-05
0,0143364629011221
0,000119719298482754
0,259262888092824
-0,958560029031262
-7,24110711051496E-06
-0,00271728629277225
-0,000464557403175674
8,46077388451964E-06
-0,000157112288008772
-0,000311738041323921
0,00658434975867512
0,0303049016460928
0,0562086608238743
0,00592537116979799
0,0788461261868451
-0,00136432694803955
-0,0308662381223918
-0,0327990941552364
0,0310442742585128
7,5025810597639E-06
6,60692733450776E-19
8,97698110149107E-12
-3,31430664661716E-12
6,19786127538633E-10
1,62454358187208E-14
-1,03301773749998E-09
-5,03889172958589E-05
0,0044235200229326
5,10694070859368E-10
1,78734077562268E-07
5,67648062465066E-11
-1,86819183595887E-09
4,38239410199004E-11
-7,94728504521863E-06
6,69538063929821E-09
-1,84332200842985E-08
-1,53669984275282E-07
-6,02413528525743E-08
0,000234047738731427
-3,93497505487148E-08
0,000230586248156209
4,87136602116072E-09
-1,90901093783501E-06
-6,70936612429623E-09
-2,35309473186509E-06
8,35900103555768E-08
8,19672315435201E-08
1,5466300322197E-05
-1,70187709523898E-05
3,93874670264826E-08
8,77520753419912E-08
1,59103178430217E-07
-1,8119831643784E-06
-2,02001431290045E-05
-0,000197901997316108
0,0516698420474056
-3,49286764014761E-08
-1,58387530933068E-05
2,29092021736462E-06
2,15783857026744E-06
-1,51887275323382E-06
1,62227504647464E-05
-1,5414184194818E-05
1,55725253777017E-08
-9,73805232894567E-07
1,97661905762679E-06
-6,82662896031152E-06
7,74437550358419E-06
0,990879809666901
-0,000154770563313628
-4,18733175233839E-07
-1,86265401946185E-07
-2,78484419360815E-05
-8,34202796235657E-05
0,119298274763211
-0,0315776437858157
0,00270186617926872
0,0151897951766897
-0,000645194400035492
9,66388529127351E-06
7,85408370656128E-05
3,14045048532504E-05
-5,2671280651266E-06
-8,24546906023826E-10
5,11281515550184E-12
2,14674444083427E-05
-3,29589679067595E-09
7,63256337853194E-05
7,61801874686952E-06
-3,99614472433131E-11
-2,77457516010333E-10
2,67793111869668E-08
-1,64192829981637E-07
-4,38946256307204E-07
-4,14020768007319E-05
-7,81387157483686E-09
-7,18485926374407E-08
-1,07272351883583E-06
4,10832463824424E-10
8,95799307249021E-07
3,44758434334274E-06
-0,0106139143832214
0,00176841744061449
-3,96171115876433E-06
-1,60453413126226E-06
-0,000284411086747519
2,80341079862413E-07
-2,06949006289937E-06
5,98121516618978E-06
-0,0262666018517744
3,20651996947507E-06
-6,85512229030456E-05
-7,43165404182196E-05
-1,18060354656997E-05
-1,0823747148903E-05
-7,47765238635539E-05
0,0395462813206226
3,62663024363343E-06
0,0012985262185844
-0,000100104109377082
-6,25097593565363E-05
-0,00910832115608339
0,000214984543064841
-7,77438132484388E-06
-5,75048344721741E-05
1,41057432831783E-05
0,00176204289240536
0,000266187885022119
-0,000950027574876759
-7,79620718531625E-06
-0,0128628341037529
-0,00595568997150507
0,000164228741367343
0,99855275136909
0,000135703978045843
-6,21450153749833E-05
4,58209013172332E-05
-0,00415438957710348
-0,000701193692015458
-0,00296908318111434
-0,00195980870028413
-0,000491011095554013
0,00270209464223147
-4,57827676244597E-05
0,0124661797827425
-0,00548888974557989
0,00306979864680352
-1,01228803964494E-07
2,35391863953666E-18
5,73382917698517E-17
-9,38785690882131E-15
2,3160732302011E-18
3,04442461871517E-15
-3,97844704916731E-17
-2,32365762564475E-16
4,07077516577486E-14
-1,01714791640216E-10
-8,35438216730608E-16
-2,22957970971877E-11
-1,77823676664195E-09
-5,37414051996901E-08
-1,49353962473186E-12
-1,08097269679712E-05
-9,71265758926925E-10
3,97089153662832E-11
-3,06700806320548E-10
-3,00152944155578E-11
5,97259453020021E-08
-4,26101570048073E-10
-2,9451270536458E-11
-9,69579630239512E-07
-7,19524625405522E-11
-5,74197526291421E-11
-1,03650471425995E-09
-1,11039169442187E-06
-6,1729494156026E-08
1,32181030819707E-08
6,34503352513737E-08
4,51951506043635E-08
1,59359739735608E-10
2,03039347436715E-07
-3,16998318312517E-08
-6,72322413153298E-09
5,52101087041217E-10
-6,85764037149906E-10
2,4262400294188E-08
5,83379979696177E-09
5,7823021108046E-06
0,00010614295983354
1,33447372326942E-06
-1,66143648245355E-07
5,49458350954163E-06
0,00283982219734368
8,08101709793341E-06
-0,001347420548433
-0,00080527059622511
3,20134029897371E-07
-0,000154703296248068
0,995887571445999
-5,39484489936432E-06
-1,48721905620903E-06
2,25087892428896E-05
2,57118303677812E-06
5,60993583285538E-06
-2,70965443031288E-06
-2,97337376657594E-06
4,86475814336809E-07
9,73845038328457E-05
-2,75204908934946E-07
-9,43356478681369E-06
-1,57924149107741E-05
-0,0905393316872736
5,75809320163401E-17
3,30372419026441E-10
-3,61678867871541E-06
1,09221196143771E-10
1,27547735982346E-05
1,01715067444012E-11
7,56993448822047E-11
6,48591745707766E-12
-2,90724049375426E-08
-5,28645197697086E-08
-0,000278747928275292
9,20562252171121E-11
1,85844270104874E-09
-5,97682581139055E-10
2,22166296841285E-11
6,46057436350335E-07
4,47814165063323E-06
4,74931918560363E-06
5,83370945830471E-09
-8,18001766873951E-06
1,96173598453139E-10
0,000225394542616975
4,19707587771928E-09
5,65279778937967E-06
-7,2174885337252E-08
-1,23353341684381E-07
-8,85042618621802E-08
-1,66608807031149E-07
-2,06858200250042E-08
1,38372824353953E-07
3,04863359683447E-07
-0,0370152735134337
-8,28034198716674E-05
1,42361102717426E-07
-4,65410990473899E-05
-8,98457581492628E-10
1,25617984698315E-06
-5,78566746386328E-06
-2,41973933234215E-06
5,7418365453738E-06
9,85256399964018E-05
-2,3971725835493E-06
3,92248096469908E-06
-0,00266949909716621
-3,32012290545708E-05
1,50409991536254E-06
1,9196944374225E-05
8,23486511729655E-06
-5,13499692568556E-10
4,21383811027742E-05
3,34442483452091E-06
0,98729566535442
0,000364955876859458
-0,00422198049934036
-8,05131036627557E-06
-4,45060249698096E-05
-0,00103984523175814
0,000195943059581462
0,00339753036345394
0,154371929973149
-0,000283523572991538
-0,00177148582014261
-0,00230364219014154
0,000142054471339122
4,95783962355849E-12
3,05005295894743E-09
-3,47883341249111E-09
6,18326990018864E-08
4,9801353856427E-10
-7,07223730412082E-09
-0,00389694390366196
-5,69866650359849E-05
-2,74851163058835E-07
-2,56589685960784E-06
-5,57476249658379E-07
-1,12080233518391E-06
-3,01745767806157E-05
9,44109582213383E-09
2,68264550735678E-08
6,30918474667279E-09
-0,000148683492097575
-2,4620062293795E-05
0,000203234764639452
5,10235628321302E-08
-2,41851953939761E-07
0,00153528701024275
-3,87996407109776E-06
-1,855925207704E-05
-6,91584892066284E-05
-5,78076462716888E-07
-9,18769714785497E-05
-2,55660983270581E-06
0,0232268684700323
-1,8417587381297E-06
-0,00013776886985993
0,000146716636117834
6,71461513709707E-07
-0,00144093974830709
-1,30461689886768E-08
6,94217305795896E-06
0,00561829904748838
-0,000250197340818734
-0,0138942668278552
-0,000120973100748466
-0,00198831696859231
-1,27243867640105E-05
-1,47571815073004E-05
-3,26774865977392E-06
0,000276308249209313
3,36936740941863E-05
-4,02584017337053E-05
2,71121662368139E-05
-1,99367244057934E-07
2,69633176640435E-05
-2,07981042195519E-06
0,000371934907079748
-0,999577345944971
0,000431859461842715
-0,00189960836780641
-0,00704823054654754
0,000515615573513777
-0,00160510870981282
0,000761287720348219
1,68906095252544E-05
-0,000226262905599167
-0,000217785897948495
0,000202480304686876
-1,69018701015745E-07
1,03307956108437E-14
3,29432070184815E-10
-8,24589734197143E-06
1,3077034626566E-07
2,75749911596503E-05
-3,19203871216293E-11
-1,03040542275633E-09
1,33450459357E-07
-9,39407524683117E-07
-5,82453273209814E-08
-0,00896051303980647
1,22778270226966E-09
2,82939264829669E-09
-3,98640672678411E-09
-2,45275524397586E-10
-2,05434066589545E-08
0,000143574855341976
8,35711549770565E-05
1,78974291110529E-07
0,000932830108261953
2,42995723746833E-09
0,000225809796185431
-2,00010720308493E-08
0,000176181444855449
2,77716628806144E-05
-9,03448625352861E-05
2,27471793971902E-06
-3,64338561006301E-06
2,24129553260297E-06
1,49007681173708E-07
-1,46241329385957E-07
-0,0362992227964316
0,00596832400934901
-2,37638976880237E-05
0,00661774264103359
5,09420248892348E-07
1,40952138668513E-06
0,000858635704335672
-2,20662875194219E-05
-2,16423525774162E-06
-3,59436215531032E-05
0,000284628588360853
-7,30100974701924E-05
-1,64028620530208E-06
-0,000536550396587141
-2,60168689915697E-06
-0,000820929162575697
-0,00012533294111774
1,23379048723875E-05
-0,00441314285103997
1,20081035261827E-05
-0,00564101859034364
-0,000430341890264048
-0,999228875837555
-0,00139654160023332
-0,00145038423064978
-0,000510647573382665
0,00172658505760287
-0,00144567511467793
6,16372334244619E-05
0,000396646077538497
0,000506678740966152
-0,000471438901907396
-0,000112055189817567
5,87322900056441E-13
1,65233233989205E-11
-2,83300704667963E-12
9,48290869197417E-06
-9,72480371921237E-11
-1,01270840791107E-05
-8,64526991361629E-09
9,91552101449863E-07
-5,36014805958015E-08
1,0523307658497E-07
-2,2025023407767E-10
-3,33975016067956E-06
-2,57041541439696E-06
-0,0106860967596973
2,32806517254028E-09
4,13426079840125E-07
4,01206076713309E-09
-8,59221942475317E-07
3,01865588377954E-07
7,69015557279804E-06
3,43452237447298E-07
-9,66904106973423E-09
6,79055829816739E-08
-4,38928817560887E-09
-1,42949734614406E-06
-3,9849925578554E-09
1,21356176382559E-07
2,2765128273756E-06
-4,03700415253427E-07
-6,63150159062954E-08
-2,26203234252769E-06
1,42519994544872E-08
1,65161811034472E-07
-9,76371148787454E-09
-7,98431784056146E-06
0,000685892339394241
3,78692947592965E-07
7,43199096840739E-05
-4,4930842943706E-06
8,86589577440033E-05
-6,31229762681331E-06
-3,24328834735309E-05
-4,51889495059899E-06
-5,13810715984358E-07
-1,85031842458838E-05
3,48786648086816E-07
-2,50703022839783E-05
-7,84770331613054E-05
0,124388302895046
-3,49037631255977E-05
2,97024069475809E-07
1,3584042334457E-06
0,000172441086423095
0,00066359960949723
-0,942532151865762
0,264598867465607
-0,0272424222038218
-0,158873180370033
0,00702511796501913
-0,000102394139520985
-0,000832313610047824
-0,000246480221223974
0,000149791026247913
8,06298557554862E-09
8,3766314217455E-17
3,18966387649393E-09
-1,02188795906044E-12
1,64300984959346E-09
4,03595662857116E-11
-1,61595925562848E-09
-1,63146216116587E-06
0,000143148300695004
-4,14156620785206E-05
1,63949818315142E-09
-6,4756613433621E-08
-2,25045196511893E-07
-6,10727717857751E-06
-1,61538447183236E-05
-5,03116592720875E-06
-1,93862763363191E-06
-3,78857671196431E-07
-4,15360422434891E-08
3,56963278149168E-07
3,25321334706229E-05
5,86788600457482E-06
8,01166888114666E-07
0,00129357901113813
-7,47419084435816E-05
1,83911188974165E-05
-2,86058095565013E-06
-2,17229827683126E-07
-0,00119031006253565
4,68923448100905E-06
-9,94076129084064E-05
3,42009945075288E-06
-6,51523752191865E-07
2,23184513159635E-05
0,000173787419831898
0,00235265357540498
-3,56285391412835E-06
0,000100804700010146
-0,051702888675143
-0,0326052011813865
-8,31530304533901E-06
8,05823038053367E-06
-0,0123651297200188
0,00737616543809863
0,0003666059744939
4,776132732469E-06
4,24473384751366E-05
0,000715261052321321
-0,00546365709061847
5,33526983514114E-05
-0,00349609115414381
-2,70672402198432E-06
-1,40458776162538E-06
0,00787804865994642
0,000569829193113124
-0,193776510586342
-0,88961463681001
0,101997001359667
-0,341248922124443
0,176437663337921
-0,00297942878057806
-0,0560942642629956
-0,0556826184751081
0,0523315140566422
-4,37588159772161E-05
3,26932887893966E-16
3,6492055066681E-12
-2,6451646456594E-09
2,64615949708462E-10
7,25982176728397E-09
-2,79803363063097E-05
-3,91457415054197E-07
3,43786231143559E-05
-3,3973731203519E-08
2,88881371052425E-07
-3,96018486032681E-05
-0,00042996341136865
-0,0101757590213583
-3,58590054347761E-06
4,97447436673253E-06
-3,50973188759628E-07
4,53586477108029E-06
-4,29472480588059E-06
-1,86147761745639E-06
0,0116227537173126
-2,18624493318757E-08
2,3714056476519E-07
9,91679274660065E-05
-3,33922136820179E-06
-3,79436464357628E-06
6,15850768584094E-07
5,86705245780896E-05
1,34982890864001E-05
-0,000117364768978165
-1,9781767896682E-05
7,21264775300269E-07
2,78012970562481E-06
-3,44230290345942E-05
4,07167316671911E-05
1,23477456514745E-06
3,23839077870349E-06
9,50620445290067E-07
-0,000540058300703096
-0,00036770824695783
1,96917263618204E-05
-8,80635171775892E-05
-0,00289462738574554
0,000115957570284821
2,78536947505461E-06
-0,00109643774826263
9,230860352891E-06
-0,00080256533677534
-0,00172341180206685
0,00513577115288915
-0,000249019112614877
5,88448158030617E-06
1,30025464116611E-05
0,00108760960656874
0,00235512217729589
-0,239886819977197
-0,292777546144033
0,135417825023108
0,914179995693065
-0,0486868149029634
0,000718003025920994
0,00383282781912503
0,00102956287548507
-0,000482689493334608
-6,66269418639821E-08
2,60485913135702E-10
8,30083081191042E-08
-9,70306572095716E-10
1,53808234786071E-09
7,18294409667628E-09
-1,42444433561543E-11
-3,40518148969149E-10
2,61231188816605E-08
-8,23321958284322E-05
-2,56374061452494E-09
-5,01774622752459E-05
-2,5384371192029E-08
-5,0332010772343E-07
-1,61442519972824E-05
-1,33740295147593E-07
-1,68934184540054E-06
-0,00636985467440407
-2,9578711198416E-06
-7,39406907085838E-06
7,27816350721083E-06
6,5225793188946E-06
-2,0021314138814E-07
5,49038598882655E-05
9,29810160756046E-05
4,83294844126609E-06
-0,000382464113453903
9,86443136774797E-07
-0,00127046592569535
-0,000233222546107097
0,00244588601214025
3,38521718771978E-06
-1,51403779514476E-06
-7,47002211081132E-06
7,81397389946136E-06
0,00232976050508389
-2,1024004238246E-06
9,50913161421989E-07
-0,0501618590662737
0,0010723746299927
-7,33264907508145E-06
3,67621227556855E-05
7,52544733345297E-05
0,00227918790496467
-0,0746568809238649
0,00016032413930869
-3,41803820055066E-07
0,00041120859054672
-0,00288838800516591
-7,66168892215661E-07
-0,00311086014564537
-2,64751840052008E-06
-0,000955806776366805
1,57822023797911E-05
-8,64620340370075E-05
-0,00514847489249624
-0,0344857203462207
-0,826028706913881
0,138634956424894
0,535731110342829
-0,01242451928971
-0,0386637012468286
0,00748046881854323
0,0189459887183581
-2,41169108451963E-07
3,29331349465436E-16
1,62404488363806E-12
-2,86412439190115E-09
4,70504451005369E-11
7,25999325539078E-09
-1,26377947000014E-08
-3,68927456059531E-07
3,2373082790298E-05
-3,49719134527654E-08
-2,19133083842821E-05
-3,95774582303204E-05
-9,79575986431632E-08
-2,36492000962354E-06
-3,17504086642023E-08
-9,06903759229873E-07
-5,15497519379377E-07
5,31816770286385E-07
-4,51784126611148E-06
1,19181423076422E-08
0,0116181151577129
2,20950594994481E-06
-9,16485756470142E-07
0,000230661128891396
-3,14900494738978E-06
-8,22593217483411E-07
-0,000867305609093002
7,63971198143135E-06
1,2817517050611E-05
4,15256270679815E-06
-1,45775367103396E-05
0,00108502111514177
2,78128388648365E-06
-8,65751728950941E-05
2,19919707768292E-05
1,25130603349327E-05
-1,47039058452917E-06
7,0959630524503E-07
-0,00101990312117319
-0,000259414752110154
0,000103550883264224
-0,000130245878685355
-0,00210821680482595
-0,00987355361989216
-0,000832709191446925
0,000413924945404759
1,54707021781395E-05
0,0207622446632076
-0,11390738190859
-3,75792652215181E-06
-0,00109596459084133
-6,77240871958249E-05
-3,26176435070329E-05
0,000719482037507165
0,0019263033155232
-0,0435943651906569
-0,213341495327629
-0,462906360344905
-0,0499330267080541
-0,689583466633048
0,0119873959125211
0,277253378086798
0,297700418792202
-0,284592687133718
2,31766031274795E-06
1,72295766416547E-17
4,8368058226942E-08
-1,63322285022498E-09
8,08417023907921E-12
1,15980734618633E-08
8,77820582728957E-15
1,59095646161311E-13
1,02504818403911E-12
-7,56745386271822E-09
-1,42322795656925E-11
-4,02377358060433E-05
-1,24898454494636E-10
-3,93964198640791E-09
-1,50811953126694E-09
-1,66757364613005E-11
-5,1335112986884E-09
-1,5495883924976E-07
9,33583870363547E-07
8,02342595126921E-09
-1,20042702585871E-06
1,28148930358877E-09
4,41679691876543E-07
1,51259790493106E-08
8,37256914372983E-07
2,51887259766407E-09
-3,80969679381845E-07
-1,51220548834297E-05
-9,44365277734998E-07
2,36778893831984E-05
2,14919945817136E-06
4,14347725916833E-05
-0,000313068563396334
-8,50543855350951E-07
-4,85360271944464E-06
3,15709918844132E-06
5,75608347049378E-08
-4,57658743947556E-08
-0,000173118620298806
4,70558294881501E-06
0,000232077024075978
0,00384643015143676
1,18571019742231E-06
8,90466925814355E-05
-0,0557963816140431
-0,000752670763403752
1,84099915331972E-05
0,00016754193969703
4,54098784209914E-05
2,12644256955083E-08
3,9993294992672E-05
1,09099177799165E-05
0,154143371605926
2,03409674202601E-05
-0,000894052273105786
2,81878375461535E-05
0,000192356973233423
0,00589118042090696
-0,00119150928889186
-0,0215736986510157
-0,986004909301082
0,00188569090612413
0,0121172491134454
0,0158614286987484
-0,000979664090544758
1,49304216794719E-18
7,2708218786645E-11
-1,16310503592876E-13
4,34905623228316E-09
9,60794046177541E-11
-3,09299006501818E-11
-2,18517063988066E-10
2,3577374406534E-08
-1,73680421423316E-10
-2,17535104286421E-11
-3,52413729419908E-09
-5,79343336274432E-05
2,74573680540638E-06
-5,36510554500206E-05
-5,02397278827355E-10
2,92162516690601E-09
3,69260450855821E-10
-2,07095333064307E-06
3,66670204423346E-07
2,89606170160881E-08
-3,67676510043486E-10
-9,15342307799832E-08
8,47585180667935E-09
-8,02702974489744E-10
4,94995599117104E-06
-1,60826064083408E-05
1,16032424423278E-09
-5,78824028460773E-07
-7,48803064303729E-08
-5,1190857898549E-09
-1,0389332346781E-07
-1,01819880411182E-06
6,18508892696364E-05
-3,22884059585469E-06
0,00113540783802487
-1,3646476006722E-07
-1,0388347086067E-07
0,000125060414498227
-2,48648009688244E-06
1,0048110396646E-05
-8,11218670897342E-07
-1,53024547908346E-06
-1,61878782660688E-05
-9,98728685903518E-07
-4,9845906116192E-06
-1,12351266024158E-07
-0,000112778182111732
-9,13512301803289E-05
-4,4573254067012E-06
0,014122471710657
2,00024441270248E-06
-9,66523585830291E-07
2,14497756980394E-06
3,2629607371399E-05
7,35694308354239E-05
-0,00111335633118045
-0,0191082379279325
0,000795253385010706
-0,0919630278257539
0,00152856311974102
-0,892910292966809
0,385903539181229
-0,211571141903891
1,25121581361238E-06
1,41762566990424E-17
2,89443025948624E-13
-4,50524398723996E-14
5,01467802783304E-09
2,33766719632602E-13
-2,8821152378194E-11
-2,01508338417069E-11
2,27220269263998E-09
-4,63867894726904E-09
-2,59102501649324E-09
-1,04267150047664E-08
-7,89348772403538E-05
3,7404922035584E-06
-7,30999719274685E-05
-9,70362136260691E-10
3,30248700962023E-09
-1,02403736832322E-06
-2,7758718840243E-08
2,02746463348139E-09
5,6323407487518E-06
1,04626273494107E-06
-2,59314330921562E-09
2,2063352646991E-07
4,01201401097717E-08
3,61246315967303E-09
-0,000379750746269286
5,97568517424962E-08
-1,0893305894657E-06
-2,32982160159315E-07
2,3324731696995E-06
1,81238923118941E-06
6,19038282503916E-08
-3,00513577519835E-05
6,67033966373169E-08
7,74413603928864E-06
-5,05126591596685E-07
5,54839425791126E-08
-0,00029189281052614
6,00982307476272E-06
1,40808029818877E-05
-4,08621813929952E-06
-1,44282778601459E-05
-0,00485783383664984
-0,000407853705000287
4,89776994511025E-06
2,19432781369451E-07
0,000354477925780864
-0,002745800009986
-1,19633170235972E-05
-0,000172691158855206
-2,02697160815041E-06
-2,16028538739395E-05
3,9952099116429E-05
0,000126522465639361
-0,00411869332398936
-0,0268751982506749
-0,2546001068366
0,00763531156486312
-0,427860628084096
0,0065090566293912
-0,340896937059918
-0,653186715838122
0,456485306299365
-2,92910948938317E-06
1,00721772262974E-15
5,48754491190346E-11
-3,06486043988378E-11
1,54996265102127E-08
7,36999946954709E-11
-1,39146777900964E-08
-8,51335388649412E-08
7,46330321287608E-06
-1,21643995610591E-09
-2,51912219804526E-05
-1,03527019111614E-08
-6,85251925616016E-08
-1,86740049521062E-06
2,68372005218903E-09
-1,09800439874716E-09
-9,70654258556833E-09
-1,11507237968523E-06
-2,30361708152602E-06
2,39529614133466E-06
5,17958992568905E-06
5,68877771014652E-09
-1,43582271056549E-06
-2,44486840234272E-07
2,51155654620919E-07
1,18088462088332E-08
-0,0184969455334694
-0,000966012197890196
7,873968658451E-08
0,00123090539351292
-1,84649497603924E-07
0,000589643648653895
1,28695412978682E-06
-0,000654281656641185
-0,00016065310333566
2,77526791734557E-06
1,4317726981576E-06
-1,42646102224073E-06
9,21712679594524E-06
7,1964723531053E-06
0,00335646254195295
0,0556096179284398
6,740710452238E-06
4,98758000401479E-05
3,89939006563305E-05
-0,00734032743474879
0,000110795699971507
0,000886488988116628
-0,000142412935393691
-1,27926408648023E-05
-0,000455398222024473
3,12702707961718E-05
-0,000256101873491329
-7,95953177187769E-05
1,91479551756339E-05
-0,00050751988484298
-0,00293298309481725
-0,0132329085903553
-0,00236696457022259
-0,0517876676176815
0,0214777502918642
0,0616244812001132
0,574634839318129
0,811886894282822
-1,05456463606095E-05
7,89231018919938E-12
2,7340471957436E-12
-2,63498900557936E-10
4,24766200415119E-14
3,89411660382289E-11
-4,75189061241067E-13
-1,39245325245732E-12
1,89886934461904E-10
-3,02861085725373E-07
-2,30635061217134E-12
-4,46059425270891E-08
-3,07189139071066E-06
-8,27463379357736E-05
-2,0948521478273E-09
-0,0119786959125544
-1,00243105129106E-06
3,92491625225702E-08
-2,51525562336817E-07
-2,30656579516087E-08
3,97564006308625E-05
-2,57940818308602E-07
-1,44844922617979E-08
-0,000375021519075077
-2,41661182773324E-08
-1,86374410157312E-08
-2,64716375643042E-07
-0,000235142287111926
-1,1172879208862E-05
2,24065435786514E-06
9,88678413852635E-06
6,8293229613589E-06
1,92989319632315E-08
2,20320970648885E-05
-3,26171045062761E-06
-6,46621779087402E-07
3,93603315142537E-08
-4,36475944560845E-08
1,33786963994746E-06
2,91954119614592E-07
0,00024099153041185
0,00425070629814171
4,3045053577904E-05
-3,79709952183227E-06
0,00010909293972036
0,0543804156664843
8,42543259972736E-05
-0,00993363832947606
-0,00191058967744044
3,4070867049332E-07
-0,000101080636222234
0,0902246580661865
1,69523386034885E-05
6,86971009017764E-06
-0,000130802082643715
-1,87158085537112E-05
-4,41922413174336E-05
2,59803404500252E-05
2,95028048859548E-05
-5,04199985642558E-06
-0,0010126900962598
2,95243167799848E-06
0,00010289063157861
0,00017287960384676
0,994302275285755
