0,999986616356291
-5,91563400027131E-07
5,86204413688658E-06
-0,000246122431689157
-7,54226566414443E-06
-1,2660636485786E-07
-2,63456947119533E-06
3,24435612036732E-06
0,00098207923626418
8,98430852913425E-07
-0,000273449401988468
0,000136315023349404
0,000188156442014828
5,10327734083376E-05
4,69701623453667E-06
-0,000203998330006143
0,00209500055884844
7,29374307972373E-05
0,00131436625291544
0,000582184600005013
1,06727310145288E-05
4,2623288307593E-05
0,000300421100877378
-0,00023981953242181
-0,000170128073361654
-0,000109768427408566
0,000354689810639233
-0,000532425789343334
-0,000237493639636551
0,000460309829438347
0,000622005086838164
-1,39809826586487E-06
-7,27419617234511E-05
0,000265172736550831
5,67996926965712E-05
-0,000713185444873238
0,00119882805316933
0,000466323206673617
-0,00119121402190864
-0,00196074737384089
-0,00011176215558713
-0,000163351324375464
-8,80452484620945E-05
-0,000178490462969438
8,59702177621172E-05
-0,000203210258298929
-0,000155453197120318
0,000241237360265412
-0,000180969369725583
0,00121829619415156
0,00167940988931391
0,00036538884049187
0,000817071997146886
0,000503976099371643
0,000135728782041315
-0,00010038554578353
0,000281130139565702
-0,000273283165929075
-0,000304222635407896
0,00124431243001067
0,00144382928706148
-5,20731886505697E-05
0,000788098898172737
0,000461974706378799
3,62189200315983E-09
0,998756468357085
9,02159925726621E-06
-0,00164930458280416
-5,71060165329676E-05
8,27264194875899E-06
-9,40387752816292E-06
4,26576005069543E-05
0,00278012757906775
0,000724094268033997
0,000233427835786671
0,00173462255541523
0,00236588326408394
0,000889029286466892
0,00577869228263494
-0,00374777268722293
0,00178305973565193
0,00101296590333963
-0,00179511193100977
0,00105783782332609
0,00580913851022066
0,00143616790975343
-0,0223539456802412
0,00708503892552643
0,00632870195771394
-0,000848257423358653
-0,00722940364260175
-0,000287862838351959
-0,00128809524400064
-0,00288546531343185
0,0139180755610304
-0,013536527135052
0,0167620111756342
0,005887532901706
-0,00509694371552339
-0,0122856842652513
-0,0180826348176125
0,00453820371483187
0,00228288727900727
-0,00172705812652101
-0,00460965226999019
-0,00422634867459281
0,000583383417110043
-0,00537585339550311
0,00264837217053193
-0,000923632502794988
0,00549868628888192
0,00227970223060794
-0,0157553504959948
-0,00104465720483904
0,000531978760926225
-0,000816445788296099
0,0032131303951048
0,00113330217080797
0,00349411032762622
-0,0013305594388095
0,00508765715318802
0,00175586295445928
0,0027925157750922
0,00102290755702589
-0,00184133226077915
-0,00751449409226681
-0,000841683604535794
0,00302257383105699
4,57643854601387E-08
4,47881292068646E-06
-0,999889924180916
-0,000964262776854026
-0,00664392333267401
0,00051860072447259
-0,00167946751513379
-0,000418736422248897
0,000956558391673885
0,000139518990803296
-0,0115011879155988
-0,000243752905902024
-6,23331474856907E-05
-1,31382502668806E-05
0,000203986356112836
-0,0012116577884749
-0,00179097446673978
0,00169678594018615
1,46373877453906E-05
-2,92534279007805E-05
-6,19119740708165E-05
0,000162741749035149
-4,91296869401706E-06
0,000995752413982684
-0,00151456616513718
0,00317235968784716
0,000968030705118575
-0,00108016362662392
-7,92111939643078E-05
0,000808058917879553
0,000741517152445201
-0,00223038690861877
-0,000877824923021695
-0,000931228379719312
0,000596837354956939
-0,00171913169455368
0,00131030207444307
-0,000118815293933295
-0,000933789070940769
0,000642418870281117
1,54977351963171E-05
0,000102118459599516
-0,000742407185408457
-0,00021835177794271
0,00016132839101821
-0,000147975720415628
0,000125481800027375
0,000254310294637013
5,45629600720163E-05
0,000109943143411452
7,85663080273772E-05
-6,85040431385369E-06
0,000181527587293356
0,000684930873763282
0,000128250964698404
2,07941095465933E-05
-0,000129663031144813
-4,17011526163554E-05
-1,09108067154883E-05
4,76410645898853E-06
3,58849513395239E-05
-3,77938320762639E-06
-1,44105570834573E-08
1,70239452357704E-08
0,000245161205773496
0,00164976935837621
-0,000607639100270009
0,994417364973077
-0,00356493278268817
0,000557825765699846
-2,86830865676342E-05
9,43107824359663E-05
0,00077542364741531
0,001287975597023
-0,0120969865685359
0,0011490448167268
-0,00404952531818856
0,0142014164375855
5,37388726691675E-05
-0,00481992377815975
-0,0118837260872092
0,0398596465203474
-4,87137618094049E-05
0,0441382493437786
-0,000138047639974442
0,0271427227379058
0,00322390175963018
-0,00215128191340084
-0,00408940196957992
-0,00223497373494631
0,00571584517492627
0,000738739548700727
-0,00334624707279645
0,00793324077553646
-0,00269378467574508
-0,0138959691126347
0,00343279969101412
0,0123277942624911
0,00829277735444984
-0,0102684277456614
0,0173184799424235
-0,00637277947558904
-0,0249869096741048
0,020459813862623
0,0115209817727995
-0,0102465068026457
0,00381263190752844
0,00308721622807766
0,0504836042247283
0,0219950434872309
0,0116022679385947
-0,0163022162424186
0,00253647537542221
-0,00275358193143581
-0,005734084625597
-0,00083512757192931
0,00283432774724645
-0,0188354956025642
0,00177511338425414
-0,00120459669389005
0,00423583072957712
0,00475394364024724
0,00831783790256116
-0,00463347167446171
0,000598636895015339
0,00106913691147094
-0,000136091474777776
-0,00189059739131977
1,04057476829012E-09
1,03730444290977E-05
-0,00616534320922267
0,00239968185185255
0,996250981112818
0,000206830748148807
2,0696246402334E-05
4,34742657875891E-05
0,00431670256586077
0,00133457297161542
-0,0349584913422623
0,000121606326028241
0,00156072992050423
0,00136056349059735
0,0123623739647091
-0,0673631409741046
0,0216984181593553
0,000245339775478326
-0,00264581495285333
0,0154052548196907
-0,00974475717728165
-0,0040081842020452
0,00735688041278259
-0,0029754105993836
-0,00124080732917681
0,000557192116700832
0,00217905068548067
-0,00357727968990055
-0,000280419921084827
-0,00403400671605667
0,00517972912010393
-0,00610249073880067
-0,00509913374335958
-0,00407616379397441
-0,00598412240188693
0,00997614634812011
-0,00437878873146222
-0,00298305929653628
0,000834931609379924
0,00904069143931735
0,00289161659608625
0,00342551931765533
-0,00137130240905587
0,00340711425828746
-0,00107798143743221
0,000631339873423471
0,00197001290149607
0,00127400399466519
0,00272486811613097
-0,00579111383566928
-0,00677976480556206
-0,00127826472541444
-0,00382170368887394
-0,00269961850408442
-0,00064223828232578
0,000367755273049226
-0,00104543680732997
0,00110939478886062
0,00125270357916427
-0,0046817612282815
-0,00591387312115418
-0,000190865470382133
-0,00307364090044197
-0,00182651496478889
8,43581108688758E-13
4,91805160651518E-07
-0,000217278313744012
0,000345260621409071
0,000168023987350967
-0,993348563032069
-0,00316839981864666
0,000999019805402153
8,20028782392075E-05
0,0465274591929257
0,000654325049549756
0,000904472526909975
-0,00295120318576026
0,0117368653194619
0,00010248817989894
-0,00193184591751836
0,000701122232484203
-0,000310703353064035
0,0017497728295493
-0,00385357412006479
0,000405443787208415
0,00594733635887717
-0,00187547431643679
0,00188621409173756
-0,00937643309991298
0,068998044435484
0,0142722911205087
-0,00117996167969762
0,0143494110784316
-0,00384032785985633
0,00979692372089053
-0,000552482366440343
0,000464783212515996
-0,00603474077411027
0,00688924434309036
-0,0137169208449719
0,00254572567828618
-0,00100295266156845
0,00283619007100849
0,0092776482182105
0,00693433914463777
-0,000978552696496961
0,00205268916681582
0,00295739741179764
-0,0217908301191553
0,0178076906846117
0,0118307664162038
-0,036504816680359
-0,00312492774974844
0,0295188948148226
-0,0219832645087573
-0,00462334609326641
0,0190120415434746
0,0189786795454174
-0,00918274157434603
0,0228555728412586
0,00833240410829681
0,00205923355730648
-0,00232164459426862
0,000169599687432643
0,00159222567009253
-0,000818553690248577
0,00134051195490818
0,00087294497356919
6,04083672227553E-12
3,69488624914363E-08
-0,00166099899551262
-8,35036051983002E-07
-3,49218036135287E-05
-0,00140169218085375
0,953890313989052
0,289215742964331
0,000142081747207794
-0,00108364982810527
-0,000121343132096866
0,000248653066972084
0,000441052133696985
-4,54478793383147E-05
-0,000877911805370406
0,00202109935681186
0,00500248015272195
0,00227998439486692
-0,000322572828631501
0,000559533426793789
-0,00186037932054519
-0,0017696350495668
0,00075603009033978
0,00261903959364985
0,000329671832247005
0,0158488581373961
0,00386665141747834
-0,00480467534037468
0,000281669540862312
-0,00744455022735719
-0,00918914238443606
-0,00642401623997746
0,0135969632282912
-0,00840648971635522
0,00350768648999607
-0,000145386853087847
0,00513774176476368
0,00230786809882876
-0,00747350568596469
0,00391554009992061
0,006446991632749
-0,0110342985763886
0,00179494145760906
-0,00937506977361532
-0,0112184448469155
0,0100969932132421
-0,00152041016890631
-0,00139379526150125
-0,0051100997187553
-0,0132342067190688
0,0189807503340153
0,00880303668045607
0,00297824805519646
-0,00436657163053392
-0,0299845063627164
0,0168019298342893
-0,0162321067093796
-0,00445877103401751
-0,0146875392019249
-0,0209692625138916
0,0103666876559475
-0,036719030543806
0,000828157811048541
-0,0286432003818967
5,31736401056528E-12
7,22390127522721E-07
-3,62522652973875E-05
1,47172811566517E-05
3,17936427306683E-07
-0,000706842932268634
0,288515347776226
-0,948826936076489
0,00151918856634724
0,00893968998029995
-0,00203343348048623
0,00603353244509523
0,00532110179871374
0,00396076743960697
0,000617180029166173
0,00176587174449109
0,00888313831131118
0,0164020557940841
-0,000237338057418693
-0,0104421920396962
0,00455184788245969
-0,000550057708541847
-0,00650611484819523
0,00252597366613593
0,00651541964220234
0,0147727286508777
0,00444995712353859
-0,00743257927206364
0,00107173473935417
-0,0406896334299446
-0,0272754013875651
-0,0167509058823805
-0,0115588529054924
0,0276756629802828
-0,0111569218132353
-0,00386193352720089
0,00338615080108002
-0,0587765520539723
0,00744330980232348
-0,0264710660260725
-0,000296876698839389
0,0100488378989967
-0,000470743900935911
-0,0125915812247207
0,0028580807203929
0,000448847139896069
-0,00239241953875176
0,00895156335738273
0,00389150577515407
0,00661274948609362
-0,0117242874650823
-0,00534798891351369
-0,000364754549530979
-0,00721068056855423
0,0389036156556942
0,0333253821435442
-0,00133540732449183
-0,0561795909303417
0,0330026984747815
-0,00143768144439036
0,00182391406698105
0,000223984484599992
0,000352276465619687
-0,00163231984974779
7,80214322803731E-07
0,000156605782517322
-3,92154364584421E-05
1,035745148396E-05
0,000223737736979256
-2,35045075312623E-06
0,000135656901554598
-0,000643205926758793
-0,975680530462794
0,000993790118303231
-0,080168022137499
0,0173752166332204
0,0172954837418269
0,0106812145252606
0,0131530157410144
-0,0177477589333933
0,109680192915306
-0,00126016248691872
0,0560968583925481
0,0257760662664642
0,0134251136315379
0,0102297127434291
-0,0263419234662592
0,00490996749677364
0,00203991369028624
-0,00103628814034198
-0,00382288671152074
-0,00143220225836873
-0,011351766654761
0,0179469640221952
0,027796812757715
-0,0127828067328034
0,0186565844183085
0,010464553047475
-0,0314941628402912
-0,043447490940391
0,0193880785249819
0,0163365996837297
-0,0489616278664685
-0,0647126327236209
-0,0157003408317096
-0,00164974543423683
-0,00278217696951388
-0,00812777289336704
0,00521894904082499
-0,00679564615286531
0,000331602401769473
0,00526587184429421
0,00289194625244988
0,0405544567721909
0,0575874354430413
0,0128559365999751
0,02659119296538
0,016715585494342
0,00265670021745899
-0,00242186593907922
0,00641709129965104
-0,00991996261628307
-0,0109886149695758
0,038556541331308
0,0490087461204458
0,000732073477439445
0,0256331681647496
0,0152309897426708
1,33626432871444E-13
3,55831827079486E-05
-9,58733006018508E-06
3,17202477300433E-05
0,00014358618194163
-0,0473771996749951
0,001396827850082
-0,00892079952226165
-0,000349202316805124
-0,980910957491916
-0,0126815397888764
-0,000397701146106229
0,000590497812461736
-0,00256001911021376
-0,000271204547264987
-0,00269840245075175
-0,014301967820099
0,0473693018772267
-0,00334510137540766
0,0761177072833505
0,000782379740132222
-0,133389453890383
-0,0149526142127934
0,0593063309846898
-0,0217812757383436
-0,0067805839515166
0,00267804096913853
0,0012528481896475
0,0022757246054265
-0,00885361889426798
-0,00144657259998365
0,0412384452558611
0,0335660536895422
0,0233032521367292
0,00632746898535818
0,000847406865711353
0,00160508290999479
0,00296642805004212
0,00317069417284308
-0,000581022060823949
-0,0115546291202028
0,00183935217769377
-0,00308560288288262
-0,00684569852918702
0,00184005781234316
-0,00243965287391284
-0,00501095581689696
-0,00153144428108337
0,00303716964935773
0,000903289827637454
-0,00407155874674896
0,000212903431383776
0,000401676271554757
-0,00627554848526834
-0,00366364766154623
0,00298598473298654
-0,00489833208435322
-0,00962080803344786
-0,0152336397721859
0,0067838844959463
-0,0108649459872141
-0,00748063595841908
0,00131711286685897
0,0242458304189921
1,31321318625717E-07
6,19220161270814E-07
-0,010542365973044
0,000886995541545026
0,0333591091912275
2,20129879661992E-05
-5,12964268526777E-05
-0,000322386437586388
-0,0621078458086452
-0,00582358200486395
0,932756777968577
0,0318754337601928
0,0259033213157307
-0,00609722285899465
-0,0176843161086591
0,0340440041205823
0,0306803277107776
0,208547949535485
0,167730031460139
0,0623410445853556
0,0207763843844823
0,00261617090325966
-0,0128361566119028
-0,0596923503612426
-0,0179657822182859
-0,00923627375280296
-0,00703821971327865
0,0374289940544907
-0,0125378379316045
0,0349920267185445
0,011931882327197
-0,0902862008249606
-0,0379411149551748
-0,0530667325704514
-0,01375602594056
-0,0176735026960727
0,0105180605034523
-0,00713089677923342
0,0285594384639878
0,011722107877852
0,0408761239874942
-0,00402446171825481
-0,0122536059553037
0,00771229202057066
-0,00479097560811843
-0,00637279535003538
0,0144959854635202
0,00501977616028629
-0,00552756345603568
-0,0222445983974825
-0,0151519726441359
0,00228594739091259
0,00396317106817051
-0,0216958324547802
-0,009001020538469
0,0123585475392765
-0,00199553746208803
-0,0464666048379912
-0,0864039908842421
0,0803079079392259
-0,056112962296441
0,00598767731556237
0,0243624437478051
-0,00974522799678743
5,13238868087459E-12
2,16630565517877E-07
-5,99863499031512E-08
5,03797753648679E-05
3,05817698704681E-08
-8,59089630478099E-06
4,95034927054011E-05
-0,000288890501736753
-0,00155135821789727
4,49641446619057E-05
0,009054411905154
-0,692177822937962
0,673814397634209
0,249537235824584
-0,0567926904512596
0,00535188090508936
-0,012046343056005
-0,0144082204865267
-0,00659379246387774
0,00953691531495062
-0,0029921263876501
-0,000617782556887226
0,00902474244825479
-0,00427246274543759
-0,00828549438825821
-0,000808086305610452
-0,000684034592495409
0,000134931012147059
-4,89615937172793E-05
-0,00146249878316422
0,000647299391232457
0,000153620583773608
-0,000498440723618061
-4,51051375729735E-05
0,000335271706401262
-0,000632193620369065
-0,00173576446034921
0,00186060881992071
0,00229763549927169
0,00502635944816311
0,00205907791721292
0,00293693890337504
0,00539886455621232
-0,00399041787220628
0,00291193160482658
-0,00379670858484164
-0,00112612648096813
0,00327692564242744
0,00277340838125816
-0,00443802111450386
0,00459729920710902
-0,0198282311333169
0,00360263238502113
-0,000685537714553641
-0,000938996603466202
0,00114980715933439
-0,000135290255751825
0,000310502501648876
0,00018337066785198
7,02089366412142E-05
-1,72334269610965E-05
7,52275746633027E-06
-2,41688628364231E-08
7,4934816034049E-08
8,39073093398303E-08
5,85513611177402E-05
-3,31585107988819E-06
3,83506741980316E-07
1,62085692012636E-05
-1,73772987418964E-05
0,000394323289923882
-0,00204526218249896
-0,011201862910351
1,57033623822815E-05
0,0199294788257955
-0,670689511181426
-0,622520326375364
-0,121216043226293
0,162244695901561
-0,0105218029673285
0,0592274966172163
0,1133098394506
0,0621219451434434
-0,0683465372487665
-0,000325464886720776
-0,00356141242782485
-0,0328951091064457
0,0612153998230171
0,152497069353089
0,0102694188670462
0,0182518705811194
-0,0233385273516288
-0,00420206809239429
-0,0486024248574845
-0,0554681769743324
-0,0296930652241753
0,0475440326454422
-0,0654306192210635
0,026616778836689
0,0824234731846821
0,00258579243889764
-0,0115618144482526
-0,0610741491322142
0,0130213838286661
-0,0586479465211668
-0,0239221821696063
0,00890222080363613
-0,0422152788428525
-0,0125410472502198
0,0106971256829372
0,0186983225777102
-0,0777378016726569
-0,0104593151793078
-0,0536147027289263
0,0606263358471416
0,0205754919369894
0,0894303712266611
0,0603017801921084
0,0529375584786703
-0,048244296194981
-0,0231348646973967
-0,0199478292310634
0,0195957739001966
0,0287332511072199
-0,00771882622049972
0,0572990184291064
-0,00595325884155351
0,0265330197527966
2,20401192339553E-08
1,2390071828688E-05
-7,02231197444634E-06
0,017519878767448
-9,04086062223618E-05
-0,00139903944472785
9,42900899579911E-05
-0,000629162701684701
-0,00192889059569855
0,00101426107622455
-0,00508656720555894
-0,0753782143451657
0,266597259849463
-0,9151861750782
0,0162567230929729
-0,0134155396867422
0,0254804570880793
-0,0101595040113859
-0,0104373025263242
-0,0264544109131764
0,0284838885483337
-0,00268852227681593
-0,00979946586141513
0,0141433287049077
-0,00512609185776375
0,026600119662425
-0,0453310998601349
0,00842521090562544
0,0261614636639733
0,0349091972629576
-0,0362279351106642
0,00741537576991572
-0,00161141391034913
0,013294897457687
-0,0483693325945795
0,0243390687192106
-0,0156673858645655
-0,0757608600115474
-0,00975070265225814
-0,0294551402650942
-0,0550108466703058
-0,0859547020553557
-0,129778457205656
0,103868438935245
-0,0570211081084255
0,0725414948783054
0,0140098572104849
-0,0564430527892278
-0,0298088607473071
0,0547566090366915
-0,0327202823799157
-0,0460225231299554
0,0270712498948878
0,0262278028830942
-0,0393532836903569
0,0568183841522372
-0,00215941515209967
0,0421953766399803
0,00333897455080804
0,0309334089999209
-0,00304702887579257
-0,00117455187785491
0,00190919989118794
0,00683758527291404
8,07769094435395E-12
7,68385768933761E-05
-3,88145853104719E-08
-8,37293568186625E-07
6,78086714852366E-06
-2,01312204910822E-07
8,62897704035913E-05
-0,000537668929200375
-0,00366255742548096
4,83448149387365E-05
0,000601599910578274
-0,0681870288847339
-0,125368924006154
-0,0416273639832249
-0,91039465825632
-0,20428196674645
0,0132088969176243
-0,0192823387789319
-0,0163589536323239
0,00239580342449513
0,0627385151479882
0,0274434149651503
-0,188711923804248
0,0295327641337729
0,0483210901700328
-0,0114876734515538
0,0296457329329999
-8,2624329024113E-05
-0,00980199625967489
0,0142238969177451
0,0245216456516246
0,00272829717478432
-0,00338355732489071
0,00734199533467352
0,0058154622228836
-0,0246199590681188
0,0527826174278561
0,0290097501099449
-0,0488229269884911
-0,138381097681768
-0,0128310066121527
-0,0184117437209438
0,0370982223533073
-0,00343096337988213
-0,0283288035349922
0,0168281492869783
0,0186937117159945
-0,0482576811682426
0,00213831971347008
-0,108351198171135
-0,0735595978739259
-0,0103351489464779
-0,0224138488384155
0,0144122951686933
-0,000906871520880735
0,00047664208340255
0,00285955880972512
-0,00356314940755587
-0,00795999896865059
0,00513675957477225
-0,0204461662731324
0,0097895075797039
-0,103913624605035
-0,0131484660721867
3,3797853157044E-07
7,76777786999412E-05
-0,000217973373639485
0,000127200386127931
0,0757777544178855
-0,000177234461570949
7,46520586504538E-06
-3,55081130931338E-05
-0,0184554377592435
0,000793624959787376
-0,0319255106366583
-0,0152334649895492
-0,0271558948124228
-0,0216140385323449
-0,150738706418097
0,840541091759281
-0,354580533677264
0,0656748835474755
-0,0253329644011674
-0,0626718515014016
0,124997472424639
0,0334635335107628
-0,103522359726618
0,0341141281499156
0,0316892118905216
-0,00231653947169583
-0,0385079328197734
0,0130993038089501
0,00791034340477833
0,0739876388886874
-0,0617146550393094
0,00346180364617325
-0,00618168503217581
0,00611941192227937
0,0667391159705731
-0,135036946690171
0,0512997237489507
0,0401521755863429
-0,0151399227529819
-0,126828379603259
-0,0318712696989467
-0,0514035807225902
0,0254590037815387
-0,0449321046944347
0,0125021871405483
-0,00701238570038814
-0,0191405357656164
-0,0137145235731028
-0,043267539916923
0,0803385863274515
0,0949999291586045
0,0185353218153659
0,0544751994386537
0,0356813996421079
0,00789019302457125
-0,00437694472630254
0,0136812269530846
-0,015530616420477
-0,0173225837830731
0,0657782146923616
0,0832899062578283
0,00268522600211787
0,0433907909286058
0,0257851628500039
0,00274715152189202
2,44626632550665E-06
-6,239823539869E-05
-0,000107062140129982
0,000454260646631397
-2,76264026350534E-07
0,000945833292794162
-0,000982811351337153
-0,125056670250135
-0,000410196831759564
0,122878241348747
-0,00909343744838663
-0,0153088079508837
-0,00799409188111589
0,0590553686585482
-0,300578450846813
-0,711450897664882
0,0122875815361472
-0,475935561523166
-0,195295639984343
-0,0757984115603061
-0,000337961125204214
0,0126755940633791
0,0704965836624421
0,0293620529863191
0,0169788967110955
-0,066386145767787
0,21013577921196
-0,00191245582416593
-0,0993378995749128
-0,075357744318383
-0,0748309560545089
0,0596359412213251
-0,0375260400471875
0,00329148673228446
0,0177268534973571
0,0317916314971358
-0,00876043191827347
0,0318334846421554
0,0271294421383718
-0,0505976441466249
-0,00208376730726142
0,0127209899486408
-0,0241926625596816
-0,0107753867788627
0,0177251807565403
0,0429064717971046
-0,00862878953924292
0,0617604102498382
-0,0114807843078101
0,00299934633847371
0,00650162075043092
-0,0161088139290947
-0,00270637781078174
-0,0214667946293944
0,00909202581745918
-0,0315467321375695
-0,00471262976368954
-0,00573096615297105
-0,0360575206204248
0,00944938690663672
0,0349191849982199
-0,0083314131537265
-0,00264134818349734
1,45421459508742E-05
5,40680958668524E-05
-0,00307340521540363
0,0615733273958695
0,0180632086163843
3,5862960408833E-05
-1,5062154526735E-05
-9,36592737589872E-05
-0,00775641900779444
-0,0172189739296601
0,166713165958556
0,00608992630829826
-0,00486960375726375
0,0296826356482465
-0,00604455085407524
0,0564978719823277
0,169979991285227
-0,463169759174309
0,0383400800095718
-0,680906222067373
-0,00942840242986798
-0,212809545335317
0,00279159433678008
0,34910396855925
-0,176497378137746
-0,0549245919063898
0,0627984601214857
-0,0264985146215153
-0,0195379110191625
0,0187195594895279
-0,0219022251606407
0,0494818293079732
0,0652258948726643
0,110323432857345
0,0346764370681573
0,0152527046546632
-0,0245580118431028
0,00761854804562066
-0,00711492485374872
-0,00283123663971688
-0,0492645131755872
-0,00437565576162136
0,0764274870771541
0,0224028279333413
-0,0465928005661374
0,0564437993159986
-0,0158345013160214
0,0603452903802526
0,0168078804505844
0,0180833559505803
0,0140552414860474
0,00474748692811493
-0,00848498623782504
0,062512738792809
-0,00152776383841105
-0,00108936341025575
-0,0135065360779049
-0,0191869984981388
-0,0349392239871817
0,024703638400909
-0,0154482779704071
-0,0116048385928186
0,00228841778930062
0,0332523978087268
5,73454058715636E-08
0,00103187399473366
-1,66363628545884E-06
0,00361132934331136
-9,746992925761E-06
1,71292129072319E-06
0,00117761712014185
-0,00238946689617732
-0,00414511187604281
5,33398125233963E-05
0,00711588690173219
-0,0175814841282821
-0,0242433638522844
-0,0123984658307547
0,036116154169133
-0,133246882325251
-0,429874179510581
-0,49532279056964
0,593678794035938
0,261140524951212
0,29030776289429
0,00156106651283207
0,0787986732761698
0,0288467549191111
0,0516935132196452
0,00491001137408008
0,0219843448850221
-0,058017677643192
6,30447854359243E-05
-0,0544487793422315
-0,0696710276477284
-0,0501264790410333
0,0538318999024406
-0,0166174607950401
-0,00115454109590025
0,0166543148273582
0,000784239994949796
-0,104887627123914
-0,00524122215634252
-0,0255310517018225
-0,00645652085903716
0,024198222172388
0,0187002948460812
-0,0429025722468802
-0,0293155219300531
0,0370365184780262
-0,00599271743252244
0,00972896776938584
-0,00298499785700778
-0,00908096514604439
0,0143768332131362
0,00543528321264122
0,00219525521162971
0,0071469481256283
-0,00367339898543688
0,00301638429128717
-0,00296222349291807
0,00364019961641122
0,00133445293614041
0,00843932480787051
-0,00137786492665788
0,000374285195200484
4,30714315815151E-07
3,44623361468178E-07
4,55515495391389E-08
2,34892244363696E-07
-0,00381377187409396
0,000622713948455201
0,00479928267756185
-1,01352070342618E-05
0,000290178215984799
-0,00192000148566874
-0,0101291870978844
-0,00216971589558246
0,199677513628379
-0,0221706520507158
-0,0375501402176742
-0,00861677306447682
0,00436392114012054
0,128802280692893
0,179701181458021
-0,500781690702882
-0,44594906285616
0,404309820061348
-0,0210812750397293
0,0709734242608201
0,0335689123314764
0,131892909182299
0,164471138123973
0,0825288426425997
0,0332893133852578
0,0135847338563269
0,0695803253045107
-0,10832256882776
-0,00337566833367627
0,049300510541372
-0,163128378552811
0,0628082363392268
0,0120801492192902
0,117839448828332
-0,0505114077330078
0,0245374320712033
-0,209362459439724
-0,0699323883541618
-0,163471110152009
-0,0218443158760354
0,0544926720411685
-0,0705287256740687
0,1053768044151
-0,0659454986902094
0,0100165296450077
-0,0986664081530946
-0,0796288455023378
0,0999539777235358
0,0618603001388499
-0,0058232616672913
-0,000986571268203922
-0,0848587191811303
-0,00907607690802784
0,0082870517855404
-0,0251130013238112
0,00660383405635303
0,0525005455731971
-0,100721499059328
-0,117369583901673
0,0227741096469144
0,0729171766324934
-0,0133725111643736
3,01108320598513E-12
4,53279219175489E-05
-3,41740686359915E-08
2,26215437052346E-05
1,04842932628867E-05
-2,55859946912209E-06
0,00022121589685971
-0,00124782613842556
-0,00165757567767643
6,54418373854821E-05
-0,00020763141285522
-0,00429020754617133
-0,00448080257504997
-0,0163846163703701
-0,0257992203629259
0,0408959297609768
-0,102013152413519
-0,128068509108581
0,238042392168804
0,0901752983247307
-0,890490925497968
0,050089073076045
-0,222160024890227
0,0627277419189887
0,0149269614556376
0,036544657040659
-0,121384012532536
0,0208071503921938
-0,0154646985186573
0,0764660159401672
-0,083939764747875
0,0321563139717432
-0,0239917889908344
-0,0133458366542192
-0,00501813900004028
-0,0581120319342552
-0,00634802161278058
-0,0841879937390061
0,0344017681351315
-0,0279399044578189
-0,0268315833422157
0,0181293716830877
0,0110494804829516
-0,0368233361272306
0,0243522380772945
0,0372314781500588
-0,0432470609486513
0,000818287509263635
-0,0780777597029029
-0,00238518205655451
-0,00257739384590939
-0,00633036483297487
0,0110088316093869
0,00413737036221773
0,00930864820886997
-0,00379785350699718
0,00691082304706186
0,000280542088360348
-0,00456502446517456
-0,000866469859866688
0,000249261986610268
0,000253506361744358
-2,61237632295807E-07
1,26426602699738E-06
8,33694360923127E-10
0,00380258606626946
-4,13215822852719E-05
0,000647296147117591
0,003293694453547
-0,00173175454133325
0,000311216631259819
-0,00082981555602697
-0,000371916668655145
-0,18690291574528
0,0152638066041676
0,00089276977106437
-0,000281729936533585
0,00524466659052621
0,00109106303987679
0,00889204703907048
0,053671655393879
-0,193526409481484
0,0219663519359871
-0,340173395236363
-0,00315182657182721
0,700874837332081
0,0755375526847334
-0,321543434803928
0,119022888633443
0,0333523771264008
-0,0161559953335684
-0,00483078952688548
0,00146207516683298
0,0488052352220693
0,00923713519410482
-0,243920275155678
-0,212553902500766
-0,147851317405387
-0,038715225622803
0,00709316955162366
-0,0168558148048901
-0,0118151030095148
-0,0369580066007989
0,00533077641741494
0,0609337001166098
-0,0188543264225058
0,0200950135737573
0,0160151568405132
-0,0055840772877622
0,0128253634795912
0,027600247665488
0,025022950537448
-0,0183424787174441
0,00254124296599341
0,00640514321676888
-0,000427079116197435
0,000114887902996843
0,0313588021812036
0,0152712151783452
-0,00981138306053083
0,0403814794988008
0,0671992137563855
0,0993341303303745
-0,0414550363908847
0,0796738133092849
0,0487396913494683
-0,00864878244129541
-0,159232746348021
7,52748861100314E-12
0,000186756960985403
-2,17854913963521E-07
-1,8707084974647E-06
1,57597529989449E-05
-6,86598559243267E-06
0,00250116217994075
-0,0110020229531536
-0,00548605117473861
0,000111540502867229
0,00165096479479556
-0,0697792175722508
-0,0931253953928122
-0,0252109334242192
-0,187154868234492
0,00337020749115203
0,00239471328546009
-0,00517409169203015
-0,00412104157913229
0,012402781067429
-0,089346326269527
-0,080632038277581
0,652426912114998
-0,103581278894392
-0,19223852975712
0,054735978254715
-0,211802677829514
0,0284579155898933
-0,00845344733908504
0,0723163081384927
-0,0713038174196482
-0,0489736283744385
0,101066035152284
0,00214812991355205
-0,195970322920902
-0,327299925375039
-0,385198500514358
0,0526623404929435
0,0404728453276012
0,0667020560196753
-0,137416821402474
-0,0955796445345869
0,0690891127456806
-0,102329514446396
0,11908463706457
-0,0640717917580513
-0,0643355294891057
-0,0300244108333357
-0,112788016601968
0,063277145632675
0,0353139298797199
0,00234708614526957
0,0253798228247464
-0,00429730287762417
0,00340825722219361
0,00880177878899492
0,0116221842376985
0,00388696266951857
0,000177224752824365
-0,00604409606645549
0,00838428745624706
-0,0258842012573752
0,0435878842634724
-0,002744749536738
1,56320203563948E-07
2,23257729681754E-07
-5,45334030959549E-05
6,09379029740191E-06
0,00038406298009123
2,14451041817495E-07
3,36366262745122E-05
-6,07339588672689E-05
-0,0286363538786815
-0,000421002611278205
0,081886711324228
0,00227052376330318
0,00124839158627639
-0,00179747683299237
0,0103874505612701
-0,0688029490645403
-0,169094451514595
0,0502546553109419
-0,11491576582607
-0,0511253880853096
-0,0301335742348851
0,0167685009954396
0,0138511344149924
-0,00674738893480184
0,0518749734133924
0,00961312434120045
-0,14046427071071
-0,883086048393986
0,061110586369051
0,068803838696967
0,0545591520362597
0,184753301476641
0,00266981245070009
0,0825536657502135
0,00757298398734215
-0,00825420922812769
-0,0482647530012659
-0,0249413584903736
-0,152081442002896
0,0129143531066467
0,159123230235119
-0,0432905826554902
0,0414436994265348
0,0443791169662206
-0,0403773450517308
-0,0760344913248322
-0,0576365900132057
0,0256731353111898
-0,0820766786996601
0,0220013262792969
-0,0207122495685841
-0,00714404451012717
-0,00636647921065158
0,0125723995389906
-0,00381155733239913
-0,00120972081735536
-0,032516865074062
0,0242527279212567
0,0529114725326008
-0,0153356799670859
0,0253175350262578
0,0499878113740691
-0,0107516921362632
0,00215196218688387
1,61979832102221E-12
3,63103944116097E-07
-0,00399556467143968
2,71026724639285E-05
-4,53116517895396E-05
-0,0752108059922349
0,0205153129439474
-0,00359963664171725
-0,00018473286545827
0,0041039425374313
7,39964601987302E-05
-0,000354211842116476
5,80160373372116E-05
-0,00307149715012135
-0,00036857101916058
0,00348748724911718
0,00428937909163599
-0,0188383212197232
-0,0163491138083083
0,0153987969837845
-0,0151952131262423
-0,0122178954547757
0,0414192202203154
-0,0541090293749268
0,140540428521927
-0,917047908378968
-0,171846035728788
0,0241379355357563
-0,022577574243805
0,068664032762925
-0,124659352403737
-0,0273101441735319
-0,0268493614766331
0,116691079002983
-0,11490113721583
0,153844739393251
-0,028286671692003
0,00491723025336271
0,0273903545004881
-0,0714877583623662
0,00623332382401692
0,0179102195728099
-0,0115311926362225
-0,00441473467783618
0,052415938668344
-0,0429043750215349
0,00586131231887708
-0,0543150252219668
-0,0363238745946497
0,0211071338649438
0,0368933035590563
-0,0132818900104202
-0,0692237606388514
-0,00813856497667049
-0,0211530641141132
-0,011218846920746
0,0143517221530133
0,0133814607802617
0,0146489291456104
0,00620199652962995
-0,00356781347229804
0,0122164710414164
-0,000271762112597747
0,00943574033586834
4,29213165515444E-10
1,35227724685014E-06
-1,36161942463339E-05
0,000338014401449602
3,14989649570255E-05
3,05345102895587E-07
4,79367118494651E-06
-3,26703794698928E-05
-0,00064715093633648
-0,000259863081499172
0,00258186372179337
-0,000743680174607469
-0,00176381713943167
0,00107328904217098
0,000354380288787071
0,00573304782719914
0,00467829022799221
-0,0656960068730297
-0,0210473271768053
-0,0446730790972225
-0,0116471479357419
-0,298322150477126
-0,0750047853475457
-0,487170965860753
0,20799645176383
0,100702546044247
-0,0236262233951083
0,012825788793343
-0,00701488441536562
0,249806060405376
-0,0653749480922422
-0,235893741581899
0,110446873499192
0,265081491199042
0,0925779262356951
0,0656114929525807
0,113924750690701
-0,0444140779244839
-0,188137618409986
0,1459136217925
-0,247565982135889
0,0292913264615624
0,218659511619239
0,0808678048727202
0,0452498793244889
0,0315616144851749
-0,032154038112333
0,118868246809888
0,000563156131846813
0,179944813467048
-0,143461181474658
-0,0855058117922439
-0,100121063100194
0,206166141147894
0,0219079494777399
-0,131088508547218
-0,170540390754781
-0,0554178641225462
-0,0565794402780777
-0,0142698667291443
-0,0190372487860563
-0,0895960435207764
-0,0375693212795639
-0,0841079026050423
8,43587523370568E-12
1,52553657975813E-07
-2,47099794643047E-07
6,64471074656014E-07
1,58712342180982E-06
-1,49427823467277E-06
5,12405693168881E-05
-0,000223375812726753
-0,000897220997504069
-3,97931491596345E-05
0,00438542532913406
-0,0668340051223627
-0,0669391540032804
-0,0135204855463229
0,0291925012484635
0,00199522779557293
0,00426544075740003
-0,0469099068164024
-0,0445299937392118
0,0393104971423934
0,0138704621168785
0,0155048740678305
-0,203103343281629
-0,244797929498731
-0,562274860407494
-0,0900777840803649
0,0214768713610301
-0,0869497513278026
0,116052628493078
-0,177947628914214
-0,181036847757824
-0,101140012067494
0,157617905224169
-0,147197873113037
0,00926352648945395
-0,0306847391291676
0,00890900019603167
0,0235032759244215
0,0170190316552665
-0,303610067252197
-0,0186358023464767
0,0772110087707041
0,0810632429687561
0,146399547294172
0,0472957155638556
-0,0249578306633277
-0,000193074430889998
0,0799954114772608
0,0312070214935405
0,16717868898202
-0,119210950871212
0,00190146768642578
0,203536935296935
-0,114351400408491
-0,16322574905466
-0,201277683791258
-0,0276787647003852
0,0409147808590087
0,0766819639903931
-0,196536030685738
-0,228207420514509
0,0133815778098516
0,114858924995046
-0,0284084242653627
6,3180718249469E-08
0,0185495427138634
-3,49861899451249E-06
-6,55380459980055E-05
0,00116817336029281
-4,86512615628105E-06
0,000114541061833515
-0,000669119436233742
-0,0237256608673911
0,000383051816227156
-0,00486232510750215
-0,0332533324087333
-0,0453977644354668
-0,0243103724430265
-0,130102777577802
0,203036606934916
-0,100654817171306
8,34569558623669E-05
0,0389102471859417
-0,00390861466835621
-0,2190816793157
-0,0599969791625536
0,36172805744015
-0,0975958609488163
-0,113315547413545
-0,0170188169439003
0,200268212029468
-0,010173942042274
0,0667615811495969
-0,228326662674596
0,369928751550517
-0,0593677358871693
0,0772411562295156
0,0699613617305403
-0,275631355727448
0,376614736004024
0,162000833221189
-0,0530966132186666
-0,237447642429507
0,0434657208116966
0,103813913460392
0,201551855199015
-0,137466386645813
0,151747107914672
-0,0981475233014704
0,0298487455064653
0,110981221652594
0,051799300768961
0,212825609562647
-0,0144036103919123
-0,00212664781015136
0,00372111029647288
-0,0386993708141087
-0,0237266370477118
-0,0230131638959149
0,00914892857175255
-0,0111743171696258
-0,00232068275306289
-0,00554115336229861
-0,00390460076827374
0,000546493898553791
-0,00105679298606069
1,74977725644951E-06
-7,6004614060754E-06
8,81295990049491E-08
2,73251098744816E-06
-4,99540880988128E-07
2,12951834525958E-05
5,00100389370833E-06
-4,19254970789188E-06
0,00140271738330345
-0,00159425091010574
-0,00630868958434388
-3,16594409030891E-05
0,0125532991197985
-0,152225019483156
-0,145491325563055
-0,0294005042743848
0,0695238325628496
-0,0571919975190608
-0,12968198903297
-0,0685422413537243
0,0127142573321361
0,0109871772372797
0,0568455393718982
0,00728399386879797
-0,142895744357329
-0,109309704531589
-0,248550195256848
-0,0365435015139418
-0,0193809011936596
0,150859172121313
-0,0140225189839752
0,189175149967258
0,353917180952735
0,26693601990572
-0,397342660058208
0,303134134075405
-0,0698129866728358
-0,141903622871687
-0,0700621656352297
0,063901721147029
0,0444687544366661
-0,0614607266181385
0,11194536568582
0,0386488333028238
-0,0169753885103926
0,161820427146242
0,107486798973738
-0,0886595071641372
-0,0426868689607535
0,0682695221607724
-0,0464441347762678
0,0393727302504839
-0,0507320963046043
0,00451332724589677
0,00868339248893118
-0,0589641566875308
0,0872412263445035
0,249374461574804
-0,165225941244668
-0,0631082202461807
-0,0587564121841348
-0,107855684621342
0,0615671312621327
-0,237580757371458
0,00996809156822469
-0,167381774712255
3,16158412752972E-08
0,0368365223260662
-7,59563973789293E-07
-0,00015821409987332
7,23684522995098E-06
9,85538208958638E-07
7,57714090319113E-05
-0,000449749937428909
-0,0577451439552984
0,000600153538820096
-0,00642736175483692
-0,0282575907892887
-0,0391235392586002
-0,010019421193892
-0,0893107746153052
0,00290858602860093
0,0172775343294653
0,00693683363658505
0,016987753051999
0,00672536101132544
-0,0432916019596653
-0,068977828654667
0,391109544707114
-0,0682687873423344
-0,144656304576462
0,0452204085724856
-0,191020671320932
0,0354983995749926
0,029520485645247
0,0495949705494141
-0,315314528583739
0,207688708525709
-0,362237619081451
-0,0410317242269719
0,530058317756943
0,235479849069579
0,337017275513099
-0,0443689861192603
0,0948795882522415
-0,0231162634768696
0,103312558118027
0,0175852627109346
-0,0176976407389424
0,0426878442615032
-0,0471915140778268
0,0255810164470016
0,0114327475308786
0,0336068888547369
0,0255322420893873
0,00231522655793621
-0,0138321161899787
-0,00202659791238926
-0,018457585526575
-0,00615943593166585
-0,0100997485391495
0,00297319356720641
-0,00895268840792466
0,000253532578055857
-0,00302141070503525
-0,00582272999171508
0,00495048602453971
0,0125055987382489
-1,35085900034354E-06
1,82802588199066E-05
3,60156295011256E-12
5,52898640473354E-08
-2,16566639159869E-06
8,35324801868127E-06
0,000192660011197988
-0,000358638662336194
3,07421705863403E-05
-0,000187680497341549
-0,000252099603122387
-0,000130689472567477
0,000165532573065953
-0,00137301057390583
-0,00061621792594724
-0,0066102670296683
-0,00472361352903984
0,0350223138541153
-0,0108264477165312
-0,013623989534958
-0,0173880378264089
0,0085889720165865
0,00816587358972794
-0,00538837600626864
-0,0205851491224208
-0,0436192702436052
-0,0570222902560698
0,0100531893085019
-0,0548896107246645
-0,0590643354335422
-0,878142950437406
-0,106827008931531
0,0275547445854988
0,0426840762785947
0,0122038066455833
-0,139695616640248
0,0364640081545468
0,132977998060366
-0,037722713053081
0,000420176421854605
-0,0835293218445207
0,000456201714132281
-0,0662679772222638
0,0442071505562311
-0,00535630038575775
-0,0213522646876112
0,103964154338897
-0,0736267500515056
-0,0172228161667379
0,00590770591147327
-0,00173715480353078
0,0985636370705664
-0,161174924316677
0,0175741453956124
0,0644170173742968
0,13122298482884
-0,109941881882494
0,221541480328176
0,09615354490506
0,0241672187895129
-0,00586499479525766
-0,0227483066158948
-0,0297754840739196
-0,00388539468747717
-0,00484939692577949
0,0174805869314836
9,37590402192786E-13
0,00135890047215739
-0,00209424953316008
1,0573852022052E-05
0,00726005223731089
-2,17779566952079E-05
-7,0201980719024E-06
-3,85121566124214E-05
-4,68739915517066E-05
-0,0125007819840652
0,00715828246376323
0,000455611604111814
0,00047032702249261
0,000773813305864378
0,0012712909559239
-0,00409181667132849
0,0159539590776093
-0,0393651976110344
0,0103708500811875
-0,0771513013105402
-0,000900370627471976
0,353080218135249
0,0363842486002896
-0,210883135154553
0,0890071421600186
0,0271044625776859
-0,0112080439642007
0,0838768262083393
0,00152262091791906
-0,105612638427616
-0,0592046154855206
0,396632255676801
0,346475576163425
0,216175333069609
0,0596474545376716
0,0154204365449184
0,0204018020267325
-0,00269877612909519
0,00412604495067991
-0,00189765759967827
0,0283235878375034
-0,024414718026839
0,00129847626796128
-0,00553147180400244
0,0204168577074592
-0,0169020618409119
-0,0996236839550784
-0,0615026046139831
0,00687652221311906
-0,0183807784463167
-0,0150294351757551
0,0079756666517256
-0,0042019200236999
-0,104798470312421
-0,0785235362289381
0,0477784145210541
-0,166651317639922
-0,201694251164408
-0,288253780657017
0,110263328227637
-0,223061395818955
-0,129577595378788
0,0250347192745374
0,442420077126902
1,45504335304136E-05
3,9094985288444E-05
-0,00235808032743243
0,0594070561566198
-9,12604929418919E-05
5,31410760897913E-05
9,60716495593119E-06
-0,000180763216985176
-0,00219511436545172
-0,000554546003737239
0,01540206442451
-0,000946171980781051
-0,00817253228090543
0,0153858621360877
-0,00133477324073967
0,0305590690681079
0,036095822848436
-0,140182286877146
-0,0707363789396537
-0,0303261361758591
-0,00598203598740329
-0,255494646373316
-0,0613142205980666
-0,293855922410739
0,232707169436101
0,0905652303998115
-0,15756825443721
0,0346423718336446
0,0722797542661621
-0,160055748280422
0,0463392005698746
0,207599744344641
-0,0816100922467186
-0,298100725707511
-0,169945132421001
0,158529238878649
-0,275980779132818
0,070843103425806
0,281909894809158
-0,312635160405736
0,226207442733651
-0,0810503796918288
-0,0101932280354993
-0,048050360580106
-0,154770692198318
0,0875175251834397
-0,00386926777983339
0,202164879699654
0,0785828291946678
0,0421315333565003
0,0770133066767217
0,0123383280503602
-0,0410671803759338
0,276656585492453
0,0178680773686648
-0,00771492853680754
-0,000708985057813265
-0,0453998726898236
-0,0907665008448112
0,0682768840806635
0,000547538567069165
-0,00478499732047406
-0,000579945397288049
-0,00164608685543676
3,96314342675074E-08
1,06212906488199E-06
-7,64813860551647E-07
9,71182111656507E-06
2,12300970059565E-06
-2,64569224799655E-05
0,0204399424554863
-0,0856527660213333
-0,0020821002067517
0,00136128749961737
0,00392187202875328
-0,00700985176841815
-0,0091112548258439
-0,00172513561230707
0,0101308280425634
-0,024066075361293
-0,0650619252643497
-0,0453137158580625
-0,00438254218386351
0,0159122512349138
0,0254686980294253
0,0158362717272267
-0,027161244136461
-0,0187187963865315
-0,10604400354737
-0,0235280036368058
-0,0236344208712487
0,101490499907001
0,0282609170003804
0,446417296543853
0,336666641084669
0,217357417088782
0,0578599503672674
-0,252222422916335
0,109654523449136
0,173127811375047
-0,0939958120249385
0,0195383029988577
-0,107477163576904
0,124650037358933
-0,0433399759361569
-0,0317322595704499
0,0321542659656453
-0,0378968484568699
0,00732714831273955
0,00448448079033506
0,00499873103379629
-0,132123953206999
-0,0899544068933014
-0,0729456281831594
0,139228746967758
0,0203253950205576
-0,0109093022064414
0,0782442012647755
-0,496603675177435
-0,348106453370782
0,149209064182956
0,0298092433569494
-0,0253963038737341
0,00619937879052554
-0,0118546062540676
0,00929719969563163
-0,000171985774554956
0,0064686914059502
1,5866806190715E-10
1,00727766292289E-06
-1,87158040818988E-05
0,000137364527282072
3,63060455355834E-05
-0,000397978624784251
0,00421016079365951
-0,0172233041957294
-0,000518090688032257
0,000267140624997892
0,00505250661972729
-0,000506958595845491
0,000610405373181079
-0,00587629415921293
-0,000211580182368307
0,00750322082350215
0,00973335187677114
-0,0392238720516157
-0,0212666127153068
0,00724411431010173
-0,0133518407191577
-0,054868655354755
0,00427561362899985
-0,0802853623726094
0,10775309975311
-0,21048055425314
-0,014171846781915
0,00925945179283599
0,0371334289326954
-0,30061126056062
0,126611150241578
0,160145963875204
-0,112406655099916
-0,282794426180494
0,211174311196326
-0,457909993066244
-0,019004108199363
0,0460401091838145
-0,26903958658704
0,22524910636048
-0,163148618799219
0,237419210694192
-0,0165569419004076
0,216030575654499
-0,117456479769011
0,353262841052904
-0,0439142000369737
0,148891358964743
-0,0616121742613965
-0,0595807006498855
-0,0263608565781166
-0,00612029820491302
0,0382834020098711
0,00296322659525708
-0,0532628974752761
0,0222142450623566
-0,0573709864295047
0,0254607169326308
-0,00437806422094823
0,124995072265854
-0,023848997857004
-0,00375085259429396
-0,000779480958081977
-0,00217267727565521
1,24227682213361E-12
1,62095622076321E-06
-5,74374590370454E-09
1,42361794539636E-05
-1,05054609363273E-08
-1,91484019268324E-07
0,000249830711177513
-0,00134948637550505
-0,000123985490680378
3,79645526974867E-05
0,00022762772080323
-0,00077976990964476
-0,00122420087063325
-0,00137129972755829
0,00110540276893426
-0,00728753300110815
-0,0367513234748833
-0,0487674182348166
0,0693172962680424
0,0293312421617701
-0,0415162037675981
0,00667499852713741
-0,016277232161951
0,0150749489782249
0,0128600628280009
0,0109941256978951
-0,0214636638685728
-0,0146123489829757
-0,00232769203745572
0,00146139496262494
-0,0909854093320165
-0,0195722252966566
0,023584941109687
-0,0183741278893792
-0,0220689315884958
0,0385131265451816
0,0332686692465226
0,599256132421842
-0,0237278834133923
0,129210813861907
-0,0305234511565824
-0,237717183254955
-0,135604858969876
0,245069750357703
-0,0393532046718413
-0,0245744661332607
0,0295292350977316
0,026803950822163
0,0571179328163104
0,0224146105212017
-0,0268036024496113
-0,0593969448986562
-0,0615648071082037
-0,0152571260937719
-0,0592612606764947
0,0237368633052427
0,132963835172185
-0,573383725893078
0,309192461884907
-0,0166080986681019
0,00515111302777999
0,0100776550336282
0,00337980692738059
-0,010641479980618
1,45047247707119E-05
3,90763315453871E-05
-3,59252210689211E-05
0,0586743200976576
-0,000205725994624592
4,81676876197027E-05
9,01124812650767E-05
5,09556472252158E-05
6,58133137615499E-05
-0,00117072463033553
-0,000422936394547563
0,00084256161517532
-0,00345781313199014
0,0130793976049322
-0,000288571053219164
0,000260175026949908
0,00075489550080374
0,000870287709975499
-0,00208686650530159
-0,00528069567793357
-0,00169332781254672
0,0304743905063497
0,00299504373074973
-0,0146665490015217
0,00388803494312197
0,00191113790863388
-0,00169484965713384
-0,0162302621428927
0,000536790753802482
0,0165253292108831
0,017789782281283
-0,0210771490613197
-0,046102955058751
-0,0126249522479602
-0,00823323589948533
0,00702104856619879
0,00205476835613491
0,0365240187950444
0,144675626156699
-0,0290641784397054
-0,374321401061368
0,264130442538138
-0,12755342609263
-0,0188309766876599
-0,655132051522138
-0,50240845819628
-0,178961838235174
0,0214594888732813
-0,140657173198763
-0,0131092940385256
0,00395485103514075
0,00196547951811493
-0,000870658816378093
-0,0157753936458768
-0,0481639804863808
0,0302838487540168
-0,0613900692611379
-0,0154293622737478
-0,0130718930127332
-0,00958550503678931
0,00277121014285994
-0,0014074377109856
-1,43516091304206E-06
9,82238420984951E-07
4,73172417463801E-09
0,000409698675952386
-6,86144111158929E-06
0,00366571874723731
-9,36042527017504E-06
-0,000421450199676588
0,00251444196981111
-0,0103671127658885
-0,0176522879205278
0,000394329952305668
-0,00222051114298339
-0,0094431852719591
0,0340800751443454
-0,1385304729149
-0,00547464611643854
0,0092749458870616
-0,0212300031005876
-0,0301335151726389
0,034953265790433
0,0099581057664912
-0,113827591178444
-0,033043046277981
0,0519152713554763
-0,0719706520740331
0,0416583862493023
-0,174500120525559
0,281247593113466
-0,0413093346604384
0,00826162198519606
-0,242089147429168
0,267917818115139
-0,0293664483675279
-0,0144768970038656
-0,0662924907302971
0,320027735602177
-0,170718205186533
0,0108289041497201
0,00293751267406125
0,138817434417184
0,109867255801477
0,0575371726222801
-0,328901840305895
0,362639046755992
-0,0837734627165323
-0,0285496479453127
-0,34600709172369
0,0691999505602278
-0,0804287617566453
0,1999746535371
0,0567058158599379
-0,012299226512076
0,0203300976331137
-0,0186883832011727
0,0557552389728386
0,0950400755490249
-0,0819114476722816
0,138661016502927
-0,062235390088628
-0,179014491084265
-0,201653669308779
0,0425103708835648
-0,00665993210769163
0,0011441305285399
-0,00355713021365515
8,34019342409578E-11
2,93456835212393E-06
-9,33474985755296E-06
6,00475293365191E-05
7,38170631861568E-05
-5,19756565337451E-06
0,000193324603525132
3,72461238926656E-05
-0,00140854293744738
-0,00253441671430963
0,0136386744633411
0,000418416011067369
0,000285592071333856
-0,000131072102696567
0,000170517739525584
-0,00370630418429424
-0,0108000580677562
0,00112960586826104
-0,00441995143020589
-0,0174704521406648
-0,00437327693044267
0,0574104741144744
0,0142246190683077
-0,039124605162841
0,018573229848632
0,000847432531089151
-0,00896862010998238
-0,277332112208064
0,0180006197497367
0,0406076161018026
0,108099703563111
0,0147450646281259
-0,0845145538753118
0,00509300136148279
-0,00156748884855548
0,0205433490139933
0,0668849241073324
0,0867969078923943
0,396725319907412
-0,066940766921673
-0,545646248169233
0,175505838403246
-0,120579103870139
-0,109720165664207
0,194189746064704
0,253464743044537
0,188155581185739
-0,101719426839405
0,332199554699002
-0,0392129722818895
0,0860283267414911
0,0197409713276882
0,0187532757766175
-0,0203984846104113
0,034059159376069
-0,0157101221806273
0,143952896339737
-0,0425337486714801
-0,113490987533996
-0,0495467839412546
-0,0327112523003001
-0,24043055997311
0,0132302378289265
0,00465587029751336
2,95131207240562E-09
1,74124741698808E-06
-1,70853243616196E-05
0,00237046592803115
0,0001713634594208
-0,0730071412847007
-0,000219944582373966
-1,13350937180731E-05
-0,000424883702402363
0,00356639205399222
-0,00108413719309195
-0,00797140585953864
0,0324789739649707
-0,124112681108533
-0,00131620794470799
0,0217656430440942
-0,00649172458977813
-7,70494585490268E-05
-0,00310610438012879
-0,00546254540515607
0,00938719579805948
0,00132203461611744
-0,00966450359075709
-0,00115972380934284
-0,006812447570017
0,0100623897062957
-0,018318681550096
-0,00892177956757876
-0,169638577317827
-0,0145977472038989
-0,00498604052917153
0,0151370838385239
0,00217078694872553
-0,0477994171268477
0,0203948531748344
0,0329759202352628
-0,0113952036167821
-0,0118777519118199
-0,0700868546108924
-0,0574861311257656
-0,110666953219223
-0,0403472635646583
-0,0356597672783844
-0,009392704350936
0,239795036006415
-0,198005137909455
-0,16326292613056
0,551489931549748
0,0783415337646525
-0,424416370932049
0,265933538490994
0,0732291543097319
-0,188152407693188
-0,247431221091753
0,149590679829349
-0,302719853523374
-0,12817802375469
-0,0299961469964217
0,0211473601482396
-0,0119093832381561
-0,012986122652322
0,00274484530231625
-0,018693763404534
-0,0335511573751415
2,47439993439973E-12
7,96248295472905E-09
-8,13712396246334E-08
5,10741738882711E-07
1,62341798874254E-06
-2,35629827377159E-06
1,55495476381618E-05
-3,49186636444948E-05
-0,000207066986907586
-2,45071214437935E-05
0,00114430982288268
-0,0081288628484396
-0,00992310025616438
-0,00255071113956956
0,00535049711411161
0,00174276069837426
-0,00556759336573088
-0,0222196415010992
-0,0164897658080442
0,0143432038260334
0,00766312986637631
-0,00509842229149326
-0,0758213650006716
-0,11342358293079
-0,208354021152971
-0,0235823838971732
-0,016703442322874
-0,0200074255336693
-0,244773932315836
-0,0874762808344241
0,0183274706949271
0,0479384291759579
-0,136612319736513
0,124655155021918
-0,0671578647715476
-0,0344203427625979
-0,00649750034321336
0,0449987844309438
-0,0612499069331427
0,103818694950529
0,0551110535086901
-0,196078875806023
-0,122949538009386
-0,414194529406742
-0,355192973465176
0,295931172638943
0,0961458837344943
-0,159655061841737
0,00204547885185044
0,120739203078122
0,039616183298403
-0,138790616947226
-0,155257179857927
-0,210896911439096
0,180798522582171
-0,395363964562448
-0,181961530343698
-0,0427410570230719
9,71918506798347E-05
0,0388423597229373
0,0335911190082716
0,00960949086940241
0,0102247820116511
-0,0368364279888101
4,68827146344454E-12
1,53173530276072E-07
-3,60962055840751E-05
7,26046873409442E-06
7,88365724377866E-05
-0,000339013350242767
0,00284052410147393
-0,0119116213400034
-0,00100570405176273
-0,000176012430979965
0,0224553908139173
-0,0135550842144681
-0,0194663767785832
-0,00483391252888248
-0,000536260866166975
0,033149203776611
0,0459860148170738
-0,166830973602254
-0,16386558794296
0,149907107657373
-0,0133640897698161
0,052486142161796
0,0771408006078744
0,0437376217774429
0,000902329285297576
-0,116774404165544
-0,0264516823347125
0,000811122945756252
-0,017900781142407
0,36174356385916
0,10893803572266
-0,036381276023835
0,232344695402827
-0,111494510671164
0,0299390465205427
-0,0711273682676519
0,157558012906927
-0,0115492195032509
0,077964384113976
0,0964061362463476
0,120315487784319
-0,111783347045394
-0,133536011458142
-0,165786589826674
-0,171913555053036
0,092943295938098
-0,0343939164683271
0,271308038565609
0,213327147276354
-0,10839966015862
-0,273734390902155
0,0875171923678506
0,505194554031993
0,0362025195968966
0,193594515964008
0,0554850040824982
-0,10612242866679
-0,0439334717859362
0,0134492624428324
-0,0144833088995129
0,00514814213961579
-0,0152278306711075
0,00031193926229188
-0,0114418352500865
2,06765840670335E-12
5,70281821895057E-07
-5,50088447208603E-08
1,00454367192862E-05
4,59711090212814E-07
-1,70909055322285E-06
2,4855566442609E-05
-0,000137597111376321
-0,00101181134583184
-1,77144739011931E-05
0,000504704881171185
-0,000478515573330041
0,000787928424047688
-0,0054064845023031
-0,00132527071535365
0,000873743875908952
-0,0116658561762086
-0,011989553697115
0,00701567736912111
0,00162362245473486
-0,0739953706705245
-0,0365557896765466
-0,00822169112684538
-0,0772260756581729
0,0415899442744264
-0,0150332561525283
0,193736731020633
-0,0173680818072337
-0,0263212235809338
0,0940656363315247
-0,0426963244279979
-0,0969368455260272
0,0209178955178195
0,132600948734405
0,338269953520535
-0,0627309790832276
-0,390259957749591
0,0318940915723948
-0,0331405840009346
-0,115741733113236
0,0865179484069427
0,0601904953755036
-0,136208497349943
-0,0681615322105033
-0,0318425275468809
-0,103458316603109
0,247198436165555
-0,0448585940451682
0,36334956141407
-0,0185987293715603
0,0732307591406801
0,0805314875363743
-0,0360263357220657
-0,0808136855728429
-0,213722339938003
0,147585345190114
-0,287459428621542
0,120029636701897
0,31860088178208
0,301135239454792
-0,0638778727411227
0,00763062729599941
-0,00157606050800305
0,00489789930567681
5,72142594867389E-08
9,72712151905485E-08
-3,04740620249067E-05
7,61561718314114E-06
8,43459666809373E-05
-4,89057331220574E-06
0,000113885675320695
-0,00061422621916163
-0,00331628158876417
-0,000350101535486349
0,0230147422568906
-0,0381910074404739
-0,047883967572832
-0,0108138659985069
0,0113832988664319
0,0388198021936615
0,0410381252819924
-0,17597043667578
-0,167619181121601
0,151107109567295
0,00643413426182111
0,0492646968308621
-0,144651581224323
-0,135919098785246
-0,380642012724873
-0,0417976254080822
0,0291322785805964
-0,0730295699655806
0,0881403211077426
-0,140679525343896
-0,149159202609678
-0,0810094293188535
0,0208990513710028
0,0375852724895946
-0,00443357931320999
0,0220656677688835
-0,0267821372067126
-0,0640938592563332
0,0601908840659174
0,246343434791494
0,0157744960917488
0,0219805431416428
-0,124530470762295
-0,0425566933242309
0,101903327876207
-0,106263197605763
-0,00926424782353252
-0,0334520196249786
-0,0154305495670754
-0,231583098266044
-0,0299326957811538
0,00688895158902203
-0,087148690489752
0,30094941436078
-0,037939526042251
0,033014650814302
0,0826419699242998
-0,0774665758716868
-0,155472311756448
0,363310745517128
0,416348225302713
-0,0247563849981446
-0,213645049807318
0,0528389938811267
5,61172833655362E-12
0,0276397508055682
3,51724155036899E-07
-0,000118091151120411
-2,51937547311458E-06
8,84759267648425E-07
8,99050664361084E-08
-2,08774435092439E-06
-0,00111872991734533
0,000368369786105179
0,00125749984044105
6,09250532641415E-06
5,4922884975387E-05
-0,000653569460767954
-5,81263542687349E-05
-0,00288074967305039
-0,0110014492181892
0,00290004647467036
-0,0106486747111856
-0,00224284612246481
-0,0122107464676164
-0,0288255975790048
0,025308939329229
-0,0400312681310029
0,0153621190111357
-0,0223726565408109
0,379885172329051
-0,0307815912899572
-0,0381571477272818
0,1945278562037
-0,330115599286895
0,268537863801692
-0,166063464904093
-0,191095927510825
-0,338003380261537
-0,116345031496393
0,0943266643735361
-0,0635722450338237
-0,0458904434891605
0,0616083698337602
-0,0523143440561874
0,00214783285300513
0,0922885667955927
0,039777161669389
0,0276511193090524
-0,0139939364667926
-0,289189063566522
-0,156126127263236
0,395511973710962
0,0454927949206323
0,000765025620853289
0,0294666524656138
-0,066420205087879
-0,0127800497637277
-0,0973729265944259
0,0380735520998635
-0,164766356071815
-0,061604595211429
-0,0919850234726895
-0,022702020996517
0,0592152113400506
0,256220266953549
0,0304605436813034
-0,109403197228823
1,83571565176377E-12
2,4399773611695E-09
-1,17593678412262E-07
8,67090404685292E-08
6,35393469833523E-07
-1,57886163441487E-06
0,000311691046369508
-0,00169926298694481
-0,000151651722914397
3,16323622840115E-05
0,00136680136827159
-0,00487210414637752
-0,00646483489917056
-0,00148078099634418
0,00345782831909485
0,00152728864848707
-0,000942980633199599
-0,0273816769755588
-0,0243832346899898
0,0233841873762158
0,00449847598284804
0,0164982361879552
-0,0522840644038792
-0,0698149245168151
-0,209911083439978
-0,0528585799473661
0,000161183882364502
-0,0112608301287915
0,0730881744430308
0,221782645339757
0,0739852692545189
0,0316886430365583
0,283903023012391
-0,411467062674322
0,137414694220074
0,158865748119988
-0,0341083294518119
0,00771098222498016
-0,101981449841528
-0,0246258007658883
-0,0949383527472646
0,00481906697071742
0,0999666635509039
0,00544584240329497
-0,0333548148397402
0,0522988636441069
0,0282497451249547
-0,106689950425427
-0,0574150113787029
0,0873089031816667
0,147988637055386
-0,0652939779245066
-0,366543529657959
-0,122061813600968
0,444318676832489
0,387665249901622
-0,0794745567166168
-0,00302187475112518
0,01798974863749
0,00231441415896602
0,00952611428128231
-0,000528880888608824
-4,29718172693413E-06
6,07355362057272E-06
0,00437715985604482
3,93565417977555E-05
-0,00123700093580746
2,0627446733639E-06
0,00157147055888689
-2,53017249083353E-06
8,66176686851033E-06
-0,000128028157401027
-0,145704750593513
4,29801423292239E-05
-0,0145922576185287
-0,0255034253986099
-0,0330811117620562
-0,00762083553694622
-0,038104788192873
0,235170159952389
-0,0320999547801055
-0,0246035076910881
-0,00146471129618862
-0,0105326579291414
0,0451860343540666
-0,00959337549172106
-0,0765752537692385
0,0105359326459407
0,0204699125145806
0,0144226709522075
-0,0393731384498315
-0,0102340389130764
0,0554653697707598
-0,0428594075725865
-0,0948040928151235
0,0472684145139302
-0,0207857101828436
-0,0370606024074131
-0,0150304752860076
0,151785952968402
-0,293812743532549
-0,101063679327596
0,252181408567382
0,430928506256482
0,0572897426875102
0,0386090390558618
0,0121230235650353
0,0559328770621407
-0,012869505226052
0,0352608619021547
0,00860247660406895
-0,0497282683033923
0,002601831566747
-0,271139450047647
-0,385566902967515
-0,0875755210013358
-0,176559539330968
-0,113461267561548
-0,0175344915677875
0,0172265260658647
-0,0444224051235966
0,0653927622617281
0,0730956069658987
-0,261680349940821
-0,33579397327967
-0,0100138178162856
-0,1748274225563
-0,103888885206816
3,41929834538391E-08
4,99704294556567E-07
-0,00173499586159953
0,000378085450807417
5,67418405725005E-05
1,32190525571053E-06
4,28377744267227E-06
-0,000114581316888263
-0,00152657510845104
-0,000433211071823699
0,00795082992376402
-0,0012031374236853
-0,0028434908779835
0,0010633934438785
-0,000869055193998022
0,0178151028635382
0,0178156311320027
-0,0744310861548297
-0,0362490464701862
-0,017526234872518
-0,00200042188780357
-0,123689286903872
-0,0297850880781609
-0,140991909319664
0,0913050453744932
0,0540015418475255
-0,0618579623154515
0,00177765668056566
-0,0855771545667346
0,00792314296863431
-0,00880730257119768
-0,000769726444981445
0,00815290713259855
0,00749410391460299
-0,051877716753974
0,142769301364607
-0,0816087587375341
-0,0281488067421756
0,127121754781856
0,00815817698325834
-0,022104944836458
-0,0101891606906622
0,359868327343643
0,259489122595059
-0,104494300590962
0,0752685381946533
0,0305494890818603
-0,125902729767768
-0,023804640647875
-0,119439676849738
-0,0595885746496117
0,079154701685956
0,242019878469693
-0,602587517876025
-0,0136778106140223
-0,00208334525506978
0,118654189690226
0,0231667200891868
0,023009161790753
0,198477699124105
0,387895471641189
-0,00356146634438903
0,0255457223631028
0,0603224742436746
1,55901495277018E-12
1,44323099802012E-06
-5,37945203108778E-07
1,71655483483252E-05
-2,32945594850537E-08
-3,16659249460586E-05
0,0196979858771102
-0,0842935644206099
6,04035955282214E-05
0,00136099778657809
-0,00011839090300578
0,000298004353167911
0,000719390407209872
-0,00305819787904444
0,00159692692204192
-0,00691226722568352
-0,03264592074483
-0,0401063147991957
0,0642364233824212
0,023097038199775
-0,0352104239960749
0,00712237972326934
-0,0227528402011305
0,0157062215521803
0,00995203097334509
0,024554175956739
-0,0194799326165658
-0,0128964941205488
0,00317274886144626
0,000657669543583407
-0,0956620806544749
-0,0171616695122222
0,0131010082764382
-0,00704167367379896
-0,0325085575024853
0,0805530373205168
0,0344811236289523
0,632639486426109
-0,0368376817523272
0,123800879738851
0,0151741030250098
-0,0947475958035197
-0,0560895756441672
0,116008876819152
0,0135991634786525
-0,0623845645332718
0,0303213415442028
-0,0212184416535845
0,0289591494604346
-0,00377785769798403
0,00650564938765919
0,0477162216134069
0,0425670658519717
0,00320401570224399
0,0551123453521735
-0,0238247084276637
-0,139240718482902
0,612434212112275
-0,334245120604593
0,0107527620020787
-0,00459279467206344
-0,0119460951532588
-0,00382174191404066
0,0120309399044215
3,33292061258091E-09
0,000433740914395452
-4,17843645484999E-05
0,00250001772533819
0,00307807771202127
-4,22654428978234E-06
4,60580453382875E-05
-0,000238737996745971
-0,000642217408179122
-0,003724945791173
0,0154223456383951
-0,000113148634503383
-0,00214281690970758
0,00450279036292506
0,000575588441761487
0,0107617296656455
0,0294609731747356
-0,172531260868215
0,0110024026634689
-0,185310100222053
0,00344478266669948
-0,281973739409452
-0,0540842233759708
-0,271816209165774
0,146234010826381
0,0367903165133879
-0,11423204634546
0,00146089301276082
0,035530718012296
-0,0374852964058915
0,0581363833788629
0,0198191843740333
0,0602537253219333
-0,187028356427105
-0,0315152958321808
-0,208092534747363
0,276553517432927
-0,0270718466599244
-0,0228769812005511
0,0397544123370297
0,129493352529465
0,0562022652734181
-0,443737576402734
-0,152211912569038
0,254391793891286
-0,305588396908405
0,0511169110648467
-0,301657731023579
-0,0640518456894435
-0,0584254816669436
-0,03505439266948
-0,0284235693927596
0,0333889817203487
-0,24559477315434
-0,00367565244259404
0,0126238630474375
0,0181946173630198
0,0233931199044233
0,0676984155649131
-0,0729079251215018
0,00460622148760957
0,00644718075647807
0,000791300126676414
0,0022376451921178
3,76633770879679E-13
2,21440206318691E-10
-1,53723982894459E-09
8,38395923388305E-12
9,6626243423465E-09
-1,60945376546069E-10
2,4725389787056E-08
-2,41589665972555E-07
-1,77054702230468E-05
1,07772134136868E-08
4,91582370538027E-06
-0,000289391840688988
-0,0005209773992264
-0,000162337019082745
-0,00325809630979981
-0,000709439017247323
0,000108042717638584
-0,000149134548134429
-0,000179191397946266
4,70805452159494E-05
0,000717041608105729
0,000645140492221793
-0,0048516016988085
0,000695849538486715
0,00101983983420861
-0,000455021219634882
0,00173265879771529
-0,00107364696833961
0,000802624901660743
-0,00308140387182164
-0,00351805951012412
-0,000915942680518675
0,00103651215433358
-0,0022417573535518
0,00306617977711807
0,0145787479864228
-0,0136774281943608
-0,0186754449907952
0,0352320538397314
0,0871043547759996
0,0191368182925358
0,0187919414533032
-0,035933837593332
0,00849276241755163
0,0250289407748473
-0,0147583288050056
-0,0285149814253752
0,10314677859792
0,0019481210281942
0,371223333219951
0,290755741411955
0,0654912142849996
0,186435384384914
-0,181385539122184
-0,0128892606527273
0,0239077989123018
0,0566466977349576
-0,0503815891285361
-0,0849840201630948
0,0440675160138272
-0,163945990053354
0,0750666053897775
-0,789634172500347
-0,0999054388275619
1,01152436476651E-12
2,65657922059264E-06
-0,00146304781594024
7,50227003842771E-06
0,00504338120245893
2,71266263388227E-06
-1,11845669366225E-05
-6,0105077450253E-06
-0,000281360301477571
-0,00043298942681689
0,00876713011972433
0,000397970990077329
0,000454270734152754
1,84886146577034E-05
0,000374208461793356
-0,00321447936498386
0,00482272909736277
0,000365022933097296
0,00599583558617159
-0,00486033361048581
-0,000266358685152478
0,0702704125314076
0,00828493875102976
-0,056268117919842
0,0235133309909968
0,00651375055784758
0,0118386065257654
0,0514338211469278
-0,0016515035616079
-0,0695811549335149
-0,0563659225415082
0,357559881081973
0,28653768472893
0,183428883875355
0,0291769547685194
-0,00723287275109413
0,0448040787376092
-0,00168189730288235
0,0371108352241318
0,00965856318795791
-0,0719489034525037
0,0170678430925194
-0,00568617652226129
-0,0217999668062186
-0,00478076301481821
-0,0648425447948436
0,234454390192692
0,0608909845942741
-0,069243131656294
-0,0110093388057748
-0,0114867572528741
-0,00124079354558081
0,0237087619508728
-0,0018952523990921
0,0671228344943598
0,000112645052919098
0,222569298235898
0,0225694149641321
-0,056003217117001
0,23513579453298
-0,0926256061497775
0,229374096603948
0,156791966585647
-0,6774922026518
3,96631453065653E-08
2,27125862191273E-06
-2,77672570219871E-05
3,38496036753826E-05
4,27223150357683E-06
-5,82351085645812E-05
0,0744812135293771
0,021836941606192
-0,00215861770526877
-0,0011069536458993
0,00355275361459324
-0,00707849152729961
-0,00855937578899432
-0,00213776199278506
0,00849029161776001
-0,0232496709868426
-0,0606324577367982
-0,0338205571587544
0,00756547267913854
-0,00102206078122997
0,0206214525193203
0,0239760442220432
-0,013196853401709
-0,0203020244590393
-0,0424271321929638
0,0148664775661124
-0,00997699130923371
0,0589895688687119
0,001015357517312
0,109510367656559
0,165654947227288
0,100263457131489
-0,152873936904172
0,0541857986292066
-0,00738381779404267
-0,031173556504481
-0,0609902128307919
0,018691913264341
0,0818573135384717
-0,0106412282178592
-0,0830166946446301
0,127608554262995
-0,0196423268619935
0,130768697221468
0,128317001384333
-0,11908347288282
0,0200425898585899
0,0232047453196478
0,0709188416513832
0,159507770153569
-0,24294508059895
-0,105713200248367
-0,0217117222259257
0,0641288675758778
0,359313171962147
-0,241864568675871
0,207207765005289
0,10122936827543
0,158711644876984
0,270620942175351
-0,134610660033646
0,471351358691564
-0,0109296486619791
0,369218217075024
2,50638806745835E-10
2,71901734844497E-06
-0,00334083474542884
0,000209302177274992
0,0109448392995368
6,20519095572699E-06
-1,49414692038958E-05
-0,000110119449890728
-0,00738334892190543
-0,00142624460342438
0,164386997702678
0,00557575871340764
0,00449717391361123
-0,000812054780984706
-0,00400197117848023
0,0131848959793944
0,0335951195155379
0,0216964307265787
0,0410194531311478
0,0174585534455917
0,00615366069130934
0,0639890162423314
0,00365303897381073
-0,0707707315320728
0,0298037271880027
0,00372292220657683
-0,000790210397774847
0,108926990144584
0,00248185969920845
-0,105240883422386
-0,0211129427595143
0,333701952849034
0,260189066199755
0,151237807057488
0,0616234351333226
-0,00913856637289079
-0,00621004033394159
0,0263350632588509
0,0303314877223338
-0,0268527118072042
-0,0733832380185232
0,0448272554985303
-0,0335142198007147
-0,00295242671997447
-0,0115369641535565
0,0622868256768283
-0,148971440817708
-0,0169432614340272
0,101670645910816
0,0447406938056068
0,0323289063109178
-0,011075496375879
-0,014407997072172
0,144894602594717
0,0595261506361415
-0,0771613998254228
0,0380104147465299
0,264721202317577
0,463215861173218
-0,383887415316655
0,418046724386193
-0,0431818550657613
-0,189579176790706
0,0455583192274207
4,69894152431171E-09
2,64642857506448E-06
-1,8813847785159E-06
0,00374965058181446
-1,87067779074135E-05
-0,00428083174783041
6,72093991890228E-05
-0,000526246238120784
-0,000419154950152314
0,00104133554831832
-0,00106318893430578
-0,0134493513581541
0,0539466189240016
-0,205766437733618
0,00451549581367215
-0,00313726166588207
0,00570621421059977
-0,00402290473773341
-0,00177724733961274
-0,00484488960802556
0,00556506515199357
0,00102108105073111
-0,0028718147439681
0,0059659934529523
-0,000475273047216259
0,0179502542859314
-0,0107297412650808
0,000203614247052022
0,00850059542600114
0,0157954950231177
-0,0191153095903371
-0,00659932606317935
0,0107527107033692
0,00427039284768789
-0,0232504875468873
-0,00490450881626644
0,0532280868927293
0,342938149056962
0,0257642294700356
0,0763224032001898
0,267651179006044
0,627300835504276
0,382253533998417
-0,415306072370246
0,0784964085777658
-0,0166475714591522
-0,0192296484475976
-0,0106295013970915
-0,028828702994572
-0,0338956933388047
0,0183772227651248
0,0700164287547239
0,0184331834611896
0,0130343941962388
0,0237004013208641
-0,0171096779594886
-0,000980881161479842
-0,142867573177559
0,0757421763866868
-0,00603955490304783
-0,00499166040212035
0,00693620288899792
0,00219247218807323
-0,00689762196988205
1,45541449985411E-11
2,57997569720057E-05
-1,71638166560631E-07
1,28027464552257E-05
7,30879004369303E-06
-4,11771811363287E-06
0,000683654388334658
-0,00297595726015319
-0,0167523927221121
9,85346276298609E-06
-0,00100275629689823
-0,0024865227777435
-0,00183245847841126
-0,00771446755759266
-0,00798613190748135
0,0109841469547461
-0,00743410865261016
-0,00646382861698749
-0,00197358930766817
0,00333857584093049
-0,0371167695009887
-0,014778301072852
0,0836856675096014
-0,0467388523276368
-0,00372020942689155
-0,042808859516178
0,230663694620072
-0,0670734423996741
-0,00496207777947783
-0,0864091375872945
0,223473535791554
-0,0514465064906881
0,0398247754806279
0,0104422134950733
0,0330025142140755
0,0653335274161665
0,184060340961519
0,0939431020091482
0,391764107612356
-0,0398176119465512
-0,123794274229293
-0,131977744435698
0,0251159024247192
-0,0963937529429415
0,160323459654556
0,162861177880821
-0,09672625763493
0,0633327666386438
-0,403830595637425
-0,00771210968483192
-0,0457356470854988
0,00724580150782549
-0,0264601342910843
-0,00765938542100358
-0,207987225023924
0,125245204593389
-0,415764372301372
0,00650756141869155
0,123846633179971
0,0593428446331518
0,057561450249292
0,367850210012441
-0,0205310425309698
-0,00721870586950451
1,25558287383716E-11
5,90354483421622E-07
-2,17300147168568E-05
7,51617011387528E-06
6,03028706078527E-05
-0,000565929108756359
0,00322210932949503
-0,0140050171802287
-0,00208094427584018
-7,56444505067369E-05
0,0207189538515104
-0,140193937644925
-0,132862012007012
-0,0273370876735745
0,0415712433148318
0,0212372846142352
0,0494422692300786
-0,0975621733775645
-0,108429966832278
0,0956690261395276
-0,00952462583343824
0,0377525564704326
0,048297910609506
0,0594156172633803
0,0554599832167393
0,0130614474100399
0,0120858279405629
-0,022117715565591
-0,0478575961651371
0,123253348411087
0,0195039246153233
-0,0975921710569031
0,129805072703531
0,0494306107858808
-0,021866652660689
-0,24813987064463
0,195460104798375
0,0198613228738602
0,16366911110125
-0,0954185666687769
0,174834794322294
0,0304284915400908
-0,0296081313039086
-0,00810889890220887
-0,107228369533115
0,0745805679594601
-0,0372881275390915
0,281284950913701
0,0939866887986133
0,188942188125745
-0,179207052519448
-0,0901364039974727
-0,511120140557697
-0,214595386219599
-0,287817170592395
0,0636041916771039
0,293605535763088
0,145809757579178
-0,0684834879847462
0,0407580696942002
0,0612900310910652
-0,0488738771906899
-0,023959921414722
0,0477203828487787
1,04218411544453E-07
9,31650579565621E-05
-8,12163444262504E-06
1,30384887627583E-05
6,54709355535492E-05
-2,37741757096805E-06
6,14309375897396E-05
-0,000260150470585131
-0,0337218568676624
-2,93962165650573E-05
0,0148713381665556
-0,00133462814199027
-0,000776478570991214
-0,00890694763188661
-0,00150387932693762
-0,0272147702234822
-0,101692185867071
0,000881560616264556
-0,0711779219537006
-0,0315065493536942
-0,0680218311493959
-0,0696047312349947
0,0957868423975284
-0,131180990677945
0,049585474296926
-0,0498517445072833
0,600423260036155
-0,0463571586562207
-0,0418766441756083
0,0930693893969638
-0,133884794057409
0,0233537681115819
-0,0384007045813973
-0,000719247476284562
0,067089552458156
0,0559008197880711
-0,0902701660298958
0,0619116670310374
0,0314993971886377
-0,083672945955187
0,0777116251295413
0,007683106052648
-0,137756282353377
-0,0263783907247725
0,0120348589602239
0,0975390290545613
-0,240649542464649
-0,00790491117506616
-0,324557592034194
-0,0547390937942745
-0,0139879082031989
-0,0450296652133511
0,0878057586006945
-0,0106802625249943
0,169710051039715
-0,0721731478494018
0,306144628492974
0,082416952008331
0,0966254132303413
0,128706059048402
-0,140110649821353
-0,35798219274911
7,07837046749746E-05
-0,00063695001846297
3,46156366124754E-12
1,82426392717961E-07
-2,3437107495791E-05
6,17302303500316E-06
6,10559205253833E-05
-0,000107722120602806
0,00300320693581093
-0,013049153835611
-0,000849447079365325
-0,00867621413420999
0,0170915543459122
-0,0112707551807698
-0,015962440963962
-0,00422384053252028
-0,00220644838781738
0,029060499833876
0,0377571932032652
-0,127792892122167
-0,129352797654154
0,116096241475517
-0,0135314058072965
0,0197962716502205
0,0724644766788321
0,0247855452775865
0,0164036814861336
0,0218630825018917
0,00480428966238301
-0,0367544222724408
-0,263350699012912
0,109958592127945
0,00671906037700985
-0,104269073684784
0,149621937424656
0,0503200381593906
0,00388839062430418
-0,208045431547647
0,112691083323071
-0,0512315362342701
0,29201213643899
-0,01311689466061
0,246868969221935
0,170043609895265
0,0176644750049456
0,471505531910642
-0,0959095499769235
0,042511395804284
0,0899262972761205
-0,26639042915429
-0,0340634451393857
-0,137126121470907
0,341749181549991
-0,019228211318533
-0,0534951174837196
0,17826286188631
0,129300987821491
-0,217249804822536
-0,150980841309395
-0,0321800995226003
0,00508193190203436
-0,0571142299873691
-0,113529183557583
0,0038571869702717
-0,00684857618876558
-0,0450915199244922
2,76632288395148E-12
4,59507362810614E-05
-1,32448115981759E-05
1,07818735111967E-06
9,19215188545687E-05
5,93091513777906E-08
1,86365743612736E-07
-4,98476557467476E-06
-0,0012011557937726
-6,10188041187724E-05
0,0143704450225759
0,000497389834673239
0,000490535819909378
-0,000474045874546802
-0,000522957641665328
-0,000477786157904103
-0,00450578481969467
0,0075045023645922
0,0013868000175433
0,000300585667426183
-0,00503773189154253
-0,00829219962744078
0,0128143776949788
-0,0310495665167648
0,00699952059322508
-0,012400657737983
0,20997337540934
-0,00944289280260174
-0,0265064299199835
0,11351652351415
-0,204867096581959
0,196460599721407
-0,0793315572779932
-0,108167878639842
-0,226934414529573
-0,0904724375622407
0,0932992472033353
-0,0575985378266946
-0,0200808058620912
0,0756482272589484
-0,0556182854818057
-0,01536652794821
0,0964158758253519
-0,00509434970115191
-0,047148008595983
-0,115116171448859
0,724384715870997
0,244358294320414
-0,229490086695159
-0,00705356280814063
0,017103614464447
0,00428627316685118
0,0119008823531054
0,0371733414737241
-0,0263332644761106
0,0175990214665288
-0,0628671753117025
0,0212341569788113
0,0677826692746569
-0,123617026002792
0,0577650026728978
-0,0823871690258859
-0,066439650624328
0,239135399718654
2,02866017238022E-13
3,73512605030045E-08
-1,40357279346808E-08
2,90595045941698E-05
5,59587408639141E-07
-3,60410353684256E-06
2,47056593245178E-06
-1,53885297259514E-05
-3,95029256700976E-05
7,40941439230166E-06
0,000122185579357617
-0,01534467987493
0,0213285576532483
-0,0115898443903466
-0,00142636111966285
-0,000122438062885487
0,000352532221724187
-0,00155300662860507
-0,000653181446895643
-0,00108249776053344
0,000893789543321369
-0,00215946678365312
-0,000158487969222813
-0,00188301821295549
0,000645804398287333
0,000881857173631416
-0,00429797704421697
0,000802886683192619
0,00300322665846103
0,00138815913811391
-0,00291974099393939
0,00249531329061677
-0,000500555053065742
-0,00351675131168326
-0,00377845880681128
-0,00673207458477377
-0,00179176645790861
-0,0187081028321078
-0,0101733541377151
-0,00213732720867731
-0,0176977817903105
-0,0191051221617587
-0,0783847483241956
0,0435764152641322
-0,021350030028928
0,0443889466419776
0,0164490057670962
-0,0774402542928283
-0,0869640302183874
0,11287030566227
-0,18328177879282
0,92582271111506
-0,206167440465736
0,020855628045399
0,0896052705100052
-0,122363008616307
-0,00273496124453689
-0,0527668569462714
0,0166255358183036
-0,0116082727056645
-0,0104223714913161
-0,026713061730976
-0,00404722193637713
-0,0118244356388431
2,01538368913322E-12
1,27554139442079E-07
-4,40799993884116E-08
2,76931039400823E-06
4,40269866959304E-07
-3,20244473267227E-07
4,19667263019055E-06
-2,41842885958199E-05
-0,000722887158454225
-2,41714138214141E-05
0,000553607754228224
-0,00119424007806118
0,00140251229907513
-0,00143014219377912
-0,000251515201295314
-0,00115891977940171
-0,00629868078361529
-0,00444495823258331
-0,00654583751582908
-0,00336034855272996
-0,0129331490634751
-0,0358275863406138
0,00599278158007388
-0,0714068767882365
0,0333370783798994
0,000224231992160601
0,156920098829799
-0,0129904026144935
-0,0225956308374702
0,111176599617981
-0,0699882944499436
-0,0838707768024655
0,025574434206993
0,129170843334868
0,210575052095458
0,0074184011125017
-0,303317190932404
0,0501832896220797
-0,0862947265779036
-0,115475726739483
0,0454593389859391
0,183530615737989
-0,27168599842204
0,0177631599808004
-0,0172869215441118
0,140972622809923
0,0934373309105558
0,0500096866558763
-0,0871412411917577
-0,0652437995513742
0,00322994307027467
-0,00371177314408097
0,0301021843513126
-0,0796055047838158
0,0190588766285549
0,0357347779845954
0,116920375131758
-0,175089722779208
-0,39943594901842
-0,421842693092673
0,22955567906535
0,406816470421499
0,0257768970927638
0,0531119479619667
1,6118715755365E-10
4,76720188874888E-07
-5,11458036664737E-06
0,000125456738758022
1,20869521103622E-05
-5,44456702713634E-06
5,09729726487141E-05
-0,000185167136833183
-0,000292694601309755
-0,000589080779377717
0,00204713640641116
-0,00906086277123462
-0,0113860988508719
-0,00184790154421175
0,00622396473386795
0,00168929207258295
-0,00188662574475121
-0,0457470162975232
-0,0222353211519859
-0,00120941997428953
0,00582732923039142
-0,106684458514268
-0,10242283053298
-0,268855532248688
-0,126297538363705
0,0125260053298149
-0,0510242644581732
0,00345235776475295
-0,00376327708638094
0,0232263940457111
0,00215895822885794
-0,0466175680766829
-0,0804391760685451
0,227135814992888
-0,0781458761054533
-0,0648225400715103
0,128159650281688
0,000658725974761821
-0,0286981257039328
0,13702728039931
-0,0188909834874639
-0,152236793410904
0,0925747375363546
-0,115000990266909
-0,175150889495479
0,128931674528689
-0,0592775399298728
0,0275660980904153
0,0461176380635501
-0,271573940963827
0,358897895327044
0,180272387643254
0,0400889806855923
0,0420756485847955
-0,0592539782309759
0,331166237608361
0,320384680262623
0,146847425343657
0,140615808634565
-0,0956643894478835
-0,279426982217848
0,240903791170964
0,079743890341528
0,175644523290763
6,31419892735267E-08
5,30343597192694E-07
-2,17021967119747E-06
7,82626613715607E-09
6,30118450421543E-06
-9,78780401849767E-08
7,6504955467433E-06
-5,78240755586494E-05
-0,00282845002577884
1,54714294832151E-06
0,000553999481490743
-0,0286761640448524
-0,0434213881905055
-0,0125257080925875
-0,207331027269669
-0,0411868605858145
0,00614210612781229
-0,00754739259653789
-0,00849618706548517
0,00222003738395493
0,0286037410284469
0,0185793372520865
-0,137648439509918
0,0178602489360229
0,0246170879999136
-0,0101824137295188
0,0322210807336914
-0,0185600928061252
0,013383436650137
-0,0399290320815159
-0,0446028140747898
-0,0105784830148607
0,0114859027958096
-0,0229081529320443
0,0297967119649534
0,125332755496939
-0,0941626038994637
-0,118978680080469
0,212540195411942
0,49888725386692
0,0942153948875455
0,0831742638079297
-0,155784914714774
0,0359184417791283
0,0829742338991383
-0,0466373279005701
-0,0725496150393268
0,21492757051749
0,00286492203287489
0,439007538211464
0,288003779279363
0,0392060138717588
0,0797143945803101
-0,0637889464207921
0,000319098902951166
-0,00153132277230833
-0,0104696987132191
0,0174480536941557
0,0334448921883788
-0,0218996403773114
0,0852618243210209
-0,0408540370255898
0,433661098287509
0,0548686843100405
