0,999999866173542
-4,25481896283045E-10
5,41146307954291E-08
-2,45159340769551E-05
-7,72978512374072E-09
-1,18075579739288E-11
2,14575131383237E-10
-3,35337920749685E-10
9,96306442734808E-06
7,72778551474169E-11
4,35331477407341E-06
2,16165537259253E-08
3,09601104134988E-07
-4,34455703746673E-08
5,27925327937888E-09
1,09950104121761E-05
0,000274244470833711
1,89916049959176E-06
1,04822147256851E-06
-2,64757801819534E-06
-1,18046081183292E-08
1,31976821496078E-07
2,94815919532894E-08
-7,95342284998898E-06
7,70267185500261E-09
5,50570648648069E-07
5,02230808516029E-07
-3,26065372433469E-07
3,59292421654302E-06
1,74778606077954E-08
-2,10584169381292E-07
1,2687073841264E-07
-1,46311836884341E-05
-1,87567145853885E-07
6,78792699822358E-07
-1,30551395218664E-09
-4,37751326788876E-09
-1,04604787288692E-06
2,11172179017231E-07
-8,8749980410661E-06
1,02545560651614E-05
-2,41707366715091E-06
-6,8873187215939E-07
-7,04143606750352E-07
-0,000145977771069845
-1,85307391725404E-06
0,000356903832236103
-0,000202191035298411
6,46517211554582E-07
-3,40728595023495E-05
4,96191781914524E-06
1,8774417590426E-07
-3,42763315520058E-07
1,13460567220037E-06
-7,28148813825074E-06
8,13958262882254E-06
-4,29194679386876E-06
-3,75656583300192E-06
-6,92007941613694E-06
-5,2567719864796E-07
-8,42595707548028E-06
-6,19193981536732E-06
6,0203900267404E-06
-2,74431598219354E-07
3,59066759818522E-12
0,999987610661368
6,94624364112689E-09
-1,64975175394272E-05
-6,16450739332573E-08
8,83783261828668E-09
1,00670844258828E-09
-3,7348758987722E-09
2,32515419525364E-05
7,44017040134981E-06
6,0832121476055E-08
1,94296855137931E-07
2,69491476825344E-06
1,79070559208006E-07
5,9628823473361E-06
4,32718681976964E-05
-7,04718808144664E-07
2,11403184355398E-05
-1,0539268518029E-05
9,98898489274584E-08
4,92621714727075E-05
-0,000379098609714811
-0,000397414322621625
-3,27870658093492E-08
-1,09676258650145E-07
2,49849999739641E-06
6,95082399310549E-07
0,00175331517182043
-8,82418655249434E-07
-0,00370729975718008
-1,25809284542607E-06
-4,86618956069716E-06
-2,54473138440953E-06
-4,9761538859151E-07
1,95884737286557E-05
-1,83251616345643E-06
2,89744909139389E-07
-5,0559072089632E-05
1,80825741557631E-06
-2,10489314391487E-06
4,19507513394454E-06
3,71443878752588E-08
0,00272031965188045
-5,22858737227395E-05
-5,08958371279552E-06
1,01226230574758E-07
-5,16167457867098E-06
-2,33307008981841E-06
4,20484192724663E-08
-5,21149794468572E-05
2,49118311776658E-07
0,000105091917969311
-7,97880185023083E-07
-9,87718084259007E-07
1,97589317830266E-05
-4,91238993102721E-05
0,000304391094471327
-0,000105618624993741
-0,000197599517537765
-0,000278267021900201
-8,8638669738651E-05
4,22340135724259E-05
2,187765238975E-05
2,12293946897406E-06
4,51317567502367E-10
4,03481332134378E-09
-0,999999348669715
-9,20595055128434E-07
-6,43114221838764E-05
5,17123276456092E-06
1,74666147403729E-05
4,36737642187888E-07
2,69056119906956E-06
2,20581952180825E-08
0,00103930416180096
6,16452219464866E-10
2,98005825835997E-08
9,27734471686301E-10
2,29774627906724E-09
3,22620182056837E-06
-1,61185493939576E-05
1,05973816167686E-05
-3,87420523981668E-08
-1,7572153920696E-05
-3,01251433859255E-09
-9,37903285075387E-06
-2,51360951773776E-08
-6,48085922312059E-06
-0,000397993131896149
2,30306761286518E-06
9,58034945382028E-08
-1,88873742623294E-07
-1,81728906812893E-08
6,42742140390407E-09
-3,73390639263894E-07
0,000207386561812929
-2,47434574237879E-05
7,31356663551766E-07
1,2557897839855E-05
1,06791574668791E-10
-3,45696606371458E-08
6,48207416402454E-07
8,45701653021193E-09
-2,32529356789048E-06
2,5542553086637E-06
-8,46851466114698E-06
-1,18411468041936E-07
-1,89639763010127E-07
-4,0627547667701E-05
-4,99821628019375E-07
0,000107190773230148
-4,18800326302518E-05
1,26961433736361E-07
-6,50482574015014E-06
1,24263014991362E-06
1,50579602220169E-06
5,58574362173919E-08
-5,13025246596494E-07
-6,31686969447949E-07
6,07895534281435E-07
-2,13289567859E-07
-5,13862908016891E-08
-4,63142951229486E-08
-1,33473892396311E-08
-2,93387093204456E-08
-1,51898618842084E-08
3,31735213018569E-09
2,32333057345608E-10
2,4515022910234E-05
1,64879431422838E-05
-5,8878798057681E-07
0,999943828860811
-2,92193427004916E-05
5,32758480953336E-07
9,04218516147665E-09
-7,79900562122949E-09
3,51432813321584E-07
1,17016955126823E-06
0,000126665639668417
2,68426791357796E-06
-5,03473593009354E-07
0,00177584872291027
-4,43326386519281E-10
-1,60151634737033E-06
-1,4648464923215E-05
0,00619518959257387
-3,02323472502345E-05
2,43743864767961E-06
-1,26829757500581E-07
0,000319629859978614
2,68160903756425E-08
2,02340137375104E-06
-2,70745163208505E-07
0,000417501071043119
-3,9216172750713E-07
5,11602073031457E-07
-7,36794800937137E-07
2,165775338272E-07
4,44078099417787E-07
5,48161325790535E-05
-0,00590876739757319
-8,34633225002379E-06
0,000203536374568702
-1,81600219139439E-07
-0,00593999627283822
-5,15879747392023E-06
-9,06770520290399E-05
3,64311410741192E-06
-4,96574428923273E-06
4,37559594940766E-06
5,65019949292926E-07
-2,59187044796543E-06
7,87005612061476E-05
9,05544788075116E-07
-0,000170382505217517
3,56890261518994E-05
-5,61243513389248E-07
0,000461360495439538
-4,19482185199522E-06
-1,49716550105944E-06
-6,48666038069749E-05
-7,72955352155271E-05
8,10085594123962E-06
-6,76791834135068E-06
2,55234347694078E-06
3,74377658654012E-07
-8,60311825121467E-06
-3,11180340400789E-08
6,64443333906684E-06
-4,18087002286249E-06
2,55288033400522E-06
3,80758437944462E-09
8,80759868772067E-13
1,01302012153188E-08
-6,06472850462473E-05
1,99364463237146E-05
0,999963327313103
2,20366083987988E-07
-2,77020706806019E-09
-5,10313452039338E-10
4,15735402916784E-06
1,10447482390194E-06
0,00336059683664568
4,19498282841527E-09
2,11500179925906E-07
4,24056711072442E-07
2,15153498224015E-06
0,00770713613997184
-5,0062591931686E-05
0,00143156775912516
1,42210739770327E-06
2,62963135500937E-05
-8,92599878639414E-06
8,2864623305761E-06
1,7001343663666E-05
-1,88554600277864E-05
8,4725988744311E-09
-1,12871962034976E-06
-3,34449935337778E-07
-0,000163641568192174
-2,94287401086311E-07
2,87634572376681E-06
4,00991004732108E-06
0,0007292751492112
1,42125678891584E-05
-3,05453633559033E-08
7,885052787112E-07
1,54099412291431E-07
-1,18055189646959E-07
7,73304850206219E-06
-2,3537404785739E-07
-1,28422330589075E-05
-1,69891706953336E-05
1,07891882283947E-06
-2,02106568568542E-07
1,15855645609917E-06
6,1934547536766E-05
7,80874970899991E-07
-0,000149937248393582
8,37276696066666E-05
-2,67972822998208E-07
1,44549760096899E-05
-2,06316180143051E-06
4,67316238115789E-06
4,56855393204912E-07
-2,62257266113471E-06
3,11827419944091E-06
-3,51382209029131E-06
2,77479516059444E-06
1,13474692961273E-06
2,03181143288404E-06
2,77146410096274E-07
3,04983627630458E-06
2,58052969877226E-06
-2,39690877310055E-06
1,10262813573047E-07
7,82260644632689E-17
4,41645738344935E-10
-2,17139814550218E-06
3,31859992676882E-07
1,91079588245568E-07
-0,999933184357674
2,86237931323414E-05
-1,06360275859595E-06
6,85172581877537E-09
0,00477823272691209
-1,02099851074341E-07
2,55901814855524E-07
1,273480622075E-06
0,000116263847508962
4,02751919074149E-09
2,36199734428933E-05
1,01124898823925E-08
-4,49267644473814E-06
-5,53582518152226E-09
-5,38307360561956E-06
-3,27420060483497E-08
7,11637273151922E-05
-5,97343934876895E-07
1,81411750849226E-07
-0,00752727011993738
-4,47385627771352E-08
1,06325100093817E-06
-5,9526973448738E-06
-4,82835451024223E-06
1,67340285886192E-07
-0,000387490459453628
2,03423931614456E-06
7,53537297742235E-06
1,15433321785522E-05
0,000201386392316664
2,01478859461632E-09
-1,39766647854641E-07
1,10233371356487E-05
-3,1900174416071E-07
0,00582650975865093
0,00446682102573089
-0,000131487235761772
-5,04448070198088E-07
7,201004584929E-07
1,74666897230062E-05
-5,20651227312213E-08
2,88053969433428E-05
1,34138970711714E-05
1,18739270411349E-05
-4,58397516068618E-07
1,92296975769728E-07
2,86095397788498E-07
1,35796364830193E-06
-2,74013172803631E-07
-5,77062859683386E-05
-1,27211577460537E-05
6,9800024538762E-06
3,61042310976086E-05
-9,95805333735298E-06
-1,78849947529012E-07
-2,29188682420762E-06
2,07195225122315E-06
3,61547227242877E-06
4,37207269854033E-07
6,03348817964928E-16
1,38853919302077E-11
-1,66967625638371E-05
9,20075023104492E-10
-3,5076610340383E-09
-1,3919044783929E-05
-0,999538981906979
-0,0292791440712344
2,56108985616847E-08
-1,13808788502792E-06
-6,17535628726659E-08
9,24097009985129E-08
1,19911569493056E-06
-1,39071856736396E-08
-2,79949517454855E-08
-3,08118992831452E-09
5,50923196408243E-06
9,02358943905081E-07
-7,09158524482225E-06
-9,56972184299336E-07
-9,90732161316799E-08
-2,60638321167061E-05
8,52197319121458E-07
3,11992714669297E-07
-0,00194424075535526
4,24352876988113E-09
5,79240992958886E-06
-2,61070451212254E-07
-0,000361204945838143
1,67734397863577E-07
8,35111015753212E-06
-4,90077031161081E-06
2,01403589091448E-06
0,000106553480779055
6,39847815513065E-05
5,6606302385182E-06
-9,01632820824471E-05
1,73675326302366E-05
0,000213514225492726
3,71019349287609E-05
-4,85028917178106E-05
-2,79513955744827E-05
3,98025706666432E-07
-1,53878174038331E-06
-1,54839985780619E-05
-7,03809806480541E-06
-4,94241448661025E-06
-2,89498354353177E-06
-5,55756780905246E-05
-2,86796780139736E-06
-4,23734554408403E-07
-1,7535439685537E-05
0,00777665877348449
-3,49411250706384E-05
-0,000221801448812608
0,000173876306220329
4,73739287205346E-05
-5,85241250363032E-05
3,65688968150063E-05
6,58818291097859E-07
3,07965429377188E-05
1,98911306876635E-05
-1,72973663877824E-05
-6,01471728089925E-08
4,92727270576006E-16
6,96770110646884E-11
-3,60717589032675E-08
1,42492638248594E-09
1,39272005046906E-11
-7,01244239665419E-07
-0,0292785657118646
0,999489509993979
6,95490559186283E-07
9,55110066160985E-05
2,44758514886172E-07
6,39755206294587E-07
7,51087245316052E-06
2,68195241251527E-06
3,00239716819262E-06
1,06016344862382E-07
7,49724677219308E-06
4,19346677616298E-08
-1,99055155912323E-05
-1,65503325145689E-05
9,73873210064042E-06
7,83839980562452E-07
-0,000113296814942036
-1,08374376694424E-06
-0,000152664842213411
1,64720921281819E-06
4,59800453446116E-05
5,46042677682542E-06
-0,00109508742433264
8,36644780894409E-06
3,13705145696988E-05
7,47258693117959E-06
-5,26284661890226E-05
-0,0088859403242331
-0,00192525835744579
-0,000923777606532943
-6,93289814877067E-07
-0,000143573975741843
2,46714119609043E-05
-3,85755246770955E-05
4,85973421967132E-05
-0,000681258765277986
6,3065918967094E-07
-3,9698643050061E-07
5,10516033202224E-06
0,00081789647957278
1,38692838293588E-05
5,59638983251027E-05
0,00850832453318007
2,03279939520929E-05
-3,8378311687091E-07
-3,16630674980945E-07
7,58461283214326E-07
5,62990479166401E-06
0,00143867224721036
0,00171171481959694
0,000236407999313333
0,000312225132346442
-7,15723749644914E-05
-3,90152771833616E-06
-3,84679535544198E-05
-2,03190798222697E-05
-1,94333236331531E-06
-1,96611560626851E-09
7,80193605991939E-09
1,37924101299858E-06
-2,30609381062109E-07
9,80317967837167E-09
2,2025298685902E-07
-2,36413621697618E-10
-1,17471432114232E-08
4,16816016915483E-07
-0,999791256955166
7,10936002574998E-09
0,000828036483745266
2,21280510760836E-06
2,64205584289052E-05
4,36568788226906E-05
9,81453550070949E-06
0,000572209495971794
0,0127216751369237
8,29570054384177E-05
4,3033457837848E-05
-0,000110091454192751
8,77043747985754E-06
6,51426162905333E-06
-0,000454667248686685
-9,57533758786254E-05
-3,33762395498309E-06
2,14660035791669E-05
1,90598127532398E-05
0,000114036913535315
0,000114183208360901
-0,00583452150091138
-8,19867422849355E-06
4,76311768461422E-06
-0,000519569007986983
-3,1268769060307E-06
-0,000233083662659834
3,9525668366711E-07
-1,08481170044473E-06
0,00161223755430552
-0,000103914620920613
-0,000301700213023372
0,000349724794364016
-8,81132024870594E-05
-3,32810453046409E-05
0,000207324696684941
-0,00494103247821388
-6,24996289137336E-05
0,0120301503524644
-0,00680317855210358
2,16806896809668E-05
-0,0011154222371646
0,000166658062572858
6,80232166659869E-06
-1,09146061041918E-05
3,74293980206699E-05
-0,000244183631223753
0,000278993910324843
-0,00021082023243432
-0,000101781053517465
-0,000186549873926172
-1,57845406784836E-05
-0,000260749392045926
-0,000213592576683196
0,00020051973579696
-9,19583526052226E-06
9,88573849891512E-18
3,57559597962593E-07
-9,11026190322812E-09
1,79081371404703E-08
1,38710469117107E-07
-0,00477903092943128
-1,47993592928452E-06
9,55104269680044E-05
2,40719220687868E-10
-0,999815482099689
1,22604880433743E-05
-5,21844618580589E-09
-3,76462050049301E-08
-6,70770932169148E-07
-3,71478307509418E-09
-5,19549734112295E-07
-1,75128290841615E-06
0,0011502412592874
1,35077216042428E-06
1,76064112807345E-06
-1,4899534626012E-07
-0,0185531390752251
-1,30828555300871E-06
-1,59351091650975E-06
3,79419047637637E-06
2,98522873275415E-06
1,48197848970046E-07
1,60452877441713E-06
3,31105375138269E-06
-3,17094871334038E-06
-5,1536253520877E-07
-0,00077153067227105
-7,421701150559E-06
3,65366851535164E-07
-3,28394242143131E-06
6,61196364177779E-08
7,5852523084175E-06
-8,81026416547645E-07
-1,41968492071171E-05
-4,05217463727536E-06
4,33054141396874E-06
7,81697830900524E-07
2,24821627976797E-06
-1,74914457942208E-06
6,31304110387724E-07
-1,19360801808137E-07
8,73387064991156E-06
1,91158956688282E-05
-7,47702609086888E-07
2,13156372255571E-06
-1,89580498163627E-07
-3,82652401300143E-05
-4,7186679969034E-05
3,94083557978097E-05
-1,76845589194583E-05
2,74076027025073E-05
-3,12392016077896E-05
-2,46515884889342E-05
-2,70413438298087E-05
-1,7360139569719E-05
-4,49223405913844E-05
-6,49429225042409E-05
-4,63031627839272E-06
4,56525588482654E-08
1,30420214179874E-09
1,24603039517624E-10
-0,00103827579761078
8,59479233222557E-06
0,00333363104557866
1,45472388404355E-08
1,14634393824728E-07
3,75411906810184E-08
-0,000623574161195952
-4,955553190073E-06
-0,999295736333708
4,56461329257156E-06
4,11801288837037E-05
-1,25083861901695E-05
-1,48712912024497E-07
-0,000290300510302259
0,0159247816636745
0,0190917790259804
7,14273272662466E-05
-0,0202796382816374
3,23129681855878E-07
0,000765118937160288
1,52987030927165E-06
0,0066524246122592
2,2451386121956E-05
-1,97437708028513E-05
-4,86760099155245E-05
3,71042907826497E-06
0,000109711711942859
-5,4757097958293E-07
1,32911410161902E-06
0,0014240427252999
-0,000157609737835289
4,31023085764324E-05
-0,000224550112164795
-2,14513907225895E-07
-1,11767150281423E-07
-7,09852846020065E-05
-2,29518040238164E-05
6,92865098001906E-05
-9,09560180028843E-05
-0,000472820207031286
2,19401326164129E-05
-3,90422590468822E-06
0,000476370403701127
4,14076816107084E-06
-1,33169507198564E-05
-0,000117258171157147
-6,2391922665323E-06
0,000528994047171383
1,47585897789367E-05
-0,000232502380624165
7,19932194395576E-05
0,0178344910186854
-0,000333664924063797
-2,97774484763556E-05
4,00974345241125E-05
-9,53194447498313E-05
6,76088335595432E-05
-1,27422167140377E-05
9,45435730849164E-05
7,9032182040117E-05
-7,40229666984871E-05
2,89344479251793E-05
5,13196345162689E-16
2,03079870658131E-11
-2,0736427172809E-12
5,17770576337557E-08
9,38345663422653E-13
-2,64811589116665E-09
-1,47724594956486E-09
2,76725083191056E-08
-1,48036509793569E-07
1,03465739623105E-09
-1,40160441614851E-06
-0,996430922428314
0,0843982653787416
0,00150054913679178
-4,51911608409444E-05
-1,65389123895024E-06
-1,03506242247445E-05
8,27971361278813E-08
6,0838658011901E-06
8,06815666509059E-06
-5,34551924415562E-07
3,55976621308661E-09
0,000123299217775637
1,2367879126531E-07
-9,91296775479306E-09
2,63977999552165E-07
-1,64952469318188E-05
3,04156775550321E-06
2,70478559525239E-05
-2,60149935578841E-06
-2,47955192730238E-07
-1,37256915069936E-09
1,36344086338705E-07
-1,97697866605394E-06
4,96906516288221E-08
3,08924109101685E-08
-4,62196001963675E-08
-3,68367627715534E-06
2,79310165349643E-07
6,33202236100485E-07
-7,53555339533706E-06
1,96880451242179E-07
5,19926076469908E-07
-3,65910927790559E-06
2,56732974938531E-05
3,05002406810879E-08
5,31735666744459E-06
9,88777942648828E-07
-1,61057721885656E-06
-6,21469987704884E-06
3,44313826374757E-07
1,20541036131133E-07
-1,29753235810172E-07
-2,20261897696227E-07
-3,28814656816921E-06
2,15576476767886E-05
-8,10012460405086E-05
-2,09688903455215E-05
-0,000189992875208032
-3,40580788513657E-06
0,000185779365145575
1,03439386327334E-05
-2,18728189505998E-05
-1,60273815846933E-08
8,39029192522747E-11
5,84796510964157E-08
-2,99136815956351E-09
8,72092645119345E-11
1,6430081543225E-09
-1,69241122840755E-07
-1,07730687787734E-07
1,98539500350689E-06
-1,00758388036857E-05
2,87924370131281E-08
-1,93674797017692E-05
-0,0843524216754669
-0,995860335535794
-0,000168377304444352
0,00176198163472226
6,76556839645769E-05
0,00074976740662967
6,95844316115627E-06
-0,000730582518797542
-0,00102041263337851
3,50719506570495E-05
-1,56412805674451E-06
-0,0103957754494451
-4,85424902629472E-05
1,49443821785998E-06
1,49551647615152E-05
0,00961219062205985
-0,000306039076969535
-0,0226202381753079
0,000273877965217149
0,000519179586236003
1,66163202881117E-06
-1,64263462373191E-05
0,0026649702631658
3,36258582966153E-05
-2,48489431106758E-05
1,823357445926E-05
4,87139508613933E-05
-1,16402749442548E-05
0,000381106934544924
-0,000476218993444807
0,000338572842402126
-1,52309025927694E-06
1,39287528266282E-05
-0,0024018684251033
0,000242683644933359
-0,000442877352249499
0,000378493880972936
0,000437308793333102
7,13065091900687E-05
-2,57058860330661E-05
-3,8672240342147E-06
-0,00120495183981219
-0,000420731293543994
-0,00995577332808796
0,00420584871596988
0,00367679867439841
0,0162001642230555
-0,00424996916299229
-0,00013236800584012
-0,00158540167778487
-0,000220973677632432
2,31405133469664E-05
4,44083359176249E-05
2,20388693377613E-10
1,23994385133859E-08
-6,80346165538602E-10
0,00177864087556945
-7,43498825608074E-08
-1,32607904163523E-05
-1,00349344087233E-08
6,60943543355317E-07
-2,00841007537621E-05
5,41751066920869E-07
6,42399079820158E-06
-0,00148046474293816
0,000295024596267002
-0,999573829038312
5,53616336304496E-07
0,000158073045593434
2,15974910572686E-06
-0,000319474385131109
-9,03854669571351E-06
-1,52387221334014E-06
3,65417809774085E-05
-1,04950527349475E-05
-2,84937806748971E-05
-5,47321507983119E-08
-3,33423001869718E-05
-4,09636272149242E-06
2,46429800156035E-06
0,000799028675897728
-1,00584646920282E-05
-1,80044941352609E-05
-0,000789321542107162
4,52601164277369E-06
6,17525420938648E-05
2,42035653623326E-05
-0,00217840583747687
-5,67267403414651E-05
0,000126397409905765
0,0135297326426074
-0,000959483277328878
0,0110051819421649
0,00843324565814146
-8,44884531246011E-05
-0,000361114026757247
0,00186771211311518
1,91097774481309E-05
-9,2948860662594E-07
7,58334429124777E-05
-1,13161753034003E-05
0,00549807541214233
0,000199717176618668
1,61829530898761E-07
-9,62010877974139E-06
-3,61958905637032E-05
-0,000281548724095207
-0,0136929938899253
-0,0148687556306404
-0,00146092356306816
-0,00442647988609058
-0,000143031503579455
-1,04194763876552E-05
-2,34468602080119E-05
-5,92403999125815E-05
0,000188984366640331
1,38785161086234E-06
5,35245268604271E-16
7,69444817481219E-08
-2,23781712476964E-12
-8,57548849658088E-12
6,77560973668365E-10
-1,16445912998343E-11
-8,26688407482162E-09
5,08279703626334E-07
-2,4251817800387E-06
4,12400223499693E-10
-1,66367561218671E-08
-8,63924890674713E-05
-0,00152188867528868
-6,24985492538585E-07
-0,999466163731291
0,000314927442849109
-7,23580272676522E-06
1,80648784553682E-07
1,91628648350634E-06
-1,10685611904763E-05
9,39351999725813E-05
1,54826733708852E-06
-0,0221291542126769
-3,51750025525343E-07
2,50447672413559E-06
-1,12411196418894E-08
3,50682336162242E-05
-0,000625984145650266
-9,70895150960773E-06
0,000493017556540739
-7,62279356978069E-07
4,36318595728603E-08
-4,58779674476964E-06
3,54559482750016E-06
-1,947238921959E-06
1,13599840498256E-07
7,67301937424432E-08
9,3311532711952E-07
-3,42517530619145E-06
-0,000234870259398978
0,000318030720925359
-2,82243210575628E-05
-5,16864810282163E-06
-4,50660805463341E-06
-0,00258099572476203
-9,23677357943092E-06
-0,00088303792608114
0,000364847055248842
-1,04305684634001E-06
7,51424631822404E-05
0,00424214434445574
-5,25106623442179E-06
-5,70355101584251E-07
2,43061600498339E-05
2,46384537270965E-05
-2,93612261184614E-05
1,89859276363746E-06
8,96093290478969E-06
-6,05216810251878E-06
0,000185384175804169
-1,86402353845721E-06
-2,36935805587485E-05
-5,88900625694104E-05
0,0234274688702224
3,37968027607512E-09
7,72686705355954E-07
-3,20353782197414E-07
1,08427601229868E-07
0,00771046907408718
-1,9611794391696E-06
8,38023284515035E-11
3,26899001743611E-09
-0,000197756358125515
1,18812269021915E-07
0,00031327544908071
-2,22467639331242E-06
-4,00828013732082E-05
-0,000113276684025855
-0,0002771176572471
-0,999383130675874
-0,000233946687360763
-0,000222967673699449
-5,02844394886533E-06
-0,000388546870734999
0,0011994489602793
1,60417014998273E-05
-0,00232554268104356
3,18534593139341E-06
-1,19603865350049E-06
4,41491565290652E-05
4,83752302512368E-05
0,0227603297061341
7,05656516170343E-06
-0,000404258860850692
-0,00055639391863403
-6,63796767426352E-05
-0,000928966019050595
-8,45667453287644E-07
0,000285558597620659
-2,16804329668247E-05
5,21087978830058E-07
-0,00106253745491885
6,55854186748316E-05
0,00181870072902242
0,00237372591034478
-0,000137016773147262
-1,14757487158791E-06
-0,000161280411002131
-0,00852545507812466
-0,00010744631056635
0,0206057083639194
-0,0116034813322751
3,71235814067485E-05
-0,00196440457072217
0,000284394613981555
1,17013611192541E-05
-2,02864710264623E-05
5,94839590843515E-05
-0,000429851998130219
0,000492197525966082
-0,000389231601326183
-0,000160298731326473
-0,00028699616434925
-2,56280246796945E-05
-0,000430428744724293
-0,000364274746192017
0,000338348796148168
-1,55673224457187E-05
0,00027471654538233
9,81822841273878E-10
-6,09960767845551E-07
-1,29159904757954E-06
4,49480481846851E-06
1,3024446944644E-11
-7,95926671800731E-07
1,21011967075503E-06
-0,0127361978482561
-4,74976468909085E-08
-0,0157856362045521
-2,76988369021667E-05
-0,000445528401270927
-6,7159694214017E-09
7,23622573255445E-06
0,000222324032358223
-0,999195638936102
-0,001856513659543
-0,00380970460915366
0,00104804187034776
-7,0304204408401E-06
-3,29728509952103E-05
3,9316600658392E-05
0,0289910185894143
-8,42682500853627E-07
3,06128331268859E-05
0,000283519037393102
8,83315741650365E-05
-0,0131228678635681
0,000108573278742087
0,000268181822715775
-2,32203187009552E-05
1,53039786285684E-05
0,000910947164301456
-0,000111442201880974
-5,61149609177689E-06
1,18854183000676E-05
0,0012882664199675
-0,00063224883626931
0,000312342752910545
-0,000398594369268796
1,90154782064535E-05
0,00180682485107861
6,82489385167962E-05
4,85316719518401E-05
-3,36556491256611E-06
-0,000280100170027985
0,000313961547253542
-8,08064790116721E-07
0,000195148186843186
-7,98106028548427E-06
8,50613380986884E-05
-1,65989329706142E-05
-0,000285155467685848
-0,0006112122882887
0,00151140654303604
-0,00939773448444573
0,00341337507026461
0,00671260056853177
0,000267838636250101
0,00303027735336761
-0,000848838346630943
-0,000187904681408779
-3,76182856677981E-07
1,45415636044679E-07
1,95471682812224E-07
-2,98021680160794E-05
0,00619675075751919
0,00149254570898576
-2,14484624823482E-08
-4,09434521191917E-09
5,53116590460694E-09
-2,41303650884541E-05
-0,000166862034751938
-0,0190344630566327
3,1586336046801E-07
-8,09982894329381E-07
0,000330975832492857
-2,32357992032772E-08
0,00030849054016994
0,0021492196909146
-0,998161886581365
-0,00114967745579883
-0,00223094254546882
-1,2617686245146E-06
-0,0528521953916333
-2,85393711882338E-06
-0,000311185684569377
-4,31615974157604E-07
0,00174316133059246
1,77751373143372E-06
1,19959398317981E-05
1,06958678267721E-05
-3,6823057625113E-06
-9,50846822531383E-06
-0,00120303601433958
-0,00267139982031318
-4,57403667880119E-07
-6,14769977494938E-05
9,07028484660394E-06
1,99323959680666E-05
0,000361171597625603
-4,91144921491655E-05
-5,50661536304634E-05
6,12375526935559E-05
-3,70270612746107E-05
-2,91067240732874E-05
0,000148726343515665
-0,000928009090211434
-9,94639923214882E-06
0,00176011166781137
0,0006774670257876
1,55263998644576E-05
-0,0211769115620863
0,00012766928450257
-1,579354188828E-05
-7,98177027721078E-05
0,000380101408177946
-0,000187434094155246
0,00021967202355873
-0,000139869858223585
-7,41837189484835E-06
0,000392698916845546
-6,75974169000914E-06
-0,000389534996215246
0,000212565726009952
-0,000118298409873379
-6,66939356305957E-08
5,7343106742941E-11
1,03120233024391E-05
-3,14253025330876E-11
3,65758841357463E-05
5,57674621411803E-09
1,5332762179461E-11
-7,88071858651847E-07
2,62953502843564E-06
-4,12140519718698E-06
-4,49843765478776E-09
-9,34001512095725E-06
-2,15056240442772E-05
-0,000320563008601973
-3,67240114513192E-06
1,86138713543661E-06
-4,27840920022094E-07
-0,00357562435748431
-0,00108343588937965
0,999765272906326
-1,18743506303583E-05
0,00341952952676296
2,83969655715825E-06
4,82482759982809E-05
-8,9313374653403E-05
-1,8398847057112E-06
0,000290395219489166
0,000393203039759664
-5,42045481655596E-08
-0,0178735575639476
1,35985812475121E-05
0,000363113443127125
3,77176343185317E-06
-0,000312909220004554
0,0012070826628371
-5,08238065016929E-05
-0,0104510754090874
1,160055027373E-05
0,000395399201554725
-3,71160695238902E-05
0,000401160028813372
-0,000514380781851984
1,69769239518618E-05
-1,38664677583449E-05
6,67643962529161E-05
-6,28583404589068E-05
-5,66184480096002E-06
-0,000184143325981352
0,000292959253481515
-0,000140995968493532
-0,00350266107558468
1,5390254357558E-05
1,96823084530887E-06
-2,42801958632091E-05
5,48877175451845E-05
-2,10438138886929E-05
4,5424943367365E-06
-8,11490542664616E-06
2,86418688602581E-06
4,08100649227219E-05
3,96309987027383E-06
-7,93074133402338E-05
3,23376621425176E-05
-1,50442835932991E-05
-1,09749055906462E-08
4,47647548645876E-10
7,52478243724045E-12
-3,77754385028999E-05
6,28761500614131E-07
4,74342619454964E-05
-8,35266043583362E-08
-3,38734202553631E-08
1,82358338124975E-06
-2,93860153446405E-05
-7,74848973877343E-07
-0,0202812774288616
-2,97922114794369E-05
-0,00043618554725366
-3,16960231464755E-07
-2,39699296369256E-06
-0,000254053149067571
0,00135517043695447
-0,00182900870705379
1,24368043489542E-05
0,998168623190328
9,30631544048513E-07
0,000115776866357879
-0,00013681574067203
-0,000540891820270506
-0,00112581716176709
0,000301109015594378
0,00303996987019753
-1,60985456661993E-05
-0,000367170194785478
1,87425539229759E-05
-0,000232514193543581
0,000192149120651534
-0,00204732203570977
-0,00326796546179456
-0,000553141621884667
-6,13135604269439E-07
-1,28452464969544E-06
0,000213266215487023
0,000168042464308113
-0,0049618058889659
0,00656374549925533
0,0330123488881691
-1,1377539435467E-05
-0,00060570794992701
-0,0310367117759834
-0,000246268741390215
-0,00333416337332509
0,00735050591035349
0,000493275242428892
0,000864432794325351
-0,00108362013395598
5,159604831645E-05
-0,000433270890485202
0,00131530308759439
-0,0156482247929077
0,0114296451257791
-0,0039983900803804
0,0126342086259971
-0,0116176871424233
-0,000560144632797439
-0,012254552907272
-0,00975332625064909
0,00911431447537534
-0,00331674732136626
2,18415881716588E-16
4,36480555193142E-07
-1,06536053933245E-12
2,30700948625099E-09
1,08585425056769E-08
-2,70003505543191E-11
-1,8730975183123E-08
1,09176235040791E-06
-1,31299808652252E-06
1,60744961600965E-09
2,47138537133219E-08
-3,59852993923533E-07
-5,86761431625442E-06
-1,26747435614229E-05
-2,38527617365119E-05
-0,000597451034453167
-5,27545635992925E-06
-3,15866659056271E-06
0,00331256984447441
1,8800621824676E-07
-0,999562838491433
1,06814212553458E-05
-0,00391980738263539
1,09167042834507E-07
-7,99492213849106E-06
2,4365134506151E-05
4,15031544484037E-06
0,0260366368805759
5,61212379230694E-05
-0,000453504236740635
-1,0326906309858E-05
-1,04444819876386E-06
4,75916724837926E-06
-4,49648346350408E-06
-1,78469214235817E-05
-0,0102674271593758
-3,44769488277932E-07
0,00127412234051792
-0,000117695289034559
8,27425444878831E-06
3,70356489555722E-06
-2,44192570505722E-05
-0,000165111953703742
-0,00788331299293599
1,51986966117035E-05
2,46319428659606E-08
-2,63985288975593E-05
-4,86600521091339E-05
-0,000136733186543962
-3,50580965005169E-05
7,2730586254397E-07
-1,1237405648088E-06
2,497237685566E-07
1,25414988624221E-06
2,78911685572308E-05
-7,76847513730772E-05
0,000232584335307813
1,11639556567883E-05
4,71676422428871E-05
5,28209119095799E-07
3,27791812761839E-05
-1,3440578665969E-05
-3,07777254363272E-06
-2,6245244623416E-09
7,62375748515274E-13
0,000380781004705182
-1,54240751241169E-07
6,08597307264445E-06
3,27784975622051E-05
-1,75558072131814E-05
-2,16947994894236E-06
8,82510826812495E-07
-1,7595993092852E-09
-0,0186038689527455
-0,000219109893614555
-3,9583978521257E-09
-1,4422586806518E-07
6,32389131788787E-06
1,76038201576819E-07
1,91445816837348E-05
7,34277506685842E-05
-0,0528562341458472
-6,3685793721164E-05
-0,000219446890656402
7,61955042671606E-06
0,997250091122145
6,88140375109174E-05
9,16895849555671E-05
2,16688911604486E-06
-4,40011570442274E-05
3,72635754593738E-06
-9,85808615036681E-05
-0,00021465945942203
0,000196483561952421
5,31113280058262E-06
0,0482426875354219
0,000478148635220345
1,84762032018319E-05
0,000212897165430808
-9,39325476721318E-08
-0,00048476033714635
7,9823900127576E-05
0,000915935213923348
1,83454634165196E-05
-2,36915392516824E-05
1,67373231995395E-06
-0,000134097821002646
7,91499453598388E-07
2,4775686281099E-05
-2,60965944506982E-07
-9,68856097372576E-05
3,59935820863043E-05
-3,66863383533027E-07
-2,9480688907094E-05
-1,86451534118871E-06
0,00251411564198938
0,0030513742605739
-0,00265846739766273
2,31618779733512E-05
1,98424189152325E-05
1,41548389613489E-05
-1,25862336703512E-05
-7,78612096526819E-06
0,000749670281231875
1,88306718984581E-06
-2,88838869189419E-05
-4,940074725774E-05
-3,33297625287421E-06
7,52562835854948E-16
1,86853711369222E-06
-5,96381454793701E-12
-1,99432073841513E-10
1,5351031421665E-08
-2,65304860879577E-09
-2,52611083670443E-06
0,00011308586646635
-3,72617924854946E-05
1,14966097795258E-08
-1,69310649668416E-07
-0,000758134004558517
-0,0104208227511839
-3,27016467911223E-06
-0,0221057609664164
-0,000558296104104856
2,10260225160282E-05
8,20312035005103E-08
-2,0334352792501E-05
6,83055301858053E-05
-0,00189922900183565
-4,68838063683203E-05
0,994343777947898
1,93471771021651E-05
-0,0001250232173375
9,05162371459436E-06
-0,000645633363898924
0,0755496594037379
0,00125885811077416
-0,0703821455732474
-6,92679716082896E-05
-6,21686689151869E-06
2,64583653949351E-05
-0,000229493913702063
0,000623753974197331
-5,14213191026986E-05
-1,88494342961152E-06
-0,00216883673488686
0,000340321986913853
1,03991356056714E-05
1,29944947860108E-05
0,00112713150261097
-1,78462644180483E-05
-0,000218710560930304
0,000187167791592091
-1,47861763353505E-05
0,000143435322694464
0,00025715979632179
6,57052624888222E-06
2,15165219457678E-05
-0,000178146127633988
-5,49745671889473E-07
-7,8879225443653E-05
-6,06229020442901E-05
-0,00166278885423006
0,00194377444448872
0,000566468348693388
-0,000842837195518999
0,000189058552807889
-1,03971868531384E-06
9,04352600631352E-05
3,91931485623934E-05
2,49658728181709E-06
-0,000943447333925542
1,56308104440016E-09
1,68394434205845E-11
-4,32551263871205E-07
4,16633119496781E-09
3,09589792286041E-06
1,40813041915645E-11
-5,09904181639316E-09
5,78165158534003E-09
-0,000277642008316096
-3,17168763459673E-08
-0,00710306818053825
-3,40869528956061E-07
-6,65290843775398E-06
-1,31489597689476E-07
1,81315329349821E-07
1,66925575418794E-06
-0,0289099859334639
0,000381230152393631
-0,000165576789008006
-0,000646076283452934
-5,21956961564116E-07
9,27098624159722E-05
1,63861496914229E-05
-0,999210948643072
-2,27959590707447E-05
1,26548578896606E-07
-3,8992969884927E-05
3,47189911069651E-06
0,00147648276353095
-2,07403293220124E-06
-2,72972109564651E-05
-8,34919133757639E-05
7,10776587621962E-06
-7,27005031979986E-05
-1,36244793877721E-05
5,23424713720596E-07
-0,000413283303861595
0,00172817232118319
0,0261223168023371
-4,38237995426316E-05
5,36210453601236E-05
-0,000114882322051671
4,10941628516189E-06
-9,63362718308516E-05
-9,90314558609153E-06
1,14811948531112E-06
-1,00526463300046E-05
-3,59691141167336E-05
-2,85087721279628E-06
-4,41676704246182E-05
2,15757598765093E-07
9,49255567971028E-06
-0,000552545753409842
-0,00056383273348549
0,00072543679004123
-0,000916433414128711
-0,000363199667807518
0,000577169943210913
-0,00038107400424803
-1,68840985448116E-05
-0,000333815239731774
-0,000227774990627782
0,000202356829073827
-3,07764562677466E-07
1,48858021229699E-15
3,56781601750519E-11
-0,000398281062578496
2,70063404239094E-09
-5,55220429156239E-08
-0,00753135862088582
-0,00194948426342834
3,95843272995527E-05
-2,27333484788923E-07
3,98207918994117E-05
6,10847295939445E-06
-1,61070566437369E-09
6,62061000001283E-09
-3,93769698149899E-06
-5,27613661527982E-08
1,77809130589529E-07
2,84867287519791E-08
-5,28892957646294E-07
2,63982652860788E-07
0,000516867658094548
-2,41716345484789E-06
-5,52023293840994E-07
9,66389893389407E-05
-2,31179365734841E-05
0,999433471128179
3,075730934388E-05
6,95330837859408E-06
0,000291508000647086
-0,000154201734855261
-5,84563494677653E-07
7,68655440142592E-06
0,000114258872215074
-0,000962592317383631
-0,00173270716652
-0,0272239500868568
-7,32868713959454E-06
4,49359350909424E-06
-0,00209368928125956
0,000175986855095016
-4,03789912515376E-05
3,70724327102418E-05
0,0179380700743839
2,04215587960499E-05
-0,000116953390697749
-9,7072381765517E-05
-8,31779190921009E-05
4,10250573761424E-05
-8,30071731869571E-05
-3,68384400377391E-06
7,19641373391171E-05
5,13741049110255E-07
-4,01645789392143E-06
-0,000243109451443578
-0,000222333882112049
0,000342535460318174
-0,000329238074476976
-8,25194983486494E-05
3,76824799831515E-05
-4,45102002518181E-06
-4,2533383419339E-07
-4,55338359524281E-05
1,05345361862718E-05
-5,73896807328242E-06
-2,4372519782509E-09
4,2800716366999E-13
1,18427374050743E-08
-1,32311122373351E-08
3,35301038219097E-06
3,17554277195879E-08
-4,72772089048738E-11
-8,08377856107549E-10
4,6519451987134E-08
-1,55161147296305E-07
-2,3111908423646E-07
-1,51762055173703E-06
-5,13164008903119E-08
-1,39068267706942E-07
1,16928053160772E-06
-5,20159670549866E-09
-1,76190493648069E-06
-6,50518608562823E-06
-0,00051372910572454
9,04828141291727E-05
8,39326721911787E-05
-8,77168223888182E-06
-6,84585606833036E-05
3,85662644846222E-06
-6,62842167697944E-07
1,52515096731303E-05
-0,994882197663987
0,000915540164565914
8,08468395944216E-05
-0,000522395713502793
-1,15457091798403E-05
-0,00177870255815984
0,000660081890100784
-0,0739888778324443
-2,28802666767799E-05
0,00181378613934147
2,4823340310431E-05
1,17375272789149E-05
0,00150020964466497
-0,000117670416048162
-0,00299759739169843
0,00367133525189565
3,33916852596698E-05
0,00013419727313731
-0,00147368409852102
0,000170761707453312
-6,47378605013452E-05
0,0125122024617149
0,0322142228662732
-5,43703954964943E-05
-0,0460951773067874
-5,72909553703659E-05
0,000107934304037877
7,61961084164056E-05
0,000384962576423816
0,00118473879914385
-0,00144248011341824
3,2323240468288E-05
0,000604059882673344
0,00109310516159132
-0,00308789044237119
-0,00199553583657529
-0,0180750874730251
-0,0321759670074992
-2,20587369963988E-05
2,67799950076753E-15
1,46887843431638E-11
-2,27925453981812E-11
6,37635806402736E-12
8,59933418355577E-11
-1,3286409006427E-09
-2,56193130435659E-09
5,18548555075774E-08
-1,59740417959571E-07
-1,28536697756571E-08
-1,70135771264778E-06
-0,000743592847213224
-0,00894485610959069
-1,53994304062287E-06
2,24763484825823E-05
-7,95112313070345E-07
-3,72857746446295E-06
-1,32889839337922E-06
1,46206821070271E-05
0,000882007543846868
1,28607485435635E-06
2,98033298903049E-07
-0,000721161728760797
7,32353849238114E-06
-9,28268059294072E-07
-0,000709748624990163
-0,995886460660554
0,000136802801319374
-0,0229994316981732
-4,20687830544108E-05
-0,00660606282096053
-2,78441776607774E-06
-0,000104461639266908
-0,00604449252277744
-6,22402916099342E-05
-1,55210634188418E-05
1,43183917218028E-05
-1,80946986632504E-05
-6,57802872469666E-05
-0,030149958197139
0,0392524504393064
-0,00103668817203045
-0,000205964925561851
-8,13071877957733E-05
-0,0516921888267512
-0,0447093532250519
-0,0177289672056942
0,00662551216307192
-1,42260975260807E-05
0,0010376110879091
-0,00190922012336701
3,56899247476556E-05
4,47966912145461E-06
5,82470435180137E-05
6,46300751922901E-05
-0,000139736847495765
0,000162354992622003
0,000184537442614127
6,52606788196424E-05
-0,000157832617085882
0,00012946471627935
0,000124395321282832
-9,23883034956237E-05
-0,00579652496065036
6,31626498036978E-11
0,00184967688800892
-2,32623727422097E-09
-6,64327362715997E-08
1,19154542911745E-05
-3,41183871043798E-09
-1,05477136137282E-08
6,03174342986189E-07
-0,000182360508314732
2,54849896456031E-07
3,49918493202323E-06
-3,43725627570991E-05
-0,00047894141365711
-7,67105445819516E-05
-0,00107975065090557
-0,0229349158864999
-7,03404602520656E-06
-6,62940164707699E-06
6,3539901866153E-05
-8,78119221574242E-06
-0,0262047823170685
-0,000109892635213316
0,076917026311998
2,15484585828709E-06
7,59383888802293E-05
-3,41963033905453E-05
-0,000174871601086766
-0,994856526235546
-0,000761332724559294
0,0183221160851986
0,000382619259557865
7,42796178959249E-05
-0,000441646569605056
0,000175838064090873
-0,0117380672841488
0,00106123226240436
-3,23837651346921E-05
0,0509956302519482
-0,00317212158328893
-0,000305928158095118
-0,000236462193572087
-0,000297173502085056
-0,000529215181491506
0,00627051131065696
8,26354162075526E-07
1,28321992952338E-06
2,61974553845343E-06
-7,75370874342869E-05
5,04263548992411E-06
0,000667906823555088
-2,40541747159896E-06
-2,32745389585298E-06
2,40781868340991E-05
4,76227103125805E-05
0,000280616033716047
-0,000293357256684545
-7,47088085535844E-05
2,50634059716748E-05
-6,71013524155953E-05
-1,87038088195669E-06
-9,65298793516953E-06
-4,37907397787933E-06
4,62404841906465E-06
3,89190468070731E-09
8,81173609490173E-10
2,37519635188139E-09
-2,48202216382615E-10
2,09972608322037E-08
3,84833274667466E-09
-3,54326983719254E-09
-1,11162988123432E-05
1,59198130419892E-05
-4,89103046295985E-05
-3,97943589365204E-08
-9,32154510021354E-05
-0,00191553189435388
-0,0229385280788835
-3,9591793631566E-06
5,93156089130772E-05
5,13182224382014E-06
-0,0131546685095647
-4,96476089310924E-05
0,0178438789119793
4,05320447486103E-05
8,6777601702981E-05
7,61141109063331E-05
-0,00150538979386108
0,00187467141573673
1,1267884980918E-05
-0,000306749630816568
-0,0201356468944048
-0,000890093873023005
0,989839209037046
-0,000586687405508135
-0,0206459762192689
-9,46151470907239E-05
0,00021965509988466
-0,119016550342646
-0,00152307780187695
0,00113997326451364
-0,000869354563760703
-0,0001048192608214
0,00183369219926762
-0,0269855413106269
0,0346723557940958
-0,0053091218955911
-0,000217900299339128
-4,8785027964959E-06
0,0060014006194886
0,0045904303204469
0,000858485115059362
-9,0229926421177E-05
8,19924027724299E-06
0,00017951834481658
3,69429387006948E-05
-2,25075026112536E-05
0,0465309803599224
-0,000203683579443039
-0,00126865596699324
0,00105249988507666
0,000866775739659227
-0,000539122751453756
-0,000180317025662187
-0,000244520761179775
8,55194747220786E-06
0,000171269438381042
-8,73980256233224E-05
-2,96583456854977E-07
3,16093922225418E-11
0,00368285036239216
-1,15150424447026E-09
-1,58785209973913E-07
6,71048635229208E-10
1,19695369262353E-10
-6,9249990445707E-09
4,0255329313342E-07
-0,00584489367514968
5,00624645356632E-07
7,31117701603371E-06
-3,36869841648918E-05
-0,000469119905781811
3,94089646970036E-07
-0,00104467711469172
-2,27541528532665E-05
0,000240834601013867
6,44844582337552E-06
-2,93939587608168E-06
2,28151579501876E-07
-0,000104233460596189
-0,000201008621245495
0,0687634661770801
-5,62483775428878E-06
-1,17348863313988E-05
-6,56097337009849E-06
-0,000102276079444323
0,0237248599148275
0,000718307374343222
0,99731381744212
0,000144651345657213
2,54218636430949E-05
1,92289500856345E-05
4,37480196058259E-05
-9,44103054148033E-05
1,7252657883699E-06
-3,0951195173023E-07
0,000545568724279198
-6,87801764876283E-05
4,95967964861313E-08
2,66351374403524E-07
-0,000146722985758001
0,000841992585754879
-5,70574035064366E-07
2,01661874274477E-06
8,86657500208164E-07
2,27812204488272E-07
2,56031208670658E-05
-2,2438709994018E-06
0,000109404864135627
-6,25251695189352E-07
3,25830808932571E-05
9,20262846892194E-06
2,12180933226982E-06
-4,49002877083028E-05
0,000377315433817794
-0,00365704393221278
0,00132947815160375
0,0025313060645167
9,98477632966914E-05
0,00113870402960701
-0,000327118004978963
-6,79102213430979E-05
-5,78056452824097E-08
6,25648124728824E-16
5,29158622790026E-12
-1,82368613373933E-09
7,69933976222682E-09
1,97496006047247E-07
-3,61922800660836E-06
-1,28453393231539E-10
1,8549176804257E-08
-3,72799841127372E-08
5,75569117364275E-08
-1,59558447181491E-08
-1,09710582347625E-07
-7,36092584557743E-07
-6,45868310693302E-05
-1,0222916435013E-07
-0,000385398203800646
-7,97973249175028E-07
-2,27490192222497E-06
1,74127657536733E-06
3,80178193382953E-05
9,37558017250906E-07
-3,37774162750616E-07
-2,37469696512383E-06
1,38830282253178E-06
-2,29795875723705E-06
-0,000996166603999459
-0,00450089332054977
0,000354108277132817
0,017873352640507
-0,000165756178978094
0,995952092223484
4,58974901591279E-06
-0,000141304681597229
0,00177654690122323
3,38344414810626E-05
-1,91974642567388E-05
1,7905825871342E-05
-6,57146070190275E-06
-7,16098438673595E-05
0,000946554707158845
0,0841812210576049
-6,18777614453785E-06
-0,000103532379881259
-0,000139473635019485
0,0127222965439685
-0,000427625846640143
0,0129549213035982
0,0169673663231349
-4,47595358692752E-05
0,000886111985137552
5,35995098619106E-05
0,000122310239419421
0,000323030955406118
2,31146765158007E-05
0,000446442146279758
-0,000499193546219536
0,000278671129559222
0,000213186399389303
0,000256566414628213
0,000120320346753771
0,00062439023482602
0,00312918342793831
0,00424526695444196
0,000549165013373769
7,84619531077409E-16
1,36492259707018E-05
-0,000206614521305146
1,55001528773598E-08
0,00072626559785401
-2,39202021219085E-08
1,05153278112815E-08
5,12571910825614E-09
-9,94049563297096E-10
-0,000126676233471317
-7,28360860212569E-05
4,35836408514084E-10
3,88149261028201E-09
9,06610625964015E-08
2,70866097076382E-08
7,82769602691797E-05
7,2209897361075E-06
-0,00133400401810929
-1,71367291975262E-06
2,07775379793411E-05
1,77198783420452E-07
0,0483779498798134
4,25662984858817E-06
3,78034820444649E-05
-6,18904190223369E-06
-3,09209098446149E-05
2,48406784907012E-06
-4,13852282076086E-05
-7,61896105535323E-05
3,55553799367169E-05
4,18314727918532E-06
-0,993430812533308
-0,00914645455420625
7,7603741471973E-05
-0,00472638111640887
-1,55006075072266E-06
0,000144484717411058
-0,000478814528514225
-0,000191640109414003
-9,24318012756885E-06
1,6205313182767E-05
-0,000106987778372649
0,000778050825773394
-6,4248919838057E-05
0,000219290092089808
1,20332887627436E-06
-0,000140285895557209
-6,6626925394024E-05
2,82223983524063E-06
0,00123615501202322
1,50786951882078E-05
-0,0695268570191375
-0,000318452857613053
0,0733030376585652
-0,0022509679853046
0,000574999934281825
-0,000427136023013944
0,000439450019393765
0,000518843857559835
-0,0206799041576907
0,000164197278599975
0,000924360178776117
0,00137243437246668
9,11226139389506E-05
1,45495349893925E-07
4,59701228468995E-08
-2,29961738610834E-05
0,00595505628201306
-7,86383855127198E-08
5,02106165130907E-09
-7,38115778539559E-10
1,47028685251265E-07
-1,76379032335981E-05
-4,40134387157291E-08
-2,83895090094278E-05
9,27410548965129E-08
-1,37843344560599E-06
0,000149381426270263
-5,94446338374041E-08
-9,38751545003437E-05
5,99830108089231E-06
-0,000935417657005431
4,36581833730549E-05
0,0018372562805351
2,36390229078973E-07
-9,25606050507683E-05
-1,35994458310882E-06
1,49218435944851E-07
4,27271938233502E-05
-0,0699456841898786
6,33752048923839E-05
-1,17179492721625E-05
-0,000103839466112402
-1,74433041295785E-05
-3,02704596247556E-05
-0,00813957142482368
0,993041726519194
0,00150532534160823
-0,0345172570270168
8,40236597561146E-05
0,000101782066811219
0,00130067568791959
-0,000116186430636503
-0,00081570573850864
0,000870001850185792
-0,000683999644820483
-0,000173751806394977
0,000789598361679776
-0,0120370578096398
-0,000133476185212803
0,0255297376425412
-0,00445921703806015
8,15008417412508E-05
-0,0817074249189034
0,000691587758550815
0,00032359112896922
-1,44541596893911E-05
0,0131158271466671
-0,00104005578689387
0,000857675873720914
-0,000344584054839261
-1,46364633994127E-05
0,00140681680220729
2,17508444142031E-05
-0,00135094508367275
0,000730238833770225
-0,000420833819797857
-4,42998960720481E-07
3,96310126825826E-11
1,05393579384539E-10
-8,789138047187E-11
9,53503688760213E-10
2,13423251472461E-10
-4,24517427770492E-09
-0,000205493602628371
0,00904073102390086
-2,27139663079856E-06
1,4821098384307E-06
-5,1438657892971E-06
-9,56873849043437E-06
-0,00012973075673004
4,97560562163269E-08
5,58188782883626E-07
1,25516892968711E-07
-0,000667617730432026
-3,02652897241705E-06
0,000939176873902753
0,000376313835705644
4,79748739266207E-06
4,59318151483017E-06
-3,64819408688626E-05
0,000124354152935925
0,000493938610891476
-1,53575955483382E-05
-0,00495567328542396
-7,53336398914044E-05
0,119387595135304
-0,00011118081552117
-0,00350010960409572
4,92432825262741E-06
-0,000945075437957769
0,98430800468833
0,0140045959403481
-0,000100909906816827
6,31001139525019E-05
0,000790316469635363
0,00029277200269317
0,00417902276841856
-0,00532051342449362
0,089366593442745
3,64614767233603E-05
-0,000190155527909545
-0,000626322094069144
-0,0923584708879275
-0,000216390343019639
-0,000283078413931041
-2,67763744523389E-05
-5,57408204185577E-05
-4,39704546450088E-06
-7,13690001506009E-07
-5,46816126032348E-05
0,00012028415070382
0,00126034342262536
-0,00130456714514618
-0,000315700565119336
0,000174059458072584
-8,95715862991669E-05
8,10018318084224E-06
-4,46402206078523E-05
-3,84395310651527E-06
1,73649042307857E-06
-1,76216490879014E-09
1,58633710170858E-14
9,71066026769775E-10
-9,12125254536007E-08
1,35760830218683E-07
1,44413037175952E-08
-3,95407966477494E-06
-4,31581698423951E-05
0,00181192823181183
-3,63011973837868E-06
3,892293244829E-07
-1,68173884971182E-05
-1,02248871258516E-07
-5,65367820393426E-08
-6,69350924590193E-05
-1,82229730525048E-08
-1,11477325735E-06
1,37225737612341E-06
-1,52234579227286E-05
5,53205495718609E-06
0,00064689996709689
-1,86860178133704E-05
1,72982128328484E-06
3,16872376914898E-05
2,52345670803839E-06
0,0272662820602124
-0,000335994801898685
1,35282500247352E-05
-0,00383038788620785
-0,000151112681280958
0,000127624992364571
4,35451968404882E-06
-0,00410739849014399
0,0336230272289636
-0,0139345713279385
0,987267529524977
0,000408781944360469
-9,41163123688331E-05
0,15065173338736
-0,00937355632816781
9,63829682799839E-05
-4,04982439122879E-05
-0,00248946578973108
-0,00230971176163432
0,0116055017082087
0,000216874470776992
-6,65193357233691E-05
-0,000297815144255269
4,14372334596958E-05
-0,00075317790653914
-0,00355185448950544
2,54107358662989E-05
0,000226167967007023
0,000312250542682828
0,0135691639558952
0,00272188940915468
-0,00451830978253778
0,00270000270439919
0,000694356573096024
-0,00562232913637903
-0,000215500019607629
-0,000977635722088778
-0,00128544815753268
0,00127183092025019
2,89566240559338E-06
1,24219436494408E-16
1,62320096941211E-09
-2,2117782197273E-14
1,45419895848325E-08
7,85173380159115E-12
-5,79641769229524E-12
-2,47969507556434E-07
1,39859315210438E-05
-1,27428834084059E-08
3,85201989591012E-09
-3,504771961424E-08
-9,55144974728268E-08
-1,60606140874659E-06
-2,44958688968903E-07
-1,11901240642312E-07
-3,40217812639431E-06
-2,83407885830848E-05
-1,05236864443987E-05
0,0104239263218601
-1,51774409764848E-07
-0,0101691059241685
1,89180957440508E-07
-6,68648735033872E-05
-2,45473403984135E-06
-7,6758465350706E-07
1,2110381855606E-05
2,03619235988702E-05
0,0013039244355757
-0,00130831311081888
-2,81417523857609E-05
3,18919591122629E-05
8,06404191492406E-07
-6,39642418249233E-05
0,000258134756717355
-0,000239933714345612
0,9945801485303
-1,0076297824283E-05
-0,000594611686660461
3,544127793235E-05
-0,000101218896563435
0,00011612730792201
-2,26211367660987E-05
2,12423537165673E-05
0,000864918487240859
9,65283787875464E-06
-1,10946279742894E-06
1,27975331449463E-05
0,000180380386809713
0,100136573078192
0,000424014969224091
-8,42787669090403E-07
6,91359478451045E-07
0,000147417087135368
0,000407662957751088
0,0177310600718869
0,0153060071597381
0,00187480782142738
0,00358269627815893
-0,000853656640006991
-2,88792998484224E-05
-0,000320802485070756
-4,55198253343326E-05
6,38494859159448E-06
2,48024609574114E-09
1,45045866555672E-07
3,90512693621248E-08
-3,49448370640651E-09
0,00593989375405964
-1,73440522926392E-07
4,58284382908472E-09
-1,00099471633128E-06
-3,78201305113572E-08
4,90188862041765E-09
-1,25215523463459E-06
7,42016492926086E-07
1,71114924211167E-07
-1,00129740498474E-07
0,000144180419945592
2,40853744179186E-10
-2,79810766123669E-08
-6,00837921666444E-07
2,792831601128E-05
-4,79937944144384E-06
-5,23751538313727E-08
-1,87172723309263E-08
0,00043182777400889
-1,49255923511759E-08
-1,75619861165367E-05
-8,11357684897452E-07
7,79815955676403E-06
-3,87823666348005E-06
-1,71390185436465E-07
0,000328228635265666
2,45038510324761E-07
-9,00939663989396E-06
0,000160170159254676
-0,000116008000244057
-0,000108310113886923
1,24907248858053E-06
1,09633428365576E-05
0,999803268203716
0,00158354779544837
0,0152657919277876
0,000158255937099103
-0,000194277042029693
-2,80634174461985E-05
5,22464359881221E-06
-2,95156903245869E-05
-3,70581175960797E-05
-3,31647725702957E-06
4,54442311171603E-06
-3,11464060489415E-05
-8,2985175407579E-07
0,000245592396934625
-1,70119912516016E-06
-3,27336061098247E-05
0,0110465885193935
-4,35805176220473E-05
-0,000210043046404738
0,000145461577574259
2,41595885074016E-05
-9,61744974923558E-06
1,74246940711924E-06
-3,00701119053298E-06
7,98524132490855E-06
-1,3948968604523E-06
8,62563049104218E-07
9,5076966445404E-10
4,72988420811452E-12
4,07661736923277E-06
-5,25605215918639E-09
3,71115980170539E-05
7,09161963785344E-09
-4,10543643937909E-07
-2,55548577293928E-06
0,000107732362035172
-0,00167427327354235
3,06069688987825E-08
1,38332005051482E-06
-1,68754496178865E-05
1,56946156779098E-06
-0,0140309698404525
-6,74985501140775E-06
-0,000147893553370498
-2,29604111851779E-05
-3,12919880340367E-05
0,000346868458711206
7,77678235200665E-06
-0,00154082494498737
-4,27301848029511E-06
0,00154516436230474
-9,09543234445712E-08
0,00198455382093438
-0,000373199783456545
-4,2191850249892E-06
-0,0521698278197671
-0,000143160072100044
0,00120798914232642
1,29448703920839E-05
-0,000392387582935908
0,00524443742015272
-0,00182119120294418
0,150187205760721
-0,00036578688877148
0,000499675641399448
-0,964405669806171
0,0689503295358899
-0,000354271814974069
-0,000257904040181469
0,00649441291613262
0,026297670883482
-0,136591168398813
0,000968217113266893
-3,81069892991429E-05
-0,00138501714233161
0,00562727131355588
0,000207702444824031
-0,0151231149113205
2,7461410475401E-06
0,000706665940561314
-0,00404087035292509
-0,00260508940518674
-0,0536545077270897
0,0752167501633677
-0,0478686351737953
-0,0135921730462963
0,0801294926057276
0,00331015100793824
0,0467919269740498
0,00941753792577078
-0,0157416720509723
-4,5342055184714E-05
1,14825467363404E-14
2,91377193389384E-09
-9,11539016419775E-09
5,93859761699898E-08
6,62682473650778E-08
-5,45177108980648E-10
-2,001842082926E-06
1,6836409142019E-07
-9,85093093213185E-07
-2,50632504490608E-06
-0,00015157918475941
-1,32846866371351E-08
-2,14605232341089E-07
-1,69234799166743E-07
-7,42264326422213E-08
-1,13051027232275E-07
-0,00022758934263422
-1,54464148723642E-05
-4,11011479110299E-09
-1,51168537437888E-05
-3,21708025918954E-07
0,000834800441501056
3,14843868931582E-05
-0,0262311149476558
-8,09091876937483E-07
-5,37102262230066E-07
-8,98853481897338E-06
-0,000144924155511199
0,000674297469635587
-1,15950490516864E-05
-1,68990238397029E-05
0,00025389368100604
2,14595449459492E-05
-0,000126753404007815
0,00077662843113888
-2,88205023316673E-06
0,0150001550343158
-0,0645558902434307
-0,99483193030205
0,000835735016580071
-0,000972178196281895
0,00532662460195464
-0,000373054879756827
0,00402488851966964
-0,000134598204845814
-4,36751564703941E-05
0,000496911100558221
0,00176622914506311
0,000136652287173589
0,00117424920307903
-3,04829215129188E-05
-7,96601704804001E-05
0,0250515197273099
-0,00103150386508522
-0,0326373886688874
0,0420088378990641
0,0166978611558371
-0,026522280247188
0,0174988989137047
0,000792800747368568
0,0152908748141852
0,0104229880581739
-0,00925671163775469
-2,91532567804774E-05
2,95112031586355E-12
2,16671020566477E-10
-1,59689367240039E-08
2,38633321605031E-05
1,76714051329671E-06
-0,00735260417522347
2,11258702121862E-07
9,43143825344613E-10
-4,70168581212817E-07
3,56619641639611E-05
5,54584836478987E-07
-1,65946912807882E-05
3,71520434079032E-06
-0,0138850236097268
-7,51009252895208E-07
-0,00294540452062236
-6,95898936426168E-07
-5,44832517990694E-06
-1,35875793375184E-07
-1,70690037093625E-06
6,74448424877903E-06
5,24478505418971E-07
-2,00882112719214E-05
6,02711210989103E-08
-6,58645153907689E-05
-2,63712486264874E-05
-0,000151800974740344
0,000506895637642657
0,000805632554886299
-1,91348465735473E-05
0,0522013486673481
-1,96176276018948E-06
-5,05373817659727E-05
0,000168248838112809
-3,53547583342941E-05
-8,2450749809599E-06
1,05268609325724E-05
0,000612078570687064
-0,000114805557385697
-0,792366415975432
-0,607576870114927
4,93545260996891E-05
4,67905987945394E-05
2,62805797018438E-05
-0,00224773096892306
8,91008531879586E-05
-0,00397619894358201
-0,00163942721097446
-4,31902582952091E-05
1,56563624063831E-05
-2,75938910831593E-05
-1,6800284445215E-05
-3,74516069515861E-05
-2,72745864697506E-06
9,00285387614115E-05
6,31394562209728E-05
8,34757431139292E-06
-6,74023351741001E-05
6,74015343082423E-05
-1,03109628519716E-05
-0,000101610146813473
-0,00032851409420535
-0,000480137443658948
-5,97417439287082E-05
2,47115044268318E-15
2,03851564818552E-12
-1,04266502656713E-11
4,86586223962448E-11
1,60947273890701E-10
-2,35586705501665E-09
-1,0970854865767E-08
3,81903609320352E-08
-1,38188838609052E-07
-1,05603473593491E-07
-9,28681185089501E-07
-9,73555968485361E-06
-0,000132492775744641
-3,88492532684838E-07
8,73390897957575E-08
-3,60997074672522E-06
-7,89652081449279E-05
-1,00506487717802E-06
0,000139761842486559
0,000302274748337714
9,05212139026844E-07
8,98590845560463E-07
-3,93688965480059E-05
3,580298272636E-05
-6,31644882018091E-07
-0,0010365470495857
-0,0359630763950759
-1,06331541921028E-05
0,0435985151953631
-4,21649410520418E-05
0,0667458245128404
-8,81844134374277E-06
-0,000139877305070387
-0,0113667194381373
-0,000175928302518872
0,000208822043870402
-0,00021604707582269
6,45273447182613E-06
0,00112632580541961
0,587149141694792
-0,758625684493367
0,000728715459312804
0,00193386769699754
-0,000246349743156506
-0,237133467359927
0,00726927208269623
-0,053254661908206
0,0129555883903439
-3,19544974502765E-05
0,00255729513310429
-0,00455543248748
-0,00254210038970025
-0,00592472615335862
0,000163861934885522
-0,000181598025340029
0,000343595878128593
-0,000237525947582826
-0,00306692089145153
-0,0043682810210768
-0,00243942014171209
-0,011947498606108
-0,0655072960541885
-0,0894277600338438
-0,0115666447773683
2,96761761818852E-15
1,48436184689624E-11
-1,0294158488637E-07
7,17618705862991E-10
7,74526455208038E-08
-3,32798229078015E-06
-4,32124287440109E-06
0,000117099170711719
-2,79410236157927E-07
6,46333823199594E-08
-0,000214841837508275
-1,63322509717499E-06
-2,34355925114263E-05
-7,95161358555182E-08
-7,55289737624664E-06
-5,59335328763154E-06
2,5128275483232E-05
-4,85538573025625E-05
8,53879117279861E-06
0,032900576537576
-1,22819599896419E-06
5,29692927337669E-06
0,00102359155921777
-3,6246786327149E-05
0,0179744015173675
2,05686466581592E-05
-0,00018003973597628
0,000160024060061787
0,00556573878415825
-0,00021703631606959
-0,000189415410721163
5,30850229214232E-05
-0,00070448780274752
0,0901384307066683
-0,000873057254290472
-3,10955937089742E-05
4,30247545265218E-05
-0,00486733892977594
-0,00330060832759138
0,0015899676309184
-0,00216194795843758
-0,994708411145052
-0,00024744073325014
0,00242041179721491
0,00541436181308342
0,00499415783391318
-0,00224082890158338
0,00472654203152165
0,000246768284352901
0,000834765400881285
-6,35069275063779E-05
-3,27619418685861E-05
-0,00116004531762573
-0,00180236198635072
-0,0198321353771998
0,0206486984188489
0,00511667038073253
-0,00278308897155844
0,00148921036774681
5,77181876427597E-05
0,000823306691055805
0,000166787936355499
-1,52615032982667E-05
-1,19579703109294E-08
2,06248965785102E-16
4,46569989702121E-10
-1,77759146799355E-12
9,52229701107388E-09
1,34514113357035E-11
-1,65756188437435E-10
-2,33389517175298E-09
1,27629860806244E-07
-2,7152793359507E-06
-2,09682308921788E-08
-1,14734948995967E-07
-1,07113408343136E-07
-1,68097284475317E-08
-4,75446619039725E-05
-1,36601029480348E-07
-3,45420371937897E-06
-8,60960607845571E-06
-5,10524402306543E-07
2,28538552401974E-05
2,38002661188578E-05
-0,00800232851305177
-5,97456420998326E-09
-2,81681756984962E-05
7,0939335703737E-07
3,06076901502435E-05
-0,00173714151406406
2,20339966581741E-06
-0,000793854290503325
-7,98995705263299E-06
5,02726893352401E-05
1,65829101210981E-05
-1,59211689123347E-05
-6,72549428926432E-05
-0,000105061543182066
0,00958345833100809
-0,00102827074410753
5,9142235273188E-05
-0,138200699304355
0,0120492416343005
-0,000147940854179781
6,36595135682661E-05
0,00283210028882156
0,0181955124630534
0,989539530279631
-0,00205039815929281
-6,1709479047061E-07
0,00356925784161428
0,0056785889813033
-1,96076105476294E-05
0,00496907942171236
-8,89961265681931E-05
5,48272013416668E-05
0,000453281270089942
5,10221194888854E-05
0,0019096106733369
-0,000243186455489524
-0,0239552723782105
0,00029633893616286
-0,017106572063974
-0,000521135220808555
-0,010755875316413
0,000491617483801419
0,00256471132552913
6,58393273260876E-06
5,72053227089762E-10
9,02397165979154E-12
-4,71518632895898E-08
7,25897452529883E-10
8,28523420665748E-08
-2,66106280463E-09
-2,4178997351599E-09
6,02444435162508E-08
-2,20858213786584E-05
-3,34507470591307E-08
-0,000213554594051923
-0,000223592103411958
-0,00296997150932783
-5,616452465554E-07
-6,52853406698042E-05
-0,00011430531955147
2,59459710487386E-05
-6,52121984855425E-05
1,26886347129469E-05
0,0322628488934315
6,75750352193785E-07
2,60461582495275E-06
-0,000170730194797173
-3,21346621706435E-05
-3,93230323086431E-05
-0,000164810108080157
-0,0658896068680022
1,46895757474856E-05
0,0033131446285753
-4,16704097573177E-07
0,0021692654770789
2,69967239916609E-05
0,00112259644226945
-0,00209469499694157
-0,000267903691777076
3,19664296523378E-05
-3,52347997857264E-05
0,000150332371532359
0,000228562441888059
0,143968908818228
-0,192614200518976
0,00527106374425422
0,00220615457293378
0,00139354164270693
0,902115363493498
0,00168158764868642
0,31023298652806
-0,116143847903971
0,000237959562157567
-0,0184621559769514
0,0341527423945066
0,000670579579137741
0,000226048427213297
-0,0010821345987362
-0,0010748370935342
0,00247491275293045
-0,00302120302108084
-0,00338078245708359
-0,00104595958984112
-0,000599106793542804
-0,00230021842388751
-0,00218933402375471
0,00172802305179756
0,107819817271851
1,62738667525922E-15
0,00276521371644221
2,96165372694745E-11
-1,1869028585788E-07
-3,62129930562366E-10
9,72948490834096E-11
1,68733718644156E-11
1,83339361616906E-10
-4,6470263586017E-07
3,58470430644467E-07
-7,67716642829117E-07
-4,17250395330837E-10
-4,97438665835669E-09
-2,19255663434577E-07
1,11110737360158E-08
6,57098431479558E-08
-6,27542069065983E-05
3,38862019562079E-06
-2,22165493319497E-06
2,30884016012502E-07
-2,90615311423252E-07
-0,000107085536608541
2,65594509683143E-06
5,71005537460314E-06
6,11083358570027E-07
-3,00592878697043E-05
-7,6894432781355E-07
-0,000148538773251765
-2,78861505047896E-05
0,000168504836991555
5,87170857878733E-06
-5,31951400632412E-05
-4,07172424504789E-06
-1,63285767404806E-06
0,000608463601624731
-2,70754476210325E-06
7,43829958025965E-06
-0,0148746246590421
0,00131339610357849
0,000967247608721548
-0,00136036417129515
0,000371284328819446
-0,984539700291584
0,0150284939787834
0,00193700461340054
-3,56807845956874E-05
0,00113148461763861
0,00213702290586582
-6,34374481204153E-06
0,00291816980000498
-1,75958618900866E-05
-0,0380574512348927
-0,000159010149320035
0,000571240599275905
-0,00732372321343545
0,0175149553191835
-0,105278695636841
0,0364534902042693
0,0683726498232878
0,100572975240025
0,0302182894724188
-0,0147030668596704
-0,00789717306049188
-0,000768244418786901
1,83537197567141E-16
2,19071505553162E-14
-2,621301883123E-12
4,85726735064018E-13
6,26914103802623E-12
-1,38663996224538E-10
-2,93733741318253E-07
1,66125383820033E-05
-1,0669931908497E-08
4,5709755486448E-09
-1,33822761374669E-07
-4,00566306565209E-06
-5,42941485563763E-05
-9,86795049699692E-09
1,56431467859692E-07
-6,27190864988963E-08
-5,84478563368579E-06
-1,14661907886506E-07
1,07662444688559E-05
6,50039409848162E-05
8,7841277522125E-08
9,51764353760015E-08
-1,69427544437796E-05
3,37771943633508E-06
4,10379613138144E-05
-2,68122173638993E-05
-0,0447506144982175
3,96017997000004E-06
0,0051297406155842
-9,92466935787751E-06
-0,000625732490497048
5,04830827451062E-07
-8,98123967132035E-05
0,0913172233939147
0,00138162827541332
-1,66161620244123E-05
1,28591609521614E-05
9,57314420619282E-05
1,08779253930678E-05
-0,00545903163829297
0,00724949853001419
0,0132558440891337
-4,32113216580838E-05
-4,50152923568779E-05
-0,00374722957521161
0,994659344171697
0,00322872609395177
-0,000352646072677341
1,21410867228622E-05
-3,1866643434548E-05
6,52909819426092E-05
-4,40847365496782E-05
5,4419542062287E-05
-9,04424803907304E-06
-6,91919170998204E-05
6,49860846528254E-05
1,10979256734971E-05
-7,68293964373195E-06
-1,64864379118903E-06
7,35721324945157E-05
-3,1242099737354E-06
-4,83536411346466E-06
-5,3711154902247E-07
1,63797995603378E-08
0,000437701573451725
3,91353337268605E-08
-0,000122165988237709
2,34001358547503E-08
1,59081199189792E-05
-2,80015229399785E-09
9,87679071545716E-09
6,17543377361626E-09
-0,0147507317866106
-1,56369054109939E-07
-3,59974251598167E-05
-3,21312199725448E-05
-0,000427434562518266
9,66711300730329E-08
-1,65976734008526E-05
-0,0252516840493372
0,00057376110505282
-0,0031888478808798
-1,83461754197928E-06
0,00539003005026177
3,13833775692224E-05
-0,000281287931339495
-9,2017175031206E-05
-2,13395960459951E-05
-1,70661851697506E-05
-0,00127776393843837
-0,0013252501110588
0,000689458517951405
2,57005217126271E-05
-0,000108058837931919
0,000312813316555727
-0,000275304522250742
0,0334194786224025
-0,000143054668914496
-0,00148078822374764
6,47936262952779E-06
3,87797991842723E-06
0,00158072522375921
-8,56714482616973E-05
0,0200802205904515
-0,0231778342774619
0,00551022866860958
0,000439851216673827
0,00156574514856324
0,333478162353321
0,00423575466955154
-0,815228531983403
0,461741295640757
-0,00147656975330788
0,0777308164711697
-0,0113313599130303
-0,000482312458621899
0,000793520117040509
-0,00241340815495593
0,0170193405650782
-0,019544641157232
0,0157023245967948
0,00644079451915256
0,0115981881943829
0,00103294359196833
0,0173494225477146
0,0146790974443088
-0,0136366991298856
0,000627223037050749
3,36966355088398E-10
3,694079327726E-10
-1,72451838865347E-05
3,83583162872568E-07
4,61036580569037E-08
-7,10475462633252E-10
-5,6154050698649E-11
8,30055371060374E-08
-1,28046803199228E-05
-1,22460910240692E-07
-8,45113510835425E-06
-5,92924553158217E-08
-8,96958108144968E-07
4,03991011337357E-08
-5,94009530661768E-08
-6,44821745169576E-05
2,94808630758728E-06
-0,000472107265113522
2,33198860745405E-06
0,000852076641999445
-1,91334870886927E-08
-4,30043282685446E-05
6,25864644834158E-06
-1,54314267148169E-06
-1,95705437242049E-06
-0,032499811479946
-4,11218832663391E-05
2,05261670926903E-05
0,000295604452685749
-8,45306762362172E-06
0,0195638987607229
-1,76955963024503E-05
0,00269838221978415
4,43269356839869E-05
-0,00015424841787339
4,71352069039204E-07
3,02496926376152E-06
-1,51899802541793E-05
-6,93190923763376E-05
0,00120982265367661
0,00528675921472126
0,000154372192610707
-0,000187585787713519
0,00239179412318496
0,0521197791836307
0,0013923252620283
-0,473703686004556
-0,844484249757993
0,00244218839996737
-0,0479551488528359
0,00854432023619665
0,000324824666487958
-0,00331730581750567
-0,00454778620583061
-0,0683628775284742
0,0939371311423626
-0,0910038659570383
-0,0602689450254563
-0,0663183771425579
-0,0041352933659755
-0,101787476143375
-0,0916437096744648
0,0851678313402287
-5,29137096987469E-05
1,8219405314795E-17
1,43667596305923E-10
-5,30349428315507E-11
5,60324676292472E-09
4,89389109156048E-13
-9,49626875894705E-09
-0,000201522872391766
0,00884386651645703
7,92728007778414E-09
1,42956517745938E-06
1,06132859245404E-09
-2,73543636687118E-08
1,94134408440171E-08
-3,17287833737343E-05
1,02065150287016E-07
-2,93341110832053E-07
-2,47052123112946E-06
-9,61456325659617E-07
0,000936048761125335
-7,3679217490075E-07
-0,000916992100780881
8,58088425242821E-08
-1,82106756764476E-05
-2,23845973571159E-07
-1,90232439780321E-05
1,36635790681432E-06
2,35453702901767E-06
0,000124545149438945
-0,000134244031870079
-7,3344731909612E-07
2,92831926777761E-06
2,65526751760392E-06
-2,95557168649345E-05
-5,47412769504548E-05
-0,000799926475667658
0,102875162391517
-1,05575732202974E-06
-0,000156224273511331
2,49922951572548E-05
2,46976266774304E-06
2,85099475150487E-05
0,000122408177244749
3,90720959303269E-06
0,000118625245637158
-1,67134911226883E-05
1,49388657626196E-05
9,21429777438661E-05
-0,00197030395156532
-0,961232797545387
-0,000563566666131616
-7,72447624187802E-06
-8,1471134237777E-06
-0,00151452508677582
-0,00437771138435314
-0,189405240526794
-0,165292679949754
-0,0207726769862052
-0,0401275243394971
0,00950409987695402
0,000320002338095057
0,00366397489885744
0,000491724765215794
-5,48260427835281E-05
-1,50922248291986E-08
2,10340471520015E-11
4,29380198816041E-05
-2,71327940231664E-08
0,000157121459986942
3,04952245949996E-05
-6,29182986816872E-10
-4,44589762441497E-09
2,15191727380258E-07
-7,61447762215704E-07
-3,51245971403271E-06
-0,000164966135371094
-7,97276290230447E-08
-5,8191243497625E-07
-1,77811746429187E-06
9,17320308695698E-09
6,98385977665047E-06
2,79544730136558E-05
-0,0212392580169065
0,00351879672379516
-3,03123700009321E-05
1,27081035037105E-05
-0,0011397071890206
2,42347870550508E-06
-1,69015744842865E-05
4,89800402073369E-05
-0,0536566429721344
5,56007037570796E-05
-0,000283885158339379
-0,000321667693342131
-4,28563580479895E-05
-9,17045480288147E-05
-0,000603051168717265
0,0763855101752161
7,58315087249085E-05
0,00356079396597621
-0,000396366595083573
-0,000236404091442862
-0,0163022171921256
0,00131262117445164
-0,000379761515006437
0,000420276324510568
-3,1575467017181E-05
0,00138482144870391
-0,0071236777545662
-0,00678259673543275
-0,000184741668441595
0,0483368685502091
-0,082968416245184
-0,000578253178813039
0,989909838298594
-0,00450431718164714
-0,00097139861266441
0,000698791060633027
-0,015419408524974
0,00825515567308632
-0,00987853657880872
0,00634622737348097
0,000319688461912368
-0,0188067368870616
-0,000463936305519404
0,0185568011164439
-0,010146486866806
0,00570675011020058
6,691439551379E-06
3,76627033373832E-17
1,85554841876371E-15
-1,50330746867311E-13
8,03554388614226E-17
9,7523709764812E-14
-1,28622959041877E-15
-1,53744327084007E-14
1,35586477988602E-12
-1,63456285994293E-09
-4,21164468223918E-14
-3,63219512594059E-10
-2,91814025697318E-08
-4,458442638753E-07
-1,00805354348393E-10
-4,31651314504151E-05
-7,6417151778603E-09
1,07658781300806E-09
-5,12805619743718E-09
-8,69294712752463E-10
4,7857731645388E-07
1,36449040654171E-08
-7,02044386173091E-10
-7,74563893128894E-06
-2,57345264776157E-09
-1,2859680246289E-09
-3,36799180224482E-08
-8,93338143751694E-06
-9,59051957318698E-07
-1,66563191771251E-08
1,0301064633487E-06
6,08253347819055E-07
-5,25089205587569E-09
3,02116993049103E-06
-9,57030004049444E-07
-3,14687203534813E-07
3,41516186332829E-08
-4,43337728394688E-08
7,01730452808235E-07
4,05985463002156E-07
0,000447655622445679
-0,000618593280435279
2,88586664218977E-05
1,68088231833106E-05
1,4207453270701E-05
0,0105384461314344
7,44273792238557E-05
0,00946644918701347
-0,0143235317452957
4,45382887026292E-05
-0,00606214887478713
-0,983794510317087
-0,000163246376428586
-3,92636262950969E-05
0,00033021843288751
-4,34766928347958E-05
3,85523954806045E-06
9,05988605108734E-05
3,85634891418006E-05
-3,03776056419231E-05
0,00148243521008776
-4,8154779364107E-06
-0,000179997514277939
-0,00044797030932357
0,178052243372215
4,88083212651077E-16
2,6436371300055E-09
-1,44683746633927E-05
1,22895178607377E-09
5,10149173870728E-05
1,68784151417208E-10
1,20974452716758E-09
1,30267999407023E-10
-2,33596776361744E-07
-4,23716103406621E-07
-0,000560519886252403
2,9638874154787E-09
3,00072487534145E-08
-9,23407726833831E-09
1,31397540676008E-09
5,16401122875498E-06
1,8300776915514E-05
1,23305952953197E-05
8,62894468140493E-08
-3,18410010055182E-05
-6,33425733143437E-09
0,000902434063211935
1,33961927412395E-07
2,42695356923389E-05
-3,728786940429E-07
-2,13035684533193E-06
-7,3902222276323E-07
-2,92261330885968E-06
-2,11973186771985E-06
2,33873064374522E-06
2,5611818645656E-06
-0,0737391314651052
-0,000685426988462076
5,19461258009139E-06
-0,000356980717423674
-9,82870861927637E-08
2,02212078218144E-05
-9,77465295954112E-05
-3,10761641769403E-05
0,000225268555111761
-0,000301250717486221
-2,12603349956504E-05
-0,00804323274308514
0,000129458084814384
-0,000239065015166088
2,34208384063432E-05
-0,000229196015498626
0,000245152119411357
-2,04737832905805E-06
0,000696499098130201
-0,000114893246497518
0,95226288261496
0,00210476224656644
-0,0129692156544676
0,00073585580865877
-0,00101895444899665
0,00517398868651529
-0,00208405858967943
-0,0121529813205587
0,294522317576823
-0,00654663946984685
-0,0160367173030586
-0,0170135983068841
-0,00218371069721876
3,96627203568225E-11
1,22791048969247E-08
-2,78353524610941E-08
2,4824558318145E-07
4,06229498936168E-09
-5,65909266055239E-08
-0,00779119332289253
-0,000227561182696567
-2,1987142855054E-06
-1,02707670577044E-05
-4,46716087163696E-06
-8,96310021329799E-06
-0,000120485056106474
6,08343646037291E-08
4,35343550431873E-07
1,71475275339601E-07
-0,000595895738484002
-9,98309609009262E-05
0,000808892303706852
8,32116077878055E-07
3,87108699814002E-06
0,00306662677884147
-3,05911601755653E-05
-3,13418809534891E-05
-0,000275375989216842
-9,17801183808219E-06
-0,000756124857162291
-4,09617279196833E-05
0,0459358646076249
-2,77782750545998E-05
-0,00107129766792722
0,00058066513859312
1,7992211241728E-05
-0,00561013901148501
-3,35417397893523E-05
5,45371186446035E-05
0,0114356176755595
-0,00159124651201136
-0,02720419308163
-0,00468166879729137
0,00612636350151183
-0,000106183806763265
-5,61617157771324E-05
0,000224484005971171
0,00199746777409074
0,000238813089756699
0,000610725916316764
0,000344306830299324
3,37489958434165E-05
0,000333719114604957
5,45084091686009E-05
0,00225024680539501
-0,997688761116103
0,00453168063270567
0,0271857542321187
-0,023666854636781
-0,00625965873860373
0,00724646491003869
-0,00463555670430489
-8,12558303308563E-05
-0,00391227500895544
-0,00254022493457312
0,00222456162807862
7,72721807015403E-06
9,14840045898834E-14
2,63714472580841E-09
-3,2988034713961E-05
6,00607817601693E-07
0,000110319395107597
-3,51869760063128E-11
-6,61401681055624E-09
5,34528614144549E-07
-7,54039908621887E-06
-5,10244527653872E-07
-0,0179147658273675
6,27685878133058E-08
4,31988792174131E-07
-1,4346987233805E-07
-6,19397477585275E-09
-2,7405922355277E-07
0,000579436292784869
0,000325489943608039
2,81503464981541E-06
0,00167888191278424
-3,65925153387702E-08
0,000909995502214177
-2,48511335463151E-07
0,000700220396433582
0,000108622827425219
-0,000368277347776655
1,84914488423138E-05
-3,10811039016633E-05
1,26114262877105E-05
3,1006074406484E-06
-2,40931229446252E-06
-0,0723846599034655
0,0115332059600451
-0,000193500036952943
0,012346419712699
8,62976883327056E-06
1,98500693828824E-05
0,00331804398156621
-0,000279295369514268
-0,00016654530560051
0,000220759984693247
0,00105912953932186
-2,24008093492529E-05
0,000560193296716635
-0,00226652051711859
-3,79254664337624E-05
0,0022367900181479
0,000491420669681956
-3,38770968507276E-05
-0,0168249520246456
-7,86676053528733E-05
-0,019253798499484
-0,00369866441115547
-0,996194946656094
0,0305065013409134
-0,00706129839685986
0,000816361048130902
-0,00417275304314542
0,0047458704544827
0,000483882109378772
0,00418981058543634
0,00279376674083598
-0,00264363336866828
0,000878306804338989
4,69858589436864E-12
2,64384642556206E-10
-5,25876155778342E-11
3,79282749459655E-05
-1,57434567148212E-09
-4,06461075508823E-05
-6,83822653000177E-08
3,98823451159817E-06
-4,2887216660239E-07
8,48245354048747E-07
6,68183501608075E-08
-2,65986144831275E-05
-5,93834798408003E-06
-0,0213726403976406
4,44806439170875E-08
3,3920007704228E-06
7,39763211179521E-08
-6,88703123281735E-06
2,3032153558742E-06
3,06297016890385E-05
-2,33326829023696E-06
-1,49604934075302E-07
1,66391030065445E-07
-7,24774326392008E-08
-1,18476501362432E-05
-1,12051331811035E-08
1,26786501250589E-06
1,92793317204116E-05
-4,1231848595674E-06
-1,279745098701E-06
-1,832748461383E-05
3,14932198629087E-07
-1,27313378445074E-06
2,18161357757256E-06
-6,33905573769034E-05
0,0027406257186621
3,03376832019434E-06
0,000271291050157635
-4,24346977080445E-05
0,000307593462407905
0,000253208807643592
-0,000266920692615605
-6,68515477043682E-06
2,43962082951903E-05
-0,000152934745900586
1,00270810441845E-05
3,24487092071018E-05
-0,00191294163601311
-0,255800094667883
-0,000530034788120927
1,23547764783023E-05
2,17216131997461E-05
0,00430660169364804
0,0148637741755046
0,673665702680607
0,64932137529618
0,0949286785038423
0,215172994183471
-0,0518550156590186
-0,00172835021593846
-0,0201366576240676
-0,0024711567855072
0,000361528716951616
1,28262368835923E-07
1,34631717155937E-15
2,55271887737236E-08
-1,39350887017395E-11
1,31469868902892E-08
6,51038754712659E-10
-6,8358980314789E-09
-6,52879803725594E-06
0,000286371325680365
-0,000165679495696646
1,1426442292339E-08
-4,47975349701525E-07
-1,84027912476776E-06
-2,45227024070812E-05
-6,4649468850735E-05
-2,05563011634009E-05
-1,53792977180827E-05
-2,96829768440024E-06
-4,52612975762771E-07
2,85376230549561E-06
0,000129754229800986
-4,68607597104816E-05
6,2805133073302E-06
0,00268674641837829
-0,000299624221961105
9,22523885438664E-05
-2,00279012765558E-05
-2,15158114269435E-06
-0,0048062342576808
3,10943363183586E-05
-0,000315323979441082
2,75635480470814E-05
-1,08702845034424E-05
0,000273993323763914
0,000605522214926611
0,00931306278453269
-3,83535912584233E-05
0,000875568948654368
-0,102850143500201
-0,0598397165120365
3,91300250701435E-05
-0,000114384476584979
-0,0243174689171869
0,00241977907239713
-0,0281777937596168
0,000260338836045471
0,000351642323943731
-0,00562535150514466
-0,0217982465399065
-0,0017143055397536
-0,0148653346271089
0,000366664854951957
-3,22881453998195E-05
0,0362213490853195
0,0132562907469102
0,461071436280396
-0,607245692339471
-0,248411839697848
0,405749013004486
-0,268588857275443
-0,0123008953180261
-0,235551550743297
-0,161372196429346
0,143598685745382
0,000452305901279291
3,13691604573333E-15
5,84092295331014E-11
-2,116862354574E-08
2,39352669341753E-09
5,81622743841629E-08
-5,59600196785368E-05
-3,13316015885293E-06
0,000137532023901346
-3,55271723543959E-07
1,14904328009634E-06
-0,000158803107308881
-0,00171862471064197
-0,0202933679690233
-1,69164533313928E-05
4,01201381745746E-05
-2,09809124737929E-06
3,66283984627259E-05
-3,45195519751063E-05
-1,46423934512439E-05
0,0232196277379944
3,10665876269675E-07
3,70042557682364E-06
0,000390366504792039
-2,69708545142782E-05
-1,60097689112987E-05
1,1799238006094E-05
0,000293462138870323
0,000105359341027185
-0,00046014874054516
-0,000159931966403074
1,32643875609501E-05
2,36767734013055E-05
-0,000277840484747113
0,00032494000256991
2,00200949354736E-05
2,10097210505062E-05
1,68315253706346E-05
-0,00219386930732648
-0,00136963029261648
-0,000301592653065093
0,000587166223962188
-0,0117544489888983
5,18544061679973E-05
-0,000873017229296647
-0,00451407369033929
0,00015454798453409
0,000244283298002229
-0,0139952962171955
-0,0213347951291925
-0,00303714083198274
0,000113041864226739
0,000111305421444571
0,0124430542022706
0,0210331868363306
0,489677224521886
-0,207972253300292
-0,181426423610697
-0,794880051937027
0,208897187523269
0,00698744514089383
0,0776825813146197
0,0106198211399971
-0,00100357493305742
-3,38218797846849E-07
1,04194537926851E-09
3,6342745879938E-07
-7,77011887671868E-09
1,23704511962322E-08
5,7833186501635E-08
-2,28318255596988E-10
-5,47017915373499E-09
2,10777164469492E-07
-0,000329388512719588
-2,04709092590769E-08
-0,000201014713006734
-3,52240439500974E-07
-4,08921817441895E-06
-6,46867388550176E-05
-1,34144555438157E-06
-1,20055085444182E-05
-0,0127385036653201
-2,41251643541023E-05
-5,92595955607457E-05
3,61010165895091E-05
-5,23677274914465E-05
-2,06335564005311E-06
0,000296237417310064
0,000370032438466436
3,89867079384921E-05
-0,00153404503153514
1,69637171151268E-05
-0,00509101839175573
-0,000936992925703602
0,0050168758919322
3,78830347819441E-05
-2,38280340793386E-05
2,85900855021489E-05
2,68488257149437E-06
0,00933764142721078
-3,09836169701562E-05
5,48111056351326E-05
-0,10006680491571
0,00717947759517655
0,00013701573071139
-0,000277512324451948
0,000602598217130113
-0,136693927053796
-0,00544851203551405
0,000440952661215423
-1,51701101655209E-06
-0,00305453917678173
-0,0105478381507562
3,15513167263314E-05
-0,0135171792046501
0,000235663968192566
-0,0064358606898179
0,000655936659187326
0,000775409857142198
0,0476444009373842
-0,117479949897791
0,737609642641084
-0,26852478968601
-0,526250618670242
-0,0207645928584362
-0,237102172943786
0,0673485881238609
0,0141529597870225
1,21473643640857E-05
2,67627910948183E-15
2,17559967032709E-11
-2,29185705146528E-08
6,77660712092854E-10
5,81712587788244E-08
-1,01339091833767E-07
-2,9519438400584E-06
0,000129498493012458
-3,03765745740838E-07
-8,76389298410664E-05
-0,000158479141024193
-1,38983193450317E-06
-1,89205317937192E-05
-2,08507506180827E-07
-7,25448386644105E-06
-4,52531769653747E-06
1,30096625278009E-05
-3,63109487938988E-05
2,60543472305772E-07
0,0232413455932167
-9,75291766513167E-06
-5,68081132768604E-06
0,000916067530438383
-2,49887246744585E-05
-7,34606278053082E-06
-0,00190702978756391
5,72614128147529E-05
0,000100669772471646
6,65594390052602E-05
-0,000138250326943437
0,00429723146192741
2,36861452162233E-05
-0,000466015568116303
0,000183851651783086
0,000110322585448872
-1,63522637302662E-05
1,37195025077655E-05
-0,00404479416179281
-0,000825106686654216
3,78924240972974E-05
0,00143755805497083
-0,00863460103765152
-0,00224764260068267
0,0198464450844036
0,00378436755692083
0,000316265538279956
-0,0785706854750378
-0,223656553078999
5,95561493102689E-05
-0,0182432990586305
0,00275296910673562
-0,000406783875109042
0,00756753631793497
0,0131786756440488
0,204453216249359
-0,311181822413752
0,349841990531427
0,259390524785157
0,290443371016451
0,0177636304010645
0,451801123119933
0,412161367725327
-0,393929004192175
-0,000305426313077202
2,75721493661604E-16
2,07506319918062E-07
-1,30671242509535E-08
1,28334941357334E-10
9,28111718721526E-08
3,65825483442667E-13
5,45839479768674E-12
2,77821914169393E-11
-1,21332712017265E-07
-4,71893229121677E-10
-0,000160812188118041
-1,43170875194986E-09
-2,60021824103024E-08
-2,56706370392605E-08
-5,54191473292773E-10
-8,54887149717328E-08
-1,24288751171399E-06
7,4447117050342E-06
5,27237423513516E-08
-9,55863332389027E-06
-4,20678816930467E-08
3,72223081168471E-06
3,47435883027513E-07
6,9880781325907E-06
8,12448971077028E-08
-4,74576897318938E-06
-6,30046920048759E-05
-1,5773312925468E-05
9,14022446947295E-05
1,82556967685685E-05
0,000160804174752101
-0,00124519257199763
-1,36845991841772E-05
-3,90862495459582E-05
5,39955728795037E-05
6,9576263243865E-07
1,88440221396498E-07
-0,00154639565593834
0,000142568324379623
0,00455842139799577
-0,00599313887473062
4,09128820368177E-05
-0,104231581388311
0,00159303879872491
-0,00292890663009853
0,000140317360736436
-0,00109882425541234
0,000704629317401255
-2,45504057571739E-06
0,000635878150627011
-0,000202956255308595
0,294069097227875
0,00045355625695448
-0,00585142917775143
-0,000584035462347123
0,001813477546209
-0,0125240270929183
0,00649436674370195
0,0386335324634335
-0,94546702316001
0,0213904357402067
0,0545459704969095
0,0588048976817145
0,00753350522167953
2,19749987658939E-17
2,9091817173212E-10
-1,10963474878029E-12
3,21782480562935E-08
7,67939447061038E-10
-4,16061135835179E-10
-1,74818915525003E-09
9,4309814820785E-08
-2,44037544521667E-09
-3,17134761292767E-10
-2,78255787418853E-08
-0,00023112104987469
2,19872401575761E-05
-0,000214080030564654
-1,61169193258049E-08
4,72329758954138E-08
4,43847765059045E-09
-8,37024176614918E-06
1,45741316224158E-06
2,2734087021226E-07
1,45580188997275E-08
-7,37794890085581E-07
1,25015158181838E-07
-1,35765190281979E-08
1,97510443308566E-05
-6,60359732426142E-05
6,99882800628336E-08
-4,08596235983705E-06
-7,36063101427169E-07
8,38208713524458E-08
-1,62963778474749E-06
-8,99685991220833E-06
0,000273159508309499
-2,94496169885396E-05
0,00223098267807548
-5,74224242252041E-07
-8,16497627929774E-07
0,000523186966000769
-3,46239320719709E-05
6,20368390279929E-05
5,23501062504645E-05
-1,52900910468771E-05
-1,67895012443079E-05
0,000133040029893438
-6,94194499042229E-05
-3,57847748971704E-06
0,000830427638514506
-0,00226159884234693
0,000109882901496007
0,0274478546337764
-0,000129842829222057
-4,55748887227106E-05
7,92268405488893E-05
-0,00029793427505812
0,00160970685767819
-0,0079097879342371
0,0426051503039238
0,0362840578197636
0,445136408270057
0,0090440254991375
-0,806863979708521
0,344435451459967
-0,167764240500531
-0,000128400954788494
2,13257297977928E-16
5,05603507735876E-12
-9,07477795099489E-13
2,0110963091419E-08
5,68842743517677E-12
-2,34340176786537E-10
-3,23288370986544E-10
1,82298154130062E-08
-7,28517107786902E-08
-2,07266914453698E-08
-1,15607502980495E-07
-0,000157494166046618
1,49736900854784E-05
-0,000145933052719515
-1,60778584785192E-08
1,78558202735409E-08
-8,18988710103958E-06
-3,77834450971279E-07
1,70523976416776E-08
2,25654489531908E-05
-8,38822798684806E-06
-6,95374244474508E-08
2,01138721469387E-06
6,40177529071039E-07
1,26722833043151E-07
-0,00151244111982959
1,85543719107653E-06
-1,83855145750586E-05
-4,24484214019385E-06
1,89880399125152E-05
1,20891541315201E-05
1,93251094998795E-06
-0,000251088601692551
3,94560401084717E-07
0,000119893832543269
-8,45239822784293E-06
1,5266525856655E-06
-0,0022812166970338
0,000190377684588451
2,10896873429336E-05
7,88788673887816E-05
-8,1325473552176E-05
-0,00218929761173436
0,0194991197447689
5,0277454153773E-05
8,72468559453178E-06
-0,00257110812576159
-0,0110992935059364
0,000101490762846089
-0,00277569915728159
0,000175081476256196
-0,00057279358580951
0,00102696958171846
0,00211097840333106
0,0433264954306262
-0,0980242462331304
0,452148847839063
0,0866246856712938
0,549641284206529
0,00809186044335048
0,00840585287363036
-0,57097168764856
0,384428340285765
0,00028885672955059
1,61155785287381E-14
4,39303724160358E-10
-4,9101119329972E-10
1,24108608185168E-07
1,18162627407507E-09
-5,56567644510404E-08
-3,41427622744977E-07
1,49264783960547E-05
-1,96308584986181E-08
-5,03760020854981E-05
-1,61030635153506E-07
-1,09705104941736E-06
-1,49276322524373E-05
4,17507241003166E-08
9,42413619483449E-09
-1,52853938511984E-07
-8,94020355720471E-06
-1,89312589922716E-05
1,90806562158371E-05
3,9748002250744E-05
-2,94449875661466E-08
-7,5789283883232E-06
-4,13336699609638E-06
3,97595679664606E-06
4,64129148647776E-07
-0,0369097228259672
-0,00399043583393328
7,06990979019065E-07
0,00479229393052189
-4,82614300246692E-06
0,00217154690869042
2,29989324730896E-05
-0,00274898730429125
-0,0012938810211206
4,32087535128658E-05
2,38815638890204E-05
-2,39270225408125E-05
0,000105573939621046
0,000116534056287727
0,0653146587513916
-0,0858035464983378
6,45388093707804E-05
0,000393489419029722
-0,000477476286895793
-0,0265645317008532
0,000815853102768451
-0,00628744166238072
0,000130652106015742
4,61095413204904E-05
-0,00157387158867245
-0,000474464988003224
-0,00182988388587926
-0,000564574007898493
0,000271721590590313
0,00320510695681216
-0,00570624503114043
0,00451184266213814
0,0301287654152731
0,0369501090959541
0,0871739334150579
0,106343361094052
0,581095651534189
0,792014408197197
0,000632347649626479
6,31385078877072E-11
4,42390237801913E-11
-2,10983942708944E-09
7,36956030448791E-13
6,23802220570806E-10
-7,7006487812944E-12
-4,61000277275857E-11
3,16293423597833E-09
-2,43477371608384E-06
-5,81278595732455E-11
-3,63688808632235E-07
-2,52288450751056E-05
-0,000343450244189361
-7,07512763905988E-08
-0,0239430338437919
-3,94694039697993E-06
5,32434644048547E-07
-2,10551261107311E-06
-3,34729352585053E-07
0,000159808441558824
4,14037550381331E-06
-1,72777547333333E-07
-0,00150441873697259
-4,32096517635924E-07
-2,09293329921882E-07
-4,32982658107261E-06
-0,000952938704937366
-8,68065502042899E-05
-1,42303338423254E-06
8,03185717895847E-05
4,64482560977739E-05
-3,20145503963356E-07
0,000165583943073131
-4,95091472673854E-05
-1,53089633695464E-05
1,22528275913772E-06
-1,41255193774953E-06
1,98230789193974E-05
1,02495640887325E-05
0,00933982563872769
-0,0126575816323377
0,000465897560289818
0,000212010779009965
0,000162324699718239
0,1047343163583
0,000382748748316192
0,0361815837183663
-0,0152152211494223
3,12005577098246E-05
-0,00313674537224073
-0,175236724734929
0,000217309530067008
9,16258094907687E-05
-0,00096777836008606
0,000140130731246616
-1,41144579502112E-05
-0,000393574811419386
-0,00019643110920921
0,000157556843365782
-0,00773659576232322
2,54689900786081E-05
0,000977836947068285
0,00245865105616702
-0,977691036766242
