0,999969883966332
-2,32753165340737E-06
1,43022150128122E-05
-0,000371154367549028
-2,48561206795686E-05
-6,5149281215955E-07
-1,48858479901197E-05
1,84200318733559E-05
0,00214000387836889
-1,49658769119624E-06
-0,000243692819822918
0,00034184698854786
0,00030011718346078
0,000241148252142027
-0,000733061524667904
-0,000890309828984426
-0,00114989742910459
-0,00134231193153018
0,00047444537773957
-0,00256377152675083
-1,77307822780544E-05
0,000262133143463851
0,000769561988374541
-0,00169910153298624
0,000318034444444969
9,2065224664178E-05
-8,24193334720031E-05
-0,000681342045962036
0,000545614573370317
-0,000801649899487741
0,000442496017163794
-0,000862967914814586
0,000281479177753393
0,00117608827090297
-0,000165578388563476
-0,00119650056564628
-0,0024920485151483
-0,00135736676020022
0,00161411703294113
-0,0010061572409946
0,000651711295440153
-0,000808170699039144
-0,000368096403451729
0,000120457119683956
2,90733851574163E-05
0,00014310604012834
-0,000492903538696199
0,00145036617621976
0,00137981141839115
0,000542839896947704
-0,00127474419715766
0,002548368825277
-0,000295097308660576
-0,00111474537369237
0,000146551988306399
0,000730694315803087
-1,28105043204676E-05
-0,000697437281563632
-0,000130970342220336
0,00186075361633377
0,00047187326820838
-0,000137665508115633
0,0013959986895141
0,0011743377159156
1,22848464651677E-08
0,997190818654877
3,88551017854854E-05
-0,0037037636495449
-0,000181814870620874
2,5440038793569E-05
-7,20892757294089E-05
0,000242562606233741
0,00717586739323638
0,00149385651931396
0,00105351763091037
0,00645568277888131
0,0057339664282152
0,00682821901146558
0,0123557236055077
-0,00822685986983162
-0,0074129177894454
-0,00471740834957467
-0,00291881709556436
0,0018712655256944
0,012511769734293
0,0108388874077532
-0,00994840327559279
0,0276346756722009
-0,0187878718088942
0,00118710863092365
0,00290228287231574
-0,0076414368858221
0,014799364782448
-0,0140932018015191
0,0281560463464961
-0,00134426288844475
0,0100019556469932
-0,00513708358307988
-0,00732179451833759
0,0068833336173637
-0,00789181834170795
-0,015556072449317
-0,0152953814356315
0,0105795497542429
-0,00581544692671484
0,00998230019766972
0,00774959697498831
-0,00749804726038296
0,0136289789391422
0,000865324143795023
-0,00945315157738564
-0,00460530617158774
-0,0163435997991784
0,00324608659290879
0,00268233966089578
0,0117716887725683
-0,0023821274070568
-0,0101924265931893
0,0151260043864566
-0,00190535719124552
-0,00210761109290053
0,00189808220480666
-0,00232981095125626
-0,00162512786796386
-0,00667165691933408
-0,00880346164148623
0,00317319647675157
-0,00173300916792766
1,04752481624929E-07
1,67449230973293E-05
-0,999615266135715
-0,0034004200562636
-0,0154241715704129
0,00116599645469443
-0,00360199413894917
-0,00132112538195069
0,00308842822405526
0,000911925793307527
-0,0190789257176216
-0,00213949519209887
8,99709225577178E-05
9,20788709131453E-05
0,00270775752097772
0,00372027979656051
-0,0016111412908497
5,67888690338608E-05
-0,00267367001769801
0,00137504762003083
-0,000959284629210053
9,51259242138187E-05
-0,00151603659620165
-0,000752806292143284
0,00153802249562003
-0,00363316036359025
-0,00300277177988365
-0,000641485301995553
0,00449621515625639
-0,00223947955110434
2,97002815660348E-05
-0,0016615882459938
0,00133170674881845
0,00180886515717911
0,0047769139654367
-0,000166905411033639
0,000102559647367993
0,000771549892413179
0,0012825742010472
0,000939651806965492
0,000990709976285604
0,000353617549033517
-0,00044211994718934
-0,000788165611851272
-0,000153489051273894
0,000458037272473189
-0,000375008723289753
0,000298059186045236
-5,33325085586023E-06
-0,000136080815624781
-0,000361558730926324
-0,000259210623700121
-0,00107127265842838
-0,000490275301960176
-0,000293182549661419
0,000210640839849052
0,000249601285630997
4,18841932522119E-06
1,88051590430776E-05
1,40618164914132E-05
3,98802246923958E-05
-3,10712460383404E-06
2,08069871752724E-08
-6,04792272723256E-09
0,000367762603190748
0,00371383410768583
-0,00212305535409071
0,987528619387647
-0,00867287922486265
0,00187741994336729
-0,000187026232434395
0,000532550132091357
0,00331404937203087
0,00496837267945797
-0,0267961857102598
-0,000139629901442891
-0,00881722402006106
0,014020378543226
0,00756512799471633
0,0308710774387528
-0,0293354487307103
0,0200979616485753
-0,0723820800050927
-0,0251160249629779
-0,000181079837828675
0,00526709083880143
-0,00796573577345953
-0,0162302318578826
-0,0105287561852715
0,0259158129770134
-0,0104374136088371
-0,00369243543797822
0,0169298197268753
0,00313164635130136
0,00635879286325247
0,000795020569578452
0,019619753589128
0,00241095306952077
0,0257185202439112
0,00520314617034848
0,00552594711874859
0,0150749551627134
0,0265780525052553
0,0123158118631323
0,036292793820097
-0,00194412775591919
-0,0306987470402995
-0,00621073018221419
-0,0003326135486885
-0,00595666677693547
-0,0423281672420139
-0,069198223544372
0,028912085872797
-9,47598453057693E-05
0,00116804422323242
-0,00120072093734331
0,0339924011833485
-0,00321074784693589
0,0175571574467129
-0,00491856380253707
-0,00596681405025111
0,0131681643686542
-0,00674486074770755
-0,0113382955916236
0,00780221724416717
0,00387292490794669
-0,00333759801641
-0,000119286924736491
3,81204309373884E-09
3,56145783687594E-05
-0,0141095718841529
0,00576698623867155
0,991429215719513
0,000582329108843331
6,11123623058005E-05
0,000353261630936601
0,0139408947383677
0,00527957962373149
-0,0510611451406131
-0,00273132404886479
0,00439418627539995
0,00939538523805244
0,0303691937984315
0,00146511544298732
-0,0341027559559661
-0,0839717657424701
-0,0159190549443956
-0,0257741512241232
-0,0279102969483676
-0,000101029153342016
0,0142825563872986
-0,00212506937437268
0,00876426931791609
-0,00329559930807202
-7,87911046084653E-05
0,00153214276804552
-0,00216246472715456
-0,0163509069736528
-0,00617317977179678
-0,00144460399641744
-0,0137525315081709
0,00588402773057745
-0,0061997682898961
0,0183989024145465
0,0173984928965246
0,00748401477783783
-0,00913024556340863
0,0187396304898551
0,00343591303324382
-0,00278375675839754
-0,00741435000316509
-0,00167124178002009
0,00380756751331815
0,00136476111973866
0,00413685139160317
-0,00101757017069292
-0,00353356770780455
-0,00510983695860015
0,00740464375673576
-0,0219455135562713
0,00377706918045882
0,00912337463451991
-0,00111217325799068
-0,00347899378754613
-0,000238743406327106
0,00417820692093723
0,000389216443269582
-0,0104967175698991
-0,00360827400611851
0,000413940856486789
-0,00821157877045577
-0,00667062803717024
4,44337243164875E-12
1,88388560191414E-06
-0,000489476124097517
0,00115666244981404
0,000438700562194997
-0,985110447535651
-0,00794628290473664
0,00308009823262491
0,000372036862999173
0,0671400201104806
0,00370637117593085
0,00256039075218657
-0,0145623175927623
0,0228418786904928
-0,000843582874410285
0,00410327584660114
-0,000434100477161977
-0,0028918146997395
0,00778971828706968
0,000684577244951723
0,00256116830901962
-0,000658319428040978
-0,0111136092261434
-0,00317362940246019
0,00810656768162793
-0,0379187021421933
-0,0854376973632737
0,0350291920914447
0,00637986449269552
-0,0210555301084018
0,0152046889036911
-0,0185466557237656
0,0039987083895186
-0,0030381688226742
0,0300056110384363
-0,0115604474385937
0,00930440403464925
0,00247316778614123
-0,0144463067772825
-0,000710625378290348
0,00304023306595552
0,0143354444197105
-0,00849630946965398
0,00609149300186375
-0,00432730704620387
0,0285947660187847
0,0401847796066192
-0,0268525417624649
0,010818812672666
0,0194937424197437
-0,00438321757389185
0,00358242725283633
-0,00624637950315656
-0,0531459755908569
-0,0301124089846458
-0,0590556060579562
0,0122968304094603
-0,0025993385200409
0,00458884732001472
0,00412032588642347
-0,000746809248891029
-0,00291869624904117
0,00487574066941134
0,00553065224223159
3,06265138398351E-11
2,26643899535388E-07
-0,00371151542665406
-1,0964986711278E-05
-0,00017567578725055
-0,00318190380519119
0,896874996858738
0,42559517095716
4,35237865918908E-07
-0,00350579838778499
0,000393775452690049
-0,00109621712878655
-0,00010695464946543
-0,000940222054896023
-0,0099362897118763
-0,00809731801460991
-0,00447081724084665
0,00190372200764121
-0,000873797618090567
-0,00773914197834353
-0,00407996271660479
0,00023184710455037
0,00297209793081336
0,00108049425814742
0,000814610089914137
-0,010291270814934
-0,017597198537517
0,00142472932894569
0,00972473948791916
-0,00695884960353991
-0,00651372735767209
-0,004241297094603
0,00483230779655879
-0,0254589026216315
0,00839743584804504
0,0171629918174308
-0,0119575129978418
-0,00659840560606628
0,00683699407506297
-0,0102036152308135
0,0164667652105111
0,0202239615364765
0,000978525983810805
0,00938703178673996
-0,00765718559332448
0,0175525274909382
0,00314354465367332
-0,000336556820427611
-0,0251313913375436
-0,0156006714517716
-0,0422925787123858
0,0100349712101973
0,0171440547964417
0,0222489139585401
-0,0212242569729718
-0,020069026616166
-0,0318518381120796
-0,0193057641877347
0,0221758562277048
-0,00955851269015501
0,0170526423300026
-0,0476178818264483
-0,0434289575489614
0,0144024294067218
2,80188871861299E-11
3,74322186268814E-06
-0,000123097989788786
7,50358827023468E-05
1,7757884687075E-06
-0,00240467614265635
0,422942406073976
-0,88494943972543
0,00810655937879618
0,0187970842790464
-0,0113209706539483
0,0249430252491843
0,00931207910686943
0,0173560560265914
-0,0212137282199243
0,00131807492962631
-0,0415947955916726
0,0127667149551299
0,0152271354710665
0,013240575581683
0,00493068971484046
0,0171879713281701
0,00110732718674353
0,00501958074046683
-0,00794105171875507
-0,0102812037829948
-0,0189912471206006
0,0095795662298828
-0,0226772622088134
-0,0398728075143354
-0,0221642950477547
0,0290243813297041
0,0407771399506459
-0,0117038407128125
0,00815069754496975
0,00738743151726938
0,0376006983637999
-0,0350863748080139
-0,00295049695666759
-0,0153668041210228
0,0349786115864633
-0,0726955127006157
0,0597525873970337
0,0134401218289011
-0,0110497422982418
0,0124367380675941
-0,00812640812675148
0,00375105166987265
0,00026866564785889
-0,00310099170024479
-0,000696974606946866
-0,00875990291494392
0,0078706687137599
-0,00623232765624117
0,0109896134977425
-0,00159222916240215
0,0896592705351892
-0,00157811089740956
-0,0705873200024123
-0,0106117117809436
0,0169755828845849
-0,00530683534884798
-0,00830970420191542
0,00213685366327693
1,75554339456985E-06
0,000376540707688509
-0,000110181955836103
3,56588893820166E-05
0,000749705920652081
-1,18504782846695E-05
0,000748583438931388
-0,00289372173922161
-0,935918276086079
0,00680351498208594
-0,163093692308788
0,0571341464509219
0,0272788073380506
0,0493151566682236
-0,00893295216171351
-0,0895402638890551
-0,0735928716235601
-0,0942544082136274
0,0241828174943699
-0,120005883844406
0,0527616292572223
0,0257017330319195
-0,00522700732533618
-0,000185812035724636
-0,0102661365809772
0,0055415605451408
-0,00764305110868545
-0,0347731126775489
0,0213886024559719
-0,00111724548931981
0,0373331780873495
-0,0406642809706338
0,0409125644623784
0,0487894927058223
-0,00889114041379263
-0,0171460172618061
-0,0941909742000361
-0,0787583719880921
0,0249564877934699
-0,00629074028135531
0,0144708358364173
-0,0231699560252155
0,00183206052715026
-0,0245095296903143
-0,00113851177049825
-0,00521259786648201
-0,0156302767032457
0,0374780695941653
0,0558523397230562
0,0133844627145507
-0,0520179174754766
0,0816439448002912
-0,00783387235168372
-0,0301666552297376
-0,00552082830144242
0,024487232878059
0,00125936929689235
-0,024327123169544
-0,00239190159661682
0,0573224166428222
0,019444561172338
-0,0030814012897786
0,0456549389102978
0,0370866417751493
7,74489435720725E-13
7,95900962850719E-05
-3,37654525308451E-05
0,000130327819537614
0,000474967679266944
-0,0702968525228851
0,0043545031674507
-0,0184550638200421
-0,00118021141182154
-0,954683011135438
-0,0487006092909068
-0,00512354666458262
0,00679194279918175
-0,0101407709003489
0,00921297629091329
0,028951653111254
-0,0227804405499664
0,0298278480307127
-0,120715934807448
-0,0401923164525296
-0,00289262883746593
0,0719127462147702
0,134938769115646
0,0726481909528775
0,0483456170604493
-0,0946530735620694
0,0524611486643997
-0,00412857673031249
-0,0297793276345616
0,0230503458405577
0,0267987812639846
-0,0139471143747125
0,0131827367189741
-0,0734019662751625
-0,0426124447320941
-0,0463224237197461
-0,00859217018777832
0,00569763848852635
0,00851780186304431
0,00444459753464828
-0,00268251062943781
0,00458553205585398
0,0168303295237888
-0,0105078663355356
-0,00420871701605169
-0,00975143021854808
-0,00379597393362725
0,00105027019126561
-0,00575697468166336
0,00741814381650999
0,0083995095567911
0,00434968087699539
0,0144407284770465
0,0148327147560047
-0,029095903502232
0,00940383218247655
0,0207205262561631
-0,0246361049328212
0,0075588199594732
-0,00389733129319084
-0,0531266528897378
-0,0204833342627017
0,0313540790429768
-0,00124875850452693
2,96614233453276E-07
3,21841627018383E-06
-0,016120275259131
0,00200448650356029
0,049732957370556
8,57133311948543E-05
2,35165322142673E-05
-0,00173877720915802
-0,128117431657041
-0,0254250979699891
0,84412125403206
0,136370146642056
0,0666483792476842
-0,00963956193272874
-0,0642975096190756
0,170812935851322
-0,181011486833674
0,169426414951743
-0,0271957620777285
-0,141400611089192
0,0782258620617008
0,121276019023223
0,0607876996660859
-0,0457339554139171
0,0251813446808209
0,0461123377151178
-0,00342663447072158
-0,0510591934730721
0,107208562550081
0,00793926385698088
0,0177494418196834
-0,0179444798693231
0,00494100450447687
0,130050271962235
0,0905055080323308
0,103719674910313
0,0313176836390756
0,011884369003827
-0,0262832534581869
-0,0174166737178111
-0,0134649627286553
0,00180658590327843
-0,021452787430716
0,0599285585701436
0,0414620230622849
0,0084436763008153
0,00363931466294976
0,00201859550872626
-0,0263995132009935
-0,000734726581220246
0,0202865312275629
-0,0278998461789696
0,0366697467003319
0,00776540337537144
-0,022233379614313
0,0216439844006674
0,0340236188169173
-0,0718379868235528
0,0232510675360423
0,101792265674652
-0,100578160152378
0,0511026876907005
-0,0640506254639622
0,0497205403803084
2,59853445949731E-11
1,13555158149809E-06
-4,74060283954819E-07
0,000164367659798606
5,16037310711269E-08
-4,04284289029137E-05
0,000352169175271171
-0,00154870599261564
-0,00779803974611692
0,000287456283455198
0,0412094441390153
-0,481262834401
0,66171504083745
0,515491188799818
-0,171357401717909
0,0545177654387757
0,152940443982318
-0,0248289057035874
-0,0506219386684601
0,00334294750714175
-0,00630778072068418
0,00753130798689665
-0,00766032842059276
-0,0197562402155707
0,0165897534230175
0,00336385286184007
0,00308778660274879
0,00058115656576909
-0,0025798945426943
-0,00334304908044528
-0,000905148328104474
0,00117350765411804
-9,1231253184835E-05
-0,00391951111229815
0,0040932628318988
0,00189561504459875
-0,00212547470695135
0,0214834056406277
-0,0206967892398193
-0,00252494853061333
0,00982959549995653
0,00119541554301727
0,00105188712914525
-0,00569890382982366
0,000630734849578486
-0,0134763727398133
-0,00918278480280649
0,00606145245026047
0,000476395302328536
-0,0399191811145746
0,0147515062688404
0,00727705708026722
0,000707137693592068
-0,00184846189711169
-0,0016592815443442
-0,00237405259576011
2,25667860972299E-05
0,000330382637985559
-8,59064882262119E-05
5,30908870290039E-05
-1,39299127771169E-05
1,74131961372647E-06
1,73261998871104E-07
-3,06110647639734E-08
2,83205877594181E-07
0,000197880524623905
-1,19869773973655E-05
5,96160097415704E-07
8,04253011859198E-05
-4,22694210201848E-05
0,00191513245382598
-0,00739788846438776
-0,0404218226334503
-0,000182606941498502
0,0812181024036085
-0,728351179986067
-0,305292849028492
-0,108697793134924
0,169628026804821
0,00321843872636925
-0,323112356629467
0,108180879522743
0,169966263409691
-0,0605318766752203
-0,0149660773874206
-0,0883294347566362
0,0900174167831362
0,12376802073882
-0,121898736987669
0,00197521181473125
-0,00451031907856939
0,00194236658931054
-0,0055024195381417
-0,0285924321252679
-0,0414386407530264
0,00168021046341576
-0,111074183667951
-0,0909705860500361
0,016836201216654
0,112053209623387
-0,0184575777456592
-0,0300569825228023
0,0675760819325299
-0,0122749393926188
0,0677886789477232
-0,0112573321106651
0,0212576200131284
-0,0968662132556746
-0,0262688362338178
0,00197440667923337
0,0651576938353407
-0,0968125317086814
-0,0649670740625332
-0,0448179449187317
-0,103700669085518
0,0627512504854811
-0,0624624494349425
-0,097162528340343
-0,00680453438733138
0,114730739059442
0,00584081413969492
-0,015557061784756
-0,0336745796433891
0,0450275206462555
-0,000477956025889514
0,0751366592372546
0,0679315706159606
-0,0199800061047439
4,9593820601427E-08
4,17661993057139E-05
-3,67865697250906E-05
0,0257895712224769
-0,000327146354671736
-0,00318724971700789
0,000442019207028407
-0,00200468900798139
-0,00408945230111756
0,00471891223555776
-0,0118080114209936
-0,0803354171227581
0,54274245867763
-0,701400688180404
0,0415730636523453
-0,102956909447755
-0,0771935730903824
-0,0474242319262535
0,0464010053170857
0,0557041219968832
0,0662958716915933
-0,00829214416912619
-0,00706653424336726
0,0324207725287973
0,034060792507927
-0,0257515718032155
-0,0322447964892502
0,0348149613805539
0,016768363199099
0,0596770914389725
-0,037383018133191
0,0169753666656935
0,00387494454663647
0,017331875859324
-0,0600203943862554
0,00935546073552723
0,138177509616055
-0,195101564362128
0,169748488449511
0,0894432564378003
-0,114162725958278
0,0154157402043505
-0,0141345962584704
0,048270026841853
-0,00897436567789771
0,091633495705104
0,0580374053452491
-0,033015728055985
0,00712448025233196
-0,0254508462367221
0,0379788620762463
0,0407033974106586
-0,0127964705400455
-0,0828407134796246
-0,0790566067705714
-0,133921546844023
0,0103096899669101
0,0300404040141702
0,00533592044732815
0,03865577915999
-0,020381064363617
-0,00334467302436315
0,0215106592569407
0,00719944237087725
4,85616610300646E-11
0,00025887894941136
-2,53533964505731E-07
-6,19782607442798E-06
3,39652056449889E-05
-1,48067934214496E-06
0,00045827660847748
-0,00199512832407118
-0,0150020154502716
0,000485327919632844
0,0067022017899519
-0,143026226170263
-0,175485045050584
-0,195966598399385
-0,580876829792295
0,40564769277464
0,126727946699975
-0,402770763336361
-0,0843017135868155
0,0714248017158005
0,119575784286131
0,121863997388718
-0,0755805780906568
0,0970964906263022
-0,164342637807
-0,0213208633062923
0,00687707002395694
-0,0353266094438219
0,00759263991296158
-0,00452518221018046
0,0507083360352537
-0,032191808207504
0,0415084404052417
0,0717796355000998
-0,00590628238952013
-0,0687062041496151
-0,175927370174891
-0,125410194934279
0,0597719333297163
-0,113350863149659
0,0132740591768525
-0,038573337654493
0,0123598903322139
-0,0277479162956272
0,0096027447721944
-0,00518774426908172
0,0778278969390577
-0,119479225992885
-0,103917120998239
-0,0339760282227407
0,0563004217260835
-0,117283868616296
-0,0214430336270307
0,00970570544998683
0,00201367530255573
-0,0012868314620612
0,00189848035167466
-0,00627246146910835
0,00296486379089328
0,00927584076807559
-0,0122293817135687
0,00460687568328712
-0,0401060573124203
-0,108414225507154
7,60481656271553E-07
0,000175955697955787
-0,000731794210635051
0,000448492966038998
0,111187143641061
-0,000360405703899499
5,81158125396875E-05
-0,000189152332867414
-0,0356769833511424
0,00485384527972196
-0,0676050458871278
-0,0457308648120667
-0,0509082403561883
-0,0868560775694497
-0,196762158134277
0,0026910283705558
0,310953593696718
0,712498269162933
-0,0336737943489402
0,250373430079899
0,205252225357145
0,0192127677315837
-0,0664580199973045
0,07559800890612
-0,071842873350923
0,0182336584090295
0,00582774670889945
-0,008271696360442
0,0734293372397012
0,0892034288725201
-0,00208764044932389
0,020995784571029
0,0888253466281242
0,0402827269488992
0,0934890065783405
-0,123864896570993
-0,158263655206029
-0,0803713611212759
0,0694517028864368
-0,174851777130064
-0,0250812723277369
0,0277555498290964
0,0602935887317653
0,0244403279154793
-0,0210405905958993
-0,00458138344790091
-0,0423752718754908
0,00888104750903234
0,0287248676692196
0,0489438813610783
-0,0674920263806347
0,206657629471503
-0,0309396660243337
-0,0847568615336311
0,00932252042649111
0,0331928033686273
0,00233574054334589
-0,039160572129324
-0,00382244505228989
0,0986438266664299
0,0337372285766054
-0,00388753194354382
0,0772823381305983
0,0627798293621501
0,0041207008841547
1,09984777803723E-05
-0,000143690617715139
-0,000192008362618164
0,00102091362629807
-2,96103133083329E-06
0,0033980996020516
-0,00301507344034406
-0,179697235029977
-0,00216694747827643
0,129377450342382
0,0108859834336371
0,0167494001679867
-0,0068793417130528
0,347030712956002
0,344716634008588
0,120316969238262
-0,0801148245697282
-0,18589575867896
0,567048205082994
-0,250460295171204
-0,146897246956472
-0,141019139140036
0,246291585565376
0,0937661012678189
0,0148915250137284
0,0148058677765442
0,0435994950696945
-0,149488872218713
0,0947695892484474
0,0589628158297911
0,067470691239223
0,0813360594101896
-0,0845863086045694
0,0957486686214973
0,200243926681749
0,0464706225069959
0,0325284856817789
0,00109983306666086
-0,0612139555269553
-0,046713779630735
0,0386113627291033
0,116961174768179
-0,0841701370317327
-0,0112406027975591
0,0361285323696077
0,0175452780727007
-0,049674828661008
0,0386434780531873
-0,0399382227072069
-0,0549509059462871
-0,056499901304508
0,0161529874032187
0,0538792879048588
-0,0670012055813546
-0,00438513263746345
0,00708259750453919
-0,00219401700494573
0,0146898176555241
-0,03732175941856
0,0317716073455397
0,0160182288453345
-0,00802573095908551
-0,0163112586276215
3,27214704177746E-05
0,000165301765652298
-0,00713135760892312
0,0916225177683622
0,0290699215634752
0,000230291134845975
-5,63514973559038E-05
-0,000593189110283304
-0,021366124152866
-0,0419302258072089
0,219700146852585
0,0314944004255664
-0,0318027590151824
0,0513904028250379
-0,0902742520974964
-0,156525413872287
0,121803542760655
-0,110002553789291
0,576216598425354
0,151179905193898
0,0184818165295576
-0,167578294326619
-0,205198894296597
-0,0125683622001234
0,103036084003627
-0,493526714015471
0,239241930002009
-0,0879189958234257
-0,0442359316895055
0,0374437314401787
0,0588965573506517
0,0943895984887347
0,0377206329196743
-0,150772643897725
-0,147900184662574
-0,131771473167579
-0,0197488628381401
-0,0340228880717794
-0,049013024280096
-0,043715592145888
-0,00310225747466775
0,0404822531203813
-0,00789147490755177
-0,0580730970890172
-0,0806900383730028
0,0916553954333636
-0,0458004166010005
0,0363968643228396
0,00249589803378047
-0,00234048734356079
-0,0138503618612413
-0,00814452308093169
-0,0775973918135327
0,01002842126786
-0,0527744332770648
0,0277418240773803
0,0270041212948005
-0,0462939175192738
0,0185131988917457
0,0252986331801433
-0,0785462771388245
-0,0314333681080389
0,0436639692953975
0,00039613430250503
1,93550524441139E-07
0,00232361215306951
-1,2605170534136E-05
0,00799571795397908
-6,88760067183917E-05
1,17938720018265E-05
0,00463592884914958
-0,00752425085917206
-0,0137072747500487
0,000516117331052878
0,0183294345371485
-0,0360346661817862
-0,0149766474004321
-0,0518339756822293
0,420601729955182
0,322886061033057
0,51862136599265
-0,10807311658911
0,0911811687844312
-0,286029682133232
0,455309162356859
-0,121880933251522
0,18676031330672
-0,141220251554194
-0,0387889018344322
-0,00616398311820876
0,00387097805360479
-0,0083067402408412
0,046589985865852
-0,0779005736402158
-0,0646644655288185
0,0216154179898411
0,0227448753655161
-0,0862816792428147
0,00132234286738711
0,0476510146813176
0,0423033877069703
-0,0743705102499507
-0,0270416392379458
-0,0215922425599281
0,0758966091158707
-0,0971554036891989
0,0926724295960076
0,0268591018874349
-0,0463315710261634
0,0624518861459586
-0,00271752922177757
0,0112303991175677
-0,026776353405617
-0,0153548288522581
-0,0311876663965046
0,00131583740623591
-0,00408160542535503
0,000992455133469223
-0,00829964635645952
0,000488291032736675
-0,0032818387037222
0,00581910501746057
-0,0026362665000802
0,0130239713722338
-0,00274980244894667
0,00015820916806711
-3,47179916834279E-06
9,87167414204054E-07
1,04706566473087E-07
1,65408799177326E-06
-0,00868294147553757
0,00206034381843149
0,0107596017590488
-1,34536009569266E-05
0,00151723812152166
-0,00699130033963272
-0,0310103837205643
-0,0125571792939467
0,300673439859892
-0,034698826681143
-0,0776980229035617
-0,0444867326609871
-0,0666324746417801
-0,452030786143275
0,316292680670685
-0,145726718829286
-0,268371875326475
-0,0410091256415588
-0,0134853638558051
-0,187707697865922
0,0421107378934
0,145286721873449
-0,125994828476875
-0,0327358966936335
-0,0495260175049428
0,214773928717014
-0,245201745394793
-0,130546641742387
-0,0699251887408152
0,133218706231973
-0,117817963207917
0,0995313893706543
0,00493955351150639
-0,0247550427535836
-0,0970593877168906
-0,0427671030243426
0,142362741449008
0,065225706028381
0,138704231815929
-0,032743461906359
0,024252554149347
-0,166657688943386
-0,00722794045512668
-0,0943593366747274
-0,0225502326215001
-0,0797380659322638
0,0257532918545675
0,0592311084994867
-0,0120040588845276
0,226451989947063
0,0575557004767161
0,0578210420054258
0,0245841827757532
-0,0668467655530308
0,0160785178814148
0,0875363479739888
-0,0495614225237978
-0,231618221670268
-0,0577038741378744
0,0816732742464704
-0,0506024911810825
0,0549985114728188
1,75708636895416E-11
0,000106779011834717
-3,06099591105537E-07
0,000111667677302751
3,31259834155813E-05
-1,98109823374671E-05
0,00119786030164035
-0,0044589456442631
-0,00629988422680557
0,000625684309912093
-0,00113362403361688
-0,014697230469317
0,00347962460829976
-0,07699568335046
0,0479583298214781
0,12766620025689
0,286530936384503
0,101291145081505
0,128800830895562
-0,503588515071513
-0,563995809478561
0,159039972200041
-0,286432047778017
0,317998716369241
-0,00945719506267423
-0,0137975258064249
-0,0744026821214724
-0,0364046855884525
0,0292533375479777
0,145976608495313
-0,0723619931810563
-0,000938863623238209
0,0182086369266181
0,0450809371700533
0,00493885766632388
-0,0451310088761855
0,0366203430053443
-0,0222621588499114
0,00312267492020763
0,00608319994601432
-0,0190138995509553
-0,096219429657459
0,0901967407747097
0,0569822944179504
-0,0582006014578891
0,0303777696789208
-0,0709263473810752
-0,045668567309085
-0,0779756705833457
0,0158123565194778
0,0320670108229661
0,0588950272884597
-0,0119239163292126
-0,0286675645540852
0,029852149577435
-0,00129177477726185
0,00576845299946825
-0,00702136385059689
0,00577230416857255
-0,000126490095309338
0,000196844680790997
0,000156709715895501
1,00174229740016E-06
-2,86392461567761E-08
2,94761135732084E-09
0,00569408939430196
-0,000141601944695294
0,00149967734753539
0,00736888639339153
-0,00382608433575524
0,000921201087955727
-0,00259995117052495
-0,00150139261709449
-0,281389098315622
0,0176705487280282
0,00480716678450562
-0,00336174392174865
0,0140303948640238
-0,0163891946890922
-0,0474662496038174
0,0438595671496863
-0,0675245081808728
0,327504784425622
0,109553461294969
0,0120009042479511
-0,214411616176998
-0,428843155857396
-0,237712200802871
-0,166783569895954
0,335002773403681
-0,170882879390376
0,043822149230554
0,103234275741386
-0,0862224742307746
-0,107819365653824
0,0560131844935623
-0,0733070222776395
0,296424233547546
0,168854529989956
0,190539887176771
0,0139666213696388
-0,0227790975150756
-0,026799048909658
-0,00782606372025645
0,0350035087326918
0,000653113897519983
-0,0426355375713685
0,0387789940195723
0,0147344316397417
0,0272643285438427
-0,00835615017988574
0,00949492453550904
0,0265818998544753
-0,0160033955701624
-0,0253626255072672
-0,0340004780773433
-0,0486937375487763
-0,0742654602918194
0,123324308774794
-0,0610752463883344
-0,0955992295838558
0,109323559268631
-0,0299978712580887
0,0213901546927549
0,239243768093119
0,0893370615537787
-0,137273372006265
0,00546721647325618
3,81161776006152E-11
0,000419930441640182
-1,55918027366755E-06
-8,75770582543367E-06
5,50611650602497E-05
-3,90347667844432E-05
0,00830487016759245
-0,024043880712738
-0,0157517666287773
0,000530735821433372
0,0110792010021285
-0,122327265307402
-0,106855645474811
-0,0946129732223906
-0,180082495797713
0,089313237054928
0,0424417707970759
-0,0482539105049124
-0,0357242120754819
-0,0255117908441894
-0,0973549222123943
-0,22490311669828
0,102056415307138
-0,205035394621986
0,440625650119998
0,0917659950020571
-0,0462182327175317
-0,00584452474115398
0,0732753866502885
0,104181390309316
-0,0666646931567794
0,0185274037667352
0,139372615369037
-0,0199273382446539
0,0070434153264447
0,0525330629994299
0,0292662123427019
-0,203289717752483
-0,402147237971722
0,235083951348702
-0,116352117960804
0,237988378042912
0,103398244620834
-0,072968967493095
-0,0375171915083265
-0,2545081267674
-0,190764250740096
-0,0629555095878026
-0,0870498642492867
0,111052780257627
0,0105098234314802
0,263705926563249
0,000334826892658567
-0,0431727989479898
0,0528571134069283
-0,048192335084444
0,00401635211631931
0,00788215239162392
0,00932569156568832
-0,01958820780157
0,000873274218944463
-0,0413074787672765
-0,00665607501206412
0,0744680913586878
3,51748602200704E-07
1,28517936657909E-06
-0,000138290120807677
2,40354145724463E-05
0,000942254433089925
1,22598352370257E-06
0,000186770291788717
-0,000362401799512412
-0,0611797241730159
-0,00264975795110215
0,104114404370431
0,0216501355245268
0,0167565492943317
-0,00040767869026018
0,0784872836784135
0,126638301426684
-0,0141047148345416
0,00973009605416316
-0,0723367195111827
0,183890664817686
-0,112219958914565
-0,0340966507864813
-0,0490962830388407
0,0997108716347703
0,0385441344090597
0,0762184968217334
-0,0133615388196834
-0,0217844248874098
0,338268798118738
-0,343762675364728
-0,399362228930665
-0,0872121344762789
-0,115311059924596
-0,226666230723911
-0,250738461264154
-0,381599715474818
-0,0581226532884526
-0,0878933311100809
-0,0185854305970031
0,0880358074309203
0,24463921506993
-0,00860626603820615
-0,243586288639339
0,10406168960478
0,023055438922732
-0,0234326296642203
-0,0045520816954566
0,0971718973942941
-0,0845157527535558
0,0708693725976779
0,104364660952094
0,0610250263304846
-0,0628409070358215
-0,00904183809184816
-0,017898589464003
-0,00538804807816503
-0,0153172708457836
0,0787422750574764
-0,0279961407425343
-0,0379799569063264
0,115366970623927
0,0408946621359582
0,0209049165094966
-0,0337066619201463
6,0257541759247E-12
1,87693813313141E-06
-0,00601613612807635
0,000133278673328347
-0,000149393889826496
-0,112619489489018
0,0323912399137286
-0,00696425164349458
-0,00043838404033536
0,00946609186133387
0,000971773681976633
-0,000894104122438974
0,001035710778385
-0,00904176236230973
-0,00392611484887166
-0,020934676089826
0,0213301588821059
-0,00883160284048413
-0,0112152307425402
-0,0107202600300925
-0,0457916346951858
-0,027647374759753
0,0352689633220584
-0,020741540712997
-0,100217072159507
0,382691903858873
0,762135312787508
-0,179914697319474
-0,00294327104651122
0,169677653486891
-0,134135813570986
0,17751810722889
0,0193322794488606
0,0697905120291823
-0,263260544123832
0,115396716704431
-0,0305671358211289
0,0162709737560466
0,0546778369812825
0,0188435147315217
-0,0408682493905247
-0,110986080166962
0,0167198677717221
0,0252111755784721
0,0587913625961777
-0,0606353161974331
0,00937107924254974
-0,0332841965726209
0,0217875354918566
0,0212542080689843
0,0340878578319183
0,0676635698257423
-0,0218860586813
0,0678695978669417
0,0314084863770256
-0,0361657849812025
-0,0294119937222454
0,0174878149124557
-0,0137657349995432
0,00236509008405608
-0,00989780737131985
0,0236798478058844
0,0214660763106423
-0,00711951714440108
1,45094974908021E-09
3,65746861938568E-06
-4,73701842284715E-05
0,000759110405220303
0,000104735977315854
2,70875687389857E-06
3,26208751757406E-05
-0,000167424103325597
-0,00318790381733121
-0,00150562669332301
0,00959271500888221
-0,00285542980103035
-0,00923866848699753
0,000327706611133987
0,000240661500905276
-0,0481432161744588
0,0815144912679992
-0,0431781261164136
0,12756991723658
0,114389776313293
-0,103615511968687
0,211191248871112
0,298037630397842
-0,0129563178447508
-0,0386175739111344
0,168060794911973
-0,175080608918957
-0,0330719086702563
0,265659980478531
0,110290792598571
0,1104147085158
0,224672342328785
0,0234992506871192
0,0537695965596805
-0,113790316175459
0,0655535288332417
0,0558039095383827
0,0191760795991857
0,0558749304066856
-0,0881140551660782
0,148522801413944
0,0153911082380768
-0,0410822720144565
-0,361870810329598
-0,234198048415672
0,136269868918376
-0,132616314828485
-0,0114414753644003
0,176016890592239
0,112097144305892
0,252417278711679
0,0131896120523772
-0,343346708395759
-0,018475494550729
-0,122190177478369
0,0916537213475187
0,0211886997338642
-0,011233469466657
0,0405835805652328
-0,0747304573790852
-0,0192749805231323
-0,161849701558223
-0,203501413407616
0,0498317819173751
3,9290528846217E-11
7,92125977004004E-07
-1,57078649109499E-06
5,09872720306459E-06
1,02380934999935E-05
-5,88859214121971E-06
0,000357155284013676
-0,00125467317885982
-0,0050959864938529
-0,000509330951795768
0,0238645474471978
-0,122407120324623
-0,0652167782360575
-0,0243948411198482
0,0930867384755604
-0,0847207668733303
0,0216503274838344
-0,0289791630496461
-0,0591901559842656
0,0471899178124094
0,0205842640269224
0,426598628239823
-0,214668139386828
-0,237541538954207
0,135041174521808
-0,0418412914506541
0,0741926618994712
0,0265201743683239
0,00709333484305149
-0,0603808828166749
-0,0824603823883257
-0,00480822805192352
0,0233533591348015
-0,166283920788049
0,0649818805186492
0,114166492872144
-0,136270862713533
-0,18956360657981
-0,0848738024605061
-0,161660504871986
-0,177308320079028
-0,143694110511212
0,0201943853347775
0,0798770183020396
0,0335992138472118
0,0313690180376154
-0,0376168313195192
0,0728870077151901
0,14216032931112
0,0580860557265917
0,0989396379210993
-0,00496294246812744
0,130056544724157
-0,220957612052174
-0,156106084722383
0,134478192440544
-0,242164047102498
0,0688667577374977
-0,0298984017875733
-0,420245044540551
-0,136403968076974
0,136259485111453
-0,0986959619219366
0,0682696812604819
2,13281253849352E-07
0,0279249185098872
-1,39732913486564E-05
-0,000219689269818729
0,00256753414905871
-1,98704924210611E-05
0,000626119707217173
-0,00256271443990621
-0,0604195007514092
0,00226898503503258
-0,0155413930252538
-0,0863550219306563
-0,0747832509657426
-0,116562194346609
-0,19584763815128
0,114568487769305
0,18657829195711
0,251698731988383
0,0241855679291512
-0,0286315157340605
-0,230465591403954
-0,0920711478835379
0,0635854011567607
-0,246489651464365
0,226197731014368
0,00378350164959576
0,0329430154209808
0,125199608566994
-0,134722356840622
-0,233140443066783
0,182626497755342
-0,163146960012154
-0,00340668633151982
0,0317253418095352
-0,228591076208313
0,216444183268726
0,000241794096633313
0,00507747497709848
0,0988887548301309
0,263536364617149
0,154056387324685
-0,206137569389253
-0,179361710982768
-0,0969570568030499
0,0614366160231283
0,128773361363946
0,148564528543266
0,163539915541367
0,236833054320233
-0,0925170273897502
-0,0625934826793194
-0,221102503735368
0,0543693275144664
0,09424881377003
-0,0713890292304815
0,00509813934167262
-0,00339042521644633
-0,00240545518480531
0,001694462057087
-0,0056549057830078
0,0013871931699208
-0,000625878826310094
-3,71577166180822E-06
7,89580210242234E-08
1,98326390030372E-07
9,91094074238538E-06
-2,59871686126082E-06
7,31452983378605E-05
2,15026809038605E-05
-1,6494158499269E-05
0,00373233639890291
-0,00437601293352784
-0,01878747585528
-0,000447305922350998
0,0445049869992648
-0,243554294927691
-0,102644064771503
-0,0358385094406566
0,243959834709594
0,0371303404570222
0,020349542014868
-0,0213408579621342
0,00400426187607013
0,0839782372745509
0,0628665333774979
0,214683425916897
-0,102494929555946
-0,0714330646470601
0,059005383610492
-0,0130298681329225
0,0280867031498996
-0,00974925399765613
-0,180011579240536
0,0461612890686937
0,162066455589235
0,0112155958605624
0,0691629256096997
0,391734876533298
-0,10988036607196
-0,375266145225813
-0,0190942298530025
0,0581595514013209
-0,0326075944242435
0,081038848253525
-0,0952156734899203
-0,0240521403898212
-0,207802658961372
0,112637816342502
0,0827957145882947
-0,0761051232533158
-0,0653989960104931
0,0716078312436394
-0,0332853247228621
0,0254612079937816
-0,00471754880093899
0,0311292460084572
0,0961962035959582
0,0672252324861399
-0,00914946522309276
-0,0825035235355436
0,290021774159466
0,0664780254362726
0,0467118381295952
-0,047347998791191
0,117787541695621
-0,318750293085255
-0,270733362976565
0,106443036241464
1,06726931475056E-07
0,0552693019032598
-1,17965533630804E-06
-0,000530899869412364
3,7902307333588E-05
3,83739808794425E-06
0,000412999357958402
-0,00174614100269485
-0,0863211557516224
0,00269826112931724
-0,0155173974874333
-0,0682311442004995
-0,0646196530794685
-0,0557870191676705
-0,140129016763112
0,0679593442434659
0,00420173322966085
-0,0350477277104203
0,00374673116857555
-0,0502589620961019
-0,0457802364580682
-0,119493903644227
0,105501060456894
-0,172219205715149
0,43432795065486
0,0595742909118611
-0,0296664855788238
0,0701729898017806
-0,117262752999245
0,174395494122061
-0,290493305356394
0,29676822054734
-0,237941457345459
-0,0232036639752969
0,220298717931966
-0,221506138257576
0,110466387254429
0,31106077322467
0,267324245793773
-0,307582541186653
-0,00102095473440243
-0,0630255889552283
-0,0102000787266929
0,142619564291896
0,0100362936203006
0,126475246373675
0,0162423371073878
0,0487160599128627
0,0232364955208246
-0,00821314229064199
0,0215165748677897
-0,0518012313928218
0,00513824063800823
0,0189862864734167
-0,0146477919729878
-0,00193906890800733
-0,00140157672047742
0,00153984276901917
0,00347815648119199
-0,00279531989770004
0,00992489465989889
0,00790627719447025
4,49128676786297E-06
1,78824096316474E-06
1,77463952494284E-11
2,88336886210105E-07
-8,70480763322579E-06
2,97239381276615E-05
0,000629800053618088
-0,000799242390218321
0,000239493649793857
-0,000972336902728717
-0,00118841325491008
-0,000761670514503956
0,00143008171086314
-0,006472462307053
-0,00284898378924069
-0,0190381044271272
-0,0132155684046819
-0,0326042150298546
0,0510764325875529
0,0476360624427162
-0,0355532474564675
0,038525240895817
0,0183435861132249
-0,00295353080564145
-0,0160620319878457
-0,00794129510498128
0,0251871434392925
0,0231430997492501
-0,173594000010916
-0,791086928594713
-0,23652439536597
-0,0673188374755765
-0,0307570080016135
-0,0327908976742252
-0,262715802779258
-0,0505612372535416
0,0293171121377897
0,0853359707166838
-0,0503978374394247
0,0013729813270412
0,0546433643368899
0,0517964593667071
0,0519093225287841
-0,0517814873530438
0,0298806862632845
-0,0834321462622791
-0,00280126474069707
-0,118332095948812
-0,133493173178007
0,068088199542743
-0,0265647629578983
0,112256033005597
-0,0151897917182127
-0,120473584022282
-0,00933795927144
-0,114592325299735
-0,107631818319776
-0,273498860245781
0,0486111427479223
0,000390003872955757
0,00882425626997692
-0,0286128765513023
-0,0413333904759371
-0,00605989714165566
0,0105539035445212
-0,00577752504300064
3,67640105588017E-12
0,00304044575766175
-0,00319541513852184
2,48120831770391E-05
0,0108706812272259
-6,91443228388364E-05
-1,29333732160466E-05
-0,000174354021617475
-0,00010691436078499
-0,0276697485609962
0,0125592947702825
0,00325680335880878
0,00185567870213681
0,00415465514017871
-0,00268634457685298
-0,00917190654358259
-0,00235629367676365
-0,0262343528732719
0,0961837081596149
0,0141386634538567
0,0107801292040496
-0,0926494369400422
-0,213969979771969
-0,16139884263747
-0,149012473947036
0,395177841409804
-0,213000261890394
0,0750792249709819
-0,155066461537385
0,116143715442599
0,0532739206039531
-0,02133435969662
0,0531597939295763
-0,226851613363551
-0,100540394941422
-0,0612314157007665
-0,00712498102706142
-0,0166251376152239
0,0143538642740848
-0,0289657023079692
0,090358817916266
0,0064668555002856
-0,0959723201916137
0,108127954327237
0,00420511852592353
-0,0285636374255021
-0,0213052484970081
-0,0442716885278862
-0,0879479370037216
0,0440516534016644
0,0725408031862301
0,083345179495707
0,104520856893337
0,177532195020345
-0,291905859534044
0,130627054561899
0,189902746121252
-0,210840440858054
0,0589594993578659
-0,0408908753641356
-0,441444236939173
-0,157880123961485
0,252835176001821
-0,00846327079394393
3,27410284737658E-05
0,000131859287062415
-0,00547646902264624
0,0888323495050353
-0,000331950137021497
0,00027373461566017
6,2287862982868E-05
-0,000787650036548291
-0,00679774134730759
-0,00409670328317036
0,0481799371513405
-0,00333811043268036
-0,0422496131744934
0,0255901176168418
-0,0375550248115016
-0,163643605812514
0,162691611951474
-0,0803236910640995
0,158853836673905
0,125801057175564
-0,0563016486111975
0,128578480116236
0,300160012314058
0,213725243360236
0,0266837886151511
0,172400850068384
-0,110274822325103
0,125062531086498
-0,1821874650705
-0,0246988139023359
-0,0986179977217945
-0,0927903380616033
-0,221014646035358
0,0527480867344427
-0,147131433844351
0,0937073329440097
-0,0604277993802737
-0,170192510906638
-0,242593543840117
-0,105417289907653
-0,184751475704069
0,0271669024591048
0,104448085652523
0,394327857110466
0,187048126256861
-0,00373307532636306
0,0106175167574445
0,176463213579956
0,0309672363262601
-0,0756042085645772
-0,136787402353227
-0,128656787899663
-0,31296670803785
-0,0297077587222934
-0,0276714454159669
0,0225304437389018
0,0219576097745143
-0,0861489005562008
0,0439972334560434
0,121248472448729
-0,0171047403797339
-0,0113146047037117
-0,00711349200566929
6,57182420054767E-05
1,33757886725535E-07
5,40446318953564E-06
-3,99685779378076E-06
4,90395553442688E-05
1,0283076865357E-05
-0,000131454451494715
0,0447535652808365
-0,119567404978653
-0,00602589178673536
0,00412612514000799
0,00943623872608879
-0,0115471754570943
-0,00851585717450773
-0,00385783061610024
0,0912310127556828
0,050092549678876
0,0705174445008076
-0,0279933367865343
-0,0280151358169948
0,0539228961866522
0,0460388603251748
0,0111840691952044
-0,0525447823749683
-0,021220980141787
0,0443780013080182
-0,0248080645538537
0,0174354258626002
0,0474506863765173
0,054188697887879
0,259064978292553
0,229400385658962
-0,193856074078441
-0,415119593710957
0,170825114670672
-0,072142934738831
-0,150368535501538
0,030386884961652
0,0792591607318322
-0,0011643108354506
0,116675697359527
0,0593314182310104
0,0304364792168825
-0,132803539575318
-0,038294575367523
0,0198298571840241
-0,0698329847027042
0,0165376533908755
-0,0816378824881615
-0,0839939728448366
0,0131905277770516
-0,0087574842769011
0,12183898542306
-0,0675556485342494
0,0321349631715371
-0,072235756752953
-0,0347004807850276
-0,629219555458823
-0,262042271207519
0,0436305140575293
0,0109641378457036
-0,0529092939747203
0,0387818009620913
0,0332298233289251
-0,0110319249182611
8,03420683436885E-10
3,55375253387708E-06
-6,80064144924288E-05
0,000464904899803311
0,000159456849432091
-0,000901696000770502
0,00914047973951032
-0,0242490893805606
-0,00169906824772556
0,000145088138480431
0,0151810835782374
-0,000399163973543366
0,000376514260723135
-0,011670573982953
-0,0092930900693677
-0,050446944504867
0,0519339716046934
-0,0260712840104813
0,0404741326105091
0,0195711502394459
-0,0388918560575334
0,0245418717060054
0,11094544552436
0,0601646776050077
-0,0422816589673459
0,203355995793614
0,219905811594719
0,0176789144874161
-0,179574495494812
-0,120975185814611
-0,0381485531163199
-0,155726047707037
-0,0309583755932213
-0,0712917514594036
0,480559152063818
-0,19494705194195
-0,157399647351479
-0,0290982684512688
-0,121037700249792
0,284165805893685
-0,169774625870138
0,0402581602252031
-0,169870032200639
-0,104275708878843
-0,305287409024917
0,422392054757868
-0,162385109411091
0,00735288333190385
-0,0778682428782821
-0,0382809479207908
0,0531383755173119
-0,0737404868621245
0,0320956465218147
-0,0293177884166405
-0,0656919645769565
0,038688281058738
-0,0446029763601567
0,00852650631201951
0,0109830500067553
0,131490663605242
-0,0331666993907069
-0,0123342833674351
-0,0071633601684458
0,000414809987161259
6,28944092471309E-12
5,46118302737288E-06
-5,99937825176792E-08
4,67483208322273E-05
-3,6492518797063E-07
-1,33958891225884E-06
0,00082778687782796
-0,0029034531712339
-0,000569701335546636
0,000199207891859436
0,000694358466568749
-0,002082797865502
-0,000430010986125494
-0,00801403028236937
0,0385283377838863
0,0363297915826013
0,0681085770701373
-0,00280487391984589
0,0219264003041374
-0,0808241657550049
0,00540013004674896
0,00225764647921931
-0,00620312999012088
0,0212154645532376
-0,0117635769343834
-0,00990617544635277
-0,0228138641624013
-0,00463902313278994
0,0264951166715332
0,0162540360850945
-0,0797171544278647
0,0283720620123291
0,0103601601882826
-0,0470285821024223
-0,0404142410366912
0,0997091738662058
-0,188189571422692
0,0738846677429105
0,125769673717929
0,0145904013287843
-0,226142002468568
0,372014020609621
-0,227380782868287
-0,0492131195271138
0,0541678915364645
-0,0219099405724431
0,035252386410084
0,0438761938055729
0,0747527771805901
-0,0275701811704385
0,0565132187776292
-0,0606014105338386
-0,00291461198783043
0,0313387879055657
0,0109823264029332
-0,0598082359340039
0,0825122653486521
-0,408708343154093
-0,663253049780189
-0,109153018800253
0,0991557228662311
-0,00188910475194646
-0,0391906653833982
0,0067784951619904
3,26360230544654E-05
0,000131910395087894
-0,000187311815351612
0,0866772595781706
-0,000735656801083583
0,000244023081643162
0,000153944456382567
0,000235654457458644
0,000372137250592403
-0,00375850743945778
-0,00133171800921966
0,00191101145033074
-0,015332839414956
0,0234854342658718
-0,00455050295850762
0,00259746221603743
-0,00389260235064662
0,00212410857176193
0,00255548370831474
0,00553591868823826
-0,00702741566661834
-0,0113175492562188
-0,0320387752536378
-0,0170374662540598
-0,0129491755763931
0,0338803078625988
-0,0189716284821555
0,00411556403155223
0,0306294971783314
-0,034935766230726
-0,031865593220668
-0,00241891508439206
-0,0419718365041546
0,0817178998825547
-0,00480990553581334
-0,0186974434449464
0,00726876392475817
0,0436101521483911
-0,0077699371919985
0,0208199532852839
-0,233534117708235
-0,044732339765995
0,241728277703111
-0,264690883719178
-0,107779456859413
-0,0101872563720867
0,506970142730943
0,567600209706306
-0,362289040365614
0,088112828329403
0,137728488127372
0,144567658640304
0,00218075605922047
0,0584590734115413
-0,121654057214838
0,00655078477311861
0,0180560304499177
-0,0137859645224283
0,0110151737081452
-0,0141295373374962
0,00615607845857486
-0,000723142875560548
4,80591000273665E-06
-1,50588991624736E-06
1,59747770369017E-08
0,000927353393659814
-3,02616082238922E-05
0,00812150740801828
-6,96200617047683E-05
-0,00143514989258064
0,0082782761527336
-0,0222550976459242
-0,0279229557948354
0,0024295030262505
-0,00824805206598633
-0,0155871027941773
0,112810521143649
-0,19128421875626
0,021130772236339
0,011441503052334
0,0681414368683059
0,0174658629042256
0,0498752061820885
-0,0868912328221619
-0,172030203050796
0,0186690562076433
0,0466189120840337
-0,0855599643860704
-0,111490718561265
0,0794465421680238
0,229733988133686
-0,0243473800077314
-0,0921034064823518
-0,27554798166806
0,189023914960795
-0,0656186746463589
-0,0388052755862245
-0,0645790826858527
0,263366765862451
-0,163764506727913
0,171888249085619
0,0286269118827944
-0,24401861258855
-0,403267112298166
0,20296701686131
0,312611848082188
-0,0732051114203954
-0,143194336212438
0,0953062730410081
-0,251610986293448
0,170738644413244
0,0492139772857359
0,112429652761453
0,042021341219018
-0,0458889885747061
-0,0517617418805989
-0,0464870606888179
-0,0243608187449227
0,0679186298675629
0,00568233520912786
0,0276016085303022
-0,131673718558585
0,127218494703584
-0,113068018756971
0,0238349121585939
-0,00265912380681256
-0,00226276484497394
0,00381098837834247
4,16367004580529E-10
9,94928048543759E-06
-3,24430663237612E-05
0,000200403038117887
0,000257620202332146
-2,48899377581316E-05
0,000416692158820866
9,74460192219091E-05
-0,0049186264248607
-0,00875626354813392
0,0246996737177203
0,00437606325593202
0,00260588492674852
-4,58357569035321E-05
0,00343713304765636
0,0163901741302341
-0,00393045126568604
0,00517937737629725
0,0167611513827598
0,0244959603145287
-0,0161641372746186
-0,0261577056651673
-0,0533812038407148
-0,0389456361636528
-0,021684577500585
0,0858793939284634
-0,0333008594622333
-3,8992580474506E-05
0,191286662416977
-0,256570660470625
-0,170230396241524
-0,0905688684631708
-0,145887900398703
0,093862723200392
-0,153781349051994
-0,229984522841694
0,0346582258939545
0,110680408968598
0,0197725059180173
-0,00263431526430084
-0,393294733493438
-0,0506609144663672
0,369582346807884
-0,270283671997552
-0,0709027349040112
-0,0281252358052481
-0,0221291041940455
-0,229026775952969
0,279860876957018
-0,150372751539204
-0,242213869540633
-0,118862904341631
0,106459282050155
0,0129790944712089
0,0836062989425416
-0,0103269847454335
-0,00084390207691709
-0,130489709790932
0,0504868345533889
-0,035851410122082
-0,20453072647756
-0,202899929559645
0,0315581361831309
0,0294473912815875
9,96149568766158E-09
8,73899570464288E-06
-6,22152893204627E-05
0,00528936289824534
0,000352610982918326
-0,108556468681689
-0,000780282228776483
-6,46489996190036E-05
-0,00119652900346315
0,00826816937409157
-0,00344094581284482
-0,011885463620951
0,0948609994054736
-0,14399798382376
0,00382439007297347
-0,0220425721166656
-0,00395612700650198
0,0191865486909498
0,00679913660616832
0,0240851103835569
0,0239565706818421
-0,000836823322773659
-0,00782773927476556
0,00994382326352457
0,00515353786216425
-0,00349922583754025
-0,0406900291275064
-0,125684897248819
-0,0423155527072358
0,00249605533042184
-0,0122934718758235
-0,00510172864890132
-0,0667952427599916
-0,00603747213785103
0,0201823191125788
0,00633532240683017
-0,00690008318263541
-0,0888953264130733
0,106823992372369
-0,0119424843682632
0,000275423354245022
-0,00170549251645792
0,0430294450758895
-0,0761872041467108
-0,0154069231568413
-0,194579954420551
-0,370367940776105
0,277101629498642
-0,115942506222356
-0,20965680422813
0,00367608270233229
-0,100632383822902
0,0717201423553333
0,407746853235637
0,256792306930165
0,570698673747715
-0,0932571588823155
0,0221114593000959
-0,0266257848520989
-0,0373999193547349
0,0427532667802742
0,0132010747891746
-0,0816282757032461
-0,0426144769583546
8,36476506239379E-12
4,02570700301352E-08
-4,49652170732766E-07
2,63205099009446E-06
8,09380447456101E-06
-7,9139312855849E-06
7,46949341360597E-05
-0,000194859797539309
-0,00100902320745048
-0,000194573994833182
0,00534978370586653
-0,0196549881416189
-0,0143155557873473
-0,00781188403656407
0,0264823417458164
-0,0255881725854795
0,02445825266489
-0,0089784058262442
-0,0229680557676261
0,0285599207586054
0,0110724457646876
0,166466758732896
-0,0705673968556597
-0,0906623408735608
0,0677163876683179
0,0023752782200121
-0,0299391922239757
-0,225016025508051
-0,152996436048001
-0,0692506449688338
-0,0464517164302466
0,0408649349995317
0,0132800179113536
0,0799925573266815
-0,0467080833434904
-0,0628167871701183
-0,0412128975750861
0,0425515605150969
0,0141140645090263
0,242037087139677
0,257346113964631
0,381469535373885
0,369278008786194
0,220856677641107
-0,000471581223363745
0,258897978526186
0,332268907856118
-0,187904179538906
0,172930491963232
-0,0657586704406475
0,179745881590022
0,150153448729675
-0,026224503803136
0,0982574828349995
0,088004394144278
0,266250051100965
-0,0425203324520088
-0,00125278828381981
-0,00743369051441256
0,0288870918986576
0,0314904016201638
0,0097901085981931
-0,014868412927107
0,00812270387657387
1,91686050173345E-11
7,99458696745047E-07
-0,000115626520218662
3,66359753182273E-05
0,000267707303026616
-0,000783965584145208
0,00962732228062671
-0,027477636305718
-0,00514355059890642
-0,00195743945662394
0,0575501666763305
-0,0460477226118589
-0,0520011053693279
-0,0323354798918238
-0,00825068466931705
-0,209800075017654
0,156698419183848
-0,0908500188720383
-0,215678014292089
-0,0125362001098674
-0,0402810597740049
-0,179213640526594
-0,0484088941902555
-0,0377055173987695
0,00538081483774099
0,0479662788311515
0,0959774949162565
-0,0402205628841754
0,317564367828504
0,233054197736222
0,13420127630663
-0,173744490378478
-0,0373319480059954
0,0224041747075781
-0,0464251688789761
-0,0422473893319553
0,0273985060447635
0,0825625495728278
0,0756454926282387
0,029671234585257
0,132743897480502
0,210913532790996
0,121683103405651
0,10035395044494
-0,0401742142368206
0,0521323163022179
-0,040855905446401
0,138442686367245
-0,114539795620398
-0,0853768001965058
-0,151788747799043
-0,317132776239297
0,113304694916306
-0,443367266372855
-0,178922486230826
0,240911267374201
0,174154978665321
0,0392353429163596
-0,00628791880114734
-0,0215171767652582
0,0267193782716352
-0,0437975151660326
-0,0391802231842249
0,0130046699835011
1,0483969927087E-11
2,36370951065327E-06
-4,04121548251745E-07
3,44984140881183E-05
3,32195439110903E-06
-8,76911154842189E-06
0,000130859346886604
-0,000492675231785394
-0,00432396382602904
-4,79124419205397E-05
0,00155415095897614
-0,00121051212128052
0,00502229059585978
-0,015673992746859
0,00786744293868056
0,0124789044609557
0,037431188994258
0,0056332355371569
0,0196033137043054
-0,00385768440000375
-0,142672366052947
0,0457119981379109
0,0870641178348773
-0,101191483313294
-0,163389482285876
-0,0295001811837989
-0,0410592088700927
-0,0338283795059328
0,150440582775393
0,0321522118366885
0,153633506802117
0,376577319758047
-0,108602350504756
-0,078180056609467
0,134807709507159
-0,17536431893275
-0,0616604268522701
-0,0937004894716573
-0,135198649162244
0,103476058602063
-0,0283217275076259
0,012330199669335
0,0595697476715939
-0,00677262002883054
0,221959288899371
-0,0976315758575463
0,0735744823283964
-0,00252830390161558
0,0933198471755083
-0,0398020644458812
-0,186437792413961
-0,0594354991702631
0,117331831953497
0,18241367744596
-0,352571049411764
0,00300740907987121
-0,130592614169232
0,394088551454832
-0,31999189782465
0,250639407085787
-0,0558953203938228
0,0049582872055902
0,00467160231346814
-0,00787430104255982
1,28753636733987E-07
5,22647297601066E-07
-0,000102786288244553
3,92100139137372E-05
0,00028658701316307
-2,22923581498389E-05
0,000860807474713774
-0,00336067430921987
-0,011214198852779
-0,00271392314083463
0,0637941015445846
-0,0967270802624963
-0,0839791815035638
-0,0443868556478397
0,0511379228124812
-0,238194778698833
0,162896940057292
-0,0880850119748506
-0,208984408605791
0,0391959183539325
0,0177450489722104
0,319397962626443
-0,237179127881071
-0,193389488751444
0,0632436831237614
-0,059863189405489
0,0464888130906561
0,0838498609093423
0,0164835273729196
-0,0950635438806261
-0,127657785148493
0,0778489269815222
0,0726978974512891
-0,181873239509538
0,086675717421323
0,121167978997824
0,113778965834591
0,082502241343885
0,0510355565375002
0,0892084630216404
0,0106320497413147
-0,0765716226789231
0,00812035565166878
-0,118516130661935
0,0692735546913201
-0,175751728507847
-0,0359176323427258
-0,0543266825353127
-0,0964377808525221
0,021228363911019
0,056177387761858
-0,102839843074885
-0,181704302059123
0,00584225921963547
0,0096417310612116
-0,014474517453846
-0,00528462601124329
-0,216882697869686
0,0575062413198367
0,512860710740258
0,150357614876105
-0,168083074071192
0,122370856565864
-0,0846537831914128
2,86077093060571E-11
0,0413903197453036
2,24101880132716E-06
-0,000394335738445671
-9,14350379400156E-06
3,91669235885178E-06
1,42293821907327E-06
-1,79920173530789E-05
-0,00488201468907546
0,00123515808359003
0,00355685971736836
0,000878990334184867
0,00169841343081422
-0,00419058228899557
0,00525246717559069
0,0155622177433604
0,00802606722615669
0,00723724876170044
-0,0117431254076552
0,0417909489809924
-0,105584946309284
0,00160236968269013
0,113784222318255
-0,213060205714724
-0,241846433601779
-0,189455552329086
-0,0174343631974576
-0,00312063430616589
-0,117031919932974
0,274760543973068
-0,402837440346578
-0,254191372829609
0,0791948995003772
0,116861666937135
0,00916963891573916
-0,0369130386070716
0,0358268534619986
-0,036857940448586
-0,0488217398066798
-0,0132144016033824
0,0168726184919158
-0,0196865292925874
-0,0442838582716777
0,044393307290166
-0,388840950160254
-0,269830339299808
0,107868003547869
-0,0565522399191037
0,207643735594566
-0,0073531095387247
-0,051601131609051
-0,0707683852455828
0,00991415890358934
0,15626698812613
-0,297456645302955
0,0447154466765459
0,0541528333367892
-0,0448147731903837
0,0488110092575925
0,0506601774966019
0,146225736349303
0,202355483224265
-0,0765611912039794
0,0418084881279689
9,2947054843219E-12
1,96826718910257E-08
-8,68100359170871E-07
8,07968034382648E-07
4,80182745565519E-06
-8,66410352271387E-06
0,00111638853841548
-0,00401111454633909
-0,000993932193230888
-1,73264018654795E-05
0,00759071624405114
-0,0157328487586708
-0,0151322069761825
-0,00831195993497676
0,0227780921616355
-0,0429133701307925
0,041071637888997
-0,0253622309456087
-0,060179576343803
0,0185705092891552
0,00801390261858036
0,121777595954298
-0,112540121053185
-0,115742227042657
0,0712286868082979
-0,0268939194477144
0,0765484432084689
0,0453452509837035
0,224387726134949
0,221103922902346
0,114439369494654
-0,269081294059564
-0,480636185082878
-0,194882792307933
0,0666376910553037
0,141160355578962
-0,0988492202418287
-0,116251677366085
-0,0540803354686711
-0,111642323058529
0,00960988324753491
0,0100195729453493
0,00164716099160692
-0,0342359309233471
-0,0781897901418505
0,131673813081179
0,071873020299007
-0,050724133513883
0,0752166154644704
-0,0129054015952089
-0,0089630125462398
0,148196883158936
-0,00655725436044007
0,317091358770551
0,20895068216696
-0,162636160362711
0,393164934953852
0,179185222858206
-0,0290309866518404
0,0074416521033795
0,0239308919703001
-0,00121700377351368
2,41838386462537E-05
-6,2657961366643E-06
0,00656601273242436
0,000133532881413156
-0,00188828597351013
2,88414593196978E-06
0,00347496952755111
-7,55155907221733E-06
0,000140467042271255
-0,000933706286170833
-0,212910496854927
0,00155676158415656
-0,0439133591655907
-0,0590028818245646
-0,055263257443708
-0,0336730414805877
-0,105905742284877
-0,0808953047901468
0,0998285826017125
0,254453775793842
0,0447866383818201
0,0345789476978711
0,160083188608361
0,0522094764659807
-0,028571460140295
0,104198183423054
-0,107255994249699
-0,0233876345058154
0,00329912391701166
0,0764065341991049
0,0107273438788385
0,0625599674046464
-0,104387220865494
0,0890535481220963
-0,0938828793381879
-0,126098103633185
-0,0348101026246448
0,0565776676405507
0,350444815986751
0,186278095657085
-0,246530235882125
0,191601422144161
-0,0698884153346763
0,0988591807563488
-0,0172853437182433
0,0344580785895199
0,00265031171786066
-0,044517896812046
0,064091492131471
-0,189742940486489
-0,234394911279415
-0,0576673315904858
0,228638329933788
-0,352671680876319
0,0348387755492529
0,135972547975283
0,0197390394452486
-0,108551047817812
-0,00249168162819479
0,107596296369252
0,0107438795278525
-0,26002674399169
-0,0918008604269804
0,0109170860688827
-0,207591115154605
-0,168630811910089
7,83445938916763E-08
2,17538501753173E-06
-0,00393435897966644
0,00124810987057568
0,000199168316424023
1,13031543568511E-05
4,59538314563232E-05
-0,000547146713722742
-0,00454858893924101
-0,00273182167895793
0,0259732766420935
-0,00395459396042799
-0,0158084155218576
0,000725025121674884
-0,0180521497509449
-0,0908698074116539
0,091844451589853
-0,0414719403986184
0,0857485787434453
0,0712757875105957
-0,0260505203024391
0,0665199357866173
0,146734490774287
0,0932377672470703
0,0197152450206202
0,0557630671494024
-0,0974889462903665
-0,0480354130382886
-0,0520861000205833
0,00516170601497821
-0,0301198943669187
0,0440095539939399
-0,106308156022721
0,0406212151571328
-0,22597503612663
0,0998142728394493
0,0958543516825382
-0,060254565080678
-0,187530752433049
-0,244483209282737
-0,0184375236313438
-0,000112483711918827
-0,140318848634066
-0,0888647052848081
-0,090642480753249
0,108431156627981
0,0659994513107737
-0,0947404325610127
-0,0111907128976037
0,069367919480065
0,179570478632396
0,0144596957487492
0,688725312825144
-0,0990735878679709
0,0787747402813532
0,0983801460934721
-0,0723081410745511
-0,0172304184834097
-0,0172484131202921
0,24172247682537
0,212864366847342
-0,0666077346694516
0,131071916865763
0,00614599783606538
1,17655922517508E-11
7,32515212965084E-06
-2,79235032602247E-06
7,86755255830082E-05
-5,8153534524124E-07
-0,000148475173804509
0,0428629402816007
-0,118794103414461
0,000536490847500629
0,00439875145331788
-0,00161221304956803
0,00318031836222919
0,00526223328147035
-0,00978767402792582
0,050981281257827
0,0540560270167906
0,0807316951429403
0,000159395670259944
0,0384812543650569
-0,104237515980399
0,0160793289405377
0,018205134570516
-0,0143216547413713
0,0348937728768107
-0,019562076811188
-0,0327421456636344
-0,0584840234350929
0,015126516206261
0,0196708110621893
0,0197680490053282
-0,12359429381625
0,0570481914009301
-0,0115447771434711
-0,0588719175238202
-0,0882643834345816
0,168671979582266
-0,341086383389923
0,188746829757625
0,169494410444899
0,0319260248050047
-0,250429338269416
0,439266221843899
-0,287322239603665
-0,0932837368014643
0,107457636054124
-0,0909154401529024
0,0588475750297999
0,0222467936161312
0,0665949765100916
0,0114659017979117
-0,0125295483154544
-0,0224540063579078
0,0145293375795647
0,00178121664809826
-0,0209809762817283
0,0388808900708008
-0,0584143112961091
0,290902244923297
0,484494180118393
0,0681217457657873
-0,0716287379375119
0,00114737970261523
0,0295443240399129
-0,00511055643479062
9,36890961978319E-09
0,000659409664163799
-0,000172027911464978
0,00467425756050592
0,00693210897647941
-1,532008576487E-05
0,000238615018219777
-0,00088842315758901
-0,00277374085470458
-0,0139777248778875
0,0357218202909277
0,000806343441256543
-0,0172667318128039
0,0128356356047446
-0,0115561812871485
-0,102365117246419
0,151230516592201
-0,106813923868105
0,377048977612634
0,174051818727717
-0,0443419394772177
0,159948991713257
0,253398263464264
0,102433050050325
0,11285679673921
0,135557069545231
-0,00710302676181544
-0,0513283008671479
0,183282897368771
0,0454919966714029
0,0239489922894764
-0,309931061608085
0,190598808759906
-0,0919284855148152
0,281345405935919
-0,00583852846099012
0,00436104442647474
0,170415786730089
0,302975536457038
0,171599188421621
0,0307868806381336
-0,124319822147438
0,0673502224401803
0,0459726546939564
0,210033850006533
-0,286219385468661
0,120538361967345
-0,103824779784729
-0,0198416356294215
0,0177646551295835
0,0354271725173121
0,0943304543888328
0,195787516992196
0,0284396391446916
0,0361514140994269
-0,0296362248377188
0,00899108826929377
0,0360079592213796
-0,0275093168832729
-0,0940602841768714
0,017573333303566
0,0101266468333619
0,00645270474642562
-5,83755836571718E-05
1,90675152230961E-12
1,82341159598468E-09
-7,93965015201434E-09
-1,44686410055489E-11
7,12880964508139E-08
-1,42335415881706E-09
3,41587313421343E-07
-2,45625789280572E-06
-9,15916390444359E-05
7,69469084415543E-07
5,13388410320518E-05
-0,000905194417086082
-0,00116487679003171
-0,00121932584713192
-0,00369174521085519
0,00241420618336911
0,000703524396380925
-0,002920001981758
-0,000581693642829558
0,000930175461621297
0,00267711418682
0,00393460699716084
-0,00240776822916026
0,00473136393355392
-0,0102760649790545
-0,00215760796605702
0,000821660090023054
-0,000323487301501884
0,00227679739727889
-0,00171018998771191
-0,00129612308448878
0,000896624422690541
-0,00550548861225137
-0,0119927762907198
0,000840757915902459
0,0119799610748943
0,0520515977000456
0,0473044737210057
-0,0102583958493053
0,0296940838911877
-0,00740363004043372
0,0127329952350532
-0,00766040800642479
0,0319459154471965
-0,0066832407424125
0,0225160197009022
-0,0717082317030824
0,14766713543858
0,198380765894072
0,0643503147654065
-0,120421767425885
0,28619302467893
0,11338535981897
-0,0980388608404914
-0,041015936385863
0,013426001722015
0,0535262207723513
-0,0891802208515106
0,0261331913137275
0,0817461960247964
-0,0977257099685079
0,0350627706204797
-0,304755381939471
-0,823816145313489
4,52632474750379E-12
8,99843605619156E-06
-0,00333826291471873
3,47508277326463E-05
0,0111759156498591
1,52645331474164E-05
-5,18145397474413E-05
-4,26484390923575E-05
-0,00096248766723633
-0,00158534437707606
0,0163053751584875
0,00325783891659817
0,00250475143080074
0,000907622120029742
-0,00144145755366083
0,00341366501933744
-0,012698745856716
-0,00688846063186055
0,0120606416565014
-0,0167855904441696
0,00398636544115859
-0,00928883739381626
-0,0361394429075445
-0,0632097711813044
-0,0587473667402681
0,163910257892298
-0,094481967459427
0,0371112098130128
-0,185949440025725
0,163995604249344
0,0762166248452056
-0,0773656159746761
0,099246128669481
-0,372826546594437
-0,206350124010217
-0,230593882672323
-0,00222844312601949
0,0299643562448505
0,0356220630169809
-0,013925658335461
-0,0232125067522717
-0,00140808817281813
0,091131447826391
-0,16788151751629
0,126858050400427
0,0474665340650834
0,00553912909544595
0,0323500572647692
0,0165131614711349
-0,00235787410992138
-0,0199018022800056
-0,021589240865486
0,0370429195895578
-0,101518611435689
0,201152076863194
-0,083677244755701
-0,0273123284760179
-0,0301258706467794
0,00475321700216511
0,262250344025519
-0,0461790098845066
0,383228256354896
-0,49108021886094
0,235208556183521
1,33864918384022E-07
8,0820763878133E-06
-9,31694756650846E-05
9,98418400476459E-05
1,13568768936477E-05
-0,000203698841312186
0,105554686956576
0,0474315117566452
-0,00701421550198367
-0,0027121991283209
0,0094587150471794
-0,0145293027428639
-0,00737360739298679
-0,00646716959055291
0,0830260935215919
0,0563642875077229
0,0597790132357129
-0,0215220733841093
-0,00364887749686271
0,046155709275915
0,0362694093481454
-0,0095311124965451
-0,0313076368183511
-0,00739259522984593
0,0238449253191385
-0,001266364441618
-0,0264782426431857
0,0233827231797369
-0,0591585668305237
0,0495368004579345
0,102845024591161
-0,0314309754762574
-0,0782716139554347
0,201671554568576
-0,0143619460895996
-0,175467927745565
0,0755746144264803
0,0804431446150508
-0,0679220682930407
0,0939830256078808
-0,158454624194494
-0,0841121033335885
-0,0619854194614377
-0,0967353104969794
0,0605135535973895
-0,14567313174409
-0,0222740747482108
0,00758555807097142
0,210779406551727
0,131849047148094
0,356934454638942
-0,095167715503093
-0,149385319275486
-0,203343314946038
0,167210304305444
0,183669755372927
0,20834319187181
0,164608180908327
-0,130311531253826
0,0912206546063576
-0,159792208925985
0,41208394204398
0,37875652228869
-0,125091846481706
1,14467827572467E-09
9,48641194984223E-06
-0,00763319354733068
0,00066457287465461
0,0242747257085515
3,68093086342097E-05
-5,13962091726416E-05
-0,00055959340754239
-0,0220015591298518
-0,00788632863671087
0,219929310090449
0,0342941216819923
0,015159815147544
-0,00181738038179366
-0,0357200750885702
0,0127311638583936
-0,0490186705037999
0,0309016369645326
0,018433113904915
-0,0878554982560394
0,0464567400012409
0,0264533259015142
-0,00518782535556374
-0,0711027028669271
-0,0505522152720968
0,182335773449231
-0,088483233669676
0,0415773980917684
-0,221460871348448
0,165510114221406
0,164091381530243
-0,0443740443859401
0,0724417674558283
-0,31190211246191
-0,134473863888256
-0,169227170889487
-0,0323243609038468
0,0288972486364019
0,0339008024180997
0,0161892641757624
-0,110697668068256
-0,0131578888789476
0,0845282222186182
-0,00919037347950463
-0,178471469257671
-0,0688280996977121
0,0454548016083949
0,0177804613244695
0,0935263216794006
-0,036691079860199
-0,0624606842738631
-0,0447010571712522
-0,131238842006576
-0,0855211276549851
0,0969636925681761
-0,0417141936797784
-0,155116027007309
0,225815239440157
-0,0612125906256124
-0,210327095560905
0,471566109400097
-0,232815270721066
0,257836159872406
-0,220455351232741
1,58604435514709E-08
1,34067416003657E-05
-1,37506705405686E-05
0,00831843370533162
-0,000101955562084616
-0,0098333791769955
0,000243244361896457
-0,00145806012284076
-0,0013083179770475
0,0042378761913353
-0,00410668491998626
-0,0207254809814099
0,172696445447966
-0,25781927818643
0,0214029938829477
-0,0383660876290068
-0,0303213660738314
-0,0170850192936738
0,0194151693401975
0,0164314618719778
0,0257032561466486
-0,00697441780624587
-0,00515494616989516
0,0167310249134531
0,0125158848256722
-0,0244725329082981
-0,045054448420739
0,0256049466621001
0,0274559066917068
0,0263935411864401
-0,0274265107088539
-0,00102929449209508
0,0370006522531354
-0,000987991000817941
-0,0468711124834745
0,0688244763394277
-0,498764574022723
0,5757402377017
-0,429645494169054
-0,0196272051543444
0,178399884429289
-0,239061767267439
0,0933036133753743
-0,00575660075248508
-0,0227501751961938
-0,00763985664298993
-0,0241675394595667
-0,0189591095591035
-0,0420109284935157
0,0698548609552279
-0,0498311385688964
-0,00358485897194866
-0,00639665063448789
0,0125147711992864
0,0181078005609277
0,0517331697309446
0,0151100861270237
-0,0372653944040969
-0,0731577691866852
-0,0148525580234271
0,0140172195343578
-2,14929436062247E-05
-0,0112891912768425
0,00195374608265322
7,67529560466798E-11
8,78469026150368E-05
-1,06174383887999E-06
4,15327464771506E-05
3,85538807923845E-05
-1,89623895621491E-05
0,00163093352407871
-0,00477278376939583
-0,0378905366609032
0,000287181160315475
-0,00579417396715319
-0,00669205862412805
-0,000354309113318431
-0,0248338779992839
-0,0183141157897393
0,0100312600679787
0,0327711819724592
0,0246921886755515
0,000120298184923014
-0,00297419058854842
-0,116485306836411
-0,0389079415441589
0,0683033839553024
-0,190353338001146
-0,0526635819287474
-0,0284501928516572
0,0461016411870434
0,0157750141294551
-0,0232360816202766
-0,315461015544952
0,199818060046609
-0,192109920440324
-0,0313172725311466
0,0202342734309427
-0,163806154019536
0,0492931134379347
0,0633348079138979
0,214988143567892
0,13851471326352
-0,192707930130659
-0,238354726462617
0,0932781194389746
0,171799900794146
0,120331508400057
0,0235433229391933
0,0957673651965109
-0,293958051749379
-0,212060165008135
-0,273496279572502
0,104102378365323
0,137536271380673
0,173408887617954
-0,064734305727638
0,115933902955509
-0,330988233729263
0,0286149623308181
0,0397218799765026
0,0972793529439479
-0,0351967246918739
0,031094209869856
0,218662101230987
0,208289519174064
-0,0326369384296546
-0,0304596633635683
6,01313173343764E-11
3,0164151617379E-06
-7,56332112418839E-05
3,52306277154057E-05
0,000208788933869761
-0,000886147299952496
0,0111829447612401
-0,0324744515388702
-0,0109929401963298
-0,00155975425240152
0,0670222781287883
-0,233092141077679
-0,112849484109926
-0,0448758024836336
0,0614072417829854
-0,173517893033883
0,0118954807657316
-0,0368568818841902
-0,113227225550722
-0,0317930899072644
-0,0426978039219102
-0,187034631910632
0,00583808673246651
0,0261390013209345
-0,0425771357528702
0,00323931236018566
-0,0424108470810076
-0,0736580605268013
0,209233802343432
0,0340712168448914
0,0808944839461432
-0,0858709785467921
0,283736759706419
0,0321162119871522
0,0283334738038596
-0,0846568940839915
-0,0785331567652666
-0,0117691899667472
-0,0101079910410076
-0,143675272473804
-0,0374637821263203
0,061820711502665
0,139513366281047
0,195761769784925
-0,012988408076719
0,124543901526241
-0,101883507622525
0,235174794922098
0,231849421761369
0,120010055418654
0,285310546107767
-0,216467240599175
0,0770012966890736
0,328347884410796
0,0870347569499731
-0,341674392002824
-0,218200148562016
-0,0428927493856653
0,0758865134076925
0,058195353149613
-0,0654100833328475
0,021378842119769
0,0853926601300455
-0,0667041939734853
2,34562321660385E-07
0,000281434436821803
-2,87083708657163E-05
4,38155815622855E-05
0,000237210195585673
-1,24154325813486E-05
0,000344611669696517
-0,00108415878009531
-0,0771419614202364
-4,25514251460471E-06
0,0193622754606081
0,00195524236085235
0,00857861935488416
-0,0298624318096453
0,0363402628668821
0,0834364845177455
0,0622354645686904
0,0192932567081901
-0,0231522282080298
0,1559843537946
-0,323807804178015
-0,0215144789195341
0,224553778158602
-0,396408158336828
-0,35205880296144
-0,192986856031681
-0,0233825895105052
0,00779263870615196
-0,0168234260532263
-0,00307895621560757
-0,000721485202783271
0,0673312276342563
-0,0499406553213429
-0,041638362402719
0,00167600403069731
0,038773170762862
-0,0610614322546845
0,0334840802664516
0,0930887609123605
0,0348646040319872
-0,0617277728324173
-0,0175114802453636
-0,00852424557922773
0,224713806781419
-0,104395444293045
-0,0208134246664129
-0,00282762608323194
0,0272811694663642
-0,196035521813716
0,00423210382385608
0,0674011951111716
0,0649343603415244
0,0149748355616573
-0,21429680256168
0,422060766004307
-0,0573243978896184
-0,0669597555550592
0,0282142104563725
-0,0582684541273153
0,0109584457996282
-0,252651843508307
-0,202900863405142
-0,000208782999026319
-3,32808176835387E-05
1,3256961921133E-11
9,34900034517889E-07
-8,12764459696377E-05
3,12299802591707E-05
0,000214056596970766
-0,000382088977819794
0,0103136653600765
-0,0298000622019535
-0,00431671780926235
-0,0200237257733682
0,0448117932682454
-0,0393934141924836
-0,0436967943868335
-0,0290408455105791
-0,0166906736353526
-0,176839813141955
0,129351935689205
-0,0657357764266949
-0,181457701477003
-0,00647271956128536
-0,0454712468387191
-0,170270076932029
0,00606548490895163
-0,0175440890651412
0,0144809896287997
0,00186052657346024
-0,116745127227022
-0,356048801518467
0,135319832627624
0,0172466182887133
0,0624609755354274
-0,0377299128613387
0,211281905482774
-0,053864140218682
0,0177782037898789
-0,0220376133142455
0,160911791355593
0,0764224702813646
-0,145296512826923
-0,115235570313135
-0,286478537824526
-0,212807665272117
-0,371030441442557
0,0677169022130982
0,0543698123545188
0,159592756250367
0,29292566113114
-0,168016097763477
-0,0058372642029288
-0,177548554196736
-0,123528828981281
0,175043839726092
-0,189717609688041
0,0922594733502851
0,0707830112107493
0,226285208540934
-0,0383330655870894
0,0113511307108869
0,00180928397499476
-0,0347119116452175
-0,0040750754501087
0,0254005797814194
-0,0505471373316499
0,00390076860562071
1,40320345054368E-11
0,000134636578008374
-4,54577108728934E-05
4,77746057029214E-06
0,000304665659499653
4,87319563003944E-07
6,12662798127391E-06
-5,2846191549786E-05
-0,00563431441501675
-0,000609579779249983
0,0275045907857085
0,00475567444171462
0,00365037413592507
-0,00311644756200406
0,000164460944525301
0,0187267195996751
-0,00465401603767947
0,0140485098293511
-0,00616419370638481
0,0143599561409622
-0,0573485426447065
0,0116866005108913
0,0730869472318686
-0,152563901294985
-0,163831255376838
-0,104722446828021
-0,0230125405048849
-0,0101005357565853
-0,088552045066567
0,237270270885093
-0,316187152788588
-0,231711355835234
0,0906176255575853
0,0984518885611312
0,0129016173442638
-0,03750584516483
0,0724594606581779
-0,0305971634871446
-0,0980485754025421
-0,0425964038960866
0,0804798312106237
0,0401228961091775
0,0494367578282933
-0,338002883360421
0,585588642054612
0,345288379331599
-0,137935079961038
0,0386255590628354
-0,0611673979993146
0,00677962528175078
-0,00647873455644507
0,0309957746260848
-0,034569484760559
0,0061980455662667
-0,0251934980710587
-0,00485633316899193
-0,0110135703341769
0,0454111660287746
-0,0135171028469632
-0,112238385023355
0,0593520857566159
-0,113931653973051
0,145343210487226
-0,0791732186098647
1,025011104446E-12
1,2809989312992E-07
-1,28055679909325E-07
9,45574505024457E-05
8,89894795834657E-07
-1,81850458056429E-05
1,51202209033151E-05
-7,57332534524301E-05
-0,000294238259512406
9,45202424631847E-05
0,00125853637245137
-0,0211543955473192
0,0532197104091994
-0,000688376626587474
-0,00874966172455423
-0,0019058784895365
0,00720141787938348
-0,00486741672378396
0,000499282459896547
0,00480848372772993
0,00348356378351593
0,00132076930972815
0,000921687815470596
0,00117585453804143
0,00610327048110202
-0,000257145608316061
-0,00234990211403025
0,00429279202985306
0,00394002243015657
0,00989735063174952
-0,00657199105064542
0,000352938441771647
0,0028737325040164
-0,000172953286673343
-0,00184484592500327
-0,000860956613229542
0,0461379651349822
-0,0643369892022916
0,0708686048968066
0,0611651141839289
-0,0657733070123089
0,00469766915172357
-0,0124546459406686
0,0353793283006176
-0,00504476467870357
0,101963946334113
0,0911468203648899
-0,0966205267812811
-0,0493009561970934
0,8391064494391
-0,331336522224646
-0,212796779866065
-0,0188584937159783
0,140982444524108
0,132159427483362
0,209806289212297
-0,0215547569183786
-0,0223814583729003
-0,0216980083605252
-0,0378751138170613
0,0105525803537085
-0,0095632552022488
-0,0315659174945223
-0,00756638807182592
1,01961618147375E-11
8,63682276895785E-07
-3,32607438008417E-07
8,51486900640459E-06
3,42879266342522E-06
-1,35885287499445E-06
2,78866452094244E-05
-0,000114241853617334
-0,00361294323874419
-0,000112659190647021
0,00184203348688588
-0,00126378658550254
0,00302289841490156
-0,00440787286150574
0,00411317454037952
0,00564788527123992
0,0189135695438698
-0,00104646870346474
0,00865855899618533
0,0333413887595035
-0,0875556379400755
0,0294292886653885
0,103452475686443
-0,117941233686942
-0,142816297083432
-0,0353698233986237
-0,0567446434652906
-0,0240823094845206
0,149030908956783
0,0512062163055775
0,121054276766927
0,355625685728224
-0,0937066843209432
-0,0662895568181198
0,0581343174209129
-0,102251133215322
-0,111722927058523
-0,0847026139615674
-0,0289732607062285
0,231296163027821
-0,0999762274485516
-0,0838772314459631
0,0366606847107127
0,0415324887908463
0,135309213033814
0,0777734946957088
-0,0268982808358152
-0,00867011938249809
-0,0106149598497807
-0,0552514796186679
-0,0378481655232908
-0,0318236371347485
0,118883779405772
0,0412525240199086
0,00194099489844044
-0,0211537995578921
0,195522270903371
-0,429107162148641
0,358258111561948
-0,214144681039012
0,322161906208667
0,297818726763133
0,126661827201141
-0,0236246953057724
8,16157431619089E-10
1,77333713078394E-06
-2,68772005887017E-05
0,000424095652273657
6,11786988274436E-05
-1,11146879671886E-05
0,000197109140130752
-0,000539266834253797
-0,00207193286494173
-0,00172060474297101
0,0130220733457935
-0,0322669491578248
-0,0274909475794412
-0,00826296263175761
0,0409007340297111
-0,0639874932743413
0,0688996033838987
-0,0444273616363318
0,0388039186265814
0,0873503907994892
-0,0137781368949542
0,343271639372494
0,0330376860020056
-0,0873871114961657
0,115173246375499
0,102837398374444
-0,0610426746439966
-0,0256372891912518
0,0232204358539471
-0,0105107968325575
-0,0108512170662306
0,0674616974266311
0,206038285382231
0,158306802662438
-0,14601817624011
-0,0398225168052675
0,0804862838702447
0,0673669754442667
0,00262768449223204
-0,0639083305722094
0,137390062963415
0,184798917114418
-0,0652842930542105
-0,0813247858109954
-0,221543588347315
0,115345232641521
-0,056261918739281
0,056344695048095
-0,245200931151109
-0,149381004560764
-0,434386501551591
-0,0250445653360602
0,0201330328864121
0,103192361394401
0,122246324434392
-0,22109023423023
-0,0162084908529855
0,0806180596287214
-0,0689963519493896
-0,0626744772499213
-0,149741973638444
0,344833317021606
0,255857121030738
-0,0948653913197345
2,13119049572876E-07
2,92804660711027E-06
-7,52950180713842E-06
-9,20392458331293E-09
3,17486111153093E-05
-5,8831994157642E-07
7,33397341051971E-05
-0,000404205003509603
-0,0106761140028825
7,73736936672694E-05
0,00438111782208573
-0,0714638743354865
-0,0725533581829855
-0,0689700708052727
-0,185411873921005
0,119884887199712
0,032243160642137
-0,12656748862717
-0,0232140545917306
0,0343629067552772
0,090480845647757
0,111047078081375
-0,0666417039093058
0,119018988349763
-0,232059805006088
-0,0441057821135259
0,0164181329013764
-0,00598122816361224
0,0329496729901437
-0,0238395129205248
-0,0174059081345538
0,0110726162136871
-0,061126109357753
-0,13142491452151
0,00828090746296507
0,107965962357147
0,395837598917588
0,339125887164148
-0,067215887777263
0,180636460081143
-0,0400079345661825
0,0637105552051268
-0,0336699810487267
0,131195687240103
-0,0236007624106614
0,0742553904447013
-0,190178596319171
0,339049085965001
0,288335768576981
0,0846387095836654
-0,134092639070945
0,280648660275296
0,0612318797162582
-0,0187674418597646
-0,0049832309741504
0,000535163624226108
-0,00818562720320054
0,0194610110887983
-0,00760056533671049
-0,026589294315334
0,0339459465234859
-0,0128098192820929
0,111579296499709
0,301628735786876
