0,999946453326907
-6,33924631533348E-06
2,82697782480048E-05
-0,000498799041737948
-5,70740508330283E-05
-2,03696832514803E-06
-5,29936336088501E-05
7,89726160363414E-05
0,00354987239794213
-6,08002714615062E-05
-1,24660026617036E-05
-0,000425708531715284
0,000153713074016461
-0,000887941280770099
-0,000662031719225678
0,000458263957169588
-0,000241445014810175
-0,000309583205962279
0,00143122490953847
0,00041854746312254
0,00345410473573353
0,000930088548227297
0,000252943920100064
-0,00200151069842672
0,00247423635500515
0,00104128124044442
0,000455615980094716
-0,000475308147111406
-0,000226416710444118
-0,000698275830824305
0,00167167058257371
-0,000297720858276735
0,000580090213707728
0,00152117125761769
0,00158969531020056
0,00168118212146823
0,00243039018291425
-0,00157214019420774
-0,00100488016864035
-0,0019476972794233
0,000312277188318311
-0,00138585955621196
0,000697119339095021
0,000768543704278421
-0,00104884047625859
0,00111745289420807
0,00026097184207332
-0,00250937919903131
-0,000175170702646023
0,00171135182527942
0,00147215623686805
-0,00231870449298619
-0,00187767379699198
-0,00145910919820984
-0,00127710252026651
0,00150096761235725
7,72530473217186E-05
-0,000754839248735835
-0,00117598709208908
0,00150055038611351
-0,000217927797099854
0,000979262643809278
0,00170616682973781
0,00105477011483315
2,92682578690641E-08
0,994978800866091
0,000121174816302613
-0,00656371978804455
-0,000402633888881268
5,29869334633116E-05
-0,000320594272151609
0,000940273448948604
0,0148698237093294
0,00177003765373516
-0,00255074980271764
-0,0128010749350776
0,0064746593079514
-0,0131394729368538
0,0242566351674711
0,00864134457473853
-0,0135359921729152
-0,00788930865290617
0,0010428944904185
-0,0172710368677858
-0,00527675843063347
0,00380843520854657
0,0096815593655575
0,0135393756152117
-0,03889406053362
0,00853329376489971
0,0112820338879783
0,0022692729281901
0,0182080304087505
-0,0329776143945524
0,0242161866869888
0,0159909798917296
-0,00754931199909031
0,0119972386666062
-0,00504514314582103
0,00755854960377067
0,0179299936299002
-0,0114547547264077
0,0106590590387835
0,0208388287575701
-0,0054371506910484
0,00199353623551454
-0,0276692793513051
0,00039537936295112
0,000869463351219392
0,00128369365763374
0,0089386758465816
0,0107858242289447
-0,00358633993377414
-0,0133926559998385
-0,00585688621776401
-0,00656255255137765
-0,00306635810186855
-0,0323389785641588
-0,00193341619649167
-0,0014061388412117
0,000931592377860041
0,000620746756143012
-0,00439894464056453
-0,00829438346109959
-0,00778975664648259
-0,00798794434093593
0,00527934589491468
-0,00172821517969895
1,90656665409652E-07
4,49876599929849E-05
-0,998942218507495
-0,00851842021238308
-0,0285031415916134
0,00206128434624191
-0,0060231347878167
-0,00272881213705253
0,00679915182627649
0,00551395458531013
-0,0208377617260559
0,0192639844181129
0,00110185869473975
0,00391345367835698
0,00439944736212454
1,26897706236057E-05
-0,00510210725997339
0,00125618777189885
0,00224699807743514
0,00448826224687966
-0,00147778866665934
0,000454517162710369
-0,00228261028867257
0,00305152955998562
0,00125910327395604
0,00335277985831895
-0,00409498162807946
-0,00344506412226962
0,00719644857456804
0,00029389066037605
0,00538963929870983
-0,00322904376367215
0,000924772799771834
-0,00405268105538731
0,00536372889815245
0,00048992370225873
4,71537389026484E-07
0,00223899389700381
0,000234253695436593
-9,19546507673439E-05
0,00102517923666028
-0,000356453862019416
-0,000363293850946412
0,00118716562302373
0,000798869073225685
0,00142821466267156
-0,000534220287138555
4,95260716150353E-05
-0,00012578201139517
-0,000161391571692482
0,000307998617529752
0,00119279007318305
-0,00128323519747177
0,000111839037019719
-0,000402545066834062
0,00075049241671295
0,000305826177687609
0,000142648099942631
5,90114522166412E-05
4,72981031708634E-05
4,59497492474874E-05
-1,21465601723668E-06
8,95319328889883E-08
5,7417343367155E-09
0,000490388967485379
0,00660637718510095
-0,0052710368859324
0,978023432566939
-0,0163262737434313
0,00435427060038829
-0,000753821454709186
0,00195382669887688
0,00869514508497144
0,0175249330248617
-0,0365200199276451
0,0276700176247314
0,000813736312488091
0,0373869774423322
0,00285646468801065
0,0279280741965689
-0,0746548103433079
0,0600009602908672
0,00509388399354533
0,0167400697187315
0,00269527956688903
0,0207155133062368
0,0146770443660782
-0,00445873463744799
0,00536229597823249
0,0157155786275218
0,0287274957222718
0,0337810681989246
0,0329635548280422
0,0125688193872166
0,0167671781244123
-0,00711390468948061
-0,0100238585475976
-0,0245463297363178
0,0201448228214495
0,00935008969977913
0,00269638050640425
0,0460728072669001
0,00531454107026221
-0,0161203269204247
0,0234550201443809
-0,0352039120804782
0,0130894331781051
0,0367546627861648
0,0145601992935179
0,002901934708859
0,00674314421002234
0,07787179882746
0,00890440535076015
0,0567629530742058
0,0489087793727968
-0,0124710185595836
0,057495760015379
-0,027377387846229
0,00966811882803688
-0,0116326783367827
-0,00857693227243305
0,0162469023400203
0,00363890943303642
-0,0109151199235544
0,0238174238102744
0,00283393333332846
-0,00599397327286305
-0,000305732983814729
9,74843109877121E-09
8,61745524855501E-05
-0,0256461571990937
0,0106468150732362
0,98448078915318
0,000992295604266107
-2,91026323158866E-06
0,00171304862565684
0,0292855696989583
0,0185019346751344
-0,0470226880970165
0,0394851215688105
0,00514440874216798
-0,00300603490575832
0,0381631056024844
0,00789357066870842
-0,0296553447200154
-0,0289393979254808
0,0842242016873657
0,0239061180229612
0,0741224952301775
0,00186106125937877
0,0268660588543281
0,00655045996578444
0,00883271428675809
-0,00384079234059827
-0,010302152902916
-0,0113631239298906
-0,0133380913909861
-0,00930704410194921
0,00870855348636816
-0,0117192832185333
0,0302619116912962
0,00486023970599528
-0,0122301825688944
-0,0146439678357407
-0,0187151238223601
0,0303186528942986
0,0119894981043145
0,0337792314222112
-0,00893701992022588
-0,0131123453554718
-0,000964744953260643
0,0119206550240736
0,0121838301131413
-0,00379882022911086
0,00423371446689174
0,00148636260415534
0,00281209570702311
-0,00663002312519102
-0,0137283960311971
0,0270711981122263
0,0217512303550808
0,0193090065144959
0,00771435980792422
-0,0143046748688004
-0,00259219839644131
0,00592308085876793
0,00771566134758328
-0,0116206587016059
0,00131999392573679
-0,00730037105486595
-0,013280354767195
-0,00783558264174748
1,4589887580603E-11
5,2405414912083E-06
-0,000872463794137554
0,00266736714254163
0,000637820013681035
-0,973696996497876
-0,0159625948109167
0,00639996233879908
0,000707484470665336
0,0823854934720361
0,0141809109504882
-0,0129898398739564
-0,028820651656808
0,0118491921338008
0,0147534420851501
0,0297575095202476
0,0150279180105998
0,000480550089143105
0,00303777991128548
-0,00220330693050346
0,00169182912559995
0,00353528585582496
-0,0216374686533135
-0,00895038230446152
0,00220426187300994
0,0216475378974143
-0,109655964588438
0,0413765673900316
0,0178044433608644
-0,00875588130831863
0,0510540793629769
0,00539253182057262
0,00788512321713934
-0,0397408694245771
0,0373455773279314
-0,0162006910515446
-0,0168339501456704
-0,0137093405018752
0,0188656920378824
0,0134180846462876
0,010069744113992
0,0168748338704039
0,00160621005705526
0,0209797586774531
0,00550922838367276
-0,0276779249493528
-0,0520974536362219
-0,00237697114358597
-0,0340465586028428
0,00493694689365096
0,0179523761010322
0,00779848986098452
0,00685578233520628
-0,0102851822776663
0,0791940675132826
0,069780093908065
0,0470559834026796
0,00400919353666075
-0,00443884471763255
0,000789225596226935
-0,0157431454003932
0,00165122399481866
0,0142879608803617
0,0108800503734078
9,69909082576833E-11
8,89613433570938E-07
-0,00653037570003431
-5,55298603970152E-05
-0,00055040810298827
-0,00572750289949659
0,81987122487997
0,549429699683195
-0,00500499961055695
-0,008931357987575
0,00943884102702213
0,00565038284998379
-0,00603455069634519
-0,0170060302778928
-0,0149933107736055
-0,00130415157491703
-0,00209023643494786
0,00836537459990084
-0,00356338048124287
-0,00127908585483616
0,016356994006683
0,00363991995516744
0,00619816535393075
-0,00516439543710839
0,00132430319256914
0,014014178771066
-0,0186594666626381
0,00268235190962702
0,0162571442725258
0,00324051328281634
0,0132559275618013
-0,0069881791260529
0,0102681033193882
-0,0201971497875031
-0,0253754174770259
0,0116528332210577
0,0276645759908639
-0,00908210973584405
0,0192758785269673
-0,0101014246005483
0,0302722488629244
0,0166720914491966
0,0038800247282662
0,0148859632270954
-0,00514363515254156
0,0144759355782189
-0,0199556076891932
-0,00105770535860235
-0,00300986662066401
-0,05708735715408
0,0397818355604953
-0,0281831255736401
0,011573286719445
0,0244432472371693
0,0488330031357666
-0,0204492206372757
-0,0393811627222871
-0,0566488061440631
0,0263057642286302
0,0112021471959023
-0,0119484555065174
-0,050451219104649
-0,0222221834236618
0,0312676627368619
9,2035468978596E-11
1,21351021095005E-05
-0,000294332349879785
0,000236617725133059
3,75995263705814E-06
-0,00576265799119612
0,542422564079073
-0,796039442820523
0,0313992957739585
0,035098138240401
-0,0591084102694596
-0,0347386361717062
0,00300960332601176
-0,0122173346525865
-0,0372317997770704
0,0722860974276292
-0,00627963245052988
-0,0432866832895326
-0,0255286811554541
0,00747083326874483
-0,0197316648907619
0,0326493515764783
0,0116818657787785
-0,00696386425663485
-0,0100173556281566
0,00325699375121691
-0,0256488905532524
0,00821078771914876
-0,0308093567852173
-0,0232781925251694
0,0217249074451977
-0,0402676148464232
-0,0310705290285407
-0,0374222004537639
-0,00654618083647026
-0,0417745327850469
0,00457028621952169
-0,0148242729765079
0,0389182207784285
0,0115236566949843
0,00159631060836791
-0,0832664497900797
0,0309650576870733
-0,0787421800831811
-0,0801176148864128
0,0293280291472588
-0,0278264280754013
0,00734863209620847
0,00379557995359542
-0,023420444162334
0,00947056088309949
0,00870312313415864
0,0183050206463532
0,0084011315721647
-0,0398651819899807
0,00155494275441789
0,0988352026622743
0,0460133053442198
-0,0483314793278077
-0,0142543701311979
0,0589077416959895
-0,0208864720490039
-0,0167815582790331
0,0106377202063017
3,12112307779858E-06
0,000714038145901265
-0,000238369635327499
8,47726494112251E-05
0,00174341716493364
-3,79557397293554E-05
0,00260197472220349
-0,0104934980347903
-0,866973573375573
0,0403199079691
-0,264802715389897
0,00908748503342245
-0,0154381414900419
-0,152358710041522
0,0805174962648131
0,0756000187973317
-0,0521022834381985
-0,0536985000334988
0,11200069112914
-0,115668409105496
0,145291823822351
0,0464536968388788
0,0233158047793508
-0,0519103849577
0,0207159799067499
0,0625371481348696
0,0166745325050824
-0,0117108586313609
0,00663175174217354
-0,00583577794390692
0,0523162925628048
0,0195551330257355
-0,0265947134054177
0,0756372674342191
0,0714235651406907
0,0717836330624593
0,115164046313125
-0,058249993089288
-0,00256132732750936
-0,0184184532184382
-0,0158063029866506
-0,048951817444043
-0,00535566630753824
-0,0116703280886074
0,00156136500788642
0,040739364900132
0,00662545391588864
-0,0673004173148578
-0,00328413770356208
0,0590712460821152
0,073070117478547
-0,0811829356468388
-0,0586440483325704
-0,0207471671433944
-0,0393477346762937
0,0475920841416628
0,00452503094970818
-0,0258332044526636
-0,032288931062429
0,0463020371870602
-0,00472519813146853
0,0299539860945102
0,0554312464706617
0,032673895241196
2,75809452165905E-12
0,000140378281708514
-8,43818504681176E-05
0,000355581184266854
0,00106484339242909
-0,0923244604191966
0,00914523654711084
-0,0292953707797159
-0,000748712620376242
-0,899601082891669
-0,157430055809544
0,103176951395368
0,0313536395510555
0,0340313265341058
-0,00966448676821106
-0,0062940164845756
-0,0881563132435338
0,0926317292760458
0,00201173154299979
0,0281208253264866
-0,020340389676491
0,0213551199425729
0,273515650136034
0,0233005580495697
0,045840676514792
-0,0180614575635881
-0,0258077153471529
-0,0677472592619864
-0,00377364979173292
0,0016277430945462
-0,00503533664745249
0,100295242788255
-0,0362017693553574
-0,0256911561755167
-0,0686855500889707
-0,000653144157525445
-0,0049625316083977
-0,055576411321704
-0,0573368425607406
0,00319394016232232
0,0162838320279244
-0,0083182821728673
-0,00834287626469402
-0,00298699892210828
0,00293000181708906
0,0038025516200245
0,0182316817679837
0,0141728918488633
-0,0101816964922154
0,00108036619831184
-0,0322485337614656
-0,0412697829065403
-0,00268299226033542
0,0565246229112181
-0,0291046304656974
-0,00124268073732092
0,0318715585154104
-0,0148221330995358
-0,0154530978269157
-0,0518793339619294
-0,0787380605529061
-0,00822416972168978
0,0313607250575732
-0,00261868804319621
5,293626993787E-07
1,06726568718289E-05
-0,0220745320568859
0,00352565906320244
0,0655018134369719
0,000217067572547303
0,000637110405802041
-0,0063840414389344
-0,186874668395782
-0,109430072209552
0,480154097923993
-0,557601856898343
0,172579914842669
0,215986252676392
-0,196122145568477
0,144186811591602
-0,12935269595619
0,0390412323394013
-0,152419639054074
-0,0611993707811349
-0,0349559072028219
0,12072148509212
0,115004229569804
-0,0518952431504672
0,0913758551954972
0,0950346602878284
0,072589571727685
-0,0466475106743757
0,165350466908876
0,00153191155335411
0,0502088125417977
-0,0689909570132168
0,0441759984605676
0,0820209021482676
0,129971024611857
0,011465612973349
-0,00419712925920689
0,118974364772651
0,132650629209859
-0,00823131267878844
-0,0213240896215626
0,0461148367768476
0,0158811554494778
0,0230749268752374
-0,0593768694996181
-0,0613060525319034
0,0285785175875598
-0,00137665568223872
-0,00161010201843142
-0,00990690845634035
-0,0501068246350051
0,0124458205720536
0,0440843590173696
0,0291347981973285
-0,0442611961169615
0,020069700988948
0,0292058379090252
-0,0543161890464992
-0,0538883580475466
0,0873608841836952
-0,113760397263085
0,100635396505075
-0,133215869845965
0,0513312815279012
8,21380634084311E-11
3,71270453329696E-06
-2,2090462675806E-06
0,000371985214069683
-2,51681850231094E-07
-0,000122705365441502
0,00143516640373199
-0,00549034696975542
-0,0227894274543877
-0,00491555770734613
0,210841870118917
0,27072436289275
0,549126189620223
-0,220982391672068
0,112453729791206
0,476906063046977
0,382784789565471
0,319318973822568
0,140269601022833
0,0325053985443223
-0,0611907300141846
0,0755738531605085
-0,020321534064681
-0,0012652985254575
0,0246256084326491
-0,00379767448388346
0,0102799051309174
0,00171254359938298
-9,67042205381908E-05
-0,000548059625471237
0,00113726731255572
-0,00421075952225339
-0,000461714699627106
-0,0150932765716674
-0,00526753188695842
0,0295052499025064
-0,0570414211234781
-0,00920481527096592
0,0271307642533304
-0,000235485598192035
0,0107535333320944
-0,00538342729823799
-0,00140444790690274
-0,00385469213128985
0,019889302441785
0,0118387727687287
0,0290630550604739
0,00230000831431469
0,0669710084207113
-0,00996091064082683
-0,00588017308676965
-0,000923294889155274
0,000591381361984851
-0,000318942809507409
0,0030459591503332
0,00146935524807569
0,000554034264592873
0,000183673756542899
-0,000212787773453237
7,38858334393531E-07
-1,68458310565642E-05
8,96160409546497E-07
3,66679306201327E-07
-2,82927236130873E-08
6,71364909794738E-07
0,0004699071819777
-3,0727168144161E-05
-2,24418231289158E-06
0,000247041294093632
-8,89470788197312E-05
0,00605767850576927
-0,0203573295830998
-0,0984906228495409
-0,0142814467493068
0,426801069532904
0,52124512152582
-0,0610477273073491
0,183569591198227
-0,0331087504042383
0,145508884426034
-0,165569313660356
-0,287463933687298
-0,248983864426904
-0,0579315855980673
0,184436568503727
-0,197604986043673
0,103767947664977
-0,00409855135297461
-0,119405921630396
-0,0020673336803454
0,00702908827852571
-0,00236931927925527
-0,0230036799211192
-0,00612722300516999
-0,0272273561354277
0,0199182200146809
0,188902939250835
-0,0614758572633047
-0,0886091072525763
0,00858197948045011
0,078688477563061
0,0622280728412473
0,0630123860105129
-0,0332546295776975
0,0281476297885656
-0,109929114022629
-0,0385871825660251
-0,0356580581224403
0,106633954536212
-0,00696824802388017
-0,119140483239449
0,0780592059399527
-0,00230810051794735
-0,099262228058181
0,0913740235925905
-0,0528902920906587
-0,112458060463144
-0,0602839915825949
-0,129558385479061
0,130664750761322
-0,0087525642613438
-0,0224311328728416
-0,0522023078879352
0,0327527613658216
0,0143965823427211
0,0955549242659919
0,0600365156402734
-0,0498798779118274
8,81756382431891E-08
9,88265105603071E-05
-0,000121642582147125
0,0335047141971175
-0,000811820933358403
-0,00567242405462149
0,0012438347442308
-0,00443117720075767
-0,00664052337428249
0,0167660018394735
0,0106086969713499
0,0731080083328529
0,57450047219861
-0,22796654039396
-0,229420180791293
-0,420311705671261
-0,161237381965597
-0,228330134321137
0,0281086927571195
-0,0673840051113825
-0,0812443301177336
-0,0536914128170604
-0,00317938000288301
-0,0062356981788104
0,0130055450184924
-0,0154273082002002
-0,0822471650257521
0,000320451193812168
0,0156816379226371
0,033847660330311
-0,0551560073750902
-0,00838348587483451
-0,0153524508222197
0,0537692674610133
-0,0219124106553974
-0,263653252017435
0,270524535632157
0,116535818666249
-0,146659991162522
0,0713230545784683
-0,0705789068530161
0,0420675559326749
0,00710105578961039
0,0176072029675946
-0,069053652912085
-0,0395850779394629
-0,0841224960719571
-0,00753155632300636
0,059423365634717
-0,0122517519162169
-0,0151559221586852
-0,0067333329723678
-0,013809945010742
-0,00652548876109894
0,182463975609146
0,130918923503746
0,0799413531549786
0,0372281664771353
-0,0460853978348694
0,0104845672812435
-0,0574884996215753
0,0117752218548031
0,0419942653286043
0,0124207278243155
1,77725834060535E-10
0,000612136927852214
-9,83938653321335E-07
-2,52619650662919E-05
0,000105580542572662
-6,86121823980769E-06
0,00154565352184577
-0,0057243710435904
-0,0401479220617644
0,00131243038032934
0,0919036852041849
0,157669176326955
-0,12873076315546
0,250727798645228
-0,470755086620112
-0,0586383221305443
0,159785979450922
0,00206550549134786
0,542996937982719
-0,0389792488322132
-0,148048505994202
0,161852806963171
0,019128128388178
-0,00566208239495269
-0,196881940956297
0,0519082197555399
0,0294870927442116
-0,0141193760555199
-0,00903933475045137
-0,0209927607663888
0,0622013700553987
0,0180777685813418
-0,0777538885387872
0,101354549694858
0,125277842785976
0,123520993472977
0,190531533510545
-0,177035230076517
-0,0237103366357198
-0,120873505221958
-0,0096223212643717
-0,0808763461003531
-0,025595596896777
-0,0370162621022086
0,0561974177672101
-0,131504086581851
-0,104107669693866
0,162056493654039
0,0093448243546527
-0,0983291069281334
-0,0948045314973148
0,112562766130157
0,0261207789429035
0,00815334996986838
0,000568154740226875
-0,00484028301482122
0,00226456230594675
-0,00246495200595307
0,00140877379115348
0,0101059426894355
-0,0122537231976522
-0,0345398265713475
-0,0514166187103231
-0,101567443925489
1,35204220104071E-06
0,000315792683652524
-0,00174680205350863
0,00107348361316776
0,143734997075538
-0,000594778369645561
0,000233981382264084
-0,000713873023060459
-0,0505821822802695
0,024309417181286
-0,0543741983792675
0,116033285507036
-0,0702485740332462
-0,0106788867815547
-0,138112404082441
-0,108038044709614
0,120548366598879
0,269356010676163
-0,475286192079449
-0,0668760293864511
-0,51813117774803
-0,0450881308793895
-0,0570154156736289
0,047488806319217
-0,0813271380944259
-0,00484096991903742
0,0411462594459778
0,026572197619827
0,100392320328395
0,0508880841221664
-0,0334694529469181
-0,0398083866675208
-0,130331352399145
0,00490501845535201
0,14019021333495
0,105445560909382
0,136635343110126
-0,177733060783534
-0,0373304882460964
-0,226438202687403
0,0615291201441875
0,0894972647572388
0,00228480116915029
-0,0674671178449704
-0,0984890098872085
0,0179266688831994
-0,0229850102278076
-0,00882929273380576
-0,0206477117433839
0,0450326255328938
0,0922211933541109
-0,194828488214227
-0,147327076655439
-0,13507428503348
-0,0551724718936743
0,100586992859478
0,0182133566630793
-0,0417581318582058
-0,0548048978602495
0,0819611062374266
-0,00949766777686261
0,0515329217031365
0,0937394941763453
0,0553077400734812
0,00549421853679204
3,25564750084146E-05
-0,000263329349217645
-0,000234068425133524
0,00179876980178654
-1,55363809551092E-05
0,00840437651330892
-0,00711978355521682
-0,216636640203668
-0,0104763242352951
0,0558701935620423
-0,0974831128050257
0,126127505506691
0,293788805875534
0,25023690913597
-0,0589105999360414
-0,0536845129195293
-0,0368075162911054
0,156435288918472
0,25935958056996
-0,283098518012744
-0,185634358681406
-0,116583951767635
0,51658574495728
-0,109363644234393
-0,116444890943555
-0,0532282126015977
0,0512593775446024
-0,107948574298372
0,0406399297145219
-0,100280476186541
0,091753130394998
-0,127733803085649
-0,141388174252437
-0,103116000751684
-0,000793710094190156
-0,00596549690097658
0,14487512828679
0,148689335483586
-0,0274877138154393
0,013065843586653
0,112711136086312
-0,145588713712624
-0,189392221567543
0,0186661029969121
0,027938782994463
-0,0965753880941855
0,0700598765601171
0,0194245222824315
-0,0384991957822425
0,107587309828242
0,022104734640879
0,0496654355149302
0,147645367280116
0,0224357593798079
-0,0190831060816782
0,00309253223789445
-0,00110664907729836
0,0406573862207247
-0,0201125577319303
0,018587964883884
-0,013150607232061
-0,00958567909453099
-0,014455990788884
5,81755837000149E-05
0,000372548197834343
-0,0132056220316478
0,120802278520231
0,0406287354599623
0,000789590194796135
-8,93070267314466E-05
-0,002449180724043
-0,0378108803339247
-0,0993982154865737
0,174002754504869
-0,1772162862274
-0,0777635445537417
-0,0884131299059316
-0,0344648360907061
0,0363761989336057
0,298467216972459
-0,24716779256959
-0,05544175959083
-0,114022821160499
0,0437310536346859
-0,0639068551672352
-0,36501309540983
-0,0405785539908384
-0,0319075792767159
-0,0504118524313757
-0,193093267389557
-0,496343032952944
-0,0688791697215604
-0,149409599875592
-0,150921670086202
0,172483212407933
-0,190198476192751
-0,0331937291126129
-0,188102510909888
-0,0421380663094112
-0,0143064588518864
-0,234912433565769
-0,0870422062418211
0,021710588894668
0,00159408454718057
0,0494303997697856
-0,0160297204142781
0,0667292430881629
-0,00233503432324638
0,142117083877542
-0,0716960339435582
0,0292154079491608
0,00141844553370587
0,00715964821574578
-0,0230672529421858
0,0137954273329831
-0,110738010968859
0,0794727649237286
-0,0613235798496433
0,0234840301179047
0,03464738117114
-0,0421672400347671
-0,0337267052248555
-0,0357601021947756
-0,132194449851097
-0,0118166336246523
0,0488240956792341
0,000148232602117238
4,58818872824158E-07
0,00413553987790073
-5,45199440417599E-05
0,0139014941675182
-0,000255316980518699
4,20779678355537E-05
0,0123007691860331
-0,0164975449343276
-0,0292925715650907
0,00150681650981631
0,0375356891208806
0,0201710169705734
0,118646954922869
0,427649699404318
0,416626857483106
-0,333772685594964
0,227761930832304
0,12923308722026
0,129465695288785
-0,314754711519572
-0,0681040865354118
-0,193945782752661
0,0694795595069826
-0,412811925378364
0,113861543730649
0,0205829850883052
0,0656848085441036
-0,0296411850514092
0,0373897772627623
-0,0452567280960803
0,051576581920229
-0,100495434314135
0,0300143762398806
-0,0465267323231993
-0,0713052190837762
-0,0552661486220946
0,0315728887426093
-0,0703038579372634
0,0830556159334334
0,0533118579926273
0,0148965398681393
-0,107105652130123
0,0696108558175585
-0,0797670831879298
-0,120586570833935
0,0657400985833486
-0,0641960447452205
-0,00603005528375686
0,00201217960019003
-0,0653354603807753
0,0132982166606555
-0,00219313630925031
-0,0108721301251118
0,0132017709102586
-0,000411616074225658
0,00862053002898273
-0,00765773273326237
0,00309271666015017
-0,0128627524818578
0,0127365315746174
-0,00573777343203408
3,13477060216931E-05
-1,2064666083441E-05
6,23392033019087E-07
1,91649768447198E-07
6,75356280007112E-06
-0,0156926090840892
0,00472839633227606
0,0188647619500781
1,59787466093782E-05
0,00499526615329299
-0,0190174371998987
-0,0637024837041471
-0,0724060442119573
0,351650809555377
-0,178975268208875
-0,160370665548379
-0,325155742381913
0,0241018564767797
-0,197059728409567
0,0425699545345966
0,224326004351166
0,106999693593331
-0,0715319174708436
0,0344244330589043
-0,149249345726689
0,113750780052006
-0,0267704480245248
-0,147394641114686
-0,235824885208913
-0,143766854345921
0,0940537549536174
-0,299555385557911
-0,103153928575528
-0,0361816985651233
-0,103030006712626
0,0560227960971382
-0,054177578191108
0,115999573869831
0,0717780116077927
0,079026247206881
0,0918058442724993
-0,083491894595475
-0,0496093291936444
0,0938163490799525
-0,19632895143319
-0,0284926157766251
-0,0257224405166152
0,120811792469875
0,0348403912545408
0,0021201262913154
0,041142155423419
-0,0150183311939008
0,0268028047747491
0,0870950433582038
-0,244939845808111
-0,0320235721966053
-0,0688320688791001
0,10924632765878
-0,12412866004393
0,0384066919990861
0,142106559108177
0,0706743233824413
-0,262207899232104
0,106721069435336
0,0855766287524708
-0,0814250224884415
0,0258097694060795
6,28925589418451E-11
0,000201813490086703
-1,66701535171343E-06
0,000340736047390068
6,90971373343103E-05
-8,49369933686634E-05
0,00394564928248136
-0,0110960121011332
-0,0155132131036979
0,00413274792566501
0,0039677170430028
0,0229948450929079
0,068373166970173
0,18014833923926
0,0196816262199623
-0,266200534925429
0,251793425143884
0,2365230983884
-0,202704039283443
-0,0928063092975824
0,54027694371168
0,318168520460061
-0,00463511612704577
0,388955502699948
-0,204460074868791
0,100676198142817
-0,128680853764306
0,0164613964587905
0,0418684169995028
0,14419266522804
-0,0887746384818247
0,00793999664308013
-0,0424923858889762
0,0518058527850512
0,040837651481161
-0,0108499528677214
-0,00447327536286331
0,0277048194040578
-0,0676766641155436
0,0341766143470626
-0,0548964403364711
-0,0463032697213546
0,0766758615375191
-0,08098409218791
-0,143999374258887
0,0421174138549188
-0,0110992839232811
0,11054599149101
0,00686772418873217
-0,0393437244852696
-0,0394873206097161
-0,041989577012879
-0,0277779136603086
-0,0806546419854754
-0,0040851406372879
0,00546283584121245
0,0195260779720773
-0,00385178439159823
0,00574849636401781
0,00261248780705391
-0,00185854601706357
7,30942498559132E-05
-9,60607491232993E-06
5,97549282214814E-08
7,30464211327342E-09
0,00757391168850814
-0,000362868363648631
0,00273539106483839
0,0129377743798445
-0,00662549672653302
0,00203465777017164
-0,00560497303894293
-0,00239248972473372
-0,372539194785173
-0,0342360400234488
0,00720989913782324
-0,00483699144074988
-0,0181408359877046
0,00554529165226636
0,00781843982004409
0,126021161682687
-0,168484818244675
-0,0148741467557814
-0,0558778509809457
0,0345906461937207
-0,0247874373567528
-0,589796709000228
-0,0577184101577672
-0,108605068345468
-0,00121341839849592
0,0626139569457068
0,174360071609543
0,00421861531605714
-0,0014360466920869
0,000979489122878086
-0,273989453274496
0,12167605436994
0,084288365158416
0,209069719029127
0,0315136004054506
0,0263726654866415
0,16794964925075
0,167241047519582
-0,00476124569470259
-0,00595667931184238
0,0238813192273805
0,0201623529113088
-0,0141931332112306
-0,00343410159767429
0,02033440421607
-0,0231985847117679
-0,0436329322164532
0,0110154597438699
0,00766676695227857
0,0916512821167363
0,145322593193766
0,0303412483937353
-0,188912183759047
0,121087358338281
0,0126515560772993
-0,106289319611858
0,0485236689446175
0,0540891736610095
0,178278738466475
0,262535150370651
0,0269188985390735
-0,102967093261817
0,00859891874330056
1,20499044253703E-10
0,000745871010887821
-6,40571160716468E-06
-2,47483731134909E-05
0,000136915813666132
-0,000144588927170993
0,0191620937088606
-0,0417285961745814
-0,0341241872630463
-0,0009570404005715
0,0887940475132026
0,118569837019563
-0,0875475869232158
0,0747455368641896
-0,201206619719017
-0,0498684284679495
0,0267130564649911
0,0671176127841736
0,120428788953365
0,0429863722495702
0,0550991660903202
-0,124171254719706
-0,0852221972780432
0,0627076139299983
0,378375818491182
0,0187562848033682
-0,0187481862906706
0,0371989413668514
0,0850866282464516
0,083407200207379
-0,0792992529891934
-0,0807695119130917
-0,103161487489928
0,0143326140638228
-0,0354326630608754
-0,0635719794118756
0,0269749686319212
-0,120746555487827
0,209662679634031
0,431740195623102
-0,0838111653776685
0,225765866431053
-0,0334598131605713
-0,113736424846309
0,187579008462366
0,0689339811778303
0,358706669552533
0,13764500599125
-0,0929312587736372
0,0191249782367731
0,00515663899066225
-0,29319422037608
-0,109464471596769
-0,208726833887951
0,0743117621292746
-0,0338813613216365
0,0390403006072897
0,0144064793621829
0,021067190695366
-0,0229458208423673
-0,0107459773575999
-0,0329307999049045
0,00526696983837774
0,111902387106767
6,25397457307753E-07
4,55328867456642E-06
-0,000276058197760648
6,39534358779569E-05
0,00178927610000293
3,83430855793389E-06
0,000656339902665146
-0,00156786824806025
-0,0944248792569683
-0,0135490101662807
0,0543141432692465
-0,095766474732719
0,0641709440106142
0,110320399648075
0,026620247003734
0,0240902864348247
-0,0530309787050836
-0,00878819889035843
0,0204339394061164
0,122758850124475
-0,0991765124213441
-0,0359490611749394
-0,0346117318052457
0,263502347228527
-0,0437560996155213
0,000809097820469469
0,0254143139878606
0,0202406674877737
0,109635087606089
0,0258743322511486
0,103372244814019
-0,333471773674925
0,22929954030884
-0,0841692785268796
-0,273311866758745
-0,0808754594053372
0,0256135579637147
-0,391769833564316
-0,215497784782008
0,0667180268815388
0,131730567205184
-0,228909040959671
0,18503995119469
0,375413810687065
0,0109406463370285
0,0146589896452998
0,095491242465223
-0,0652571106400376
-0,0421702315766176
0,0183954611413076
-0,187359717636495
-0,0104003627311996
-0,130280267816179
-0,0542582077883636
0,0703778684096617
0,0165916108376568
-0,0401455714785214
0,0864512509865254
0,0569189127832807
0,0145514492253432
0,194708413341289
-0,0228556278398638
0,0560314465423829
-0,0485076248401164
1,6139535477013E-11
6,10329164327434E-06
-0,00806038239723575
0,00040001946590496
-0,000385872994202636
-0,149784886392667
0,0453591647483544
-0,00969509999493562
-0,000219901888139578
0,0167682264747421
0,0033102770591367
-0,00232912863439441
-0,0027347065811118
-0,0221070409134251
-0,00596333982213248
-0,0240878300352343
0,0129641181767797
0,0146534475610379
0,000384787851142659
0,023492119034294
0,0515270517300066
-0,00285713389628139
0,012208470539941
0,0367044109735636
-0,0354467438714865
-0,228950876920592
0,734105020295792
-0,219298232966648
-0,0716347557769409
0,0510827639529935
-0,307069920160367
-0,102992884370143
-0,0832956618624505
0,276965509409031
-0,233669845591682
0,0947454957477616
0,0299638013665162
0,121101860290388
-0,0715680250643252
-0,0119764425723331
-0,0953235752503841
-0,0811826741505012
-0,00174559755951921
-0,0513109473221107
-0,0545696241865628
-0,0820785098245957
0,0446352353484925
0,00772761749816818
0,0156912505873988
0,0531288942284434
-0,0121966532732866
-0,0359444462005553
-0,042884996963212
-0,0274152986434156
0,0415838550704185
-0,0726225975377834
-0,0175231771071622
0,0236953123814105
-0,0223229327876773
-0,0122665732263535
0,00447600888209855
0,0333369148646056
0,0146406579178937
-0,020610421888447
3,4450333454904E-09
8,3259179078566E-06
-0,000116975640446839
0,00134070447015098
0,00024255593855257
1,20967738399325E-05
0,000144036703685089
-0,000685100688130219
-0,009515365976586
-0,00751847245242293
0,020038609914019
-0,00840284942935293
-0,030367476137007
-0,0474757456764606
0,029120279399624
-0,0529485025919143
0,171915413145547
-0,134579148278038
-0,0178678392364838
0,185591080521138
-0,024609730222662
0,0147627366515309
0,180576974271643
-0,0315453199702374
0,0194982966004545
0,139694706875739
0,0238213985288308
0,197741424205162
0,249207059014169
-0,128423244586338
-0,155018948129602
-0,0548382301066478
-0,023001365396893
0,17755641760344
-0,0194279445097163
-0,0500432334743388
-0,0261619803942425
0,0590201447961126
0,0821971839618255
-0,0792972694278087
0,0482517566186918
-0,0786498682855686
-0,0619265449014822
-0,0404863792931686
0,146935782341323
0,297433227113841
-0,236856928628141
0,121432132357
0,0416260256195674
0,351736250789397
-0,123811920240519
0,121955335281422
-0,358398411081356
0,0376717691481853
0,00598581422086729
0,0827746686068614
-0,00130518789867067
0,00371567051368774
0,126647471772898
-0,132270830473025
-0,0294100992520762
-0,236366180034809
-0,211810319334682
0,18946397984386
1,18847025722659E-10
2,57622182560093E-06
-6,2160902733954E-06
2,15083104239048E-05
3,94315110648731E-05
-1,78162909411437E-05
0,0015292427859663
-0,00500239649301302
-0,0179693568635481
-0,00924098290450833
0,133406097317194
0,113955701590642
-0,0509463599352893
-0,0383426616345667
0,149805185886133
-0,0637904720915885
-0,106552985065953
-0,0762301174779109
-0,0172480824117591
0,0694454254821462
-0,0974253696972517
0,433885251757867
-0,0674764516661426
-0,0520766527432869
0,110063924078363
-0,00805386156786931
0,00233571659345486
-0,0639713166590581
-0,0293048049906375
-0,00860357197577012
0,00287249013692062
-0,0359623179968557
0,0231141531276757
-0,0842582404659668
-0,0779420279397917
0,0472093028359498
0,138160417881303
-0,15769859644383
0,126684769099128
-0,0190782660673218
-0,191814945030114
0,106474854367942
0,0143201666311335
-0,086987090234882
-0,193080127524375
-0,0561334264238147
0,0425852553205147
-0,069981641692674
0,0308013644121063
0,0859880555951827
-0,0115400834238959
-0,0195302318220152
0,121556966525398
0,021883516367341
-0,0166621714793234
0,312794621857897
-0,266718247525371
-0,00182171079655311
0,205985512706351
-0,470690744394274
0,106552251227534
0,145992885709449
-0,151643575136248
-0,00543455111257448
5,05686487993372E-07
0,0374223890547665
-3,77983858981726E-05
-0,000518289263716506
0,00442815069004239
-5,91262570506154E-05
0,00217950962103312
-0,00767434162696425
-0,117351273750045
0,0120824256602141
0,0253712830169159
0,133468246280446
-0,0649786057609878
0,129455190444755
-0,280213976916467
-0,142955841269646
0,184764945041331
0,197775297808809
-0,209188029192727
0,153672436193373
-0,0213866674201497
0,0173560561717396
-0,120025781402428
0,0329591255552988
0,322277866282931
-0,161928636534538
-0,0362869703695283
0,0333186208403257
-0,116625316582029
-0,107157643197877
0,226911281415193
0,127339607279429
0,0226188762801389
0,093592615515096
-0,129012684761024
0,0421026420340277
0,0579728191427461
0,191771175144428
0,0210998845270369
0,187967995980915
-0,0809112449228046
-0,285847885997197
-0,0150891584589413
0,143568906136752
0,0823447328384476
0,0573306043079911
-0,0935240706456606
-0,304863047264007
0,0644118878476382
0,126356413020603
0,0935044959558363
0,166035004354547
0,133246027786152
0,251340045229237
-0,00378168062486722
-0,0361503085196712
-0,02819159186323
-0,00147997874595712
0,0038711795826831
-0,00710203812968908
0,00609128680482236
-0,000271680393500086
4,01359526510524E-05
-3,63481061088937E-07
3,52666926197907E-07
2,51665885091439E-05
-9,35685537358194E-06
0,000177760755214445
6,60002652041962E-05
-4,83869129717074E-05
0,0082382867620606
-0,0112587084042951
-0,044921532429467
-0,0114031387436111
0,215491691666209
0,206642548442376
-0,000368629542985812
0,121292917725695
0,246681791752305
-0,0433471679409397
-0,104034867363471
-0,158114268220759
-0,0530195474968499
0,0353041311058372
-0,0923852659218182
0,157781845634593
-0,0185674267498655
0,0130301715944911
0,04677723843359
0,00260284171714377
0,00050635693344545
-0,0127944104157797
-0,170377642850315
-0,0580127481710978
0,00574740378340445
0,06656188387838
-0,218494565604506
0,224692711342738
0,289589023603491
0,0278207548305818
-0,0897619351168328
-0,0679533340488718
-0,234723374581897
-0,0267911460537468
-0,099224170847255
0,0380929347091662
0,0834491627529831
0,240501833055675
-0,0281678146314828
-0,0598694863219823
0,141811166240843
-0,0844092025767176
-0,0175111853079306
-0,0542957628927896
0,0153982544417131
-0,0838582222733489
0,0982674338225255
0,0247412415861054
0,0288968072816712
-0,126112475039136
0,226303643302043
0,132962507751394
0,080559612471498
0,10188666561116
0,0400462052036524
-0,374990035090365
-0,165563509634757
0,256987153236458
2,53057262115448E-07
0,0737177681704546
2,63815293887061E-06
-0,00124793580632653
0,000123159294810311
7,18882260393633E-06
0,00142974100301466
-0,00535949146984072
-0,116322485040512
0,0102400844496787
0,0218036378287896
0,100750858270394
-0,0695296326379259
0,0710916421977293
-0,194678137866751
-0,00901231167464025
0,0447419756227867
0,0101726726032364
0,107710251574839
-0,0162955091485081
0,0548722644289001
-0,025943465783479
-0,00307881702279287
0,0138512641666449
0,466651147369087
-0,0464714485578072
-0,0902980452022871
0,0169154575092259
-0,0941201902520177
0,113260554927004
-0,439786631102948
-0,195243038355506
0,106325686013015
-0,235318872910788
0,0817673013561621
-0,0928690629932351
-0,267368647441882
0,0923766881397499
-0,174930473706779
-0,36703646880416
0,123489801822915
0,0940965790368299
0,0556682219063257
0,0369121442735325
-0,234100375095743
-0,00395202475906624
-0,0773967259225678
-0,0350197839589399
0,017470125168581
0,00803878752034271
-0,0279312943933768
0,0483399067392823
0,0238923610710676
0,0275022829543228
0,00452199867501815
-0,00481038290669651
-0,00621789779624727
0,0013347058031897
0,00641758460971595
0,00291569613078149
0,00858157331032545
0,0038013005954368
-0,000371889254735012
-1,13472368583717E-05
5,53386480269728E-11
9,42152846927826E-07
-2,53348621116812E-05
7,44610959017606E-05
0,00142723673919639
-0,00140597453454178
0,00101711392799663
-0,00323180921029342
-0,00344537894217048
-0,00316307458385272
0,0122289843590467
0,0100946387304127
-0,0173376687027121
-0,0454932569867895
-0,00656829868401559
-0,0546665716172337
-0,00198843969918903
0,0851906009602059
-0,0408001157534667
0,00906369047154742
-0,107764712475937
-0,0678488774157263
-0,0576303135851063
0,070513078834931
0,0142536206593776
0,701454327868227
0,161566804221462
-0,145064751834086
-0,332823415750742
-0,0433849504844238
-0,0865825452992952
0,108444648641838
0,277572643090011
-0,0410218272397956
0,0052385174077945
0,075723226382575
0,0466593792743504
0,0542641201943779
0,00237679708969884
-0,0324892073585637
0,00725284156111078
-0,0949896364522818
-0,00431682005879312
-0,0692330858020716
0,0465426303699584
0,171509058486693
0,181795751347226
0,0129740937570729
-0,166357181328001
-0,0121904919783056
-0,0356031805896092
0,105963847336759
0,0730012074660931
0,0484485177371734
0,209893324129335
0,0789724453112177
0,119229900038265
0,0316323061475082
-0,00691746458111174
-0,0594432983036897
-0,0534053206795742
-0,00752123176909816
0,0109862169177014
-0,00403333206310804
1,03151692947109E-11
0,00536282867004578
-0,00436262691552442
2,93637156605804E-05
0,0144249640230613
-0,000155021808786336
-1,24443939024344E-05
-0,000464104565172437
0,000415874440198464
-0,048227805634445
0,00371769200206319
-0,0113680526846331
0,00615494847818589
-0,00016033203212881
-0,000680246480675119
0,0113999157945999
0,0203515933607154
-0,0573171771125805
0,00198358121774271
-0,0337320795583356
0,0410632015204232
0,0105765923772357
-0,316856971003979
-0,0879544868624266
-0,0682536024418557
0,0355282721097539
0,130250009755153
0,487435455988576
-0,098654437147009
0,103646756094711
-0,0329596375124395
0,0341401987032563
-0,0230677940413223
-0,0253044438653823
-0,0648680709487076
-0,00195037993416587
0,0557140589883345
0,0170206081606414
0,125206085889773
-0,042343396002404
0,0771871920830523
-0,0397498471876784
0,117090579669939
0,207377815960509
-0,0982203146172343
-0,101454720273758
0,0731456648336475
0,109195661893498
-0,0148180894654318
-0,000559890559953321
-0,166263631091116
-0,239516985582747
-0,0546055613921982
0,329969064686111
-0,177883188402852
-0,0167316327330786
0,151751286226736
-0,0690144735664649
-0,0715737278317271
-0,243393499681366
-0,360562233947457
-0,0296668587174361
0,138742389672331
-0,0102991619920536
5,82126283733811E-05
0,000314069405093922
-0,0101820950061406
0,11790725350561
-0,000850353689847294
0,000872426142898849
0,000269071247183587
-0,00276860858509395
-0,0165121745222435
-0,0265922394369307
0,0898087286297505
-0,0527479871844
-0,133272733469859
-0,176627838055031
0,0447422790320503
-0,0651315720788255
0,307234128886394
-0,15959023197893
0,00364736278543013
0,025414372708092
-0,0534508973856131
-0,0748192439070671
0,290085691776183
0,113197864014974
-0,012973040693102
-0,0797524013525405
-0,0637941481195023
0,194788272012217
-0,218402411995593
0,0532035682671888
-0,0204728146670412
-0,0242341033410361
0,201698883182164
0,195481513715705
-0,045010256005765
-0,0157953760826378
0,0490875024963867
-0,146880455913734
0,139211291478423
0,0922920063059114
-0,0756459753703052
0,182244906434487
0,0274963217565541
-0,0492658910029889
-0,26723895791379
-0,200568932185824
0,222144730678093
-0,177118245531022
-0,0037161797539094
-0,130483576765775
0,105256103870422
0,322493192950972
-0,219404287628217
0,0450097802590589
-0,0537374676761647
0,0611622238563445
0,0193037254068599
-0,0917768216089526
-0,0296104866985384
0,141492801224545
-0,0814527609508424
-0,0126305116711973
0,000506161132229354
0,00164184074697042
3,17061689855261E-07
1,71767527524735E-05
-1,32084792861618E-05
0,000153133274608502
2,97297091507575E-05
-0,000412597816513542
0,0756618988488889
-0,143308187090015
-0,00932631150307023
0,00812869586305212
0,0110679523948545
-0,00231511482596064
0,0209825409424979
0,0887532908667726
0,112566205194964
-0,0445670803433694
0,00427627829931946
-0,00179933590216937
0,0508290504077487
-0,00425810557995979
-0,107790031978923
-0,0162532811034922
-0,0571205198304598
0,0194884575224022
0,0100985477263389
-0,0809047281134046
-0,0658557354950339
0,00690921312709596
0,044657737804745
0,0478760447627354
-0,132813090321989
0,335523365196756
0,21470272662737
0,212083336061239
0,225178446070908
-0,0187720739687603
-0,13891137321905
0,06332677375307
-0,161396015388847
0,027460226530397
-0,0191931528891866
-0,0997594552455917
0,0325117649861039
0,178542219100475
0,132111123904144
-0,0755566183622928
0,0874831367320844
0,0499341360382075
-0,020423081239022
0,0164812735170024
-0,0464057739599427
-0,0932499425488013
-0,131887691537225
-0,0845093872135479
0,229571240656623
0,000717522238515739
-0,424327282573858
-0,474953240854727
9,07151111256446E-05
-0,0454577665366536
-0,0896031477656106
0,0929581348352085
0,0401347230121166
-0,0568635237397916
2,53987462246598E-09
8,94546560662042E-06
-0,000187171503468951
0,0011011550632269
0,000453030049144915
-0,00161451108572781
0,0153624680757577
-0,0297314237717994
-0,00385624228652214
-0,00517442443933698
0,0258785654054735
-0,0193628449688711
-0,0179669095693879
-0,0617957980689147
0,00202658797226181
-0,0467233589671795
0,100329005031406
-0,0590053957567263
-0,000752965918676647
0,00977763231205261
0,0140039938856134
-0,0302504856069259
0,120076695308417
0,0549002569302338
-0,00912556074910432
-0,12957552535569
0,285865469030306
0,022939062603471
-0,129476488572705
0,0826190552790564
0,0912256113217551
-0,00418595955699766
0,0935890707060172
-0,405944409011145
0,308106132358155
0,206295636575557
0,0644724666132708
-0,0502347972685078
-0,102092553045759
0,276297731769694
-0,218465709282459
0,246103566776438
0,0536432231147787
0,228419963314874
-0,0246309840237723
0,352972745982582
-0,247165158130873
0,135255468451907
0,0489648988345646
0,0309252502636471
-0,11275587581895
0,0348900062512613
0,0554914731406065
0,0314321951835519
-0,0291035628300892
0,0763372133436112
-0,0747168493350057
-0,0449312991321018
-0,051943510576142
0,107014912097303
-0,0769354507374255
-0,0104887755222364
0,00229106228546602
0,00186083238133199
1,98794616311108E-11
1,29133768399669E-05
-3,29093087394729E-07
0,000106677983922097
-2,1961460697288E-06
-5,42467388000188E-06
0,00188337280756314
-0,00485011975215513
-0,00138189031361377
0,000730722266838674
0,00130685219317937
0,00154196698028408
0,0138581521727206
0,0491828870523167
0,0374833866426343
-0,0463980705866128
0,0430023830196851
0,0328762490677379
-0,00420655693310852
-0,0512163074992574
0,0453090595573698
0,0110743587509511
0,0141993164576931
-0,0273008095036291
-0,0122757158967807
0,0254733149173348
-0,0278606138868366
-0,00111613436299777
0,0187582459206829
0,0255979921113786
-0,0142988235215345
-0,0624346186438755
0,0243875615292701
0,00526673848337568
-0,11248230194162
0,108945629106488
0,116398427222597
0,0569094000568309
-0,0639689716572658
-0,0700578120918498
0,0160478645123311
0,293717553927129
-0,116315429702988
0,145665343437319
0,177266792336469
-0,0480433174477836
0,0353855677663494
-0,0535342198514219
0,031063958046359
0,0782143658290884
-0,0347226341715194
0,0688931137262398
0,0294222537937275
0,044260340403368
-0,0333666704252032
-0,0323061647354992
0,287810290948995
-0,410875004385572
-0,477130220096297
-0,252346963474367
0,442562589235792
-0,0449768316608885
-0,097155389488051
0,00601922287548542
5,80205727955852E-05
0,000312707384005574
-0,000615548367780453
0,113166283939769
-0,00180274354427322
0,000758275176233517
9,0091668089206E-05
0,000780568118609936
0,00122969756605674
-0,00806224364495761
-0,0046468365864363
-0,000100427818983133
-0,0277643934949496
0,00881380027418013
0,00616253836436016
0,033855839228537
0,00211262674849975
0,0100326935567461
-0,00299393631076047
0,00980300123944857
0,00465916139601521
0,00801960673086161
-0,0558333657267523
0,00984348560163891
-0,0133541201340048
0,00139180160279548
0,00708447594883813
0,0321100206324725
0,00413719106484779
-0,00110808979974618
0,0153856453981354
-0,0836502496302932
0,0697396723870055
0,056880955696891
0,0628390243678021
0,00398712798708518
-0,0647318549534854
0,00971882080878742
-0,11258769307592
0,0272840143927172
-0,137419326903553
0,0801994808373822
-0,123705897385484
-0,319221307092882
0,145597834362934
0,0354639863333661
-0,210302361389683
-0,506956953143021
-0,0873153831557994
-0,352940835513921
-0,503126099465808
-0,224920165619415
-0,16089814178876
0,112740388985247
0,0320707015780988
0,0140091108374852
0,0173231960580693
-0,00244854380383406
0,0281434036162977
-0,0104484028951265
0,010827636953376
-0,000229854376533772
3,59293409656848E-05
-3,04181808810548E-07
3,78814654963739E-08
0,00166225847338114
-9,69630022418066E-05
0,0141338286274022
-0,000262205555578689
-0,00342030303236392
0,0188028316652141
-0,0371190018412303
-0,0380654358176628
0,0113209994769496
-0,0133654021666656
0,0233272580540359
0,18170532769717
-0,00772353151736321
-0,0776272214319932
-0,245328575322761
0,0406169101450548
-0,0155867318628651
-0,0743901318432923
0,0614874852120306
0,172914778682191
0,057654331674986
0,0115945390006021
0,0229194747521429
-0,0436642734349084
-0,102110374381526
0,298007630585528
-0,0774489561190993
-0,101560744818859
-0,152517644010674
0,135986211948526
0,0672231759865014
0,026359185284456
-0,186269438781694
0,20479489143632
-0,229510308098342
-0,244808637198314
-0,302359826122829
0,312489537020662
-0,216778836860949
0,246039571374661
0,101887852144032
-0,0994076513458503
0,0320620213958424
0,306914087526
-0,134110651606589
0,0518722123257735
-0,139199977735088
-0,0799736990204796
0,0432613894928448
0,0461333288111089
0,0540858038677966
-0,0147429817217162
0,00297426056364327
-0,0132848841917666
-0,0149888288469952
0,0461189160699812
-0,0881095815191493
0,140917211308234
-0,0351929445831147
-0,0238241568850107
0,00332921353465558
0,00567961107541684
0,00489027223890601
1,30673419526772E-09
2,37038968850533E-05
-8,03346145442146E-05
0,000464134688068489
0,000619356648615107
-7,2809307237005E-05
0,000713410697054746
5,09007247565941E-05
-0,0102923505295489
-0,0226612493319217
0,0177212667348511
-0,0247728980657477
0,0126491021967398
0,0222879436371452
-0,00833350142795483
0,00933781585680839
0,0011034016917059
-0,013548582937224
-0,0132009684888295
0,0155861216870328
-0,00915696324062668
0,000776648619882118
-0,113414147230133
0,0257652000478031
-0,0104815322989679
0,00469606767456958
0,0409414429312506
0,0518437542307142
0,0570082367001191
-0,0339414629972016
0,155711238617134
-0,296345180812968
0,286318717749443
0,127006763684401
0,0208863779596963
-0,096984343595596
-0,179238037296477
-0,203451526196083
-0,402018832849304
0,0370043019711914
-0,18576174380249
0,0434897817917582
-0,150101481463547
-0,325523584238592
0,106478098130384
0,00446051577093402
-0,061055162971616
0,111007686548111
0,0740509923704917
0,0849463020246452
0,355457577789995
0,0124126500239895
0,173053470634021
0,0650014962086558
-0,0940912243422783
-0,0681946731511409
0,0479120287969152
-0,114848617393881
-0,0508235805896323
-0,164947690611197
-0,278863883860679
-0,0980555606257009
0,0701293868441844
0,0352842904192853
2,36151481124624E-08
2,75082666659141E-05
-0,000163349343279607
0,00929142410596161
0,000499710293640076
-0,143002569132787
-0,00197916420551603
-0,000226964688721559
-0,0021384186494494
0,0163651754013702
0,000212454727788704
0,0144108403989875
0,122867534469526
-0,0515922852274972
-0,0622403632566518
-0,11911726315851
-0,044992850277527
-0,0492665507265233
-0,0202632237850787
-0,0196661021768395
-0,0492301187802856
-0,0236247825397933
-0,0122099955792181
0,00878951554506986
-0,0015175417535735
0,0980519341675928
-0,00257555774644496
-0,0175303055751452
-0,04795027692337
0,00161922137239198
-0,0274053922450353
0,0210048137253334
0,0522642903708834
-0,00618400060038419
0,0326905965873253
-0,0631457214956016
0,138156307180312
0,0121828476130565
-0,0410894149948881
-0,0840339722496779
0,0214893953011928
-0,0175804210625024
-0,0094590462843132
-0,0836825479181775
0,0233046867977043
0,266522861132641
0,302573799816222
-0,000170459146150556
0,233849486822361
-0,0880306614143608
-0,0941746090163493
0,002735941293802
-0,00258094986258279
0,0694665146341165
-0,569327468525291
-0,403488039855763
-0,322404217390608
-0,0409487318149177
0,0636714430939534
0,0343364138892975
0,140621953978295
-0,0404890502051511
-0,127991704946633
-0,0523829061612717
1,98728281162205E-11
1,31518002006772E-07
-1,57995332260958E-06
8,40574863464939E-06
2,48407414217417E-05
-1,87150573702085E-05
0,000271996933067013
-0,000822400578481476
-0,00334223072518034
-0,00232213347845582
0,0262321938970728
0,0188271956588763
-0,0157955113125172
-0,0155465930283006
0,0450972931278632
-0,0310666796217112
-0,022041288334495
-0,0140955304863511
-0,00356341157075268
0,027777646067826
-0,0605516941314998
0,145871268997953
-0,0260550552769282
-0,00210006893097084
0,0576676654397507
0,189893921879818
0,0451024194711747
-0,0554528680983726
-0,17524159763187
-0,0297430336150403
-0,0197092915923943
-0,0303124448838287
0,000663785807027008
0,0337648472199673
0,0429163256851018
0,0650858686549771
-0,0164958282992428
0,0370690823999635
-0,132268924961408
0,45849324827314
0,605067705582749
0,103187328234423
-0,0457843095095565
-0,0934234963344097
-0,0903651239392981
-0,299413251289921
-0,287030065187178
-0,00276362353382743
0,167594376212513
0,123402247927518
-0,0124731050763051
-0,0717938478666323
-0,0758671034807013
-0,0334059749665596
-0,14060486823865
-0,0453125761339595
-0,0782585154943263
-0,0205597568694442
0,00299286225336086
0,0391815568173753
0,0309833460004266
0,00823259204480968
-0,0116868150668683
0,00425201449820049
5,35748928706779E-11
2,62884460543432E-06
-0,000271576999073743
0,000114428759499761
0,000635097721000922
-0,00146693103084579
0,0232459813950167
-0,0514473959926257
-0,0161145642216539
-0,0192762186985051
0,140460077434535
0,0141521448521159
-0,114946462712178
-0,195038860208455
0,056891853853631
-0,15325775619847
-0,0873518273873954
0,233090320979309
0,15157097155581
0,0353480211235075
0,0497208044461582
-0,146713750333577
-0,123617293328364
0,0363354116652098
0,00580389774923517
-0,0643872748805309
0,0990474190983581
-0,0162917436641951
0,327765942678469
0,123610562844149
-0,031113610938716
0,152626220091786
0,0453702828528268
0,169710076301487
0,0311997740415198
0,000411285722550521
-0,0389060520469272
0,0253123093775775
-0,107890641540935
0,0336060227087962
0,278315266226071
0,0619230195029524
0,0294534503064675
0,0503836417655535
0,03538544523965
0,155043103539304
0,057446154337656
-0,0219517592029696
-0,0746747397503873
-0,267380437024563
0,0468155137968636
0,163318848440493
0,184658103902442
0,0780623351219703
-0,257935534034314
0,468946210782317
0,0528517301541086
0,0372350931926121
0,0480569125636994
0,00682931030954694
0,0142443239374669
-0,0814455270252038
-0,0356014252870594
0,0502406670637214
3,31911928104821E-11
6,99678391518535E-06
-1,74258354504328E-06
8,24633322569051E-05
1,37803886407169E-05
-2,80365189901617E-05
0,000431610769597378
-0,00131499360080094
-0,0120092485752395
-2,79609932409983E-05
0,000911388271531965
-0,000977080474635316
0,0157000204373364
0,0169914559547325
-0,00334814881168001
-0,0516984473661252
0,0593433203374951
0,00684263940882199
-0,0390039290267302
0,205644802865764
0,0810292111555232
0,0118527952220513
0,0396535219891206
-0,0979978181054876
-0,112360291391111
0,0734613623139193
0,00370774900499746
0,0816224452394397
0,176746463049946
-0,297717897801234
-0,295830246998467
-0,0217486640608151
-0,0316745184729445
-0,11457506117347
0,136463698584686
0,0200481311258418
-0,00317565549903985
-0,131109811515564
-0,0315670185201898
0,0946127229850817
-0,0293847836524726
-0,0317449322859534
-0,132362059611229
0,0147895846193249
0,00448549331474381
-0,121496452151834
0,131077558533354
-0,0332208830995817
-0,0460385143778871
-0,0545269424962544
0,132722463804503
-0,0968203315383522
0,0331676172467429
0,34018788222054
0,10077112108187
0,0677473821635437
-0,324964916202662
0,31150887809597
-0,454584018407566
0,0875332989300064
0,0686554973908007
-0,00940765665282583
-0,0156252499133276
-0,0134725792758388
2,28947106633339E-07
1,77335688476582E-06
-0,000248243896701875
0,000124761885556393
0,000681487371354518
-7,14238419327191E-05
0,0037247836560304
-0,0122972341914295
-0,030749546135967
-0,0242391204831552
0,196763027311586
0,0710521703014482
-0,139438893912402
-0,196440703496708
0,172027030411383
-0,193308214089741
-0,133644986205105
0,100064526861331
0,0898421122224566
0,0619809759028981
-0,118735115398344
0,417314683168247
-0,104107049682721
-0,0703213311722813
0,0192828543405762
-0,0797865696173885
-0,0344698419055262
-0,0375717739440878
0,0227979114679994
-0,0055263028564129
0,0124809015914634
-0,118334612586388
0,0128087541608273
-0,272327583503419
-0,158468333442759
-0,036641781560897
-0,0101417221456825
0,137737512272249
0,0414664535290197
-0,0279890142543531
-0,0548545162835839
-0,178710846678953
-0,100202896953756
-0,121709872166295
0,108664912577045
-0,0259910228400151
0,11598384139679
0,0893534177192864
-0,0506635405300124
0,076926660044893
-0,124154087983601
0,0968178822547901
-0,118896488916592
-0,0198318132825019
-0,0242827847776526
0,00745989417123898
0,0537944363846948
-0,199366488555131
-0,164835785422843
0,414021890441047
-0,133000813784872
-0,135426991464064
0,140959292184041
0,00505638743881468
9,44606553256993E-11
0,0550380778607466
9,35205468166535E-06
-0,000919865697424381
-1,69279857857663E-05
1,00328576445175E-05
1,23569070842819E-05
-0,000142539213549812
-0,0131575357768073
0,00269915416497001
0,00149976796256883
-0,00692107249084668
0,0104104000252744
0,0193362931853832
-0,00921694661334527
-0,0157691687176553
0,0174023656388183
0,0147839532500264
-0,0278331944512961
0,255316016794022
0,0270015073010317
-0,0307493390974396
0,0148143750140249
-0,23728356081619
-0,127488360888407
0,0117573309500145
-0,0968097683189898
-0,154309133872682
-0,123268832935673
0,507806149012135
-0,0128992502641769
-0,0754445158476592
-0,0357937274677829
0,0386755531945685
0,0437814924737971
-0,0370055093747128
-0,0134858597059285
-0,0605226720761634
-0,0225688341098512
-0,0066149641470908
-0,0285844817481073
0,0404398527285307
0,421919784344263
-0,166486961171252
0,249017307595231
-0,0468206799367365
-0,000897305795060543
0,0475728956869504
0,000667014313190443
0,147874597635698
0,0792706705595976
-0,0496696892166422
-0,0682466186530526
0,380650679759737
0,0318609749078901
0,0574618412335354
0,00927300000564435
-0,0117258984031055
0,0651798054482494
0,15376167031279
0,124525728110163
0,139677028566309
-0,0950626962783234
0,0312866715564676
2,93812624352827E-11
8,82886472653074E-08
-3,6664408866068E-06
3,96387679268608E-06
1,99202925290465E-05
-3,01364092888674E-05
0,00287744964489308
-0,00797479955426589
-0,00390136414571181
-0,0030792122145362
0,0348533724642641
0,0145560728168006
-0,0304598889324357
-0,0422076387389691
0,0576806073966943
-0,056137680376959
-0,0459654895975123
0,0430012457400021
0,0480185852521916
0,0297367394494065
-0,0521119282100004
0,154577317199355
-0,101964136762796
-0,0203898754138689
0,0489767766884841
-0,0957959273225552
0,00402855571524336
-0,0610682340262116
0,256209514767776
0,127514714720789
-0,13861435250393
0,377769225504
0,530162158561935
0,0312203298231007
-0,0152681652935053
0,04388692893865
0,108909564537342
-0,15408219885917
0,166960546532666
-0,0145419955765303
-0,0323198978165745
0,0964310891335121
0,0243493733758892
-0,00439759967201309
-0,0621462178527355
-0,00680000549861466
-0,193126990646731
-0,0277783176094547
0,0646083319686965
0,0527303881257421
0,0681430243562531
-0,0809298204465308
-0,0311425060945873
-0,00187826999563567
0,0446760805819311
-0,361050295887882
0,239668649732915
0,268182681473551
-0,0343065104319936
0,0261269995403512
0,0451659386437038
-0,000471054177666961
0,000100294360206002
-2,65045277677447E-06
0,00875519312410988
0,000318691909121874
-0,00258474350335562
-2,818523048041E-06
0,00602365408871886
-1,69311942280871E-05
0,000808474253833674
-0,00462013098801015
-0,269256351407162
0,01341979207534
-0,0333069638649748
0,109730781929062
-0,0951585043017106
-0,0833556831318575
-0,0816941644592365
-0,0169466654409484
0,0614045276072938
0,057717172620681
-0,261505600574926
-0,210942059764168
-0,216917546594088
0,00997156681673303
0,0443082874070212
-0,0958485123553229
-0,213866931873037
-0,0458867544757277
-0,0185915940737213
0,0220177616321965
0,0936227315184724
0,0541962833677094
-0,127919334120505
-0,023594716737937
0,0139111476036091
-0,085115764920939
-0,116880768185988
-0,191701265420824
-0,273825607300932
0,0885654369261449
0,0215922415181105
0,239698868741096
-0,0437822392602498
0,0874933981666449
0,0117271078377947
0,0309832937862898
0,108106112328297
-0,145191504566105
0,0308033217084627
0,242679181769304
0,00791752356610419
-0,171364709496574
-0,23562993289902
0,250973411054849
0,183371944415437
0,0740069107018503
0,131825101815438
-0,159496535693215
-0,0107577120316705
0,0869201510891409
0,108861929535726
-0,158821260183796
0,0132428928313472
-0,103613541042526
-0,188887253989734
-0,111419914822909
1,42790521395425E-07
6,75500144040217E-06
-0,00707314916165303
0,00286163731075397
0,000461297400369449
5,17980285284145E-05
0,000254861530339496
-0,00201585114865515
-0,0108640332869664
-0,0159479538828542
0,0515616524911933
-0,0259148008848988
-0,0609245559277768
-0,103393427308541
0,0232594194908594
-0,0562834309820037
0,166682002939496
-0,0910718386601439
0,000286395687866901
0,0155864591686131
-0,0412419669070697
-0,0441556321425748
0,134825046391559
0,0532951415005619
-0,00153663375111741
0,0622761184524745
-0,0581274108529311
0,0681453108800521
-0,110666142918478
-0,0236040070742864
-0,0657713829996606
-0,0184802090769984
0,0798398628588183
0,25387009705519
-0,147707736848459
-0,136686310074154
-0,0672148856691642
-0,106060380538332
0,199756055485542
-0,0859853991340709
-0,0469862776517991
0,0234695777071915
0,000354617645848797
0,0315727326130725
0,0414366540297267
0,0123542277370119
-0,178468501087278
0,060654630025596
0,0216448788314482
0,185505522666889
-0,221857650424857
-0,32247029609554
0,595019954448435
-0,0730732077913085
-0,0831687096853483
0,104870607554201
-0,103504961980647
-0,0598856874422554
-0,0621337511604745
0,249548936973016
0,0910166541781989
-0,0482652206081802
0,125574363585874
0,00287444972877519
4,94284334835691E-11
2,32109154295406E-05
-9,22595969423839E-06
0,000232361172574011
-4,43253834954488E-06
-0,000451048179604488
0,0721818034595404
-0,144516302383989
0,00384173562396527
0,0113012992896565
-0,0139225080513768
-0,00717006004400365
0,0341118214946438
0,0936844454100715
0,0615656154488792
-0,0651449948318974
0,0780007179975599
0,0354894002384506
-0,0182771611611979
-0,0987087403215323
0,0630734309387513
0,0434050743419595
0,030669117141818
-0,0605845608910819
-0,0343348530635091
0,0426021570060349
-0,113302047904414
0,012008602989682
0,010614760925132
0,0376849539574571
-0,0367065580993594
-0,117885122495936
0,075889697475249
0,0213526506170331
-0,232280560432911
0,290439713646114
0,184196329935005
0,147828184870298
-0,13614948521158
-0,166108570843785
0,0456261266372925
0,403803104837281
-0,218505973556473
0,240673328896666
0,337849027995129
-0,1155654171448
0,0850045472333325
-0,0840506481406411
-0,0075290171072062
0,0895857005638325
0,0222880460771873
0,0150487134590173
0,0226612472612391
0,028622462276155
0,0193351734223054
0,00273442501497366
-0,155270327315616
0,223071673948818
0,272309212306889
0,125420325237675
-0,240667767323301
0,025339818982031
0,0549451983568281
-0,00340361507269807
2,04037640957938E-08
0,000896681900256597
-0,000490008860034756
0,00760506181763606
0,0122888005981193
-3,02264036353065E-05
0,000771737809597384
-0,00251164165442588
-0,00762181863006696
-0,0440704165760446
0,0535539764229604
-0,037497413496225
-0,0747594808119656
-0,116648809295054
0,0624539184363056
-0,0751120638893374
0,415276090167549
-0,377531137191327
-0,0114831786558522
0,0379075772371387
-0,0498408047222669
-0,0374865777470063
0,0884289237378643
0,106368036846557
0,147210547059779
0,122113982578679
0,144150076931121
-0,0369666278372362
0,340024631871106
0,223190107233625
0,241297170210283
0,105234450947639
-0,0501273290465432
-0,257917938315782
0,049642866032483
0,0685493693761643
0,0223348003481956
0,201592727235317
-0,161550972114781
-0,0878478914950502
0,0563217418326052
-0,181184310450309
-0,0289654133993105
-0,0931174667496419
0,0345342858445078
-0,239678350987866
0,141687501113476
-0,0220195841510413
-0,008255587495077
-0,021430151705799
0,00668777436679325
-0,1585685279496
0,113609971655328
-0,0215946104242422
0,028474901770561
-0,0502186432051486
0,0257311820619629
0,0476671313507287
0,0236275053592049
-0,0834909003796134
0,0539998024174842
0,0085600607058808
-0,000345360844129406
-0,00111731680533825
6,02646686088865E-12
8,24790107112542E-09
-2,57647809122634E-08
-6,68890766666544E-10
2,86883002338727E-07
-7,43567243726105E-09
2,24580443772288E-06
-1,47099124052127E-05
-0,000277347115485548
-4,86822335399732E-06
0,000734178104721528
0,00120865577229815
-0,00117146279204239
0,00190098909227719
-0,00368075919381842
-0,000281576827776891
0,00107785456486521
-0,000884612328018859
0,00548011747084671
-0,00211286443936341
-0,00335247692348266
0,00359737595161222
0,00231946026324743
-0,0021247808594925
-0,0171822192474492
0,0018960179909974
0,00192073351585986
-0,00155528802776588
0,00407714698643365
-0,00137866774421554
0,00469204681296639
0,00329234092543864
0,00432293153772533
-0,00802850682247326
-0,0136205068655206
-0,0181030058137308
-0,0368368467121372
0,0319659049500431
-0,00353801565092929
0,0145418490803322
0,00644980285114085
0,0344183499382901
0,0152951508047965
0,0179344249028689
-0,0508378186568753
0,0761557487315292
0,049870071453711
-0,148330712159032
-0,00322655092533146
0,130209550573042
0,142006749427151
-0,239162571853722
-0,0532447553100161
-0,0357097515885034
0,0125055182560282
0,125372919366193
0,102307413044085
-0,0302234104498414
0,0098503025992618
0,0925928666336618
-0,10041545195302
-0,262570288732532
-0,390720845734996
-0,771779675896875
1,3697037627392E-11
2,14391610408776E-05
-0,00605068621143043
9,44333595537967E-05
0,019424913428943
4,76722410487336E-05
-0,000147171150335261
-0,000166266680145926
-0,0017104526439733
-0,00545832799959386
0,0146086443265463
-0,0189008045985404
0,00978237321476698
0,0097208680942696
-0,00926406432744751
0,0119105688699858
-0,0106252263554735
-0,0116019693208308
0,00374978063111569
-0,0110522484045898
0,0354644026278353
0,0226862830712412
-0,0605810440363656
-0,0795485426828051
-0,00045333095781366
0,0367456207592322
0,0834624698844488
0,331883337804118
-0,100136628620843
0,142404495185283
-0,0402143242267606
0,249345904179741
-0,131136193501496
-0,106701270985368
-0,261617066639737
-0,0577652293945764
-0,0446200269601705
-0,24183736047712
-0,224169977794174
-0,0124898627722133
0,0179078590799161
-0,0790959817304933
-0,208504067712626
-0,0308648695287652
0,0213220424441323
0,0712953127297104
-0,0295763277984392
-0,063533913623078
-0,0103581121291259
-0,0065537529461603
0,0353498526528451
0,0350995001076566
0,0739014879434499
-0,171727437467537
0,0517684182351211
-0,011169340451681
0,0238091038435474
-0,0218171587754458
-0,0676712173240959
0,199859588154709
-0,0625406875201137
0,359815268433723
-0,502737960354487
0,170509313290338
3,17315411398654E-07
2,17850909344794E-05
-0,000218848429641992
0,000231937133561124
1,36886592645012E-05
-0,000507085287582
0,130051113953661
0,0802689312947905
-0,0155791542320461
-0,00632880002227042
0,0203051792981025
0,00708345171338285
0,0233148551473771
0,0898739041837726
0,0984209545772107
-0,0487026031578972
0,0127896431711898
-0,00832445323406944
0,0385059123916443
-0,00604913316827456
-0,0791213754415202
-0,0456801249113857
-0,0459331023646904
0,0248659062267496
0,0091793476521347
-0,0282118091879859
-0,0453708791371531
0,0300539032175193
-0,0533153685302079
-0,0117591794114989
-0,0249343629872708
0,100048642515952
-0,0163725902026397
0,0892078658889812
0,214936595615757
-0,0594967507389697
-0,182571883634569
0,0398915714858782
-0,135777460939275
0,0568424597883882
-0,169793079825951
-0,01725768428346
-0,0500416054444547
-0,0174572236124815
0,112421010320446
-0,0983616895608909
0,141133784895246
-0,00111453724574361
0,0126865221978467
0,378055927405034
-0,264256426055223
0,185134421391309
-0,0805823420538172
-0,160782061909452
-0,297034769029686
0,149966768611958
0,180435581742098
0,328426564437212
-0,127423374270662
-0,0588907161666654
0,0284216500909221
0,341351696373415
0,156683033075328
-0,209645773408673
3,42243580739147E-09
2,35317524961884E-05
-0,0138594533906392
0,00150360753494237
0,0421898334868367
0,000121960313597387
-3,182853640991E-05
-0,00222087915700266
-0,0398025936582144
-0,0404626011943743
0,169443575314007
-0,186346541490718
0,0461331289327225
0,0431775275688227
-0,0822839334356966
0,0500961899057529
-0,0325850199731291
0,00354166538881479
-0,049675621464792
-0,077504840875946
0,0501459798054321
0,067742245213034
-0,00117427584335681
-0,147651978003414
0,0443394849540544
0,0492619464711508
0,107611937757165
0,331466248252111
-0,0904709406100796
0,065656608127097
-0,0472424473647752
0,311923341731499
-0,143526513395587
-0,087265160267205
-0,146868294367494
4,96098195857204E-05
-0,0257823270940246
-0,10700554062295
-0,177307078266257
-0,0120126736539132
-0,0461471813315075
0,0812728148114918
0,0862971980625535
-0,187869351685456
0,0875365327756693
0,028954474657766
-0,0430566727379239
-0,0387512130609316
0,015940436352048
0,017974837863159
0,10653460319786
0,113010579879387
-0,0454665251961848
-0,0946136498376851
0,0700770424635965
0,036461065497792
-0,129676601993998
0,0647701319873571
0,110919590393375
-0,0126226134968686
0,319495793438356
-0,331261710912153
0,416644307880701
-0,15529701497744
3,76001577879186E-08
4,24043150632122E-05
-5,8416714423968E-05
0,0145043468472458
-0,000343008922294099
-0,0177374413702143
0,000596847112505261
-0,00313372400269235
-0,00257978245279589
0,0135880673920605
0,000674399974722857
0,0253463541318659
0,249845338078998
-0,0979048331556513
-0,115357631827938
-0,233647140882897
-0,103899362744491
-0,138973090796496
0,00356815650074014
-0,0426727974385579
-0,0322608825564565
-0,0395920066604111
-0,00495687851134252
-0,00868695855063398
0,001349960409024
0,00562454811480865
-0,116897146776894
0,0241079753961524
0,0358926276447209
0,0316770207905598
0,00573082507088626
-0,0325101652619739
-0,011658367071097
0,0528571241702912
-0,126205287179132
0,69616766473604
-0,481843456628118
-0,109608786985159
0,132519833909719
0,0381161135403501
-0,0312227290525331
-0,117155519638301
0,0394982173055279
-0,0490252266876413
-0,0530605252430199
0,0199095943081088
-0,0045722410018362
0,0235122739362389
-0,0958994084665127
-0,0170325357699036
0,00611958610113614
-0,0124058857111554
-0,013318199112324
-0,00315304760305356
-0,0613770159018474
-0,0255527812216437
-0,00334403561425803
-0,0219843081996094
-0,0243976679409206
-0,013103739704158
0,0375183668834778
-0,00713261531335295
-0,0157489704064606
0,000975084295845928
2,52299621470738E-10
0,000210502424036735
-4,07629672625539E-06
9,29017699276605E-05
0,000125112731358291
-5,84779893625781E-05
0,00316733583608253
-0,00744726558442958
-0,0661949535808172
0,00348341889863811
-0,0129407947654787
0,0150438340521005
0,00417076675646519
0,00999868124673363
-0,0451988587418987
-0,0506727858274578
0,0413557594676868
0,0462865565431322
-0,0438590319932065
0,172995646158394
0,0666291661838675
-0,0147411121581148
-0,0674893736171913
-0,0973475766902827
0,0885494657483926
-0,0711184595478019
0,0508649208634741
-0,0206436383597749
-0,0949528817901955
-0,209123468543487
0,406379927808784
0,117664002721282
0,139315730399647
0,126650699029773
-0,125402011827312
-0,0391206962562462
-0,13504693099747
0,103968971160566
-0,147229588361555
-0,159866655135646
0,0160099648721813
0,234945450969924
-0,132135981213471
-0,0447724843457659
-0,255502500264076
0,00779214057425658
0,0730951613335932
0,436971815386358
-0,0418391881452726
-0,0719864148797338
-0,148455039898345
-0,164656300435453
-0,19794679981643
0,167990051773508
0,0907863566358642
0,0735464025234715
-0,00953323129729348
0,0790768675613327
0,0554995321598943
0,132902999743194
0,221767653399747
0,0756934855669253
-0,0543618527603654
-0,0273706797850748
1,84791128455904E-10
9,64602655280917E-06
-0,000187009562484606
0,000106877086461573
0,000508004151068968
-0,00131366011281219
0,0274002617340216
-0,0615476983129173
-0,0347387723447368
-0,0207827458494059
0,255459018608675
0,18099773611593
-0,0901921995702898
-0,110627320222926
0,0701954658559795
-0,0492474894245568
-0,146507794280841
0,0721708396492957
0,0123678324020042
0,0222006071336313
0,14329197116424
-0,234711044865223
-0,0489178908225183
0,042192240240831
-0,0292088706445815
0,0638969368241546
0,0181354008808033
0,0204615889797132
0,199398184279524
0,0324124647593942
0,155738927682753
-0,0365264956678326
-0,21891942621958
0,0668955876875874
0,0589583577389281
0,0551832563890608
0,0694637175045206
-0,148686731674447
-0,0214805264713949
-0,0711866871491289
0,125529544652422
0,16162901326863
0,0149026447315172
-0,125563237123449
-0,248983721493221
0,0820270819196951
0,0433069986136197
-0,126665331812741
-0,00786845795537602
0,302440573323098
-0,213100327347061
0,20556174489154
0,135097990896964
0,11849500457054
0,294825901425429
-0,304778797274511
-0,104424980894343
-0,0772700931882945
-0,0289709289530136
-0,0051049809910672
-0,116097331392398
0,0852988443808301
0,0751716867642914
-0,132413943688058
4,17182531671081E-07
0,000629354699068627
-7,23341173788537E-05
0,000100862453413192
0,000601878634898327
-4,09615696958758E-05
0,00124136562832549
-0,00371736616237701
-0,135876037602424
0,00160260808018959
-0,00673654127771215
-0,0207609194269836
0,0440081126472535
0,0831037908880205
-0,0202737768491619
-0,0838922933337152
0,0844684864560554
0,0333831380590349
-0,0592728048895223
0,619743780053575
0,0651466594788127
-0,0751294612273889
-0,0295386516915247
-0,287949946563211
-0,133046205157767
-0,00995393431549258
-0,0562753096564877
-0,0352158275097035
-0,0345789661173737
-0,0577626529342925
-0,00437731461114795
0,0161770156928881
0,0259023639010175
-0,0585501314983224
-0,0692977722989414
0,0586298937283086
0,0472234396223229
0,0793450606404519
-0,0451026254808822
-0,0410228957163878
0,0217162467283376
0,0854165394585459
0,192552657696452
-0,0139867066995453
-0,0652815750925976
-0,032951182145032
0,00524021870042872
-0,0442448305446592
0,000624662483130423
-0,141836458416469
-0,0990551503657316
0,0595616667256963
0,10856524190731
-0,47889727034075
-0,0542145888056299
-0,0681546071900884
0,00138351852519504
-0,00897370410505129
-0,112500368176375
-0,143691751327163
-0,213732507295114
-0,0995118542913408
0,00969839456779672
0,000296794427576803
3,53331279685976E-11
3,02719774308712E-06
-0,000200020401706728
9,84018177292527E-05
0,000527716157594371
-0,000963825563058526
0,024910725718585
-0,0549268572188817
-0,0135417103998158
-0,0462358792736407
0,112222643472833
0,0188052968060972
-0,101453280659138
-0,176827856510208
0,0316035297585591
-0,133367747260929
-0,0734705997779706
0,22185852151154
0,116821468523319
0,0497563055128252
0,0365856527913004
-0,19532030192395
-0,0698615484172344
0,0620305088876749
0,0233713028476249
0,374389474914137
0,0675758895091948
-0,0378009743076593
0,0720714903925677
0,000289862645203995
0,0780494993835448
-0,00904714787264375
-0,142293177637423
-0,0441046892737805
-0,0819122663215394
-0,117551926945185
-0,165553977797519
0,013569749118529
0,0673052942065191
-0,0501266543259791
-0,402957710885138
0,0675338771226071
0,0384474541443668
0,253346248622037
-0,00796984855021835
-0,31329487996706
-0,296959363729346
-0,0367427219634012
0,184591824106745
-0,0702279290615997
0,140200733496011
-0,0477781464154821
-0,197126148813653
-0,0505748721860347
-0,152419786137973
-0,0683699438814849
-0,102697363135187
-0,0172676276395315
0,0292313378980059
0,0187224509530785
0,0419558644773988
0,0183780661109835
-0,03970708747286
0,00337615276498913
4,44399608621121E-11
0,000294355774251616
-0,000110236359952486
1,26382621755327E-05
0,000702255153024287
1,99350472335975E-06
4,99789965801127E-05
-0,000335208596019738
-0,0150334247415723
-0,00470345998728949
0,0234706404596341
-0,0309277390567593
0,0185421187765296
0,0303730109828775
-0,0198995926035677
-0,000883171896438206
0,00255761362819147
0,0122686029344232
-0,0343260220255937
0,168538471890898
0,016642963083959
-0,00551846613173038
0,0149861889798237
-0,19787947981483
-0,0823551980708845
0,0348819853780142
-0,0513193347484962
-0,105160984567712
-0,0768612871561527
0,495126941357402
0,00190824800006655
-0,0820087117320397
-0,0356831974453649
0,0769713722644323
0,103984549039423
-0,0713153625105593
-0,0542733843295778
-0,0684155213479688
0,0986856326569163
0,0545449724542742
0,00227393334952507
-0,157055971866695
-0,66313641201769
0,200262287033443
-0,187780624709035
0,0953968497987403
-0,00340302382193028
-0,00187642746460444
-0,00288257234078613
-0,0293468507689098
0,0113139308834065
-0,0040023116577089
-0,0326435305843085
-0,00111302223016401
0,0175801529457228
-0,00826234500517913
-0,0173021448348922
0,0321617837635093
0,0375010060818305
-0,0794462137919647
0,0664923706140147
-0,112705843273516
0,153775466847553
-0,0552431014512582
3,23887319937065E-12
3,80505681345282E-07
-6,69761445362395E-07
0,000213609347481554
-1,23413787821582E-06
-5,66570604056438E-05
6,87634234473232E-05
-0,000313735162125365
-0,00118049257294613
0,000296046011235897
0,0121722639051026
0,0183943162815375
0,0743394448247198
-0,0334830332493274
-0,0049214728068922
0,0134949099174495
0,0274840383481435
0,0140541095690743
0,0183314337110601
-0,00144106914662028
-0,0156657698411843
0,00454571751705728
-0,00245127326065925
-0,000489069363410088
0,00715736400778249
-0,00269310581268541
-0,00825158346872901
0,000727941765222603
0,00680864279976092
0,00883909580193026
-0,0108068744033779
-0,00242075297710637
-0,00451104831760399
0,000498492345710413
-0,00431826699907091
-0,0901248425340126
0,0989637122268139
0,0585764296270303
-0,0705777847212875
0,0614319623387621
-0,0509153053371382
0,0371110614124256
0,00390665079441385
0,0267994631774191
-0,0767901266084881
-0,079745428891436
-0,175280844408193
0,0174617506586737
-0,878853103763071
0,10918524361689
0,0716893314839955
0,0336042912569316
0,00313293339511693
0,00480609041980454
-0,255469693334973
-0,180319570020785
-0,114516133677081
-0,0364577171767288
0,0406192325019563
-0,0173536704195816
0,0641458247883655
-0,022868234800729
-0,0551914653142648
-0,0112984519755924
3,22444283847767E-11
3,42160715946673E-06
-1,43883122538908E-06
2,08984362846804E-05
1,48065220681644E-05
-4,22220029749546E-06
0,000120659488603957
-0,000443632136476695
-0,0106930189452514
-0,000458233983908563
0,00159895506649183
-0,00180588639937003
0,00750970869996432
0,00763333389340502
-0,000753971717230536
-0,0259744463888924
0,0435378093536428
-0,00566970319798317
-0,0204244418769699
0,20280792499905
0,0299557149464358
-0,0163476080622241
0,0376738001193217
-0,131703542681131
-0,0841613734065944
0,0706733055568482
-0,0157181195023654
0,0854819496576362
0,176305593315386
-0,280946717566684
-0,287112540686973
-0,0327563139122662
-0,0269034748061063
-0,078876886342297
0,0728134116206666
0,0733443006847779
0,0674211275742248
-0,0390397793365056
-0,10215747941338
0,149249455003353
-0,0968220701016101
-0,049905142337605
-0,0985594200190986
0,0379522701890166
-0,0877269646459564
-0,0315302515391009
0,0633436729220245
0,00490464253112915
0,0280582201330012
-0,0303003889208968
0,0467387160990516
-0,044500309794648
0,109046560066487
0,12761388511361
-0,0443614504835172
-0,050196348806239
0,339377481563068
-0,307780594083751
0,489569239037657
0,138988443885295
0,161877675129446
0,256294822955465
0,140852939313295
-0,105875796143235
2,58006033456292E-09
4,76840221028313E-06
-8,91258032890066E-05
0,00100356018619781
0,000191239748393218
-1,4190663334848E-05
0,000712032985039809
-0,0021033868981065
-0,00879120684041671
-0,0106042165325712
0,066961769292561
0,0328626406271056
-0,0539240756309341
-0,0625822270169724
0,112166273838245
-0,0785238572848984
0,0649075062043098
-0,141791849559769
-0,000325040560164662
0,0910538907298326
-0,117284580495971
0,301031802786488
0,0899057568330327
0,0143103271937938
0,146810877046657
0,100538119928948
0,0306325952254489
0,0898593167974474
0,0142963414738027
0,00331543515923675
0,0412037986690934
-0,126685019131285
-0,18710276863507
0,23103564882065
-0,0157574925233892
-0,0855127413706394
-0,104516837912011
0,0312362614666282
0,0322942754025207
-0,026011520573037
0,115186065504726
0,0950218121041002
0,0943232226931144
0,142394528624866
0,162753131292432
0,326273034975567
-0,13142388842774
0,0524794113694735
-0,0574502231095124
-0,334016788107605
0,193650490573435
0,0247534516733321
-0,0236774298434331
-0,0106429948251442
0,0790327099501597
-0,186623694244187
0,0265110486348769
0,0765233911572155
-0,122726350264622
-0,0615130243778106
-0,0268999481497832
0,360776183388131
0,181435972386407
-0,258496125567103
5,05220313388061E-07
1,00131125924537E-05
-1,85261094065936E-05
-3,28857638605962E-07
9,90495428325772E-05
-2,36728311811477E-06
0,000382691961640213
-0,00189155547498812
-0,0275559739155473
-0,000393814237155242
0,0555741514452615
0,0884397520111311
-0,0647799608815967
0,0955944089333315
-0,182352995846307
-0,0137094246240771
0,0470046654003522
-0,0350701742378404
0,205774005080605
-0,07616742930714
-0,113915100945037
0,111410543954496
0,0614627883391079
-0,0548037257918335
-0,408826517663278
0,04093975486665
0,0395938290217192
-0,0292723334084897
0,0700235109547597
-0,0222052627583311
0,0702760817427027
0,0465293724779815
0,0552645226347503
-0,0908518371204577
-0,144198831468745
-0,169174255405526
-0,309614318544727
0,257531656189093
-0,0271905786967243
0,0914883397357648
0,0394770200521555
0,17263129690158
0,0707338376578381
0,0765744589570531
-0,203762473314511
0,239705000863156
0,152415554512299
-0,332679592134247
-0,00560772887027307
0,199083469207326
0,165596956336919
-0,18883157151825
-0,0347178374347683
-0,00812039963819754
0,000670865457183653
0,00497599535999603
-0,00939401667126159
0,00588935594018361
-0,00225742729762015
-0,0220425370721978
0,0256001209464808
0,0720756913823508
0,107285693084163
0,211934511307854
