0,999879474601946
-2,73713524211653E-05
8,40401652089702E-05
-0,000765608578662624
-0,00017636479038438
-8,72391160722722E-06
-0,00035751628624914
0,00283492363684775
0,00530596190340026
-0,00149332469033302
0,000580107729077602
-0,000384969488393544
-0,000468284503667849
0,00108719326917935
0,00124492746719383
-0,00260592114807184
-0,00189700197998235
0,00247831520272969
0,000437969806651204
7,14064002515838E-05
-0,00551249443300599
0,00083579439745781
-0,00101519149401413
-0,000787799999571379
-0,000888993261164296
-0,00292562493773022
0,00124430758782397
0,00130201392956983
0,00109886178908451
-0,000559732418190676
0,00345397267113792
-0,00141280947867993
0,00267478810619546
-0,00125290337103155
4,06669808092218E-05
0,00265756561425222
-0,00297472977357254
-0,000647532003767837
-0,00189736620612963
-0,000438723981048739
0,00228499939179273
-0,000731209550800902
0,000151633584384552
-0,00102742493331311
0,00287075923270894
-0,00159039108491932
0,00260550383918846
-0,00207220287994857
-0,00191934751686653
0,00256360536405783
5,86508972617843E-05
-0,000491877285572475
-0,00379336501729415
0,000720537310776385
0,00401694012857675
-0,00309189483580653
-0,00102637239012706
0,000595558778939348
-0,00144950745572211
0,000647831584304494
0,0018774815329574
-0,00215358307763621
-0,000310431048247564
0,000301215166753811
9,9825659412427E-08
0,98853039225886
0,000724103136104304
-0,0146176730588076
-0,0011676338609433
0,000136669927358134
-0,00286961906583066
0,0220101510461395
0,0338659411803378
-0,00514257341642406
0,0226646806193818
-0,0159667842990054
0,0148806747528117
0,0040443045090418
-0,0374590078216213
0,00852635310853082
0,0339284424103648
-0,0101709855372989
-0,00747192903032975
0,0115193607898178
0,0118989603157334
-0,0246760076522324
0,0217580598612944
0,0342760952252013
-0,00998862915328795
0,0270651963863599
-0,0434116830761804
0,00409637142880857
-0,00582325711553688
0,0381005716076302
0,0404835743371332
-0,015731768249161
-0,00387104285791539
-0,0167357386921149
-0,00753932122869324
0,0195891575758518
-0,0275785688770104
-0,0156238789856839
-0,0037675811048788
9,09315277354176E-05
-0,0363212352482272
-0,0366190354456458
-0,00198829228595588
0,00150272178380767
-0,0200883969005595
-0,00468654341343185
-0,0115101938872151
0,0107564202789453
0,000107678899320631
-0,0190091458366541
-0,00822914925699116
0,00336303781967317
0,0196087879506361
0,00318353910348222
0,0440984658591817
-0,00351438795379372
0,0138375058838895
0,0123483494405144
0,00739336103608373
-2,72466683884965E-05
-0,0061922816898212
0,002234557782174
0,012636933142687
0,00281784522912743
4,5744062886115E-07
0,000203605815384988
-0,994680686767851
-0,0329215890798317
-0,0701840766329506
0,00450124306819419
-0,0120988471617243
0,00338031680852175
0,0143963010381582
0,0218304791871892
-0,0458200735624227
0,0127390539534365
0,00793475346872647
-0,00622052570976826
-0,021541466375388
-0,000616061010698295
-0,0038963717836547
0,00937915106167448
-0,0021602427389054
-0,00936580774375681
-0,00570379245310372
-0,000871443830298795
-0,00722145430450772
0,00740793269255587
0,000776893366400617
0,00734027923428416
0,00313258888887311
-0,0148074558619318
-0,00571098431621411
6,0551761865932E-05
0,00740405894538687
0,00199529621028275
0,00578241126471967
0,00959257474071327
0,00416036229541849
0,00300296396220085
-0,000436385169375028
0,000917463498792778
0,000143214923140754
0,00458405967176306
0,000721954079009027
0,000816379616255418
0,000671197305256475
0,00109085190213014
-0,00161795845474932
-0,00208218864853778
0,000767831908058331
0,000917225304532688
0,000416885248941387
0,0004648134795173
0,0018926322169894
0,0025400610308275
-0,000937215006610536
0,00156401919180771
-0,000192525543067231
-0,00101298047034189
-0,000284069417490811
-0,000331520648356937
0,000183956823065661
4,40542864943609E-05
-9,28011179246814E-06
6,10236645814238E-07
9,8702070284978E-08
9,74597249603402E-09
0,000735749994717245
0,0148862939171233
-0,0201127744836583
0,951501733459119
-0,0385450732836135
0,0133673088122367
-0,00554702476804548
0,0231531638448154
0,0116131448197501
0,0456462663737849
-0,0938939026923277
-0,00336906680557759
0,0138152131051224
0,0739844354986525
-0,0656105985960396
0,0404994055212556
-0,0474655107861845
0,0384258620129833
0,0112576478407015
0,00758337201786982
-0,0161135128428434
0,00499126903662686
-0,0169561038661699
0,0377941298816015
-0,00667866849159498
0,0152858467805731
0,0305205745108748
0,023470219636372
-0,0719711873680405
0,0450860970116851
-0,00216592714552305
0,016702078216669
0,0272036710391302
0,0395406727987071
-0,00477319787819727
-0,00141937432195094
-0,0152522457425787
0,00381108945193441
0,00498094281471569
0,0735260051623041
0,0403626643837858
0,00664865569087292
0,0404001713229328
0,0167301482538368
0,0313774642257228
-0,0267044187882034
-0,0415280399100504
0,0142651001774539
0,0414967690961841
0,0575762876587731
0,0771605494574436
-0,134748712068759
0,0759250609767461
0,00284369232406791
0,00910890354938501
-0,00381977701435314
0,0273664594636084
-0,0363577182816772
0,0243824496361054
0,00708276321872447
0,02537030913802
0,016635398849081
-0,00786158200248607
0,0051620723860833
3,77253648303565E-08
0,000307041330921984
-0,0610719027408952
0,0231852813931012
0,963596728405939
0,000301801305680895
-0,00286330264695488
0,0381076264610963
0,0459324560877582
0,0238972991172264
-0,0795261558643631
-0,00013087802113422
0,0176322688536422
-0,018684571610663
-0,0523054880611788
-0,00745145906977063
-0,00118646367108678
0,0347987054802982
-0,0178782242811347
-0,0442578251657403
-0,112915727670571
-0,0133646507417529
0,0653528999023448
-0,00584624632689611
-0,0702673936128861
-0,0159211906771723
0,0118622011048136
-0,0147707985172231
0,030682292953092
-0,0167218837700543
0,0288119958435868
-0,0312665899984818
0,0348338046359287
-0,0163785328915121
0,021382991487477
-0,0282350409502232
0,0333156132411845
0,0203993021069775
0,01646596310362
0,0506456027410908
-0,0647867113128859
0,0103897660167499
0,0307506084502334
0,0093491516717879
-0,00273397559526292
-0,0315153586894561
-0,0187083561327122
-0,0118777030812161
-0,0151381293541295
0,00644979528525575
-0,00663553163592282
0,0219588041018891
0,0480876951748648
-0,00545396061660842
-0,061087855956762
0,0434172531152445
0,00427391686089137
-0,0115973320689859
0,0166955478666454
-0,00622601214998547
-0,0150536868141488
0,0241899964705721
0,0046238680803046
-0,00243617817760673
7,94072244210707E-11
2,56020874049267E-05
-0,00199277666359948
0,00805594477882257
-0,000770234985008209
-0,941635195763313
-0,0447770700825516
0,00970130468598575
-0,00846234249065669
-0,0041892090973569
-0,0129691904852159
-0,0983358191903073
-0,0314777902128566
-0,0348867458502692
0,006771613952741
0,0663170540768313
-0,003646543304075
0,0348246730487258
-0,035444617759262
0,0127821490743224
-0,0111916405089863
0,0181445015178071
-0,00142623497501739
0,00034049262263195
0,0456539264440324
-0,0910204826765147
-0,040475836425391
-0,117279087917093
-0,000895031926486354
0,069978795354676
0,0260772125424596
-0,00247735983871176
0,0181262568813212
0,0792733125728823
0,0800397788015762
0,0421987177174868
0,0380236276652098
-0,0338852853724282
0,0298734218389951
0,00322353243698631
-0,0137637971912481
0,0198588622496928
-0,00223109311911383
0,0502881253802942
-0,00129613210588449
0,0144526375552765
0,064264960226789
0,072002125032774
-0,0346813890878747
0,00510065412928282
0,0343694665825353
-0,0197720816900086
0,029395554607382
-0,0374574149689435
-0,0532043159044517
-0,107989619296868
0,0281298975202853
0,0784249105066124
0,0262358075166287
0,00926682436328515
-0,0183755917751448
-0,0375222834497715
0,000823647748468942
0,0128599623916683
4,93829675847522E-10
6,68571486963464E-06
-0,0141951056236992
-0,000515301747056138
-0,00271324525847684
-0,0133614099461749
0,623626971087326
0,62504849976384
-0,362844039529695
-0,169884723118812
0,000522282520996352
0,0142198893095974
-0,0266232644365774
0,0178903739538704
-0,00999578040140355
-0,0389231360924151
-0,0358273345679022
-0,0298469289179459
-0,00850257350996365
0,0248123603619525
-0,0204442658191327
-0,0101304182831705
0,00498002729242246
0,0162589283239924
0,000221123959950395
-0,0313565258583714
0,0173839886796479
-0,0238493768291508
-0,0272504524760859
0,00773148552350423
0,0257489376892787
-0,00686440156538999
0,0387694418610561
-0,0111959083980387
-0,0147493354642822
-0,0138022257105073
-0,0352333031960314
-0,0483986922725514
0,0231104251762223
-0,0124215521554805
0,0259851039182867
0,0102328098141065
-0,0259679058518827
0,0383796054048324
-0,0076629939106834
-0,0276265362014925
0,0280996849616464
0,0133554569575071
0,0102877383316615
-0,0774324307171427
0,00506357704689779
-0,0596112783496479
-0,0196836874729767
-0,119957350156494
-0,0208481241229205
0,0677621391058195
-0,0173333334176479
0,0450470800379632
-0,0545597906096247
-0,0456931682978771
-0,0336831151391034
0,00742983752139547
0,000498013228858835
0,0228001506897495
5,01285449038418E-10
6,50318966418054E-05
-0,00101997241495359
0,00115187589095789
-5,60994168145795E-05
-0,0201108617538164
0,707414189129748
-0,389674245639304
0,357662035211209
0,260922550530581
0,00744858854693816
-0,00680762370096383
-0,114125312848713
0,00758866037491518
0,0254990903059096
0,0371619762633035
0,130651943015039
0,0978542496967322
0,0823685251392964
0,042684550701822
0,0353736407936179
0,0242417447046036
-0,000973824223003993
-0,002912198671311
-0,0215143130093584
-0,0281889183525055
-0,0210303349651032
-0,0105211704202323
0,0213773556033812
0,0126550664702122
0,031041473845983
0,0306101668893526
-0,011951322983333
0,0464893403821983
0,049958552287479
-0,00605044159821166
0,0316993317543678
-0,0659941058772606
0,0348684635943676
-0,0140943471833402
-0,0255805817976188
-0,000668855527240677
0,0248397948074818
-0,142104621074322
0,104301979015825
-0,0320746462871589
0,0549034829637591
0,0307933115898414
0,0730178562052201
-0,0807908764342134
-0,0154446056101519
-0,000777616456308458
0,00370486114405835
0,134924846807473
-0,0620188127897188
-0,0452769254187064
0,0481463897099189
-0,0152990115433096
0,00534301832371792
0,0394000059018171
0,0307337514555512
0,0551331922326105
-0,00314629799378232
0,0371366412581619
7,02358460709735E-06
0,00182283422940054
-0,000758575581916349
0,000257405907012371
0,00546465695113461
-0,000222788673495334
0,0163120725634896
-0,282885122428405
-0,602931373047786
0,343099083057581
0,0744066807419358
0,025040053653174
-0,0614007643763491
-0,0190873720692409
-0,325103284388851
0,0593081108411436
0,201002026834583
-0,12250126154128
-0,0319384525345279
-0,00538820181981885
-0,28358646423099
-0,0262996045940298
0,082810727547252
0,0590562321505182
-0,0609204721385747
-0,14562332655739
0,0511073922094329
0,0337264523198077
0,052832193970158
-0,0105057940599526
0,0683517196006047
-0,0301305274528663
0,0158949383927309
-0,0368964729204225
-0,0174847677293329
0,15055463482792
-0,152817472042057
-0,0274215497338019
-0,0892886464379119
-0,0272072948701731
-0,00475219882124498
-0,0586360954642221
0,069208069481194
-0,0544841225269628
0,0197782900424717
-0,0301242071225998
0,0712867190500884
-0,0507205483657419
-0,0357464765858817
0,0611340385588983
0,017775540792945
-0,0689826213144116
-0,149303063765631
0,0357909465592168
0,0764111482182465
-0,0728318818499369
-0,0429184535287947
0,0280642241685816
-0,0401870148025404
0,0131222168984954
0,0486292536944495
-0,0670229694546397
-0,0126576352581737
0,00678321195411739
1,71151116026538E-11
0,00030953456677291
-0,000326356979400929
0,00139975817264273
0,00285764710280555
-0,132732212719413
0,020872313766233
-0,0376698253507341
0,0323882366731246
-0,0272505278317976
0,178668891660118
0,765951455745933
0,166790350300599
0,153565421119657
-0,0701932081274341
-0,0135933993436049
-0,0822432954162323
-0,0145101133288978
0,0245936114577181
0,0215604836543579
0,0832247321908124
0,0695315725620474
0,0386067086357272
-0,0941787830153143
-0,345520340219084
0,0112911000956308
0,131214652807622
0,048164114104004
-0,194982457414818
0,105339365759992
0,0131523510896866
-0,128440778885485
-0,0577459182518692
-0,0199857896394845
-0,0496334952807513
-0,0172715295639756
0,000711264761969846
0,00382374669217499
0,0247522261603485
-0,0548524655915977
0,0182905239945168
-0,0371651692409898
-0,0222676282141268
0,00884647985901072
0,0450883288197937
0,00453419805135151
-0,0780529296021703
0,0206382263452038
-0,0256448179605746
0,0377759580901433
-0,116791973946536
-0,00259952865350585
-0,0707088664813767
0,060687729497711
-0,0129809105563733
0,0690375422676225
-0,00473600984816811
0,101365968914199
0,0647802467689623
-0,0222944956867537
-0,0459533606098847
-0,0274288174905382
0,0183672260494516
-0,0085865964646219
1,20042151443482E-06
6,06510130796542E-05
-0,0356389415284295
0,00716518402831826
0,093547913270487
0,000663571676572132
0,00664424870708141
-0,105141245160779
-0,160751702305228
-0,0411573920304922
0,450527516801029
-0,204750272546175
0,0973695406234307
0,403040744764741
0,279318997463222
0,114554577005627
0,0300934986380674
0,0413248835257412
0,1780564728509
0,0937849291102351
0,113214587429872
3,72878660545974E-05
-0,200267847145914
0,110676646692703
-0,0218823663695118
0,0960535194471492
0,0889545015781357
-0,0587045891388049
-0,237036058620235
-0,0656927739385563
0,151292070392936
0,0268968945220037
0,0804826385844995
-0,0808758441978295
0,0672158533784108
0,119164049538424
-0,0343630866990413
-0,0169051733081615
-0,0375072163607015
0,204577400461136
0,00559930490465959
0,0969950991666265
0,00384025736237994
-0,0341632063236713
0,00555694705852231
0,103860324043944
-0,0177027028125423
-0,0197586337857103
-0,039583718856371
0,0273585528507455
-0,0351061447435178
0,0581530113555201
0,0715910808741981
0,0094904402305117
-0,010288465634931
-0,0254044558379521
-0,065717118728929
0,0440620810594485
-0,148411403279599
0,0690788164886681
-0,0747432043127379
0,01813795046146
-0,271980858466018
-0,0736005934622189
4,15990210407657E-10
2,00525268214997E-05
-2,17841627160139E-05
0,00110717898982502
-2,23279802563872E-06
-0,000597165382226959
0,0103379209861775
-0,0607563081584939
-0,0327492053074454
-0,15000827168402
-0,15128759788482
0,00788908981014057
0,142125945585974
0,190526782460109
0,106325209962432
-0,22332725696581
0,436612022499807
0,0708047172892834
-0,47994502833105
0,197592587470956
-0,0711191678411831
0,531071030260543
0,0112345414777578
0,107147628922757
0,0449967158610434
0,022830999745487
0,00872964842320527
0,0164077108112438
-0,0256993243963844
0,0125648023262292
0,00383577086439414
0,028320265640452
0,00616853994785719
0,0247798273209513
-0,073594013932271
0,0836870254100726
0,151895611577501
-0,0523455211031093
0,0317532242001654
0,0174924049035402
0,0372002547636294
-0,00232873225533609
0,023494617842938
0,00353141982783035
-0,0448787876568906
-0,0387938619721444
-0,0681252130259696
-0,102382096707349
0,0503906095055491
-0,0177079932876719
-0,00545292272894449
0,00466149638416154
0,00410598678698579
-0,00305593961358585
-0,00201978579878959
-0,00166784463073821
0,000825775944215757
0,00114371688204675
6,29379127863093E-05
0,000249688486688082
0,000105803047862311
-1,81332756805536E-06
1,32165802675969E-08
-1,37916756872069E-08
2,26645535849231E-06
0,00159368560148114
-0,000124178038926794
-5,18576405703874E-05
0,00115591604920571
-0,000386577437050068
0,0326761780463223
-0,198227844316583
-0,15852071543321
-0,331425315457492
-0,346703392518541
0,0856925038258245
0,00983364772874238
0,0974194212098602
0,262480392756069
0,156787534748047
0,146093176151722
0,122226961382747
-0,0710283783623235
0,0814768373580116
0,0571623932592511
-0,428058476401945
0,0430593803370309
-0,0551789081968674
-0,0593775571675917
0,00470944688324047
-3,43699513401953E-05
0,00380929008944336
0,0143361026842777
-0,0593960606319741
-0,0494814217504472
-0,23489552984521
0,189395658452736
-0,0322011315015742
0,0159623087863908
-0,178176082030607
0,00121299924979808
-0,0919679649962719
0,0424045682017088
0,103740831323539
-0,0522515566816592
-0,0700946173150178
0,199160685984983
0,0443122218836829
-0,0496307201126251
-0,0705279897975254
0,033185609000356
0,112166157022251
0,0834823480598347
-0,100139210642596
0,0165789069246345
-0,0322529716487725
-0,155941916688979
0,10274989714562
0,162358804369957
-0,149794044300909
-0,098126039185408
0,0277205769231979
-0,0278666286709757
0,00534498382092631
0,0773632662157945
-0,0649799818189333
-0,00969122410497866
-0,077153880980434
1,98452120290509E-07
0,000331785484675048
-0,000692287679154027
0,0467663160571649
-0,00280012678071172
-0,0124216356748225
0,00426723300224686
-0,0127201415177451
-0,00299256095424215
0,0147358559950703
-0,100378649720113
-0,0322744417347537
0,142133435334636
0,187149793988945
0,0416489895428822
-0,482420925841317
0,222690235183437
-0,224840117831955
0,154206531070678
-0,227378240494007
0,0854902366013776
-0,018750974899608
0,0303351015210267
-0,0717972007932816
0,0127789767535627
-0,0401237467666931
0,000300911110543198
-0,0387264184915223
-0,00653527797646724
-0,0383050590226554
-0,0281877299466721
0,0197772961007254
-0,0695837252080986
-0,0494779730038863
0,237218137986689
-0,304948337721699
-0,365736407447259
0,174218922371111
-0,0495202544027503
-0,022243037608744
-0,142681214343539
0,0275414455464268
-0,0535400502315715
-0,00941272386667841
0,068878500395253
0,0527139688321664
0,0565397888296029
-0,0231499531150878
0,0502896723296727
-0,0391200007868924
-0,00213369837656607
0,0466953136671849
0,0167010697944362
-0,0916898377308037
-0,103838312842427
-0,224351661699401
0,0523545213673672
0,203201747386744
0,0838456805689507
0,0757652985023073
-0,0383083001300657
-0,0857883826291509
0,0124559523250622
0,018160133690405
1,14545749060184E-09
0,00205132065782599
-6,0211909069529E-06
-0,000176191551427519
0,00051179831373854
-7,45972908053188E-05
0,00939732600081174
-0,0746503113619034
-0,0868282878464208
-0,0640128356799091
-0,172348548626448
0,0793873633190231
-0,135949274276197
0,0278832886604708
0,361691945714125
0,0941686336107458
-0,165913611720082
-0,0351444543648881
0,173347888125627
-0,322189417606906
-0,120116528638119
0,293392834798565
0,185087419811653
0,224998052632687
-0,0714493224027673
0,025111519852587
-0,0298790135180414
0,0023105978984264
0,104428121002881
0,0512262390220257
0,0507728511429336
0,0916355912865398
-0,0410852115971799
-0,00909763797190686
-0,0542687799238984
0,233389606382039
-0,225848691397303
-0,106860130744913
-0,129680548786747
-0,150614053181618
0,0171413469931403
-0,150215995119301
0,214618629642717
0,162390686232641
0,0712964443568403
0,141904049223699
-0,113365105961058
0,178268325732474
0,165737633688332
-0,0999901045199657
-0,00557526931779939
0,125346405867491
0,120666617108699
0,00724564972745252
-0,0067278404043135
0,00379334336861296
-0,00051155229100886
-0,00111243934321796
-0,00570980259856033
0,00578094934645593
-0,0498948498494748
0,0732564623581422
0,0374622575124734
-0,071638503513218
3,04257829700662E-06
0,000730258966731869
-0,00606252558736864
0,00325787341319767
0,197540468134285
-0,00155067979675358
0,00145084155967519
-0,0251333469186423
-0,0589220563154329
0,0430863878756458
-0,157642521795406
0,0516620803004392
-0,0851663741101843
-0,103535950315213
-0,0530480903547204
-0,0199316592909082
-0,0596630247347175
-0,122798165997776
-0,0267262828655334
0,107221280004655
0,495215240375986
0,0986546401383715
-0,237849481808069
-0,0245492347054438
0,0895070660009221
0,200697537720345
-0,0461796462388536
-0,054221987630728
-0,0983631603180773
0,0254290397434097
-0,0798948152243759
0,191288817919835
-0,0282235273813442
0,0470862626711727
-0,0588827643011068
0,153498348768491
-0,161076020989719
-0,103340639544769
-0,0736375406489902
-0,163462276332289
0,287625338653409
-0,0425820133815648
-0,136903940735434
-0,0453877996877997
0,0228067895867715
0,156890438121629
0,0795338308317824
0,0518042993888667
0,061294939386319
-0,0294139781880956
0,0196999762247238
-0,109479007402013
-0,219222094006198
0,0266386810375407
0,28610068340061
-0,203770854726238
-0,0206885637335012
0,0550071036336222
-0,0790716022375189
0,0297356479414343
0,0708111144684532
-0,113830703881326
-0,0217587124511212
0,0114638907799888
0,00824111618058221
0,000153408761779266
-0,000642883164543468
2,77944467749417E-05
0,00383592486264065
-0,000167110272081288
0,0291110068726098
-0,0941113085964214
-0,184184935287428
0,082779989202387
0,107825339120436
-0,0834679386513348
0,310278895543975
0,0100989166257606
-0,0323854218570303
0,141985589858421
0,0124231719465626
0,0767337602605614
-0,0822136429213136
-0,303413673202322
0,0232197057571065
0,0244578178996824
-0,121663862609488
-0,0131673258667488
-0,149073340404259
0,303637634375789
-0,206221544545087
-0,140576690848729
0,147337076267359
0,1290442921351
-0,29000160193964
0,0401396808078335
-0,161240432885906
0,125928254235876
-0,113414827519014
-0,207119557442433
0,0681078159125867
-0,0599337625423262
0,0920582570155903
0,0510349520868685
-0,0146198880733204
-0,0629455737488642
-0,0464771412587613
-0,0745656212296233
-0,283850156610684
0,123769996177843
0,05574314118723
0,0911569145123267
0,16156875000674
-0,171017576015131
0,0561728156230504
-0,169923554912072
-0,0222567634508822
0,0411860301324919
-0,212159256485424
0,116789161163775
-0,038110759215005
0,0266222810538292
0,0317512632790865
-0,0315580589137203
-0,0494965615151235
0,0176907067300692
-0,00878951733176334
-0,0120175046958208
0,000130921276116449
0,00120346118336138
-0,0332147968368598
0,175180768051434
0,0625809695804683
0,00402665059790705
0,000577029639404192
-0,0378971277734046
-0,0301540498227412
-0,101213079338755
0,270493531895735
0,0308218149400948
-0,0792792436303555
-0,061165363630779
0,176752934427621
0,0393874121022754
0,0843988893554631
-0,0212924080500308
-0,0214949359215879
0,0672954203878888
-0,00934199143083181
-0,0199310191408802
-5,93395213385889E-06
-0,0344176470069436
0,216751908811481
-0,0570963334515
-0,0928522295555002
-0,14278614694576
0,230602144834108
-0,32530684116016
0,158743162146195
-0,178571643263908
-0,455464222104588
0,015127062773904
-0,111393049751914
-0,0721924347392893
0,0232956837149097
-0,0947171721091491
0,0314938372517049
-0,253998268855865
-0,076521078105968
-0,0285281142038319
-0,222104282917849
0,110308855369666
0,0252980836978804
-0,116677619819086
-0,0280720799818843
0,0711699641827947
0,10977378937772
0,0891321536371468
-0,0501526961443889
0,110982851926935
-0,199392267610613
0,0946652912675872
0,0409004084153768
0,073484526013432
-0,0602166412614857
0,173708921691419
0,0344424332379002
-0,0248567375097274
-0,0748865024778429
-0,0616014102181533
0,0272603389397626
-0,0144992886080328
1,54882652723543E-06
0,00933431211431521
-0,000456037046150719
0,0293989921402095
-0,00147343909394178
0,000154247255624764
0,0456216130758712
-0,0513194502046289
-0,0242712469957762
0,037617089138269
-0,0237409268265911
-0,0826538984749132
0,598640908248369
-0,238467621823057
0,108555416145421
0,191833856352267
-0,183009273737258
-0,213192056068015
-0,211997773147726
-0,17484634666822
0,123654186086306
0,0459745631090945
0,108916124851889
-0,0879469950424052
0,147832526008831
-0,157658971237329
0,161094989979707
0,229392342525616
-0,109605233950847
-0,111377878105127
0,221303029376437
0,0593212046195093
0,0750650479996586
-0,0560935394957625
0,0780733267209211
0,0285979946683301
0,0247026825512086
-0,137935386088086
0,0679187782570018
-0,0649646599389997
-0,0673896177177645
0,0477580248181907
0,00336323847246844
-0,144833082164043
0,154656395069616
-0,0840464439689963
0,080457359264134
0,0203132772799669
0,0562955099601071
-0,0923278929226674
-0,0303633161705118
0,0416338755860543
-0,039036110703679
-0,00968222102098656
-0,012578624217342
-0,00576621683934348
-0,0299636133573704
0,0103425642791392
-0,0136039069167203
0,0159406494624147
-0,00317919142799843
1,40633190070532E-05
-2,44415962111734E-06
1,1323033566987E-07
4,66569513020467E-07
5,08748094842801E-05
-0,0369803394540784
0,0142065754699293
0,0395082069453368
0,000393172474615493
0,0273038841598449
-0,137363416586242
-0,0457763329665042
-0,283465009331192
0,35206659349765
-0,129625713140018
-0,126121276811714
0,0117711648607541
0,0365361525876246
-0,0765252445733156
-0,102166630101089
-0,231621224551294
-0,0956201484740792
0,0533828662179723
0,124852831097072
0,0804909649888901
0,237275453296979
-0,257412957160072
-0,13601971256947
-0,0280526095231246
-0,0839454432266359
0,0599021708689446
0,175973847888259
-0,0308371760854208
0,0138346282030907
0,0380960527946515
0,0974043693356143
0,194798109097615
-0,00864925200332713
0,00949247961028322
-0,0801580480233541
0,0728580132965353
-0,00171162631087137
0,0814439741108698
0,126123887225555
-0,0783763615612674
0,172639603503181
0,00801201327783567
0,0436015546724613
-0,0926814108709485
0,00847017839043263
0,000134387442314877
-0,00859574161119705
-0,0874104353593343
-0,0280920786393896
-0,23977523959642
-0,0833369216201588
-0,0609056705325883
0,0387890667041857
0,0160417365771405
0,298933347299574
-0,151148898376202
0,31947975564998
-0,0343504877440399
0,105214374124716
0,0594321714936253
-0,098390375486917
0,00517975360206306
3,93003732760834E-10
0,000531919618438036
-2,26229114804699E-05
0,0015628623536161
0,000118016123572531
-0,000665991596673113
0,0194255912237824
-0,042341643081356
-0,0143426777518116
0,0472802832241296
-0,0446882469405378
-0,0218364228252853
0,252542607850453
-0,157165200557856
0,195362681250076
-0,132952279110454
-0,255420912111644
-0,27496367370313
0,0326086173096808
0,535113032713958
-0,272747820888863
-0,0695229303555021
-0,01233060151737
0,232223937720814
-0,154040914182982
0,0198356926733795
-0,0486547077996373
-0,317248192023104
0,0422093123233817
0,0768890260515088
-0,195009745776664
0,0120124736805509
-0,0599243935527811
0,00721608850791263
-0,0619532203225132
-0,00715586795794802
-0,0238902061340316
0,137440065873253
-0,0478441546080617
0,025376805150273
-0,0604885004899473
0,0505581875195642
-0,0118376675101467
-0,158363317194233
0,140009101237502
-0,00502740346345921
-0,0536513286452058
0,0587031143062303
0,115491024217502
-0,0566623827190374
-0,0167700448881735
0,00157087022716925
0,0227210981256857
0,00417261762004147
0,0773951390727869
-0,0389847509580013
0,0414465165295741
-0,000326190167101224
-0,00906524495737911
7,5870832538853E-05
-0,00634551165808717
-7,73266772088279E-06
-2,33267607871693E-05
-9,34400919890951E-07
2,68016231027546E-08
0,011282685456364
-0,00152107292730269
0,00636504488248761
0,027748729999742
-0,0138148091121823
0,00522041705969155
-0,0112063512390667
0,0131932728955037
-0,0388266673797499
0,170460930760764
0,496649374623904
0,104923526505323
0,0191547470390757
0,0227825005009353
-0,0160930027354432
0,0383619199753952
-0,000525260095847608
0,0281260216473201
-0,00648174587763344
-0,0711562071160399
-0,0688347673414116
-0,00801529556234012
0,052677772299845
0,421992433034741
0,0142018268560733
-0,174028721014611
-0,0645074808339699
0,263003272496428
-0,172641650732215
-0,03778494207259
0,192745077599745
0,121293685940867
0,0205799310535325
0,0569211347298512
0,0694046219894259
-0,0331674964903476
0,00402649088661805
-0,0226574762915636
0,100191945752868
0,0132455761066378
0,0607683931285948
0,0493747426083985
-0,0698859870432945
-0,1324332465223
-0,0488796013684145
0,149482877539453
-0,0194228710465685
0,0304934779663723
-0,0582506550286479
0,261703258093574
0,0064678082311197
0,191362535377257
-0,163174671087656
0,0114882446993305
-0,163305620901769
0,0120291636499818
-0,228348640013098
-0,14733726923285
0,0505248791098497
0,101053792560898
0,0600487504361746
-0,0402013329600345
0,018796753241664
6,1046948139232E-10
0,00167400225354685
-4,79271928818476E-05
-8,95105192701568E-05
0,000520493974743784
-0,00100973893833359
0,0594237859946312
-0,113161751063943
-0,0189850958197432
-0,0663079687987041
-0,0964908101265288
0,0344740736095249
-0,10527813063272
0,0511576781217659
0,120330839375108
0,00988078038274479
-0,145075976529083
-0,0266348435512136
-0,04204484369773
-0,151042969528913
-0,15565292284752
0,0208589680249058
-0,148945180501924
-0,0689540389876597
0,0228355523291543
-0,0493893109992735
0,0304421354557134
-0,0295474002971156
-0,0912737633493603
-0,0383707135541824
-0,0538479007147916
0,15647590851079
-0,0691277234495118
-0,0713954340320814
0,0556830237971108
0,062465141233717
-0,0317888452374944
-0,127339383070619
0,133434803590277
-0,0997998008283492
-0,350540530172851
0,18999649971904
-0,0739013457473987
-0,206346939846889
-0,343792053667094
-0,0564218265377127
-0,367144081936385
-0,0118318919376901
-0,241026063769984
0,0368028747759308
-0,0858738348434942
-0,207035540791586
-0,0899872836271361
-0,146005254451941
0,235061958128712
-0,0511492258715593
0,223357355998065
0,00598939257186321
0,00154404837368475
0,00811881769859257
-0,0393695239299406
-0,0276278001447007
-0,0352886217975425
0,156575131261723
1,40755619834096E-06
2,80595590644216E-05
-0,000776884723455316
0,000236424893378006
0,00433505917906254
7,09631961845979E-06
0,0040865798827887
-0,0513443656280998
-0,106362852651969
0,0489471925141489
0,106285918116442
-0,0494966029253661
0,0777073184502793
0,0939698814794301
0,00883160534738422
0,044180663427525
0,0242949117108896
0,0594348319263557
0,0181171469019835
-0,0766243324851616
-0,0149130174491241
-0,00434760550610524
-0,126458888537895
0,0892673227008718
-0,0944359453317921
0,21790971144723
-0,0860111264903974
-0,153629311224148
-0,0100148663559722
0,0382050486920956
-0,0349684226023537
0,139683330133866
0,269900604484195
-0,0635536662331952
-0,0204747720078724
-0,22171747938845
0,0392466095339719
-0,179739230251755
0,168638604152036
-0,258410046195368
0,0244949911597252
-0,0305195022556459
-0,0979034481229384
0,222265279139746
0,329837440538296
-0,290562045487129
-0,114533286276711
-0,00302670217029076
-0,102559564045775
0,138850665527452
-0,0364939297762098
0,224918120969669
-0,0501641723486528
-0,170586944875963
0,00948761520599404
-0,125636995698294
0,106698648288655
-0,231793115178613
0,0770692214855402
-0,0307442325708774
0,151418486838629
0,0142513834017129
0,238386539464027
0,0720993098045
7,24035672345943E-11
3,3397704885951E-05
-0,0122182968888219
0,00170305379064343
-0,00189840030199694
-0,222978593257077
0,0691461804026123
-0,0002661902672197
0,0081025705263728
0,0144386355324039
-0,00365798404451183
-0,0324144504691357
-0,0265759884622683
-0,0209684723599259
0,00480265842811339
-0,02888909874408
-0,00444204991805356
-0,00531527616162978
0,0172166726436731
0,0647678413596152
-0,0867201928069514
-0,0319394544693009
0,0262910866121149
0,0484704893609145
-0,0125357356201636
0,430182049919276
0,118476346467417
0,496108011627653
0,0682744963457863
-0,327859614357956
-0,0967858004095328
0,111380285127277
-0,0667840448238928
-0,330974816916162
-0,37052891166063
-0,144748857187808
-0,0340778122873328
0,139775300059778
-0,0930123424379819
0,0534818512533038
-0,0607497476565223
-0,0384078964940204
0,0337477321573402
-0,0832480171789759
0,0710053040142115
0,0872703989614746
-0,0447643023669638
-0,0410299276914141
-0,0123356965212343
0,0278849540104059
0,021933181397122
0,0028123502359207
-0,00593007840941154
-0,0382330433745019
0,0446436341208477
0,0157363370944217
0,0441583534387983
-0,0183807892174967
0,0417335108031055
0,040893046386961
0,0334943845335142
-0,00738501909676903
-0,000498700191072665
-0,0225436267752035
1,16674419704927E-08
3,34601983774404E-05
-0,000442188733802989
0,0029288189941963
0,000759519056422009
9,26286910479691E-05
0,0014470944267797
-0,0184709504167909
-0,0248637397929752
-0,0180455185471445
0,0524202359667097
0,00657029581622704
-0,0111052463319853
-0,16325792482874
0,0434564525435843
-0,124451853145173
0,00364650010920205
0,14274044919557
-0,0229881325686172
-0,045718682042563
0,0314038133309492
-0,0353211702812099
0,0320537504403218
0,0918015646808945
-0,0686523042588263
-0,0729852057748711
-0,174376975278937
0,0288620491268173
-0,262976352884162
-0,0374514765769565
-0,0446760672361396
0,0797278634163214
0,0121353855358809
-0,180702159129074
0,0587390231674711
0,0395812142594163
0,0146499012239115
0,0161694498360727
-0,0224784808145834
0,104753407128399
0,0273643112430475
-0,0372782822481205
0,104242533903224
-0,0601100253100055
-0,112942253069853
-0,0344252264767797
0,120301240936058
0,088048276408385
0,299907840111349
0,317874673113908
0,193369664673089
0,188508777791944
-0,255698490214867
-0,0541653938566076
0,0155383979514655
-0,0394344656941099
0,0670577467279897
-0,0250880578923531
0,158621989679946
-0,302196257633067
-0,241163516367021
0,209300488401449
-0,116823830680526
0,350803302442297
5,7566543231774E-10
1,39563626721641E-05
-4,87778428730834E-05
0,00015859773572848
0,000267231656581852
-0,000126877996251886
0,0136354278345547
-0,0783539110747985
-0,0350794759746464
-0,219937370576385
-0,0700876729061953
-0,0209810026529397
0,122706259459268
-0,072433163374023
-0,157058299134042
0,0177629359955419
0,0658519601363166
0,145310766292583
0,307121116054008
0,10732663519602
-0,0205383308603433
0,115919889448219
-0,0554341852532827
0,00694757426714866
-0,0106516725500901
-0,0511642418911797
0,012211403442152
0,0208680692756799
0,0376881414191488
-0,0510273271717186
0,0407056299582015
-0,00200504642797141
0,0124956853120405
0,0242951139558013
-0,0268829916027442
0,0224328276969666
-0,0416505044070906
-0,140702709088397
-0,0776878319184118
-0,13012850662679
-0,126555626851039
0,0761858466001794
-0,16451983193523
-0,0930824876263552
0,0388943069414973
0,134469720810717
-0,0255094283187965
-0,0906323859575862
-0,0659594289003303
-0,0886563887063754
-0,0259334308833607
-0,0935650956943984
0,133247562441681
-0,0536512610057358
-0,0136532636684925
-0,159441133403706
-0,336159272336825
-0,119753239506201
0,389842175469228
-0,458359900547243
0,0702708151625793
0,0795259078603277
-0,14028338008606
-0,124247368742815
1,70778962407535E-06
0,0569558234808752
-0,00014654084427129
-0,00175467181949824
0,00927275732881991
-0,000353139678062252
0,014191935338402
-0,134359821828378
-0,212937872272024
0,0429458470381182
-0,176784479998114
0,0802681858070391
-0,126866386106945
-0,0662424025185205
0,242618111712731
-0,104434008847715
-0,261943441613696
-0,0151017468194165
0,0648801835634642
0,0975090561897533
0,0531433955686508
0,197842722728421
-0,321997578964083
-0,288180739188157
0,147797457551387
0,0659811944764126
-0,0607683954311397
0,0337666046220623
0,0158745359999227
0,186446211111257
0,0945746725100244
-0,0453672309921578
-0,0544711494616186
-0,023137066604891
-0,0917155844040561
-0,0605960784444557
-0,0372678495540625
0,00312795289374065
0,00487221916296752
0,121080403208973
-0,198541752671994
-0,0562416350560128
0,143693176671502
0,0253632981829574
0,0570581564816001
-0,20098705520698
0,253472293717613
-0,239927279940856
-0,124219431351891
0,158521305632237
0,0511053181784706
-0,0081732969155079
-0,0203580966378527
0,0380409871763916
-0,284680986685501
0,130758894337008
-0,0969661648734899
-0,0168390497958053
0,0222922449023075
-0,0129387812807635
0,0193797868918704
-1,12397843625777E-05
8,37490922063081E-05
3,22841090425859E-06
7,94058996302156E-07
9,67813332262365E-05
-6,83245083878779E-05
0,000642202684593177
0,000360160108387406
-0,000302916705304825
0,0330227058281494
-0,120949091555309
-0,0702303743654563
-0,277932626020847
-0,140805290583792
-0,0216461249949126
0,258999523484489
-0,0587335122774443
-0,0672339770131968
0,103268962165274
0,134596031251188
0,191936438971869
0,130772561847424
0,0412447662599197
0,0236342532716483
-0,0979848457427263
-0,107268115500927
-0,0796362508105986
-0,101199957594499
-0,0342779308511329
-0,0482533732439055
0,0587391684417846
0,145789666769683
0,0191815134206124
0,00708453357260071
0,0443017612181194
-0,160145555831484
0,0101986977341811
-0,0112301327374713
0,225813973980049
-0,0941460644031528
0,189863410048785
-0,201270075136536
-0,0543103160797163
0,0680023707444333
0,0650751906687682
-0,128980456017336
0,20529740860003
0,170441342669171
-0,0168650232766283
-0,00702943267252133
-0,0965170917662308
-0,149654198518888
-0,0539894817986673
-0,0661761757681766
-0,0888093180900209
0,0394594932220275
0,0575754568336593
-0,113647588677268
0,0191542644854517
0,250192505223417
-0,0726923206830599
-0,203478351544173
0,103621827241563
-0,200498763327221
0,135136699710359
0,0193914022504539
0,38382547920508
8,54769383992042E-07
0,11066808326085
8,41415635041944E-05
-0,00411132186775908
0,000645617965378439
-3,50588604536547E-05
0,00921236351515126
-0,0944694181131414
-0,144875566468943
-0,00179048083304609
-0,129377498427404
0,0568774611803057
-0,1365562491479
0,0130325303457815
0,180372724509549
0,0652201006268088
-0,0745310702139521
-0,0561861543822357
0,0725899858879681
-0,145426854367346
-0,21812940292643
0,153270618385727
-0,13921408018911
-0,183903048362316
-0,0964894533492025
-0,227500467460983
0,0986508199820133
0,0126993985853649
-0,1242260048756
-0,40808714109706
-0,270033775230781
0,0706682816574893
0,0738406306830886
0,148844231996207
0,0919411006318289
-0,138548416368762
0,261626918378119
0,159806292769192
0,0248576754462253
0,0679928107054757
0,350057315421459
0,074333498436621
-0,280781347768833
-0,0252299837122829
0,106899861158806
0,0839133753702896
0,075276560776039
-0,00158998273745582
0,0503899195584211
-0,0130404301537971
0,00667785182517562
0,030718327489517
0,0394735656787238
-0,00197754320494504
-0,0170438612457237
0,00841777043113652
-0,0072707185899905
-0,00705867785603188
0,000996789659526777
-0,00248406697032273
0,00406247603604408
-0,00141068302604131
-0,000997332950978459
-5,91231865149697E-05
2,76575915502967E-10
5,15354251773066E-06
-0,000132738349854455
0,000275320025866345
0,00424082355066699
-0,0031324004507678
0,00745182794419045
-0,0222595251086843
0,000984367456030126
-0,0286816302807902
-0,00332200522185803
0,00602264811666453
-0,0302706508233467
0,000592044169357273
-0,0702524274263753
-0,053533482392219
-0,0868296784012582
-0,0849218627050568
-0,0967485674316987
-0,0732613589879647
0,248791563059625
0,0130267530074084
-0,399679982524962
0,45452372037311
-0,124907887394419
-0,234618795318775
-0,0233495476986703
0,164975850704404
0,277155413375272
-0,157342201501259
-0,0733185238607571
-0,298997291691755
0,142096130368161
0,00579717642674505
-0,0345778708520561
0,0328369749364768
-0,0485837537934139
-0,0172080133355152
-0,0673985851680915
0,0075630452527514
0,0954288305138853
-0,0270816229157199
0,0429045022975268
-0,197136514434645
-0,0706070678105987
-0,200668898928803
-0,0784802572084457
0,134411198782048
-0,128320817966052
0,0455486898440788
-0,0131840782419617
0,0414415826533344
0,104445312406156
-0,0229952162741137
-0,176544722345164
-0,00527040262221752
0,0593478829354266
0,0938527593157503
0,0957556264924117
0,00430393624835185
-0,0510004645442806
-0,00091263342940352
0,0147000313027658
0,00382027857399516
4,96035795103365E-11
0,0117953267591793
-0,00697969074132151
-0,000149749882924469
0,0210745522059459
-0,000486149481261184
-0,000216680047709531
0,00176949332981227
0,00692654895371059
-0,00682933726285085
0,0377006670930042
0,07345703584835
0,0280712299348531
0,0284195536406588
0,00944240908827132
0,00422635364529661
0,0194461148586849
0,00251499104485705
0,0261583901365944
0,0154412168382164
-0,0603657409810615
-0,0551188915235366
0,0304609967851405
0,0664404322613572
0,319121028180058
-0,127531595052353
-0,155805452959458
0,165348347682115
0,148402990798477
0,172294528606681
-0,281831170541617
0,202544616027806
0,122607425250757
-0,0166676829089265
0,0111533930038074
-0,00485329419845063
-0,111149675372864
-0,238105568922762
0,0562078844021352
0,359151794213216
0,076343197009614
0,163353715682166
-0,0596745758367318
0,0967413717539247
0,244698778901078
0,129335912201135
-0,199347220190955
0,00906379391821756
-0,0368692324666653
0,0868174209799766
-0,271409653180976
-0,0112147958486892
-0,218346044398547
0,158040224741768
-0,0575121437458012
0,159135400783882
-0,0258928043334931
0,202181492288193
0,130696455765552
-0,0473064543417795
-0,088117592891271
-0,0582285953035804
0,0248496499733157
-0,0203452467580904
0,000131019289822373
0,00108119712329289
-0,0260822242713666
0,174225688869857
-0,00338795502837316
0,00439403118774796
0,00285091696079906
-0,0430116082573928
-0,0222802892082674
-0,132624025946301
0,212143055027399
-0,00446810393425494
-0,155441709382997
-0,338368177285972
0,115194994453473
-0,0580313491615706
0,115529929696975
-0,0474565134072526
-0,100007260740148
-0,0118959486756351
0,0736164072959414
0,0440093678897328
0,0838403482904212
-0,157859449372208
-0,257225181814297
-0,027552453461605
-0,0568058894110376
0,00468564065456637
0,127680942836241
0,119824209939995
-0,171744557603906
0,0202383796976184
0,188744820286264
-0,212924038581847
0,059765376125622
0,0471258548533502
-0,00721540353162142
-0,0760980005311605
0,0148663391996262
-0,0347975432970549
-0,0971582445642006
0,0354857619879154
-0,120470640288216
-0,123765695747842
0,0157025293252706
0,158313662903823
-0,060914247506678
-0,109911890016616
-0,270685669997817
-0,206241606150813
0,268259451491657
0,321625443165949
-0,0196037935019136
0,061434716068582
-0,0432751068595969
-0,0108601500286893
-0,156215757655152
0,0853876298402123
-0,201949207400303
0,0180571090678767
-0,0749295100561502
-0,0304915712606741
0,0172358044739049
-0,0148117202276454
1,07014061407443E-06
8,80495169060696E-05
-7,60500611844982E-05
0,000734368352166738
9,9737810613303E-05
-0,00209828223989432
0,14171714187803
-0,119767251966568
0,0711298605765014
0,0675047672885809
0,00618027792758516
-0,037481417272515
0,14443548678369
-0,055145748828821
0,00185022203036643
0,101968776131835
0,0203458612537659
0,026569984204903
-0,00805107896934981
-0,121703476218909
0,0848977559162751
0,0876317193845167
0,0187741857583551
-0,0922723209075028
0,0694291579326435
0,046375436675531
-0,088944979994998
-0,0790121773044156
0,0277144839445661
0,014402899728516
-0,207387337526764
-0,24685135869901
-0,0926334703990117
-0,0292776582832914
0,0666481922834024
0,125939432434434
0,0330731780737111
0,278685315597958
-0,126313780827499
0,146194423456996
0,034114641679128
-0,0311912406115132
0,13889021755664
0,142005469136344
0,106213862457914
-0,0698365454210594
-0,147656179873809
-0,0348829958400944
-0,123606028163165
0,124928042853216
0,0306780066742217
0,0215682267681696
-0,0349162348110115
-0,521347926520725
0,257792056434835
0,118283233395204
-0,114570460212013
0,193152591731153
-0,106474536921883
-0,220205202492938
0,100369244559599
-0,0459405002463675
-0,00318688479483772
-0,139967844363159
1,28671862322755E-08
3,54628071209092E-05
-0,00088679312258076
0,0036501420674592
0,00185377815255201
-0,00364909229993488
0,0289176198321155
-0,0353919165288315
0,0127468510105672
-0,0238970477884899
0,0730125180640657
-0,00675950324910457
-0,0428971405491268
-0,124665189537123
0,0627442141354995
-0,0674621621099751
0,0623661218630561
-0,0415486128378997
-0,0103803501070691
-0,0195679485058653
-0,026356234898027
-0,0386827947134156
0,0159369392378833
-0,031680805187248
-0,0681621602687702
0,191762190631226
0,117537957591025
0,218486476382444
0,0141669603938687
0,0530779054916825
-0,0722553787228076
-0,0305917003380287
0,306703914625015
0,499859149649412
-0,0975031223944716
0,177246044621658
-0,107741568599043
0,0869846979660312
-0,0827644594409134
-0,0456335709491199
-0,278592681534557
0,230118667558198
-0,252204708716611
0,116236335251892
-0,109963297403129
-0,171439110385112
0,0494883971116241
0,0943679193195421
0,276338556869222
0,215409469051772
-0,0752282320949788
0,0389122530589472
0,0432951037212071
-0,0350291237637434
0,0194795621757942
-0,00143400450451703
-0,13742264772798
0,06698706957041
-0,104220463781955
0,0212103728484655
-0,0446128686298895
-0,0208696991390824
0,0107350312060051
-0,00860246434601921
1,00663477435333E-10
4,32768498548861E-05
-3,88134473591315E-06
0,000323943519623482
-2,10410990204488E-05
-4,0876372359415E-05
0,00532985238282619
-0,00745483197848939
0,00243809728261223
0,00805118209215278
-0,00330988513108253
-0,0072931460136582
0,0580789829580674
-0,0307057495049883
0,0232950305997773
0,0104344289822698
-0,0301669278518637
-0,0387740201645385
-0,017290834302981
0,0335351044179972
-0,00623454393178638
0,00437665249177659
0,0223077897136895
0,013764673433389
0,00850152342545505
-0,0534115574497225
0,0269827233517689
-0,0211995971908499
-0,0181293714926312
-0,0195497725215294
0,0321696774753038
0,0166453302241514
0,0721061933029224
-0,0393132892046912
-0,084215628775253
-0,0692247226431848
-0,0827813939952384
0,00259099267660185
-0,00830617910769499
-0,0244074876732534
0,0330415086113395
0,00639706841044289
-0,0831900150425512
0,148303489290744
-0,194090897820466
0,0790437739515386
-0,0241258549359336
-0,0405631867980949
-0,0453538196489656
0,0900681665799792
-0,00598007289211007
0,0394279232569884
0,0220037850189931
0,189341191736328
-0,11219070973205
-0,0352198148696246
0,228791701037173
0,356331187464926
-0,194157130693927
-0,243725330955625
0,597017095393
0,430576860843687
-0,0399335063097638
0,000783966266603026
0,000130552561901406
0,00105523992177878
-0,00345001896941251
0,160170914855969
-0,0060147660073641
0,00354568514947312
-0,0015791631849799
0,00575821260755046
0,0015205593107997
0,00133032737708906
0,00249662950080139
0,0288937101872927
-0,0233047058974948
0,00769551991072963
-0,0145632556032222
0,0512178265541643
-0,0150339869529695
0,0424052864052499
-0,0152122019411832
0,0356063440384418
-0,0230099104269136
0,0148096558516762
-0,0189714551921562
0,0260696194193121
0,0530006535025657
0,0211035845151783
-0,0441910381008824
-0,0366326259612892
0,0472638058567344
-0,0169908370836929
-0,0219306412484108
0,0661385939452767
0,115396526728202
-0,0119805484861605
0,0196382090033517
0,0355651686706502
0,084594133570918
0,185123982111836
-0,0886456633779817
-0,108879406188049
-0,0592334365296719
-0,0388665284908129
0,103866092301906
-0,0728451169621564
-0,232793830488434
0,124592193111486
0,321575049756269
-0,0197210985749078
-0,0851793178052239
-0,195671350447172
-0,657157417466174
0,340840956353929
-0,213329204814315
-0,169265713043455
-0,0542255194880797
-0,0381635024289061
0,0583890191316987
-0,0512141437652305
0,0273621637863324
-0,030202920049816
0,00501215397469513
-5,2439213936191E-06
2,90042391061789E-05
1,22412586734051E-06
1,27983685753162E-07
0,00382707623893874
-0,000607500498690095
0,0299727003539194
-0,00154445062739774
-0,0115882982875668
0,0538045146338487
-0,0674588396175882
-0,00996715048623101
0,0831332396352105
-0,0521604914832127
-0,0267477441892272
0,137178797251437
-0,00907774081286612
0,0851130902946425
-0,316800180536131
-0,0404396090846563
-0,159168410335831
0,155418064055651
0,105979865942519
-0,106631595243437
-0,148677520572573
0,0137461029336387
0,029965182940758
-0,0711123796358516
0,24712367448811
0,00860348431053471
0,264833496161453
0,106333145787025
-0,0552550757783564
0,0300580432958341
-0,0565088940177565
-0,0928873743780537
0,0917765834947904
0,374114997903343
0,184788581898637
0,25506009587004
-0,289619850575903
0,120939057975311
-0,077094820792872
0,222175442356941
-0,0657109480006573
0,0604512415414639
0,248613676091535
-0,228198736215828
0,0626774868833293
0,0436386366469989
-0,0030148988099619
-0,19870279890857
0,0508949466499508
0,0271412383585155
0,0192339934713711
-0,0258836300785525
-0,0199382040780096
-0,0265973431240931
0,0392748916237916
0,0148800909429256
0,000442405695664131
-0,017367892430249
-0,109502914547874
-0,0520832582082164
-0,0539332028941595
-0,00144514385930924
-0,0218677463123209
6,56943214718282E-09
8,09822931985506E-05
-0,000310274536609519
0,00144215173796407
0,00202901355220739
-0,000297692906415823
0,00161519435382614
-0,00729467151151814
-0,0142687605451267
-0,00111637802624806
0,0462690569262245
0,0337449356713118
0,0242467621487646
0,0411210754733915
0,0257779767867877
0,0101874462123262
0,00328470208839764
0,017338525918687
0,0242302680511159
0,00365138228521832
-0,00660536232405473
-0,0109334780282524
-0,0700170853343129
0,0387872105378424
0,128912035743493
0,0844164833560447
-0,082528944064698
-0,0680588683966295
0,0740117099156279
-0,0507031414815754
0,0733597732849782
0,167026769200336
0,400951852140747
-0,125073139484054
0,207457420954307
0,016161008712083
0,225612982035561
0,335337610856456
-0,112102818513684
-0,389030439512016
-0,0910313133217715
-0,12982576935794
0,106588820706162
-0,00185971143304362
0,0412182366280493
0,033950330523659
-0,0647791790640445
-0,0424730049739948
0,0390453934778801
0,0125457522382433
0,0870690545953009
-0,28766342352295
-0,0386711648780523
0,222771584000957
0,0231221666516047
0,233115659292312
-0,0524931424553654
0,289645626632259
0,10286955971249
-0,0567534455767505
-0,120763297935232
-0,0492082182596697
0,0401070732569167
-0,000858743871413349
7,97273184944154E-08
0,000138814532502626
-0,000725717345061376
0,0201362547173946
-5,93261186005204E-05
-0,20728627935752
-0,00797023121398674
-0,00168123168494528
-0,00272137571106352
0,0100862816401359
-0,0356037393953241
-0,0298782995577782
0,0322439997680765
0,043601070519708
0,00433832668451507
-0,139989911520769
0,0403641505895618
-0,0811309032156533
0,0695464798632257
-0,0841717656654953
0,073860609084838
-0,0428643332849036
-0,0448255008924373
0,0176182070373618
-0,00453958404086939
-0,0383830759182539
-0,0116454711210549
-0,00447870917257187
0,0328183063109002
-0,0255345921938626
-0,0236239658993288
-0,0388780402538017
0,00110159098118483
0,00694187741803755
0,136762554479689
-0,0815131908556099
-0,196601280708711
0,0182808981954459
-0,0545676237611206
-0,0432443449993975
0,116442151333317
-0,0331805660994512
-0,0141224494311894
-0,138453714762711
-0,0963835100785766
-0,154815948118897
-0,213672206019324
-0,314262569203096
0,190462222402583
-0,0715422002602272
-0,120300193555089
0,0888116599556275
-0,0927774987590937
0,178727408972224
0,205690787254839
0,444813944277631
-0,171933319669821
-0,394520733515723
-0,194055864805257
-0,0715908776234054
0,071480339565797
0,192019555382141
-0,0124742965176175
-0,0317007620792093
6,7506553495287E-11
7,39051907940723E-07
-1,02084365366877E-05
4,22496258623573E-05
0,000113953900376005
-6,62249363376924E-05
0,00218005864821952
-0,0135742702038389
-0,00574534934831806
-0,0422055193976504
-0,00793284436352624
-0,00566972197474331
0,0271710720280583
-0,0276213426077702
-0,04740115320011
-0,00285391165763193
0,00576314788721265
0,0279816704229296
0,0840431434493033
0,0137748594584395
0,0387416704230903
0,0516821692251926
-0,102148722438976
0,100150615754581
-0,0491740578576303
-0,0912066479106563
0,00315431362557593
0,0638194278860219
0,106086480061551
-0,0621716428476479
0,00910382199853627
-0,0314731256648348
0,0155433354064652
0,00640189967734124
-0,0485983761422777
0,176055357856446
-0,135278005613243
0,292064249188381
0,827281639845905
-0,000192470999203608
-0,10246076995001
-0,0627168640640116
0,0520194990473711
0,101474156663166
0,0648978684186158
0,209355603913942
0,0660026731783388
-0,0828998960826771
0,0921399177085757
0,0123727428605064
0,0136280669247345
-0,0097353308393937
-0,0519658356668203
0,00783895118217561
0,0773919304334364
0,00109633771211932
-0,0263588449864305
-0,0386504210236778
-0,0412462732495677
-0,00108852114389258
0,0200851618154424
0,000735494203729646
-0,0103645073818404
-0,00268319195078574
2,37912146719459E-10
1,47915154413967E-05
-0,000957297522569251
0,000545745049398036
0,00209174016049284
-0,00406692414506232
0,0827339963505281
-0,156096509612508
0,0341929622317728
-0,197676344769408
0,0553883826677665
-0,0547984771369152
-0,075811637961267
0,069081301140248
-0,211750199325952
-0,0820245421930308
-0,234452241273735
-0,138044358678823
-0,156227815013897
-0,119556379124091
-0,128000405095283
0,0121327043735557
0,0756555665697382
-0,00065876252343607
0,194283491149288
0,184278947885652
0,0340134592304532
-0,0752845688952338
-0,169533518808275
0,0199085796660028
-0,105333974010655
-0,0461849275102704
-0,0394583060222239
-0,185414457321497
-0,013283786025157
0,112574811802462
-0,0768700864967223
0,186074720835399
0,115188676981801
0,0261001032527358
0,184376147602668
0,0479124860552431
-0,0241699376899685
0,124217617720444
-0,0737465722129438
-0,337774495042403
-0,0446638742397168
0,122598841787596
-0,0797838799901292
-0,171143429903655
-0,0994179033290518
0,0138546375487068
0,0814382782995286
0,251328319586295
-0,103855831318236
-0,230362953638916
-0,3007338325215
0,0300411452866463
-0,0671098131893194
-0,132616474545077
-0,109611630659355
0,0270343701299579
0,00183748528660987
0,0824370101919234
1,6868122342088E-10
3,66269992324572E-05
-1,49608777469079E-05
0,000274776895615003
0,000103475701171242
-0,000145843793641979
0,00246074515580846
-0,0188534297759081
-0,0327176987845687
0,0238174604592563
0,0135243124190624
-0,00519080160725874
0,0278140424131397
-0,0487447599349592
0,0298792015370535
-0,153036185515538
-0,106500710715301
0,174398799745483
-0,0394231981122872
0,0399417572219714
0,0409389411210328
-0,0636538922051016
0,129166845850321
0,105611272041891
-0,0474891026635815
-0,0631855609047465
-0,315136173289032
0,0569484351643582
-0,245634178460277
-0,195193212398457
-0,0448295016409766
0,0305561312317664
-0,0294400659014107
0,10532413417157
0,027642115347788
0,11296931543829
-0,0068407825401791
0,0103274926159785
-0,0246729626846003
-0,0290879810012746
-0,0744318684718928
-0,128733148871501
-0,0454113667966951
0,0415553569632981
0,0128264666052113
0,0179444496140202
-0,111740690061044
0,00137905440826457
-0,134115510338207
-0,0520446214388145
-0,0239833273232018
-0,114558763873274
-0,139967041838154
-0,137061178513821
-0,151419269775365
0,0223729915930459
-0,379151149255764
0,0216790041807979
0,139830364235866
0,487584752005847
0,245078316985308
0,222980641906544
0,00606824692121489
0,0903726878858414
5,15456668477376E-07
1,06603343400878E-05
-0,000903501801631989
0,000616516544684468
0,00227807281939597
-0,000470292118981471
0,0309041751392154
-0,14020929436483
-0,0372162350424623
-0,342034062160548
0,0138489127430716
-0,0651155373291372
0,0667146740487683
-0,0710954827837414
-0,330473162806234
-0,0444918268078393
-0,105955262832786
0,00899686514379576
0,333808428389843
0,0701652942626975
-0,0141939444054767
0,256903060054776
0,0972690044071877
0,0338199566927647
0,100942922031739
0,0152767754268305
0,0246307416892841
-0,0236742256166273
-0,0293329638870018
-0,0528490463481783
0,054742516779081
0,0389417283996547
0,0707560781461994
0,225632515203052
-0,038810599990231
-0,282109805762552
0,118233652733845
-0,118959830348825
0,031043655585489
0,0641130964644748
-0,00928719619488109
-0,222003401426541
0,180689488915032
-0,193915918219996
-0,0479675467569826
0,033285287957454
-0,101289263010876
0,0579130098737186
-0,00934182447533166
0,167576361179739
0,000416144628317676
0,120382324983971
-0,0441107540450309
-0,0191373404196491
0,0503203683655491
0,00240063797254111
-0,011571933105686
0,153413572483156
-0,306915656719535
0,135625892856724
-0,0713904132701918
-0,0493177003088524
0,0869578139351109
0,0770366841974942
5,36643994947705E-10
0,0818529120654865
8,60682949160479E-05
-0,00296180162561375
3,16548428010168E-05
2,25368538217344E-05
0,000351672969484556
-0,0152033506236317
-0,035214179536949
0,0258659967998973
0,019684304854734
-0,0177161053487315
0,00574607371976559
-0,000339129644728706
0,0131406268959991
-0,123918109826027
-0,102877469783227
0,227519610333051
-0,0440645273351396
0,00889405875348128
0,127658823830405
-0,024177451140367
0,131439099811494
0,0138858041954888
0,0284713521307545
-0,0439031816392367
0,448859906279627
-0,141363717514959
0,186382626439854
-0,0329824910019683
-0,170353327663164
0,0651993522977778
-0,056376553085574
0,0145832208004911
-0,00174137232990373
-0,0310917281047044
0,0213243199326343
0,035475832216691
-0,00871243904633852
-0,236545920139506
0,0886903013849487
0,35175572758216
0,293981829160781
-0,00218628270661605
0,0352855554287911
0,0755867746571137
-0,124299514170752
0,0288183057764504
0,0152962595235313
0,143106072013113
0,0571286668573918
-0,0644245223229125
-0,277071818731633
-0,0612279088117999
-0,320993312613418
-0,0567529700145166
-0,0952804997689934
-0,126128785463519
-0,107820101550294
0,0144270599572025
0,056103786315375
-0,0250721791068517
-0,151171119043807
-0,0339153244842866
1,48812924577445E-10
7,67376972477546E-07
-2,92453966701826E-05
3,60858056454896E-05
0,000140905997014692
-0,00019909676404605
0,012574805942672
-0,036503244930285
0,00161098089060153
-0,0716749458351715
0,00372115401798744
-0,0229043542364608
0,0249699549263478
-0,0148000231780941
-0,120806324147895
-0,0111692480873851
-0,0615080860437022
-0,00531706628610186
0,104650160230427
-0,0181099757790333
-0,0424330970611536
0,168064622303366
0,0735946862758547
-0,00953346726359319
0,217291723216237
0,145611371070195
0,0122320367497652
-0,117538840121421
-0,157645874873274
-0,0895940988378697
-0,266236951148332
-0,56355040161596
0,196966914218983
-0,213520297000472
0,0727982907703008
0,146020164184209
-0,0546610272770243
-0,18824696172322
-0,0262079492084848
-0,0962032862603754
-0,103654264030128
0,118373168033732
-0,104497344208517
0,028977319606573
0,0228420063310386
0,163194832376129
0,146743549416729
-0,0589704956261711
0,112681137020092
-0,00798803673069356
0,0494800867712688
-0,0447736075970781
-0,0493120526278911
0,0523644634108768
-0,0430529153498197
0,122025615793054
0,278492083509612
-0,105122764646563
0,0917751402801946
0,193181884599469
0,0367825719108732
1,53736700840046E-05
2,88993447752852E-05
4,97275948880019E-07
0,0131349729561465
0,00109532158692108
-0,00419992898384694
-0,000116409615163375
0,0125863808434194
-9,63230981954214E-05
0,00918927206935749
-0,157034823161749
-0,288026659823439
0,06138974053225
-0,11134678598785
0,0813001528321609
-0,157275251531265
-0,0893072642875532
-0,0734940089893328
0,106625739167991
0,137375209238095
-0,238623644662742
0,0189766701058888
0,183620119136864
0,405519102645379
-0,079628520532351
0,153919833890712
0,0677709448110576
0,1614609580733
0,0319838593170302
0,0348799794568939
-0,0104985041680622
-0,176106209733924
-0,0386650062826929
-0,0805463920292374
0,0823661117848392
-0,102515095620103
0,0162587652147029
0,0686477610000228
-0,0724349437514741
0,18364125993082
0,0865611586854821
0,0868651751320562
0,00122398257845004
-0,164782599841951
0,0951251758595212
0,0177241516739398
0,124953369879277
-0,0403790028880206
0,0433055794551362
-0,233394938122404
0,100405081898197
0,0449226507715213
-0,0880558804140416
-0,0396698263627324
0,14393982075501
0,302920945163443
-0,0807484628286119
-0,172769825137613
0,162179584933638
0,102122505646583
-0,0620939209448672
0,0905042247581613
-0,0295685046049967
-0,111919982039838
0,152907816588826
0,0291561308265141
-0,0153988958662631
3,43864539637244E-07
3,84837129194002E-05
-0,0164520235659016
0,00867168033496892
0,0011369262830923
0,000454287732081279
0,00290465646939352
-0,0293298956065992
-0,0147026932147078
-0,0792282424861926
0,119287830839193
-0,00103527687776086
-0,0709991755592915
-0,198374334695325
0,0632038939015741
-0,0626426074122914
0,0688446035724677
-0,0430071065114723
-0,0482918443937261
-0,0330831570326841
0,0689527086394934
0,0172029826665744
0,0127699923274261
-0,041255685139709
-0,144372035119114
-0,0808741067553468
-0,0609906634367
-0,019016159576942
0,0841850997481665
0,0139400225104691
-0,0628531904180539
0,0130954801702584
-0,0244793778482789
-0,352159804377858
0,113764416958167
-0,049265494191147
0,0980108195972727
-0,142419382269404
0,012652491678418
-0,0072859275872393
0,000678846260439254
-0,0279020718484118
0,0287336680565454
0,0203441211144419
0,0182380472922715
0,0632821496358597
0,0936392267544815
0,00956387158721085
0,21515361723475
0,333575691581156
-0,408357718555984
-0,367434159845213
0,341715440228521
-0,0629006298817374
0,00117331433797624
-0,113752442226004
-0,154240779948602
-0,0696495470914325
-0,213992726510722
0,0536774899990228
0,0615444330795543
-0,0129681303090467
0,073633413599549
0,0309293495853401
3,74245809015282E-10
0,000118102698718766
-5,52361506151373E-05
0,00104478448766957
-6,75741078193123E-05
-0,00221145122568707
0,134483168640638
-0,115204934156693
0,0962892105785793
0,100806311067056
-0,00772956929827205
-0,0277910962378595
0,143034347801963
-0,0914120040172494
0,080678780279543
0,0522247813021435
-0,0234747937845154
-0,0696402085318781
0,000470248793100891
0,103727066479858
0,0267273042485892
0,0437696621934873
0,0774963409304408
0,015169533414378
0,0268837519925572
-0,207459647620734
0,0411474609345528
-0,120518294146132
-0,0290686283727635
-0,0468013900077121
0,0859182198537583
0,00528083275455107
0,238408380749967
-0,0878445403551013
-0,289902596922429
-0,214592145363319
-0,221876513083712
0,0405416824227066
-0,0491293358911906
-0,000347655549817785
0,16677743327931
-0,0766896694480423
-0,100349374918298
0,391780315698822
-0,418132290311441
0,140691327052835
-0,0519494540898992
-0,0792594527097162
-0,156094127211043
0,145520054276877
0,0432164551017682
-0,046317684118323
0,0186917364986372
-0,0401212309006003
-0,0132285045748886
0,0467768390728942
-0,0791447642840982
-0,137739697504737
0,0915291903646891
0,0741870899296866
-0,215656178953917
-0,162284408789982
0,0150708274536111
-0,000294885051052245
6,56441461469258E-08
0,00142882717508302
-0,00232937867753532
0,0160824016047987
0,0271134562718597
1,02178404453989E-05
0,0042103901973814
-0,0257926622138684
-0,00877574887355438
-0,0938908004946403
0,180748171166578
0,0906601661631633
-0,050270316633366
-0,480597799471022
0,17255004945556
-0,135136741612177
0,247268127599115
0,0285413109750224
-0,0231970248746165
-0,204949908907395
-0,161527619697446
-0,134912538850978
-0,219901471420046
0,209645459633645
0,201006928827916
0,11982930770735
0,239900301292396
-0,0706152433419742
-0,282473504970247
0,118205383011019
0,0815950248966667
-0,0980113773256595
-0,0351666924298053
0,188505413620783
-0,061208639836027
-0,0841787436055392
-0,0201697753157848
0,0603717868245567
0,00541384445312955
0,0316085032075659
0,128593944687232
-0,124937507295287
0,132919634844212
-0,0258129015424317
0,100587922806654
0,105766504187938
-0,0677776777763008
-0,0575953052218712
-0,130329605106284
-0,0874055630341504
-0,0863676818875287
-0,128579688395726
0,01797406644026
0,00662389713496698
-0,00688570497275257
0,00100938542857062
0,0857143359857273
-0,0404236811714748
0,0817888834453097
-0,00868507470301236
0,0333668471041995
0,0138373575420246
-0,00782151193708752
0,00672350536072906
3,05117405518046E-11
7,03202571314021E-08
-1,39935704931848E-07
-2,15125459043115E-08
1,89293180016635E-06
-1,11010705587257E-07
3,16411194571676E-05
-0,000502728956964291
-0,000671510107091082
-0,000715761405494728
-0,00147863204018891
0,000766010139431254
-0,00119809794281977
0,000172130035353267
0,00318540691608137
0,00195673745202079
-0,00024151521767348
-0,00103630681683106
0,00307739807763126
-0,00367530723272115
0,00405241770283419
0,00176958449243821
0,014108697828145
0,0146047758448348
-0,000328434370132896
0,00548827740896882
-0,00149300134505884
-0,000795548444279045
0,00361391658045749
0,00921985134972172
0,00786063196766541
-0,00338662226033341
-0,00232507437414065
-0,00148871763946153
0,00177215239509802
-0,00814350652313178
0,0142527254241695
0,0159462835270986
0,00729801893780307
0,0114833254927784
0,0142737399726884
0,0243587219390013
-0,0554564537626401
-0,0438905284497149
-0,00327430745379333
-0,0285701355857105
0,0594834329939524
-0,0879640308026571
-0,0761385910707564
0,0778126836664508
0,0113619191462676
-0,150695013915788
-0,188512169728399
-0,0329253259467995
0,0221883495907886
-0,217065059125083
0,0781433413422031
-0,00822561960390465
-0,0655456820348942
0,0558486650734442
-0,400911379670289
0,556866614589054
0,284670199165255
-0,544354115759672
7,07837876172307E-11
7,37619386455962E-05
-0,014349596969045
0,000198624960396467
0,0407069254628896
0,000151140943071137
-0,000688098232778965
0,000164493040361598
0,00153986478769536
-0,00220147820835735
0,0224092374302346
-0,0111458681762611
0,0124482764293996
0,0459550970203246
0,0261765486923907
0,00925445839507449
0,00287874372590786
0,0135347083783758
0,0348449533169721
0,0231716569307881
-0,0510267450372885
-0,026695302846829
0,0330818165453325
0,0364747933961725
0,134901199149112
-0,197595575425831
0,00754663383862227
0,246574791689635
-0,0327722060929588
0,3088288042635
-0,311499260375279
0,00947115650736825
-0,0557227651069075
-0,0227286230761758
-0,0548342734577692
-0,129085653655639
0,083660254822937
0,00651582761048327
0,0389631354894482
-0,313295620249178
-0,0140369760788494
-0,310226055363946
-0,12573365732694
0,055687794892711
0,0298853321289641
-0,167089086137747
0,0531997913644839
0,00504411948708922
-0,00641310316530812
0,015646738241822
0,0125999465061464
0,0178384595749369
0,050661295112778
-0,0510116082798994
0,0669956114859463
-0,0670716837871525
0,0797918771714716
-0,0199982152776352
-0,0768218408046096
0,110215698772303
-0,0651189300660924
0,0677305721558942
-0,576112750042876
-0,132754672011078
1,07099703531979E-06
9,69501389071815E-05
-0,000717976033896343
0,000812867482933828
-0,000100236971615409
-0,00195807070341918
0,156543956029307
0,122219145011518
-0,101384351600234
-0,0391955688434088
0,00462887984512829
-0,0145875278851149
0,151827370663427
-0,039080071706683
0,0047767361599318
0,066048952723223
-0,0208251383089867
-0,00804303989083153
-0,0485947231488996
-0,121124082365489
0,0554424868034121
0,0192460620185218
-0,0197631269936278
-0,064480349392069
0,019960719886425
0,0279385865867421
-0,0720906898329302
-0,0214228588193473
0,063864422609497
0,038607949253764
-0,0995306081417184
-0,0264182460315691
-0,125961206338655
0,080977172708138
0,103629566889806
0,0941153340016913
0,12451403604565
0,219752642934722
-0,102648120551629
0,0497371747049667
-0,0737116982561147
-0,0338867676051224
0,0817488479299669
-0,0280520950008366
-0,0701390687578622
0,126830801345196
-0,15841739448686
-0,0749392048034427
-0,103420730884534
0,40426027967143
-0,0153464567018722
0,265838574226449
0,0866922444374467
0,435348085211393
0,135015479059465
-0,271179924953993
0,0276649590173312
-0,186065335309226
0,231864382738474
0,163728303989584
0,118527673736254
-0,0777417114939887
0,00049143118155441
-0,1285524646747
1,63500674734679E-08
9,04304496097461E-05
-0,0330254657894095
0,00425896098641832
0,0881052930096463
0,000500688550210556
0,00120194967808876
-0,0314559601925102
-0,0316670059534218
-0,0497841723039279
0,205232250889303
-0,0914502064584285
0,0205308371170755
0,193569751896074
0,159736621675542
0,048565330348749
0,0134719104407717
-0,0125316488541095
0,108892584887717
0,100965501404192
-0,00135680051304191
-0,0196924890558269
-0,00218336050733307
0,0278635119567214
0,146124903379854
-0,245449252694493
0,00892900439032483
0,319139946903539
-0,142582737676743
0,27099453635189
-0,201110328257537
-0,0761950324452961
-0,130170770634526
0,0195040615136129
-0,0628730983834342
-0,0206778271602398
0,0305771261551513
0,0970896627017398
-0,0391587329971555
-0,216220356533231
0,0531432786178488
0,0699723488583001
0,078060033190784
-0,0866514527328695
-0,124666149879298
0,0793057848997002
0,0730479771163765
0,00364838618118295
0,0371263133677565
-0,0582589616905526
0,124381375547529
-0,0347732666823699
0,00900130242969821
-0,0226968349197875
0,0233593548025281
-0,0529317677186688
-0,0705119967353281
-0,0651094128432436
-0,00276268233637314
-0,0812229831316773
0,122258913082232
-0,0641171058690587
0,559623158026307
0,14490557459581
1,26949094631875E-07
0,000215018220408981
-0,000482314763812093
0,0309169817152269
-0,00188433250841758
-0,0402990598994657
0,00135298120601467
-0,00726881566229741
0,000446688591258699
0,0211045840291086
-0,0642912987042155
-0,0405759589512584
0,092123144780484
0,1165516819699
0,0214230419333375
-0,341685274229647
0,114350248117472
-0,191156745372398
0,216144734805784
-0,242532656441469
0,0959681985325756
-0,177157451600142
0,030468938176717
-0,12080747452275
0,0257915827133385
-0,146305251286095
-0,0320723287416901
-0,180455688095533
0,00548630305153496
0,0254744330473739
0,016280794214504
0,00863834820792347
0,0994938573478372
-0,0658861477854617
-0,561136631829185
0,286741155432036
0,38098935346445
-0,0544702128194549
0,00722635410201305
0,0241109042517521
-0,0252796756940123
0,00422934339819619
0,0174523022490233
-0,0667709456886477
0,0518937117526559
-0,0148010995674769
0,00579301432941175
0,0769418924326263
-0,031875810465462
-0,00674994880380933
-0,0200000117678994
0,00244287678240037
-0,0236408339426533
0,032890093900662
0,0351345777485196
0,0446424367095684
-0,0097129495620837
-0,0317627790339222
-0,0222862114299691
-0,0115454898497199
0,0223087330129882
0,0308525024155462
-0,00287972768624351
5,59392530947089E-05
1,37591020561235E-09
0,00073020129327051
-2,96460443772528E-05
0,000261421844594016
0,000643142029787125
-0,000305141817442963
0,00973366174140626
-0,0624416518116709
-0,106346475501069
0,0640348334185586
-0,0118608893737169
0,014319999701008
-0,0208611327692239
-0,0232953507961333
0,0095511948414856
-0,128141592066744
-0,112286735625814
0,0942276307850301
-0,0114295155811004
0,040624003711784
-0,0555159724413656
0,0408615600630613
-0,0905119907556736
-0,150390732929302
0,117796317107355
0,0260321371502801
-0,047386596232372
0,130196170555967
0,159690294480809
0,25164441779978
0,355605770770499
-0,208800953349101
0,107770116989283
-0,135827357139335
0,0699735429150064
-0,0565033441076277
0,133872436530249
0,19131091125822
-0,0259745008762747
0,0981480268944025
0,0921430926460166
-0,0681890208693015
-0,292293858356567
-0,0499500253863302
-0,0162967436377739
0,187055830250401
-0,361032339348513
0,287687480292298
0,213673403666768
-0,0838924526572942
-0,0135366758021402
0,0190254928641602
-0,14753368597739
-0,128396861162459
-0,10918475797739
-0,138029460414819
0,027430651147702
-0,164439454269974
-0,0545197858527196
0,0251175804987965
0,0628078566392636
0,0254887512288095
-0,0207111686552044
0,000445925437865248
9,10749203208285E-10
5,04005158612457E-05
-0,000709348056259217
0,000508545121555968
0,00178681962132037
-0,00321585458729295
0,0998983842693413
-0,215520516015715
0,00256633565419382
-0,309541807857145
-0,0850526399224801
-0,0221494362449845
-0,0216180214622692
0,125613499354073
-0,107442675453335
-0,0273137806433586
-0,0778513230260051
-0,00732305030658149
-0,246194592661884
-0,0310482953216971
-0,124659139207323
-0,298133111948844
-0,0253053604476639
-0,0275513391706343
0,0290298624057801
0,0341930109914093
0,0154244947438929
-0,0718966493982247
-0,0529219984322845
0,11247674474163
0,0926847055826956
0,14985672063416
-0,0555602164891402
-0,0352369979954047
-0,0134125126951648
0,143059100889587
-0,154113643208474
-0,0146130681697888
0,0369757348220997
-0,152287053082083
0,183750520660595
-0,0501336006173798
-0,157258862965069
-0,232794198143241
0,0130149027610356
0,178217916214564
0,0874877116573281
-0,0242860308964275
0,0462455126331839
0,282635829440751
0,0643712488826728
0,169334722894031
0,152290136059313
-0,207239947718544
-0,148787976559302
0,281518632313405
0,0338184566963776
0,0707966473314837
0,103247275627349
0,0595753144630074
0,0465655897413509
-0,0586534635465323
0,0492915143641576
-0,210700717361219
9,39900496985274E-07
0,00200862097401437
-0,000286256966219972
0,000289961150989652
0,00228587722745126
-0,00024196677196542
0,00885075937174978
-0,112250023083349
-0,227630840976536
0,13808958784018
0,0604138364425718
-0,0186310031736668
0,0453359922142868
-0,0434101719199534
0,028996330608916
-0,332449285388456
-0,26600258022367
0,497447868652999
-0,0970747442977162
-0,00853663651443605
0,104002547001631
-0,0257761476653933
0,126672568155464
-0,0141324016523922
0,0457811411628714
-0,0264528247368564
-0,0184670741212498
0,0121348172327285
0,0630697582613836
0,0104449698412783
0,0462772073807645
-0,0545270823431581
0,0231555188407153
0,0473102738711104
-0,0764399251193792
-0,116985072831456
-0,014758186053993
-0,0201061835604481
0,048505079836813
-0,0377628737704082
0,0991508251187767
0,183606369050109
0,00466954855043217
-0,0106714309735903
0,0195407402416701
0,00496659890349642
0,0823725241695177
-0,031707951142632
-0,0323995850499529
-0,123538215964789
-0,0737128140567387
0,0861541904770638
0,338938530322618
0,069641113300079
0,379919092676642
0,0525094470842559
0,0973153894651672
0,16466574491437
0,0684764383212107
0,0166625855529764
-0,101392745520688
0,0431495017789096
0,0306328837350734
0,00181310104154866
1,47499392961542E-10
1,65517124094023E-05
-0,000749449934905949
0,000483365725506279
0,00188816059795093
-0,00386087107162739
0,0870547970489569
-0,152703956374638
0,0421401794509976
-0,168138229507839
0,0573093895295099
0,0121261429475227
-0,085317253198092
0,0820534185643868
-0,197588097379709
-0,100955307801032
-0,242082294105056
-0,141289475371225
-0,221192626230936
-0,145433245549112
-0,00165517753097447
-0,0456598521119927
-0,170189853094174
0,272302190566397
-0,0602159974268054
-0,118795136083832
0,0306415521273126
0,0347322496976646
0,00790811391125353
0,0496611997444498
0,0721408722351524
0,0667256401987782
-0,0930163799500775
0,0207555483902015
0,0241430669294774
-0,150957166373749
0,235373535974646
-0,0266329986515359
-0,186411779717879
0,0855322449205361
-0,284226164071033
0,103923152108342
-0,0232215921846427
0,378483105116763
0,118293532754783
0,253353971398069
0,137224209664192
-0,168420840110943
0,102784983091774
-0,114793562838738
0,111692575412631
-0,00189977712772225
-0,122419623343956
-0,00959145665083152
0,159880574874085
-0,00322374322220177
-0,0381269299737967
-0,0957127466141885
-0,0705147399940086
-0,0108588118694216
0,0416892747789288
0,00290779138613153
-0,0259270593419681
-0,00853865523504911
2,25987917154477E-10
0,000904552327816502
-0,000394588947655232
3,20364478138657E-05
0,00217203919501055
8,46197102385726E-06
0,0008331968530205
-0,0175990428137874
-0,0353573898444583
0,0157481329196476
0,0487617696202551
-0,026189546928004
0,0195289231766969
0,0427048311966308
0,0438534471649085
-0,0808236942849371
-0,0783652916448447
0,181449744979059
-0,00688896367587228
0,0224586530280356
0,129966581779152
-0,0242436902187485
0,0744695099207954
0,0466244149192554
0,0543767144275368
-0,0348548435256113
0,497832210485562
-0,135295373304716
0,121993275324178
-0,0411964161164928
-0,177746862482529
0,134333960185331
-0,00959234880701454
-0,0597415287436
0,121538042913899
0,177087566312702
0,00442493556246772
-0,0286041519253112
-0,0480867238346708
0,249790557322859
-0,190703449241083
-0,53090370441723
-0,275413719078523
0,0169881258934797
-0,0487006861468639
-0,0936267666863307
0,042697664614999
0,00664199226046759
0,0221084047464375
-0,0387203743582364
0,0133351691466333
-0,0253963158215445
-0,0288939087465618
0,00293424810081236
0,00199858894079432
0,0211334475356625
0,0245113247778439
-0,0178022782095416
0,0838444136145146
-0,0466862350953707
0,0444811648864124
-0,0169070594101756
0,202919925622397
0,0522446745745739
1,64240977060586E-11
2,26686828461184E-06
-7,66081659020664E-06
0,000632365395133791
-3,28155004258306E-05
-0,000269460698658396
0,000661968619715835
-0,00461759696404051
-0,00241369700240014
-0,0112560515529429
-0,019300634790575
-0,0014104898884803
0,0267567271249672
0,0377111122563302
0,0173871531344058
-0,0752545802224791
0,0810238557854719
-0,0133294191827558
-0,0599594180431204
0,00370147098652691
-0,00217438597026188
0,108204871228903
0,00694308048159556
0,0146126298359756
0,0155385537713513
-0,000439304386499668
0,00408008721395607
-0,00285748894537853
-0,0132207182281108
-0,00551951850458637
-0,00655618803577547
0,0179459958091208
-0,0223901580294517
0,00223065501177842
0,0700295990743402
-0,114066304766915
-0,109528172729833
0,08200754136798
-0,00906381855616272
0,000671236227059799
-0,12844095074298
0,0396912385335502
-0,0529045235023306
-0,0178185841404184
0,0949657020472551
0,0988764712725141
0,26052068280968
0,654790385870932
-0,388432884947803
0,137416852929396
0,0267084680887019
-0,0785653330909624
-0,0357188200333137
0,129378999609405
0,145286127483839
0,285380449955514
-0,0713724999614664
-0,246498320229231
-0,0947960936068467
-0,0849700730625657
0,0457397700258933
0,111978568862003
-0,0157981702978722
-0,0147070170806834
1,63693031453396E-10
2,43749005568691E-05
-1,21315969257511E-05
8,18785182864681E-05
0,00011528179861377
-2,66182021056595E-05
0,00119098560632569
-0,0162359704914147
-0,0319606854631277
0,0195913129426389
0,016070555943235
-0,00342743487352877
0,0129259025179496
-0,0402159563302835
0,0177904571196404
-0,132680092396918
-0,0894951961138817
0,193436971452445
-0,0510223942433728
-0,000632757122100041
0,0667058050320845
-0,0443673104432085
0,126827631905645
0,0822110580393804
-0,0263021301394157
-0,0865395088177641
-0,303631463304294
0,060679890141499
-0,255010261426425
-0,192362804543821
-0,0239359782906093
0,0359503925212857
-0,00494257100596155
0,0847359605609009
-0,0301330919737012
0,0684740517939348
-0,0588074304764264
0,0473758197119399
-0,0424329307546397
-0,0124526498421913
-0,12328065621427
-0,111388852065245
-0,0612187729949126
-0,0109179607003696
0,0608249336064775
-0,0178538506443699
-0,0784401196818964
-0,0323625849306587
-0,0305303143915945
-0,0252080154705286
-0,0316013604713358
-0,100576555488821
-0,0375325988665788
0,10683401058019
-0,252104881023368
-0,0510228153619026
0,244425521991892
-0,168494029614352
-0,30666448726623
-0,315073587042293
0,00622013094771703
-0,397557415252431
0,0374815930199422
-0,31200737640233
1,30696638112314E-08
2,19023893016266E-05
-0,000512708059404425
0,00333440893948389
0,000910566241548784
3,55543076374928E-05
0,00714748115991355
-0,047995006166428
-0,0225624245429438
-0,155467745265161
0,0236536558443009
-0,00686709362707266
0,0631012647244876
-0,230496834856673
-0,0803869823407578
-0,040410742513531
0,107086637010874
0,120249087431903
0,259281010999018
0,00971771191445159
-0,0158991610612948
0,113592776969586
-0,122374097625896
0,0635928335266343
-0,106941388610883
-0,0942639219159647
0,023783668327387
0,0344541486645986
-0,0634162506939048
0,0833057801869404
0,0382000170484821
0,2308164526814
-0,0875258215125228
-0,254713940464036
0,0739518445961533
0,0584457546674036
0,0490031052791961
0,075034530497511
-0,00505946853957332
0,0931952003950668
0,05359322259721
0,231456812800175
-0,00103297512947277
0,146293581097398
-0,194479903883443
-0,33734497319356
0,0757815687122007
0,163454286123586
0,147119791184318
-0,119610675762256
0,0661239412842283
0,0388933709572737
-0,0982435349583608
0,0194797014460381
0,0487999557228418
0,139711529353551
0,108181070087007
0,0499963004682641
0,13155953633642
0,22036132899994
0,196091884416159
-0,165566647708171
0,0370007825936131
-0,335820985549526
1,70559329012767E-06
5,82227379794827E-05
-6,93351786556546E-05
-7,65107164659234E-06
0,000476660792927071
-2,53655557654843E-05
0,00423561212164433
-0,049184102560081
-0,0620264966243939
-0,0570303378269903
-0,107393382051687
0,0493048906798149
-0,0712257584973029
0,00932848742344694
0,17078911939001
0,100351595963488
-0,011880795917683
-0,0487735012103093
0,124494589794957
-0,136407077934302
0,134584459381221
0,0570082373287115
0,423544215004201
0,41061441660801
-0,008629091993611
0,137177346868739
-0,035046587941799
-0,018658446908223
0,0816638991526475
0,182684322708161
0,151640910712827
-0,0584289456132151
-0,0341800149702603
-0,0208116856039827
0,0218530367717973
-0,0914134235431738
0,151425689474462
0,15502952030622
0,0636422093648815
0,0925580407896363
0,101391147546029
0,15520697577124
-0,322112390399986
-0,189290204518127
-0,0135650605069259
-0,103255515787936
0,176967498200867
-0,220418633227823
-0,168552694277814
0,125288041700484
0,0119096214936513
-0,130073703668207
-0,122803463366105
-0,00957047174443673
0,00298900416924564
0,00355063122058998
-0,00397452248618861
0,000947757337787995
0,00945231657882157
-0,00883068511662626
0,0699778763868802
-0,101911492058468
-0,0521138838727691
0,099655652718346
