0,999835911375849
-4,85860396098011E-05
0,000134957411130328
-0,000904971300484629
-0,000265191239434395
-1,27844352365841E-05
-0,000768869392920419
-0,00567384322448483
0,00429392875265445
0,000517393708885819
0,000468317336060377
0,000307832573546856
-0,00115937470175248
0,000217374867370108
0,00272124808071054
-0,00524377183765525
-0,00106038612355636
0,00224502314340749
0,001499957657266
-0,000961560627183046
-0,0059872396061846
0,00124959179793127
0,000103084003752558
7,63534441216057E-06
-0,00212082241474388
-0,000450483582789581
-0,00203932891040333
-0,00221471468638229
-0,00158483397848636
0,000965301374917153
0,00359581605459831
-0,00312806100541688
-0,00216645678844395
-0,00288367421032379
0,000668277692193146
-0,00281043738719537
0,00215126300054802
-0,00080869127972872
-0,00251675910679386
-0,000302609206805074
0,00212954054458945
-0,00120586277035135
0,000691210728626937
-0,000874966561906726
0,0022248433314079
-0,00344965914879473
-0,00294623464942183
-0,00149043716483704
-0,00192595615844232
0,00313256357474814
-0,000680020457965918
0,000837842747632372
-0,00405644332040577
0,000269748483738899
0,00382898882632811
-0,00500333385333253
-0,000895080930590413
0,000701790023803783
-0,00139787748298562
0,000376796414113177
0,00273869398552819
-0,00158674103086006
-2,91569269638547E-05
0,000314381817069133
1,59383103153542E-07
0,984235758773175
0,00152099841455258
-0,0197422537351465
-0,00173020361567142
0,000214852896348384
-0,00678622914929339
-0,0476982627985372
0,0305548029975688
0,00689881021075631
0,0244874738527563
-0,0278768124891158
-0,0136731722084186
0,0166178879953394
0,000109218160296087
0,0376816180325202
0,0335223867717251
-0,0154314126433308
-0,0151471055356449
0,0270011600182118
0,0225816475703471
-0,0405308448582436
0,00628027909343744
0,016564182590796
-0,0229326788881545
-0,00227316745415242
0,0471060585254974
0,0223426992672673
-0,0277721848624973
0,0613892288399348
0,00430040055231081
-0,0172917364776902
0,00614840343813734
-0,0170109269537031
-0,00852846603884882
-0,0269381358296779
0,0245026517533946
-0,0112753515340191
-0,00892450817255348
0,00833371340219823
-0,0467677406925774
-0,0418626573760023
-0,000873523710369226
-0,000686709031629973
-0,0238846363481966
0,0051378532385723
0,0137856281195361
0,0109863947467789
-0,000948495536527485
-0,0212618633769076
-0,0102406133674814
0,000583741301891353
0,0297561154907681
0,00805405734300585
0,0454777487712032
-0,0101328416928955
0,0174238285175815
0,0157931428716874
0,00275416507442311
0,00035036864708262
-0,00966332126918381
0,00306424143062036
0,0150493813256452
0,00301291676078391
6,47817003388155E-07
0,000378865928536126
-0,989495295694847
-0,0562131165417312
-0,0999938352056289
0,00598019593509133
-0,0160989297512456
-0,013135384777262
-0,00191656224025307
-0,0315981495723821
-0,0567347915432038
-0,0035202477242937
0,0132190019594075
0,0142480085139827
0,0292084320978297
0,0200820734596508
-0,00241579763851647
0,00640893599982455
-0,00911870017812682
-0,0130175272292452
-0,00987183538949406
-0,00799416815572521
-0,00423576493891376
0,00766812837800231
0,00671710974988534
0,00942578610383763
-0,00545489958889612
0,0182235297883621
0,0004819646012108
0,00547123219053166
0,00571896573439151
0,000414907464356007
-0,0109949083300984
0,00791685036015724
0,00605851436464686
-0,00288078124961363
-0,000278729780003491
0,000183497382192555
6,22480549280475E-05
0,00547330820555693
0,0012063546781046
0,00174020990651888
0,00232215194074308
0,000170804083127094
-0,00334987521733039
-0,000890799470839934
-0,00059595693055814
0,000964279734435101
0,000606231440114226
0,000668832354102131
0,00258992155206055
0,0033872823617321
-0,000887557558799372
0,00228836757225665
-0,000446896445502237
-0,0011856509795065
-0,000260885011186901
-0,000377971268205057
0,000274259268066359
2,90574793171418E-05
-3,13187340076577E-05
5,46403077128796E-07
3,46647402971007E-08
5,4362479245292E-09
0,000858501409557861
0,0202788875596697
-0,0342868008160987
0,934584367016399
-0,0516534975940366
0,0197908734098186
-0,0116626110412317
-0,0344541286591739
-0,0290157547421694
-0,0466942073295898
-0,120589352045613
-0,0195127786785781
-0,04941902024231
0,0966303594259303
0,0122741941797103
0,0329106584254551
-0,0289162519680345
0,0510675186425791
0,0150193586831631
-0,00752485355022493
-0,0281078321450775
-0,0335505962122289
-0,0205450723926036
0,0422350088533917
0,0158400590669112
0,00298869895106179
0,00451965280375619
-0,0103760825630511
0,077090935027415
0,0595158138695644
-0,0147294621579483
0,0129435504445298
-0,0517171187684147
0,021410797889855
-0,00233907253286099
-0,000200386645124754
0,0228684869054483
-0,00495966400633592
0,0122502041151418
0,0642284070950715
0,0518565346780422
0,0114235194994294
0,0609079740309876
0,00397016599542488
0,0168999220716127
-0,0393075795172437
0,0479292510910908
-0,0101644418671261
0,0453239783230626
0,0527736780472448
0,0711324478891054
-0,183278606514016
0,0431100593022948
0,0537209198254006
-0,00782837312522479
-0,0146878264035406
0,03970991409437
-0,0317311586851813
0,0248331982777238
0,0110894586555911
0,0183485487853905
0,0200906343289483
-0,011445582104056
0,00858980844637447
6,37520928803978E-08
0,000505172404910848
-0,0857756465392447
0,0286031363706693
0,949382414225653
-0,0017883507690013
-0,00849783289730532
-0,0678807369317676
0,007808431842789
-0,0265381083432964
-0,0921151737241456
-0,0214276174340429
-0,00163127057268802
0,00672730921018392
0,0647692581409394
0,0295133076233858
-0,00159705245006737
0,0239812737584285
-0,0296028227320037
-0,029791405960091
-0,0691927071902617
-0,023059732794047
0,0919032857167155
0,00907350745902358
-0,0907164002166161
0,0503105852679565
-0,0585628693518076
-0,00836783589101561
-0,0318687479512795
-0,00395374690308231
0,0299704167923202
-0,051557173630594
-0,0134890408195215
-0,028017823348272
0,0325549613444373
0,0362744808380278
-0,0307596545062773
0,0157113871739184
0,0281903915330571
0,064668725081191
-0,0737169898108039
0,0244487997340321
0,0403218227481336
-0,000933446903335846
-0,0205854365086981
-0,0294646787907072
0,0204013137558057
-0,0188565629916409
-0,0267259965960275
0,021705833502773
0,00652835840087196
0,0158918580377894
0,0573933805996791
-0,00755781374843778
-0,0668794470438452
0,0728720585701978
0,00560866075308674
-0,0210045186901522
0,0224320522697832
-0,00469792880203692
-0,0246537783847034
0,0214033473083826
0,006180435912026
-0,00118408541603567
1,52260128670739E-10
4,92033662780776E-05
-0,00275886759852533
0,0117986215225204
-0,00320784709151925
-0,921014287894497
-0,0655803576537226
0,0051429912955972
-0,00483557206084626
0,0200713674582858
-0,00240138415815166
-0,0233990977872466
-0,0743089766128743
-0,0747032828805561
-0,0260451454931606
0,0498913474775343
-0,0345963238362203
0,0728086467110726
-0,0398126475143381
0,0212090599041253
-0,0209901993949808
0,0146373633686822
0,00242256816047413
0,0109043582987799
0,0247388897779433
-0,111860654743312
-0,0935429081126739
0,086420024066391
-0,0783131875563567
0,0609313960453729
-0,0177272991707484
0,00371070538902101
-0,041857833854861
0,0835280203984892
0,109615967333011
-0,0515917938628172
-0,0419950973225054
-0,0411040410221439
0,0447787250556624
-0,00599690654749974
-0,0118818019608691
0,0269456178538792
0,00373654671336594
0,0492126485478251
-0,0139465004042245
-0,00874924743430295
-0,0706874513834055
0,108581182341984
-0,0113695755446526
0,00887706471957649
0,0419731821437925
-0,0438821253129413
0,0239469829631724
-0,012572557967513
-0,0757410206894425
-0,0726617774354089
-0,00439402460608614
0,124669320387983
0,0272916578558064
0,00758517045303629
-0,0139747844053789
-0,0397863088885916
-0,000471231541545934
0,0110425798619795
9,18255540676303E-10
1,47702567588265E-05
-0,0188045919717234
-0,00119225228050422
-0,00492620006276176
-0,0186439414462899
0,510505796449223
-0,338580466525148
-0,49057652162098
0,542888141020659
-0,0240251554626646
0,0230988212979494
-0,0307689989721486
0,0420184875727013
0,028253970471013
-0,0512862085191753
-0,0565688446840275
-0,0742770950671368
0,000445206428497395
0,0301890949744135
-0,0225388063884903
-0,0261568083611075
0,00199964041136072
0,016534168234318
0,00252241603572955
-0,0262734402886479
-0,0494311793042347
0,0123481585350138
0,01701698007644
0,0271172849883153
0,0302894088448814
-0,0225368003250904
-0,0359909156525469
-0,0432973764231294
-0,00782939818457352
-0,00406166854499698
0,0518522655065825
-0,0303092311337137
0,0220152219314911
-0,0256438593106719
0,0262763235406502
0,00888311545483504
-0,0202935560864608
0,0535110852968758
-0,0313619455110013
-0,029363308622595
-0,0155410957553852
0,0125278054227855
0,00865468711798475
-0,0815499898725784
0,00342627165177158
-0,0804137253587597
-0,0268113994417289
-0,147136643092472
0,00582486990785821
0,0901743203194481
-0,0233405939378526
0,0355280946461005
-0,0502131083164456
-0,0388422901005245
-0,0224710948848334
-0,00109005034841493
-0,00211381185492618
0,0128008334831844
9,61543228506292E-10
0,000124312867548317
-0,00164983355668296
0,00204931071486177
-0,000228353703611957
-0,0327529177566249
0,73629271365526
-0,0343303989789441
0,205110485941824
-0,441668139063896
0,038721999026255
0,141145313360535
-0,0321198331803234
-0,0669964390509818
-0,00916219049647409
0,0647249299911889
0,180763532386923
0,138217386476708
0,1001619168227
0,0310605493365354
0,0395357946798162
0,0395371138962811
-0,0282549906487201
-0,00366943993454998
-0,0273866386307772
-0,0168004681854922
-0,0119858494653597
0,013348817395338
-0,0263592592364031
0,0244312813918409
0,0190428198948141
0,0206669792401453
-0,00207208543474739
0,0548029359067137
0,0604433912532668
-0,00972839536273968
-0,0171907786506232
-0,062751778198124
0,0619462960001532
-0,0340890536878517
-0,0281787289283205
0,00367618245654957
-0,0105595034788098
-0,136721614381647
0,0911520110945206
-0,113851700156397
-0,0303889262551989
0,0130728866072963
0,0864774310295364
-0,109110664156172
-0,0391447353139777
0,0341591903183958
-0,00940641709910795
0,150579900752418
-0,0883275161022742
-0,0183407217143293
0,019693681498498
-0,00155600622159549
-0,00785217940970328
0,0332668483274059
0,00609758945980787
0,0546126747848044
-0,00944522318966542
0,0386240106853889
9,5608547566529E-06
0,00264159854068067
-0,00120674226751465
0,000344667664982017
0,00823021423109208
-0,000482016361028574
0,0330067389956134
0,454144444552561
-0,449871778332536
-0,156232783495877
0,143522439577691
0,0115385981712226
-0,0610356667512099
0,144466259321836
0,0169320280277226
0,364195914579746
0,166823689013217
-0,166903563247787
-0,0356090914329256
0,00929999787400138
-0,24221116080981
-0,0763025597377245
0,117539903763781
0,0766720824371781
-0,171751095995845
-0,0345816533059522
-0,161637498177841
-0,119771151999154
-0,0655942457009203
-0,0128044552164819
0,0696000230767352
-0,0675053028002305
-0,0166795738327748
-0,0471001428877569
-0,0144426725910213
-0,167844104854732
0,105020799572146
-0,0244219010810033
-0,134328482341401
-0,022911905362047
-0,0366387794988552
-0,0923256836881113
0,0920565466520101
-0,0650308804494164
0,0202096272975488
-0,0453742140824948
-0,0784141413985337
-0,0378125133833929
-0,0313913513689808
0,0622226609315463
-0,0270479648258919
-0,0331830129072551
-0,180424419666324
0,0293810143392352
0,0736867101614801
-0,0983391608092235
-0,0511394702773832
0,029957509066822
-0,0340861776660099
0,00643696198791088
0,0698058335016091
-0,0507964731930438
-0,0145529978231457
0,00283083504449663
3,46386109229909E-11
0,000416645790871063
-0,000562526729563207
0,00227895535573862
0,00380578120764931
-0,15071236748261
0,0247380636291915
0,00873746484673872
0,0483887682033241
-0,0119329056924925
0,11306684710112
0,196560623425164
0,538567530894243
0,483529667205651
-0,00784756626988369
-0,0678764460131389
-0,0571266893528376
-0,0399159675829989
0,0528861158236586
0,0285980353641348
0,0940417026297687
0,132142986679898
0,00892204801833621
-0,0705774063369433
-0,199843009914059
0,177314430217676
-0,0869195578371373
-0,0288521307100971
0,319250779401484
0,236303754652668
-0,0981447504932621
-0,143793633311211
0,0436792044353996
-0,0282178695074656
-0,0579236513683756
-0,00137107969558569
0,00265672256105005
0,016996866617632
0,0187678429587841
-0,025748457495908
0,0252305614641581
-0,0366684865785064
-0,0235350679318677
0,0142464398989762
0,0686860164798422
0,0129744086584321
0,0940670375495739
0,0288607203776516
-0,0426070760162182
0,0619206159744193
-0,149768785464843
0,0449861228119016
-0,062657202653786
0,0265476134972325
0,0288846076622321
0,105618481454106
-0,0070913124722471
0,0833868057281707
0,0710318632522833
-0,0192317778762688
-0,0384323312117267
-0,0256370038756581
0,019640375426978
-0,0116047878608464
1,64037071403543E-06
0,000119449374451684
-0,0434710852881305
0,00861921853279166
0,104874884186669
0,000882018269753636
0,0135301546855623
0,147061400069823
-0,0669348073816406
0,0336775559200069
0,371957524663415
-0,146438111263915
-0,186145101529324
0,119719012196205
-0,38108240135327
-0,245433045464607
0,11499327421905
0,112339642165153
0,191090324895375
-0,00475781727017933
0,0256983916118896
-0,0589728011616956
-0,266825621739121
0,0691599746425826
0,125631891290597
0,0744905679316551
0,0502364071013873
0,209653691785267
0,206910636182688
0,09262632166771
0,155352355462483
-0,0058171423502058
-0,0201110789642816
-0,112746018050076
0,0683770768901408
-0,107138140712654
0,0254041193240302
-0,0466282099584727
-0,0287047899433164
0,179596931899142
0,0399222671463624
0,111973206211774
0,0458343401608233
-0,0499164369230138
0,0565100670661946
0,0892799870554076
-0,0219481855290277
-0,00591331201265972
-0,0418067096533028
0,0544499283917477
0,00800920216078851
0,0660741908812524
0,101341872436475
-0,0222996445001129
-0,0112350205153792
-0,0213739923380731
-0,0875007816689138
0,0204552084531839
-0,168304524179059
0,0670956845626848
-0,0488028651520527
0,000423755010736577
-0,308070747663163
-0,0724056652186225
7,70873204435035E-10
3,83068868894341E-05
-5,40237475080983E-05
0,00162802495607
2,01607782595808E-06
-0,00111176913078866
0,0212775187193741
0,0833242291561208
0,0540701146947829
0,0875000883232336
-0,148949438678204
-0,074826465272111
0,0390179009010596
0,0386488328837916
-0,0333348405358802
-0,223543232316407
0,421499794581095
-0,052330071119638
-0,395726555030672
0,286716867111812
-0,144382221317356
0,434917985879231
0,0272470284248991
0,390360732536914
0,0493129753062675
-0,0191425310138603
0,0158321684370869
-0,00466040839461255
0,0193913514108923
0,0271500224636834
0,00986761183004372
0,0442932538995929
-0,0228484686207548
0,0228897831576496
-0,0769865315352082
-0,0959409061423897
-0,19910917634663
-0,099777335471323
0,0782470409597968
0,00328519290328778
0,0632092285375194
-0,00789185215809159
0,0373838024967951
0,00227251708472603
-0,0687295447714726
0,00686050708788928
0,0832035874157771
-0,147526801039047
0,0154362074287872
-0,0192968389610295
-0,00544781465553254
0,00487083302365632
0,00655976352373023
-0,00323263127209889
-0,00317125383988454
-0,00090739348806788
0,000106331803653737
0,00239384257182969
4,12354810556837E-05
0,000246886885249383
0,000144914741915601
-1,49951251254588E-06
1,67641916859657E-08
-1,01256865931399E-08
3,59966530281081E-06
0,00253814247797774
-0,00021651986509008
-0,000134319305081145
0,00204280379284955
-0,000827148837707792
0,0625966647665324
0,295707200224991
0,0590367325854635
0,196363525586824
-0,348880042604353
0,079599649575485
0,114249773087943
-0,078290882908342
-0,23236494988314
-0,14638894273486
0,118030590068117
0,182054925092991
-0,114346342370786
0,13599912634411
0,0761048734792247
-0,294381339450935
-0,00921194137723953
-0,217985673363045
-0,0204163464394028
0,0261311454777
0,0116185162365747
0,00810748201811639
0,00850332923967757
-0,0918081723048206
-0,0692377531028481
-0,286749958067501
-0,118629673147739
-0,125392401497442
0,0570046879613625
0,209527839885803
0,0525369197260489
-0,0827895802285154
0,141673264428125
0,0941987838255348
-0,0910843868105131
-0,0561741542397298
0,202518514133584
-0,0107353857175933
-0,111076745937231
-0,0704522413292649
0,0137292907730131
0,0966344357815712
0,0794284020988777
-0,102521237988564
-0,0469270506206482
0,00621174934179826
-0,163273517520237
0,09071544655806
0,149899073501961
-0,181832455002601
-0,0926032345521539
0,0347388383807546
-0,0219984259890768
-0,0037192934572661
0,0835270126404831
-0,035168163049911
-0,0184795694551372
-0,0719121671613847
2,70165828196064E-07
0,000525002670361383
-0,00136886764049159
0,052147574160299
-0,00432258968565464
-0,0164794451902473
0,005779601940738
0,00932749532184483
-0,00638425523788165
-0,0341351204561144
-0,10462625197508
-0,0954428028415611
-0,026989630571237
0,051692210971981
0,0901409914385895
-0,265528701467428
0,336137532614782
-0,358286416654723
0,0193834922163976
-0,214496685377444
0,11180435134414
0,0780856261043265
0,0458634777928288
-0,0287613542772068
0,00776255732613523
-0,017408166761615
-0,0226413344584138
0,00827504482849076
0,0239926240412655
-0,0331110684549949
0,00912176588778103
0,041738370918089
0,0925184698808532
0,00127476813310498
0,187086586475655
0,267629483681589
0,403561716127032
0,244190467420327
-0,12946386895601
0,0144413449633074
-0,166642310354417
0,0432374825587306
-0,0729929090914305
-0,00699618431311846
0,0899345921022819
-0,00381705414876649
-0,0654432723392534
-0,00060281467856668
0,0418884575253786
-0,0481043933192474
0,0140110208479586
0,0492886220759284
0,0336511957808346
-0,0648914210278717
-0,143846082318994
-0,157492022327212
-0,0249725048646856
0,31158360695992
0,0918898084614201
0,0710711176647689
-0,0341928281177288
-0,085924970188339
0,0130210200578416
0,018812854592922
2,34996394489567E-09
0,00324206531287333
-9,94264601743832E-06
-0,0003627929068946
0,00092710936138411
-0,000201926691397829
0,0191781184703932
0,130690938879245
-0,0357956605573781
0,0307997439074243
-0,175779110600514
0,176318398203539
0,0629674436467122
-0,141734913103345
-0,190766046589069
-0,20215790123069
-0,159704666448897
0,0926812637086295
0,135723333336961
-0,335222967502606
0,00929728611873152
0,0894975990661554
0,113103166895767
0,314424576159917
-0,149208666130932
0,0806018104387997
-0,0205534164983246
-0,0324904955617231
-0,127281798566205
0,0480691471004523
0,0320650485662745
0,115192083142059
-0,00226720744500913
0,00702087454596625
-0,0695489288342385
-0,249197564691778
0,15918588750254
-0,0940444795251272
-0,155827631444331
-0,155775118246014
-0,074662014971333
-0,194022875587736
0,252402712723128
0,165938056801203
0,127313979123082
0,114226039281856
0,171118928884398
0,162404724446903
0,185476142244988
-0,122225522769282
0,0410526908617116
0,0996153505652038
0,157031640940997
0,0129687174113127
0,00660857107693123
0,00792554615735537
0,000779078020816939
0,000413836863652004
-0,00906136493341526
0,00621486519765454
-0,0689043885830292
0,0633529624630113
0,0286907028783002
-0,0680784485556625
4,14171672164368E-06
0,00101201478555816
-0,00976117942132677
0,00448044866945797
0,218045868781431
-0,00261841036003052
0,00267377018008858
0,0461304390597299
-0,0595590269811518
-0,0326162406046377
-0,151618561268462
0,08092931159909
0,0200718953586231
-0,049131384118028
0,0861473702027973
0,125729434774481
-0,083475079938493
-0,120621702420158
-0,0420123195669521
0,0792247620631256
0,274091671424296
0,166536906073897
-0,268340827593938
-0,0714750965019474
0,198893153129178
0,0719231622311533
0,17475910899674
0,182366411164065
0,0926774230472541
0,0181306733198957
-0,0635489286598897
0,222532317354829
-0,0557100358799007
0,0258148012062667
-0,0746093144368563
-0,155541188477171
0,127154361880117
-0,0765336345745587
-0,0975528851786467
-0,182895310769038
0,285409887511846
-0,0854419802440133
-0,141398886537091
-0,00114772785854935
0,0981680444452082
0,124058835541752
-0,0788740788452847
0,0736244606730126
0,0951588828962278
-0,0838147376906486
-0,0402998371209605
-0,0708065323446159
-0,223226058073462
0,0314305854541632
0,267692238451261
-0,293021693094632
-0,0237225106104355
0,0849571148280621
-0,0912035337343811
0,0193798471218353
0,0994345918779721
-0,0863291973029586
-0,0249285636584003
0,0047759448572423
0,00961447478233373
0,00027787103477972
-0,000920764387760098
0,000413422880518839
0,00496350048898655
-0,000426535483715556
0,0447006801450734
0,138950725669427
-0,13790120562755
-0,0435286119525946
0,112271068444722
-0,302023016620096
0,0621144735561378
0,064356947463719
-0,112353242411516
0,0831033402547048
0,00708099118937353
0,0924089209729914
-0,170009239417521
-0,255549012324187
-0,0183311867873915
0,0319947208173502
-0,0341357440671807
-0,0319269238094166
-0,0998949486385946
0,216343501162001
0,15701229966995
0,171605214426152
-0,130016651491518
-0,0323486210137151
-0,352513169504271
0,13162453342945
0,06208668062454
0,179947743280338
-0,144956294529011
0,200281411043623
-0,00437853270241528
-0,0300566808762161
0,149679401878436
0,0185125551138947
-0,0143690467772758
-0,0608622031350572
-0,0904582361200406
-0,0679899045110269
-0,207461785136528
0,217241091743639
-0,04424721977106
0,0557896171665132
0,16783643228966
-0,227574249911104
-0,00824039674025001
-0,188656074758767
-0,0782729444753461
0,0673763539821342
-0,165872137194174
0,21958980570594
-0,0721559286420012
0,0163297504740078
0,0427028246902974
-0,0196182027449216
-0,0660371776150999
0,00664419663557165
-0,0426189059935635
-0,0239414831410962
0,000178221592703655
0,00189752001000947
-0,0484480142124966
0,199319919969878
0,0715482428163883
0,00720902139225448
0,00194017109350273
0,0490495597588938
0,0415550688568143
0,0930271712283734
0,25657695265446
0,0935998745917229
0,0549159665558028
-0,0847938939096005
-0,132656000782659
-0,0608406191884497
0,0222180147111937
0,0258822553241496
0,0122303730536018
0,0842748938198299
-0,00105263738811324
0,0308960059934823
0,00814522074177404
-0,0315254288566627
0,0870105758170764
-0,0908360922250615
-0,00546346176985289
0,0868268930957051
-0,23425391171914
-0,231665413996086
0,215170342668505
-0,186265794934961
0,42650358261627
0,224309325578999
-0,157330323054368
0,0146986815336507
0,021027361959037
-0,0616430339270013
0,0180252994840932
-0,202473452787575
-0,101074313585524
-0,0074280619080895
-0,274526147030835
0,152167098267368
-0,0380349127560992
-0,0794822788682457
0,108274622233865
0,0481162288376258
0,127422399746035
0,109383109555527
-0,0752151875819345
0,186992609808815
-0,202395755489954
0,0317647692530644
0,137394764042112
0,104533687615793
-0,0727691145832556
0,146918175290155
0,03992831102765
-0,0261305659301476
-0,0486314785312602
-0,0608861844040957
0,0297517715180016
-0,0209966151207406
2,45980207605919E-06
0,012730168779891
-0,00104570768772396
0,0384824627111691
-0,00274076899728324
0,00010612068034742
0,069425278337066
0,0356258898982142
-0,0290362779197574
-0,0855630994041433
-0,0259460901941485
-0,551791365191188
0,298038634237803
-0,12705004498047
-0,17218423676313
0,040812499071161
-0,297999311076219
-0,0726311551114039
-0,236164468394571
-0,117881003035722
0,125773577592771
0,0701705259967673
0,089648391266706
-0,0292528602602236
0,102198269691408
-0,10831331345356
0,00440375483412968
-0,235723527866746
0,153074359077326
0,016689562029822
0,312341799402691
0,00273347549606368
-0,013512023414822
-0,105640598496227
0,107610513072522
-0,0808530593163584
-0,00906784755531627
-0,105766624310103
0,0814384139492619
-0,0953777173121488
-0,0667233230673007
0,0605294340815531
-0,0373803372586994
-0,123594264472188
0,106755447312726
-0,177576463790325
-0,0436515172109299
0,00344278869324629
0,0518592311593164
-0,0970641903943657
-0,0356070316406024
0,0791502174040576
-0,0319124372142236
-0,0379501813292245
-0,0087602028232921
-0,00296593908245073
-0,0400820316161342
0,00526631465757736
-0,0129303890049444
0,012478313613603
-0,00275212432701111
9,84537693616666E-06
-9,54742275493434E-07
1,17688244096138E-07
6,66334518199828E-07
0,000111273728729628
-0,0517998686044992
0,0204882238373901
0,0503581539240424
0,000871461817337022
0,0510654292376221
0,163014269690477
0,166465472453213
0,200257501202198
0,346812742293298
0,0349515742129716
-0,154894217443583
-0,0786931819689256
-0,124735992789003
-0,0999322777153857
-0,11669753110093
-0,200692084669785
-0,0136165470150434
0,110354257413484
0,183807059247782
0,210316243454935
0,191454937553463
-0,174874748440472
-0,134290833781772
0,0590229474126218
0,0294618253660917
-0,0764402074092767
-0,0816821800699257
-0,0402425150206704
0,0631260929687452
-0,00229014476934978
-0,165583761384377
0,149221228396624
0,00415006203643409
-0,00752032590925176
0,0628105050040855
0,0556324165934548
-0,0195065243912047
0,0558418115939248
0,11838165050309
-0,0723984180169009
0,17901343824328
0,000267447148809998
0,0106868109704721
-0,110281407654334
0,0052594742392621
-0,0129774676374915
-0,0345449701375058
-0,129926003619103
-0,0806672019168586
-0,229016803966958
-0,0900365010188149
0,00514356346432767
-0,0333880752819298
-0,0528652985673656
0,376743940732882
-0,0938085907327084
0,295032329143738
-0,00278033030775669
0,0630739284290822
0,0580391051642669
-0,0973902702293414
0,0186207514128218
7,9730231651076E-10
0,000793656282055151
-6,49266302559276E-05
0,00271952446618712
5,58118658949335E-05
-0,00146779804510973
0,0325527369535427
0,0373564586645762
-0,021780478546492
-0,0939778419674653
-0,0397025205495713
-0,226420973124957
0,171387810936333
-0,164769231624566
-0,0009489894602467
-0,199911453438449
-0,271739575033596
-0,291378060610676
0,223212441308243
0,459618778244421
-0,225682034518247
-0,166280233630611
-0,0658098343807084
0,161670654786106
-0,104268697393482
0,054034644209315
-0,202510141007017
0,245546307338566
-0,0990603223654434
-0,0108879552032276
-0,238200521038296
0,0503732499076101
0,0199108750936604
0,0524130224320521
-0,102483267648747
0,0309948738720363
-0,0148910631016289
0,114118302124523
-0,0745943525580543
0,0629944677348546
-0,0525995252504746
0,0603945475334173
-0,0199572325141802
-0,154578474374592
0,13554549979468
-0,0777216319901103
0,0814113506767266
0,013958002417873
0,107861100675868
-0,0737981886122667
-0,0114142199106911
-0,0036008135596257
0,0368796844161127
0,015910548032368
0,0523634863972621
-0,051252709686433
0,0400498926890617
0,0128842961671813
-0,0189234137843759
0,00127747628220004
-0,00805439048120327
-6,57820430936243E-06
-1,85437177221782E-05
-6,42261550946189E-07
4,42693202649024E-08
0,0131034693445278
-0,00271450144430136
0,00866816960130594
0,036438519432863
-0,0179029317374095
0,0060928474829881
-0,00111504488077636
0,0329341306983192
0,0258491870772746
0,141304783201114
0,154668762862273
0,471769061156793
0,296654427064483
-0,00968896245434591
-0,0628764429965217
0,0266064249770902
-0,0282024000035694
0,0368116041937663
-0,0122830029741875
-0,0356215236660397
-0,0720396956747209
0,0500970021770995
0,00855192255818561
0,191795433369992
-0,139974005460923
0,0995182329501891
0,0381135547116287
-0,321123551359359
-0,294142676173308
0,106301742206735
0,167235377463702
-0,0796253011774659
0,00878853675394122
0,0476491492283691
-0,0455026176456209
0,0195651341189152
-0,00110092793614106
-0,0296618258948463
0,0240136473655856
0,0170097998195229
0,0344211112310951
0,0425662013634779
-0,0890661480841594
-0,176742974017445
-0,0394279959076595
-0,15408890545681
-0,0245604371375483
0,0605057541956088
-0,0857905525231774
0,302522234326508
-0,0998225685839
0,156862204145622
-0,0754955635485363
-0,0791664159074157
-0,207445211378101
0,012889906517775
-0,160705340216984
-0,138673850680921
0,0374928537702831
0,0725488190452991
0,0481049107130221
-0,0368494250566102
0,0217744675303483
1,13148237413861E-09
0,00227492577856325
-0,000103330127195769
-0,00013219378666873
0,000876362794547293
-0,00219218818550112
0,0887004902862055
0,109930037930744
0,0566043375280826
-0,00977163927930342
-0,0910261121401573
0,118946045413773
-0,0269710273966441
-0,0153550747692697
-0,0562472555547062
-0,10552346231153
-0,1264125449993
0,0141929579011381
-0,0474588373471177
-0,155116735019995
-0,170246214292381
0,00797964299736286
-0,0246166444059694
-0,0428746193978867
0,00971272779960692
-0,0347233386701479
-0,047904286525041
0,0360584829715143
0,0761829088287011
-0,0303665864040825
0,00617033850773618
0,170646556202052
0,0801023693332191
-0,0426004818951289
0,0464283231577575
-0,116015322760688
0,0616717270097492
-0,0472127563104553
0,0948145938894158
-0,123677321572421
-0,31303397092813
0,203330484521116
-0,134274739986021
-0,285723369038776
-0,277306855465974
0,181091534530203
0,301728168841887
-0,021932030681216
-0,317090444393469
0,0733235966829795
-0,119701476043829
-0,219021132613706
-0,0591112767247031
-0,137519935785193
0,158408537786907
-0,103986913000651
0,25252156739566
0,0543863808428706
-0,0490303022551701
0,0172136070877769
-0,0374213675585568
-0,0502867951463696
-0,0198333269288999
0,172085916831693
1,91619727006481E-06
5,66557306676259E-05
-0,00117659612825493
0,000358221980943173
0,00595718299719076
-1,28253523447844E-05
0,0080984978579522
0,0888282072932431
-0,0868030494662225
-0,0257671061804792
0,109843846868213
-0,0847101758855285
-0,0392795354159409
0,0752765038884721
-0,0745132849500759
-0,00445934544436381
0,0597635560287171
0,0515685835558269
-0,00356159312610435
-0,0822733742766606
-0,0606628291902319
-0,0500295801421147
-0,101140303822666
0,0588449395169543
-0,0340783310608189
0,157694045519918
0,0686330213029269
0,225819493046724
-0,0321451866731492
0,0356446678330718
-0,0586132427003641
0,123611731811207
-0,204968040849084
-0,170104513969039
-0,00526837382447305
0,19226327889046
0,0473577199106415
-0,102364500728456
0,229938306919634
-0,237277913032283
0,0152927264741608
-0,0165702016745174
-0,150475820027883
0,245160656664191
0,0998392880796864
-0,332828635230385
0,176459397044733
0,0222711801590213
-0,0744621518634087
0,142589416946521
0,0631104505119031
0,195841926766161
0,00885751831177952
-0,176733578337365
-0,0917811665251665
-0,196503311200213
0,170394110546113
-0,178310180422992
0,113047399960928
-0,0488097594727525
0,120213386845034
0,0321197308583
0,322930818208025
0,0914158234836502
1,3352381256926E-10
6,49191929936166E-05
-0,0143121123733546
0,00279196113917216
-0,00368106691317195
-0,258743588807803
0,0741255770155629
-0,0187982506882633
-0,00860131471389936
-0,0177249876974615
0,00255107760245894
0,0123814607936635
-0,0350921008500136
-0,0482755049188022
0,0236894123866429
0,00186399553625871
0,00739557398042236
-0,00498029474764583
0,0513658737782717
0,0769346278736478
-0,0835149717414916
-0,0803380441399873
0,0387798126807504
0,0832431472508545
0,0234700651249902
0,336928179962881
0,403334214329748
-0,309014495334733
0,149547060848149
-0,301160512004046
0,126753718101076
0,0906340025686707
0,136657540154405
-0,284602606276815
-0,437889745965147
0,155968491515559
-0,00653019687086948
0,103122178588304
-0,0907036013236628
0,0851127440906586
-0,0628437179149123
-0,0300024188501554
0,0135354020733484
-0,0792869535270881
0,111788823664592
0,0505926299121255
0,0211929164199356
-0,0393001610151114
-0,0223579793482387
0,0205949488030823
0,0331282488898838
-0,00963189534335759
0,00691232724615805
-0,0244440663315139
0,0383787925415556
-0,0207491701446079
0,0516720847005758
-0,0139223299612606
0,0413594603769111
0,0417345838091659
0,0274125177458396
0,00122438008316329
0,00243641843310709
-0,0147661807663302
1,85609460562806E-08
6,11160891357296E-05
-0,000753499805530221
0,00388559846258864
0,00114547795692393
0,000193146430962926
0,00362765127122987
0,0375364570070747
-0,0107790196983611
0,0194723604024945
0,074998432826899
0,00774505930328693
0,0545421620210862
-0,104918764681388
0,172697914923258
-0,0606328928240749
0,0144492030756473
0,0753298502208777
-0,0542235766405018
-0,0220489450261359
0,0612916969224491
-0,0701100052210362
0,0102943465501779
0,058396028581225
-0,152420595626009
-0,160847727078758
0,0819971765709782
0,122775548428448
0,17315818097073
-0,00426323643392519
-0,0106673042663993
0,0841590387040131
0,0591067416655986
-0,15682248692299
0,0535574613324346
-0,026578547948955
-0,0207395635407828
0,00723918291897504
-0,0212448645645656
0,092625744463722
0,0192547336687272
-0,0398850627427101
0,112417131061035
-0,10123646672251
-0,0883475080275698
0,0386581301401225
-0,0824427284696279
0,0140680410382438
0,331785439491798
0,218392841178534
0,214684471550657
0,154831511947621
-0,251184285725224
-0,0609207061271854
0,00988516970652773
-0,0341795788139634
0,137926423724674
0,00449212855691694
0,134155449842148
-0,384876151827783
-0,294411313129906
0,100198929458154
-0,133414607435724
0,370652281769087
1,05375458095555E-09
2,68960613340953E-05
-0,000111904190577722
0,00033138506758557
0,000548450431532254
-0,00032417942999937
0,0319533295879901
0,125484222794128
0,114894892817027
0,184489910400063
-0,0879369474531713
-0,15421111914221
0,049895584880797
0,0296614613842725
0,126480854389225
0,114288825257662
0,113945435116547
0,124830945017021
0,279458858616655
0,0251264871611664
-0,0201553184904886
0,0759038179834575
-0,0732018658212834
0,0136422068602464
-0,0335351034976159
-0,0113957754279035
-0,0209399254627197
-0,026268090507804
-0,0184880978959376
-0,022373984513628
0,0566538362983808
-0,0173361338675807
-0,0200374714984561
0,0166198714172987
-0,0180702742772849
-0,0520247133167641
0,0365863286134632
-0,101539353327247
-0,0698683936382816
-0,114803627397625
-0,125594100218733
0,0881040304964471
-0,187104884056868
-0,0330824731182301
0,0916163801752451
0,0760663717626134
0,00884549488954779
-0,0670289430834314
-0,117172873707269
-0,10945987788645
-0,0381682959065756
-0,126134198664365
0,140684783071728
-0,019471286508013
-0,0176229919921231
-0,163950435527243
-0,278095111750284
-0,136929571346316
0,397765802643971
-0,486639023897826
0,0220220274412487
0,0710716645445674
-0,150544526243876
-0,157282521116146
2,7129484466166E-06
0,0670814940581391
-0,000226899258658064
-0,00281794742957837
0,0121842301109514
-0,000772630666871684
0,0300318639129644
0,257934791044166
-0,175826315259996
-0,0474683990212498
-0,157034937629995
0,173452522844187
0,0502533660490886
-0,136077457453688
0,0429009898397548
-0,188687868381606
-0,224393948128863
-0,0160245848912723
0,136969115529879
-0,0129303145514986
-0,125727291812696
0,320514461136747
-0,166390185970789
-0,193754804217767
0,234345017026887
-0,0647765859672311
0,178217066599514
0,0249002082235013
-0,0443651133329429
0,197327184850861
-0,0368926554565202
0,0204236145487342
0,0513039273315559
0,0233765191629593
-0,110835818515609
0,0346067984311892
0,0431122360634411
-0,0175195566285404
0,0302728820924371
0,0851537921958388
-0,176576881062609
-0,041366870092374
0,107477588415524
0,0196625396955738
-0,0452483439598391
-0,221546789921703
-0,266144163698478
-0,204007381867633
-0,119948765018138
0,183806334626823
0,036857665367268
0,00702007777919757
-0,0843155001847506
0,0146590771525945
-0,225231654870181
0,183438936314299
-0,101472909232794
-0,0559749962676114
0,0546771903003727
-0,01285273438313
0,0275289223147092
-1,95879313157226E-05
6,70908940586785E-05
2,21237083991013E-06
1,0812978621861E-06
0,000163639953775361
-0,000154721655462054
0,00105962209202759
0,000702795030695216
-0,000713250728012465
0,061802172669478
0,183802975015502
0,123659071857613
0,217272011443524
-0,161446262292583
-0,250109194298215
0,125771644456044
0,012476724821502
0,0237412511770984
0,0715635675594577
0,165616276129254
0,207311219572688
0,0643452580765046
0,0456838633915536
-0,0239873182072184
-0,030992788489321
-0,124684868061342
-0,196389760551764
-0,111388905363655
0,0418765229269012
0,0220892776287452
-0,0579252008957531
-0,0925233304304426
-0,00941757713683172
-0,0222051887104922
0,0250424172570583
0,0845653937716988
0,0704125094018403
-0,0488054174722481
-0,178730598240239
0,0163717843492176
0,116831032624883
-0,295026190492199
-0,00867878346539922
0,0674304140726781
0,0642255117074334
-0,0753338988166421
0,258093478229238
0,146784852021787
-0,0734821928456312
-0,0240724054025361
-0,0433265116330851
-0,145154055554486
-0,0287320300754268
-0,0661153098487932
-0,05687927849644
0,0200886762096741
0,0662792083432411
-0,157692495707384
0,044834555837004
0,202906989694739
-0,0139889754610774
-0,284032997579731
0,103989181966914
-0,194178377263409
0,0355695857828855
0,0321318128318754
0,371071868597381
1,35805432336166E-06
0,129165563494135
0,0002425571336391
-0,00642795822031322
0,00120222863230089
-0,000155946128455217
0,0193943088080959
0,168564575078198
-0,0892483631381428
0,00439376819818146
-0,131601983475793
0,168259643150075
0,0168514688175739
-0,0976787217493858
-0,135944221071066
-0,0737842437894205
-0,0920279665835295
0,0203006121433862
0,0860782061226858
-0,216170048413597
-0,233132032248328
0,18573190529662
0,00331634738407744
-0,0445482494879401
-0,139237112719439
-0,0693018595791213
-0,204327316919267
-0,0150849522929701
0,287672576205477
-0,432519865602032
0,0348272775778445
0,025509932603346
-0,0753765266957095
0,0911674913953457
0,112078853423101
0,165601750355545
-0,2163900337271
0,105013242161964
0,0347674571189832
0,0923679183857094
0,383711744296942
0,106689473814157
-0,268133373924866
0,0181663454289628
0,107197685257311
0,0125616378040153
-0,0721323713202661
-0,00394421225148017
0,0540892053682762
-0,026017743499821
0,0196850068075465
0,0147826301303882
0,0408490855150071
0,000278927184546609
-0,00763994867953989
0,00837060539429469
-0,0049644281469481
-0,00707351719641872
0,0032336927506393
-0,00199692630752224
0,0041123931759492
-0,00111934853955941
-0,000752095882589358
-4,42725490664192E-05
5,1067743334804E-10
9,97960418797292E-06
-0,000261059035143025
0,000444758014901101
0,00621461613824172
-0,00431780839695245
0,0151629199321887
0,0248899825549561
0,0318004500535474
0,00957965673192092
-0,00528664029191695
0,0264321498889935
-0,0332615942589659
0,0467464041558277
0,0590207492636226
0,0204640901105414
-0,106419543074268
-0,12407144427862
-0,133484813274118
-0,077063595376944
0,163273949396094
0,0032481101655438
-0,642300396604425
0,208883986252702
-0,165973619385593
-0,0674465096037177
0,00807090423116265
-0,172281840359363
-0,166037922285265
-0,224066132155683
-0,0500085561469417
-0,295164593479962
-0,0911089812968416
-0,052528282506305
-0,0142312737934964
-0,036909670787206
0,035931806148066
-0,0327261101686752
-0,0861231258338005
-0,0230222693105138
0,102435716123592
-0,0495681700109132
0,0312969754944943
-0,222263952543166
-0,12368713893391
-0,13194247904694
0,0941911890321794
0,130957925432509
-0,0988044069334621
0,0772122421920455
-0,0006820724917797
0,0241765031892886
0,0969361480134328
-0,00082848499793102
-0,162208083666113
0,0952750675245259
0,0216554991845298
0,094182815412298
0,092780020049542
0,00466221791374034
-0,0565735653343637
8,75023384170381E-05
0,0152256823247646
0,00342900395179253
9,3731773747696E-11
0,0158167587862447
-0,00845396297576788
-0,000485447959156893
0,023971670969259
-0,000757419859696872
-0,000880047181697366
-0,00873410990214087
0,00953867572914646
0,00371773058897158
0,0291584111490422
0,0125031211686428
0,072660609003835
0,069966491609361
-0,020921102165462
-0,0215241860593835
0,0234722541577594
0,00051201748054905
0,03047675279905
0,0105271738552728
-0,0243443832726471
-0,0859731137286932
0,0409236150623896
0,0347060459029315
0,0938592854804246
-0,275890241147893
0,100517368547838
-0,196651077349593
-0,211712475885288
-0,118290776172208
-0,213303942599724
0,282888027691011
-0,143088232130307
-0,0723146192224618
0,0153454985168922
-0,0433353330432321
0,221888215371588
-0,265136132324771
0,144664096000023
0,33565029005062
0,137158701838473
0,236697263649639
0,0176070385656392
0,0904022839895717
0,278991740204739
0,0793762170490607
0,149403291446593
0,0100536774886594
-0,0591620118122565
0,102104427488258
-0,26363944937438
0,0858064177819104
-0,167632066764011
0,0563970626360446
0,0180403918406592
0,178972346944096
-0,0283988481243099
0,113555553174457
0,108554707478305
-0,0304024875768857
-0,0483579135807867
-0,0415126922378534
0,0144028956074674
-0,0204163709368257
0,000178367995410113
0,00174168844359566
-0,0386015883711974
0,2007605198145
-0,00581972285363209
0,00804898703360009
0,00742480582840203
0,0670621357476175
0,0718774274476315
0,138401853965361
0,263901016350976
0,13629829163455
0,0824127040564301
-0,329311798784804
0,0482322817178271
0,0480961877865564
0,0185073863107352
-0,0531453030850514
-0,0998737390749923
0,059722396799827
0,0841924184082898
0,157960491695948
0,0679802825473617
-0,127364284839897
-0,205731162799694
0,0995553652524345
-0,0503102034789166
-0,0309857355981364
-0,0737932513657123
0,00996813346979995
-0,209310873057277
0,0655192370355717
-0,0973363956471641
-0,269373741270769
0,0740197589805038
-0,0302479975768664
-0,00526245227872074
-0,0377585447241079
0,0214413352998626
-0,014646485654036
-0,0794287585424376
0,0162410857093264
-0,111718199905257
-0,0986091498658921
0,0694005737021653
0,11888178792171
-0,0219331473007212
-0,0255375931348587
-0,313692625895412
-0,177079160559789
0,308978903910141
0,284045727020815
0,00807021218603014
0,0287278616700846
0,000848371680034955
0,0386682478075871
-0,219413044336059
0,0547603957165559
-0,196943281626401
0,00101288230900722
-0,0471177218098824
-0,0349147605579575
0,0255265144386974
-0,0207218629626616
1,69940285973782E-06
0,000164218536553844
-0,000153523440712793
0,00130320338664787
0,000118821770758005
-0,00393946079906574
0,166568030078763
0,0205154161980257
0,0487322116964521
-0,136611570065134
0,0166705880232673
-0,14129568212236
0,068826642657819
-0,0409064575783463
-0,0629453588136968
0,0802314169920845
0,00801379448034254
0,0896375568466066
-0,0466100459119399
-0,12003566102291
0,0898900819504147
0,133482254423047
0,05557936762146
-0,0292239633189855
0,0637945816399159
-0,0301348265118797
0,0570222325052713
0,0865829530823205
-0,0634616155387702
-0,0914673546300114
-0,257609020725453
-0,141556850026305
0,108357036473736
0,0685810365926537
0,0274177457621566
-0,028146313945494
-0,0913664900514093
0,187079364474434
-0,174149448011678
0,203146028210314
0,0539761206095791
-0,0354699144711099
0,202878501023372
0,103964473160448
0,070550429910333
-0,0824755983199317
0,122812093305722
-0,0234642624148228
-0,140522935250275
0,158175885777074
0,105034439202636
-0,0707179065365978
0,0287205773372896
-0,540843885903066
0,29954961266068
0,0273451863130643
-0,035340941371814
0,11906537879796
-0,0564105314733929
-0,172585888974456
0,138198109490543
0,0100609715618157
0,0205638091840344
-0,124784022096574
2,38485897737549E-08
6,20732401851187E-05
-0,00166548926269638
0,00567055926505837
0,00302766046845611
-0,00492730623087192
0,0347508611968071
0,0205103661249159
0,0356220618848627
0,0119506960676479
0,0982105019933386
0,0421050586904417
0,0421946739568556
-0,146181622673027
0,0310680911731573
-0,0132356621149205
0,0482872409111576
-0,0637738903642782
-0,0185110014664157
-0,0163866050526581
-0,0228077252008585
-0,0371591817725718
0,0323908287933698
-0,0232550389077744
0,0204609500351203
0,18307447893348
0,130811829211338
-0,173875587557251
0,102639095866245
0,0123616496224504
-0,0683870725298727
-0,0656075470233396
-0,558083119021125
0,289698079182197
-0,0584662210445076
-0,167203828491751
0,0130207317615726
0,0661334690518424
-0,14482100779941
0,0115500473557591
-0,22706276244401
0,254484858719592
-0,197055758613618
0,0873140007492821
-0,192902882366132
-0,0639473775840259
0,0299816431546229
0,0157648931900342
0,310169812481829
0,231633565282202
-0,0510100466187877
0,0309075291055611
0,0431109671765667
-0,0643811247927032
0,0488729883858286
0,0133952958312962
-0,140446094664073
0,0376519802517348
-0,0871943701084163
0,00708189275441692
-0,0249709971330128
-0,0201484378015174
0,0135141558276018
-0,0104203154247429
1,86519277797467E-10
6,84045263227073E-05
-1,0140645937274E-05
0,000481417953230453
-4,60998350203659E-05
-9,07689420545825E-05
0,00718448063537837
0,00242808305303309
0,000390197648616278
-0,0154356681369711
-0,00256177587424656
-0,0480162996174368
0,0315283003469943
-0,0226702968599268
-0,0156381286335736
-0,00674563302013711
-0,039934196748205
-0,0219769550896424
-0,00212424732663494
0,0317105219776678
0,00166933180965375
0,00058278876943042
0,00695796873709859
0,0170461924047851
0,00482852170199471
-0,0327551219290326
-0,0527216959969058
-0,000192244853779225
0,00931551525153394
0,00278261577426664
0,0546303036603238
-0,00668452703692039
-0,0516384059613028
-0,0673294181565913
-0,062852018646052
0,0428678065345343
0,0684110793285159
0,0144087029031723
-0,0138739188803791
-0,0221305942174202
0,0175932981591632
0,00303707602913872
-0,0537085783449928
0,10896710679723
-0,123650274640094
0,163879842389537
-0,00887297019765257
-0,012784285702594
-0,0367270982833095
0,0836880233102236
-0,0146293049404205
0,0515717897304149
0,00438870406969659
0,18172207782857
-0,116359516391431
0,0709435136407822
0,156017467673572
0,341353477704524
-0,192627462097348
-0,252227618885346
0,518848972583808
0,578402646683332
-0,0309512794325302
0,000794713376268974
0,000177702089457223
0,00167532378908097
-0,00676955954441032
0,180162247520361
-0,0090662427804678
0,00619608871998204
-0,00392125791286119
-0,00705457810327794
-0,00313120154066168
0,00317073851340888
-0,00161722376240394
0,0379570950418035
0,0105519875460675
0,0382245528523144
-0,0101019099707691
0,031831061986281
-0,0266984820349441
0,0666338896564425
0,000684214948414983
0,0429440850198465
-0,0374830222824112
0,000914853330495517
-0,0145472500688722
0,034595900624814
0,0329692035271773
-0,0158134815002487
0,0182468776156227
0,0484571461941293
-0,0789313869349674
-0,0553851940212048
-0,00601394573280618
0,0714396163213578
-0,102926236729118
-0,0387312314081066
0,020516045256081
0,0247112624021508
-0,163082935130727
0,14489093560315
-0,112569877214071
-0,0654810013725376
-0,0698702361134619
-0,0567634272003808
0,0853365731259674
-0,0676190291362766
-0,122131813139625
0,178263495228825
-0,319719970255455
0,0564424233216845
-0,0394937280457372
-0,174086742673414
-0,580079964250498
0,431184797338477
-0,0163423628845489
-0,31969976186563
-0,104145281058752
-0,0662285599161921
0,0952510264732972
-0,0466415393776997
0,0345483759312204
-0,0265257989137385
0,00479635617256228
-2,18923765296826E-05
1,56314705828441E-05
5,2890300938108E-07
2,03363658290323E-07
0,00528573410655799
-0,00129721409487236
0,0392990893776553
-0,00290765976136988
-0,0184186481034095
0,0736890414406709
0,0402396316491952
-0,027401554604716
-0,130763342214847
-0,0464222445215799
-0,120230901008638
0,0402982758343232
-0,0586908424597321
0,1196530811206
-0,217789613646017
0,0561301966476173
-0,287536282335826
0,201308495641476
0,0586102255450717
-0,0643929214352569
-0,174320412693176
0,0122288073643494
-0,0384127999687321
-0,0675061387447555
0,240767225368856
0,250332739292773
-0,174310542595098
0,00239781804339718
-0,074735794457968
0,00156238726692975
-0,0448448058405703
0,122310016766305
0,112688950904527
0,387657085528053
-0,155931510592862
-0,157032885986852
-0,231475633242901
0,165509738625742
-0,130999648481218
0,183374743743553
-0,0894942208272469
0,0736925165202764
0,237250568944677
-0,192731668854462
0,163208360596788
-0,0851121677139253
0,0670464215526286
-0,173035891576829
0,0764597110969231
0,0245472461568449
0,0117733485645293
-0,0294810432244521
-0,0447652778753721
-0,00695435144009681
0,0521481329332498
0,0142849179233022
0,00326010759535611
-0,0141986261947196
-0,0918740318058822
-0,02426823196427
-0,0639138771449074
0,00349847610099208
-0,0314329075172157
1,21468729175022E-08
0,00012953699055202
-0,00053901891437252
0,00215423952609624
0,00308883827635694
-0,000483564412684223
0,00225940933030654
0,012421473314444
-0,00899279346815418
0,00303096848135206
0,0443746612281068
0,00186686860365334
0,0408077585840733
0,0577639393267143
-0,0376153484651739
-0,0336308039747186
0,0153934344796266
0,0186072119699776
0,0301184374021899
-0,0109648363535603
-0,0260940266650891
-0,0267591964502872
-0,0554998460197367
0,0194483273827484
0,108652237236013
-0,00665420891979439
0,0912663739676777
0,120760121186077
-0,148041151307714
-0,0770403737415419
0,118434561969778
0,151519506576212
-0,273188988306684
-0,2459852094786
0,272379334399324
0,0985561484562874
-0,337847393256595
0,287908388908763
-0,159943601929849
-0,262066413433648
-0,130006131500845
-0,135349014649555
0,0722322889921475
0,0371486797575816
0,13400757213649
-0,00668357023011037
0,0898866042915916
-0,0660276408923093
-0,0143996551673869
0,033105658834028
-0,0478109576295328
-0,219904658879266
-0,141066956581127
0,22586271625017
0,153762847824804
0,29140191757085
-0,0763709416855734
0,206337412382504
0,0996786608036272
-0,0370438658962681
-0,0847548412417323
-0,0431315744029204
0,0349677304978969
-0,0123067505633721
1,26631094318107E-07
0,000257043449291635
-0,0013585707305236
0,0266774841066367
-0,00126124175680438
-0,236481201371544
-0,0139118122665008
0,00298005848860517
-0,00640895316846467
-0,013913689055977
-0,0381325212341031
-0,0353218607837328
-0,0308342632728883
0,00152523690456368
0,035970581013649
-0,0679129255249822
0,0760322327936747
-0,122516064574951
0,0241527375980344
-0,0972918677857293
0,0709190467878203
-0,0131334819333041
-0,0609273459518843
-0,0328523185957437
-0,0075763162006928
-0,0176895322090121
-0,00468774290013477
0,000225893874306725
-0,0186557944898252
-0,0353140655264279
-0,0167180041678265
-0,0276453452378115
0,0134285189592653
0,0140654006643264
0,147595149261631
0,076748850389534
0,239800484353372
0,0677770848454508
-0,100197321459002
-0,0525676405999785
0,0963284837927932
-0,056946654724039
-0,0157056702608336
-0,107963984405089
-0,0993745834206591
-0,0167230042209745
0,21156445572239
-0,420141215065078
0,0909559528865944
-0,0880704260945637
-0,122304420096318
0,159349292183997
-0,0691628469021647
0,0601541270140744
0,245180587901629
0,253841452102626
-0,0313104909736297
-0,521623155878438
-0,184332283339706
-0,0615224780013722
0,0451637681880753
0,166930558319699
-0,0104573532722175
-0,0225054245263042
1,07647782301917E-10
1,4562455720067E-06
-2,15625131248687E-05
7,65352213446612E-05
0,000197434135233799
-0,00011511467210373
0,00493441097950619
0,0206322802987653
0,0211471178299087
0,0342784140187069
-0,0104056908322206
-0,0327298813738173
0,00998238519386707
0,00605079848088081
0,0401489124488966
0,0335819321908004
0,0140848269142515
0,0161235165462051
0,0662022989112808
-0,0141585229095103
0,0235407228344515
0,0324940386929813
-0,149664871614033
0,0483520733288833
-0,0636035088772324
-0,0175824122255192
-0,0159426389662488
-0,0698867942022383
-0,0557111544438402
-0,0657165912219088
0,0309807986708942
-0,0473713004072792
-0,0163995046383744
0,00131977930645646
-0,0498651950103575
-0,328414825540427
0,104061725440422
0,556402458348538
0,664556637677081
0,0224558431791197
-0,0908426936685857
-0,0432333270511428
0,0272815420310487
0,0987718538826729
0,114479594181388
0,109850714415468
-0,0706831782411397
-0,068836297346814
0,0636720881121647
-0,0135827252888637
0,00973443181483987
-0,00395140350675079
-0,0395441461052257
-0,00231914058333391
0,0604585221538095
-0,0352605081658252
-0,00858337855976121
-0,0334942482883311
-0,0344577621512587
-0,00110776123441912
0,0194883819071642
1,46346353010513E-05
-0,00918519812467105
-0,00206390519591164
4,24898982924177E-10
2,92543789157021E-05
-0,00158316169335245
0,000955467979334415
0,00322139758064552
-0,00657386696372412
0,134116492078502
0,140722307005275
0,215375448842659
0,0769950373871146
0,0422894547638478
0,0171070053450635
-0,174496239234823
0,14984406167832
0,0842202044160933
0,0192379499205739
-0,225374646458867
-0,167354649944613
-0,130449391598896
-0,0952369506432458
-0,0999355300442189
-0,0566735700002364
0,2125361887249
0,089896951388864
0,206595915809047
0,013003760934195
0,0642005582386576
0,102007739458584
0,0826117426119317
-0,0186455060883187
-0,108294719338753
0,0179708595929298
0,100483907895998
-0,150650048384618
-0,0399884208732914
-0,1230162000077
0,0363843816660904
0,216602282604882
-0,0176115511913495
0,0374802916990515
0,205983593889491
0,0543830604499732
0,0421773209724568
0,129774223210381
-0,256764133890806
-0,272919947543291
0,131091920559683
0,129467369252242
-0,0870847051670106
-0,0929344079824831
-0,148681580947312
0,0604998695930389
0,0529271875949928
0,206856111826491
-0,100810601625836
-0,105242027534009
-0,31803800781033
0,0272101509875462
-0,0801708679555649
-0,16693087818216
-0,111810945296193
-0,00516654963015421
-0,0103911254735151
0,0629958937477265
3,1318249746222E-10
7,13729497437443E-05
-3,50212412196895E-05
0,00042596503416545
0,000222082265263595
-0,000277295399583675
0,00492967161800653
0,0404556847481208
-0,0411089712296027
-0,0254757415783043
0,034837035020176
-0,0286891190134723
0,00563734941888235
-0,0138734580246415
0,192122778397902
-0,14276753131987
-0,0474947952082323
0,0989706049669612
-0,0376381157070359
0,0669298398660452
0,109958409353811
-0,102112027482507
0,0735723015133224
0,0695772985872552
-0,22575858610555
-0,215522887851797
0,18022855995927
0,173196880731701
0,171297273324702
-0,127393274048434
0,0396660121772485
0,0222515630532739
-0,0167539302676509
0,0919503724320941
0,0244299307527221
-0,102576357009428
-0,0197558540740846
0,00464272158413423
-0,0500565299298004
0,0249176390520422
-0,073318416208739
-0,114048784727403
-0,0512484183185231
0,0515860589002021
0,0202871250979762
0,0260306923648701
0,098624765705301
0,0306458369720002
-0,137974002823001
-0,0179434990293474
-0,0401778620089499
-0,078955871546405
-0,142756547711403
-0,137797362319051
-0,0892030873264962
-0,0152858082450122
-0,378347833725763
-0,0836952243282776
0,199226587315869
0,46057800986291
0,156086945486213
0,308251049553221
-0,0167779799092551
0,151549384739509
7,01880199071913E-07
2,17963782415476E-05
-0,00151313044174837
0,00110015384258251
0,00356211909151082
-0,00109998632936617
0,0689076487372711
0,203983935679959
0,222837555846517
0,272856593299154
-0,014406560289765
-0,162546994236792
-0,0641876486358716
0,117632568624643
0,21252240831169
0,180798141367683
-0,0615588702706305
-0,0337677153619063
0,356753388352187
-0,0382190181967416
0,0456662455313515
0,145981975092134
0,103464341164
0,174116337512109
0,0816772436071649
-0,0259382312994961
-0,0043096193793559
0,0100093702624904
0,0216850194590777
-0,0148603368939022
0,106044540903247
0,0147488049274614
-0,140440002485645
0,188891300881021
-0,0166828204765641
0,281874019819461
-0,0397411076400572
-0,143351369286471
0,176992998526849
0,0331858711510937
-0,0156951967425163
-0,251146430917998
0,104253462055654
-0,236319298830272
0,0114907640915046
0,060751949429365
0,0709997432990885
0,0417252668487964
0,0121916785261157
0,159110024662443
0,0208589820859832
0,0988656034136124
-0,0251698122061153
-0,0518356474680479
0,0534970425087873
0,0284358446699151
-0,0468322038994355
0,120202363248892
-0,265781251070991
0,114177714377569
-0,0353012985183225
-0,0378177186543997
0,0800019288225143
0,0835886347209597
1,05541207076068E-09
0,0949326309740088
0,00021375511855978
-0,00456220010606237
0,000151166633424264
1,53801055674706E-05
0,00121773511933762
0,0371742352481808
-0,0444015370730241
-0,0213461212149958
0,0410262177039142
-0,0168807340705154
-0,0393100417736702
0,019569138692544
0,167705779137763
-0,131883302743771
-0,0284755156588662
0,156662614087641
-0,0444600896424926
0,0423518779090051
0,169267604803224
-0,0184177627321274
0,0216968048970814
0,0108304803172399
0,203214339399614
0,226718350547546
-0,371583867380603
-0,157298036164747
-0,0206732723676903
-0,136004202395598
-0,0826725030759719
0,0617923490699176
0,040171082186247
0,0536947109205561
-0,0267009505913505
0,0681877520507336
-0,0319898582033118
0,0602810182114757
-0,0140516171022556
-0,317081264523167
0,0642041797309156
0,277327023804147
0,276706907332653
-0,0292876652231958
0,107108937897118
0,0880080258514576
0,126429826614068
0,0247593156031353
0,0182066431339746
0,134614473024149
0,0572713347974713
-0,0171741791651483
-0,306249263087237
-0,095107495092833
-0,311230409386302
-0,0282693730767235
-0,109515667525396
-0,114681422383493
-0,0714708159294855
0,00900051453415185
0,0759255596895195
-0,0301821735966317
-0,154652447700353
-0,0310953994758284
2,75774325104718E-10
1,78626386473539E-06
-6,56419887687055E-05
8,07998717271047E-05
0,000287390761193431
-0,000444263732480525
0,0233625477580683
0,0438679162737746
0,0607968573562512
0,0503718819044641
-0,00152794213515474
-0,0527787178801081
-0,033785150116546
0,0541308222989991
0,0730996668480367
0,0692624652970501
-0,0558125676750755
-0,0230325953720178
0,116384567657249
-0,0718732050885648
-0,00926494288622311
0,106906941486764
0,176044770518922
0,17344378262861
0,251785975021878
-0,031503056401604
0,0764534114260495
0,159124557120819
0,0846081852769815
-0,190397753348038
-0,317661025493797
-0,487256652165262
-0,0180110132510976
-0,288918490334159
0,100143701886812
-0,168643650698778
0,0407947395648293
-0,137912127123929
-0,0365596476264215
-0,106218602484091
-0,1268098398355
0,13336598546268
-0,110500086975242
0,0460245222406432
0,100853518063847
0,1282792159928
-0,156136713330808
-0,0699411999380913
0,112616154796026
-0,0459817393220455
0,0484701996870076
-0,0283489109258541
-0,05783636336508
0,0627351025740048
-0,0454465162196145
0,0715365404378177
0,251960659044316
-0,0639446663293064
0,0771683905493831
0,188389299012064
0,0310138213892003
6,3193415711181E-05
7,24247943489443E-06
-2,66575600540635E-07
0,0153257905580155
0,00175901450872441
-0,00516097720799159
-0,00032506157421878
0,0163399056253972
-0,000251176099461175
0,0226008650724578
0,28312617443018
-0,192927757584472
-0,00651355708678831
-0,100238186285672
0,167432657595109
0,0376645759737138
-0,0556015728367658
-0,106545110977249
0,287752428245419
0,0661587354897178
-0,207691873130003
0,0090028493246211
0,221331547928746
0,403126225090677
-0,101917876376003
0,0151273578478104
0,018615521602521
0,201162892630404
-0,106436363252444
0,0347277294317304
0,0362121107335999
0,185162464258981
-0,0428128187072189
-0,0126451053835004
0,121395672130271
0,102704947015691
0,0750655032364439
0,0481912762953435
0,0576722814756504
-0,137238423790572
0,071394096047027
0,07051706078065
0,00781848662164972
-0,129989174506485
0,116817763316496
0,0117165947511985
0,0997180041521936
-0,0149580726497171
0,0885640345431365
0,220116936452467
0,0619468180864185
0,0205006017823013
-0,0618613387924383
0,0495968331617417
0,0634771445553305
0,313962042188137
-0,0598882106702252
-0,14585493840474
0,188790573217004
0,103769243271153
-0,0560832764067709
0,0644959265104695
-0,0123117447673607
-0,137333768107749
0,0994078439364121
0,0286445363606716
-0,00549961423672254
4,88034581544447E-07
7,79498682696272E-05
-0,0228914194182717
0,0126968607306078
0,00119435326149512
0,00103219995846086
0,00716099037415153
0,0450504899482755
0,0444570837190674
0,0803072955348585
0,151436552712943
0,0614893372940799
0,0615557921420319
-0,192333313033336
0,0454849565503618
0,0154107223885169
0,02168556528805
-0,0636818464952045
-0,0609247287888627
0,000283636643211759
0,075130804177155
0,0810088717790463
-0,0150420299273367
-0,0609168381017103
-0,143013921670039
0,00934808274109062
-0,0533011110506708
0,00177880119058153
-0,0681593946450474
-0,0215396595525617
-0,0697767507934003
0,0496456461569412
0,204581113636904
-0,302279440568155
0,11403972894883
0,0602718421658868
-0,0353057211600658
-0,113362203441463
0,0768144006515843
-0,0309632366370741
-0,00941440285980454
-0,0500727246925449
0,0129019775223445
0,013034787781268
0,0619483945031594
0,0251420881788431
-0,0727576154507208
-0,0434584943609587
0,296472338909862
0,33750648142922
-0,387722897626784
-0,360547037438411
0,306661151298736
-0,054338489068207
-0,0713713470022775
-0,119423174252059
-0,159004606647512
-0,0827422101377403
-0,185397829024191
0,0314477916686538
0,0557913052104646
0,010039886533832
0,0598915309926815
0,0249006919724815
8,08270640247595E-10
0,000219324690106832
-0,000116322998802223
0,00181729610512541
-0,00018134265253379
-0,00410284291229367
0,15715293181893
0,00185178191203794
0,0550715476322337
-0,185496023567646
0,00324667384495537
-0,132577603213056
0,104203352367415
-0,109750905618586
-0,0648465119631753
0,0102128110428677
-0,0523235336845337
-0,0084272445318014
0,0433584358873766
0,10386826695614
0,0600813491822218
0,0602197437187708
0,0201006221109596
0,0448924043741144
0,0121049383279627
-0,16631441449985
-0,219699466999151
0,0495558456001296
-0,0195064759420252
0,00746011271166776
0,159906886196416
-0,0730217594208728
-0,212238655894601
-0,199951656369925
-0,243600877896152
0,185892381021855
0,218367055594568
0,0585962316631271
-0,0588891560462542
0,000375943085350783
0,138703585044692
-0,100905538573788
-0,0260189335248377
0,347175805536601
-0,319082278157915
0,356518189008408
-0,0229643894800127
-0,020200577394883
-0,144264384431601
0,165895162084946
0,0436211674431567
-0,0787146163511368
0,0036870748963803
-0,00260767875514816
-0,0030948394969012
0,0217109208261447
-0,0361952583452951
-0,117284402409989
0,0873635294249732
0,066899751071338
-0,157866155217826
-0,186853134202412
0,010013885084078
-0,000256370643930502
1,04741459447835E-07
0,00173856271585674
-0,00435201354940162
0,0216799859646431
0,0362521972563854
0,000158530119459094
0,00833215255664512
0,0387165043602161
0,0546257527399588
0,107868499210151
0,236659069778486
0,102552371873965
0,316213327875672
-0,396119816880337
0,181784354370326
0,037893078447131
0,169826684705611
-0,0469191250873784
-0,131897779321253
-0,245734213476724
-0,224578261396533
-0,28482896292903
-0,126378324656128
0,164986213215653
0,314747765119148
-0,0179481381904428
-0,0342013889103058
0,0494043456793109
0,180407236389206
0,150346837063135
0,0216554550040448
-0,109634670927787
-0,0165356898363153
0,165725872602875
-0,0598824807122271
0,0745595926765981
0,0249298223352842
0,0290584104290089
0,0214792639921627
0,0113656470922343
0,110213660255297
-0,129556860145672
0,0992932154167255
-0,00634980902200822
0,152668107212658
0,0392380339193199
0,0235209653347323
-0,0194820462856593
-0,149536378954795
-0,0879046327733516
-0,102543000691941
-0,0993576915645222
0,00888951907492798
0,0270364030089629
-0,0291528885108643
-0,0119785462295016
0,0909651235080726
-0,0208380926908154
0,0682162734955526
-0,000402459377731796
0,0184179577580326
0,0135790546979689
-0,00993088841768377
0,00806242580064645
5,65300762840444E-11
1,5923459197624E-07
-2,69609226393522E-07
-7,29681437557674E-08
3,7393285724031E-06
-3,66980003319836E-07
8,19880656634735E-05
0,000936078736799693
-0,000205400922798161
0,000526614163375244
-0,00158123216871684
0,00152410881806863
0,000847979629101938
-0,00137994738675727
-0,0027876714632956
-0,000724298339929144
-0,000480315825076921
0,000713740558950603
0,00179902762203663
-0,00258328749750874
0,0101016200883266
-0,00603644030417444
0,00624503834288099
0,0144803642859265
-0,00294805617355926
0,00430226792464994
0,00167774283913801
-0,0012079889979696
-0,00940447997492668
0,011658643968239
0,00127093294646028
-0,00171651370540396
0,00311081556991966
0,00015451069386977
0,000492022077950713
0,00429174623996593
-0,0094609749425177
0,0112466061015679
5,01903064287976E-06
0,00876856462254414
0,0231468506676406
0,0208659836324903
-0,0480818514979293
-0,0289779744263551
-0,0078146056903965
-0,0237216283203217
-0,0656310750116381
-0,0600766875393389
-0,0711946144592722
0,0760193294629916
-0,0222420474916925
-0,10104317416177
-0,211359148237749
-0,0306083213537958
-0,0450255647955316
-0,210015348603992
0,0751403457749061
0,0319019504379333
-0,10911683419869
0,0574530232990614
-0,551475082594438
0,481578453578211
0,218013122983608
-0,517302255055205
1,36423633489871E-10
0,00011916483263616
-0,0201431598125011
-3,17419903717906E-05
0,052681557352502
0,000138865622013558
-0,00147301555005918
-0,00422821766704442
0,00234629205329616
-0,00141238395956751
0,0145002163970199
-0,016407954435154
-0,0169283564765713
0,021998781799764
-0,0394078924365963
-0,0409347997510005
0,016758881719686
0,0259208976374108
0,048678666650211
0,007200965955
-0,0310325768064133
-0,061718052450781
0,0204056483565603
0,0350402607459746
0,02352911731227
-0,268789889298063
-0,00480746462626093
-0,328363988101328
0,0541778197893959
0,0711198144523204
-0,356887400109218
0,115675482074566
-0,00394401662917436
-0,0388921496329335
-0,0418005866733708
0,116105641160205
-0,0742737562877579
0,0399310834258553
0,0366195077596046
-0,236316397349539
-0,0506174305845627
-0,32397935485597
-0,21623344969868
0,118532846290627
-0,0469521345601094
-0,196414374129069
0,0265183551885086
0,00966652849097023
-0,00241977767555836
0,0439363387173065
0,0207152191295068
0,0335994227782106
0,0380997196821533
-0,0429268268154329
0,0374418421644876
-0,0839681879146831
0,113043640750896
0,00743944200748376
-0,0660873392267122
0,101314401643509
-0,041251333366764
0,023164735654206
-0,553053622797941
-0,106549314985079
1,70076290257424E-06
0,000174605458691716
-0,00111805495264775
0,00130524406148957
-0,000312789706752055
-0,00338923437917999
0,157310465183409
-0,0664067004036917
-0,140575652531858
0,135103360373946
-0,000508671134935789
-0,14561672684691
0,0706781158754504
0,00369932903782527
-0,0491709043670696
0,0222639538830116
-0,0536526415081132
0,0156166241598155
-0,0940462268268957
-0,108906843679042
0,0437885508140839
0,0538243260932785
0,0104427529035643
-0,0623529082297485
0,00853401974092388
0,00493606350959223
0,0550051393842877
0,0216872296039962
-0,0629900933905133
-0,0320894120088949
-0,140032336489281
0,0320146504631763
0,0896902340332823
0,161336811501084
0,0777813184829413
-0,0140391168569806
-0,162533039874785
0,133174302990538
-0,1076022328815
0,0980452412976861
-0,0567494792594489
-0,0287044784518647
0,0793435689478326
-0,0674543043389435
0,0162499447017148
0,194088842465559
0,079514408488796
-0,049675532324809
-0,100219398696366
0,401238974721287
0,0107749611607252
0,286384426371014
0,111223344764031
0,455874830420261
0,0417776450638813
-0,334340394664959
0,0633580352392603
-0,135229861092896
0,194548431788349
0,11549379013394
0,077022805085114
-0,041503137947195
0,0156277741561814
-0,0791573684780627
2,97867399686343E-08
0,000156393763744786
-0,0465056093820013
0,00556381040022682
0,113595542421009
0,00069764632123279
0,00276374141062927
0,035485747018658
0,0132302438661045
0,0357680716694822
0,174201354137307
-0,050663639278501
-0,0998998765097186
0,0397525617619597
-0,221743884803802
-0,165139961778339
0,0489739592130326
0,0430502124922342
0,1527720792567
0,0484380469321703
0,000679785061143565
-0,0516229343652245
-0,0496635348872093
0,0245101413447961
0,0498639915306639
-0,34721394286059
0,0497147188370202
-0,331043779437302
0,164232133707641
0,125838919989574
-0,243378787072891
-0,00257886958895107
0,0755196991349185
0,0485718461295565
-0,0655524531813874
0,0142366557125907
-0,0621119270994986
0,0997773804189951
-0,0842274318204034
-0,201433231409566
0,0475750805250911
0,0322373010314695
0,0680214589528989
-0,106730289097303
-0,0551760387997763
0,130732898353178
-0,0967275242044708
0,00746751553785661
0,0523731801924959
-0,0990284917523006
0,0819517901263785
-0,0839843076458171
-0,0247439932972106
0,0233035688630212
0,0229652994915672
-0,0627099818340091
-0,105837017392696
-0,0327912055993928
-0,00119105859376975
-0,0840912356090269
0,0857356679388963
-0,027578210580429
0,540978305369326
0,116089419273499
2,01640628994186E-07
0,000398644656861154
-0,00110561956263009
0,0406529745812926
-0,00352117778053555
-0,054572044487551
0,000599355858724557
0,00287648128125934
-0,00857917804030032
-0,0383209474711108
-0,0767065009721461
-0,0836648570806578
-0,0437171647494454
0,0257848449383487
0,0839812809373069
-0,202826229260536
0,233150450546324
-0,324851776433795
0,112554078656546
-0,318042728375894
0,17810194985118
-0,0981117351040925
0,0482936013608756
-0,260295382837886
-0,000546321529702374
-0,127657683185112
-0,168912026639772
0,12029725514316
-0,0885528969277208
0,00448788164376624
0,0120766556766355
-0,0266841489148811
-0,0930781050544614
-0,122669105929502
-0,469225959651944
-0,187324761220621
-0,397712043426919
-0,122633480547267
0,0557577228599959
0,023700239019395
-0,00804963865207221
0,00837052856749957
0,00320468010673931
-0,0639498683845677
0,0370301850088832
-0,0360039806890766
0,00924974993240156
0,0662769002821067
-0,0137401156035087
-0,00516255069018243
-0,0288553765097004
0,0187542374068561
-0,0200983566045707
0,0161803743623762
0,0433773076542761
0,0296568529460537
0,00387295346879742
-0,056224358410137
-0,0228388540425944
-0,0098540301708972
0,0143315712572758
0,0304234491164863
-0,00163824449427767
4,17329731010125E-05
2,64063544724972E-09
0,00117865233615984
-6,44988868163456E-05
0,00036169953512203
0,00118398868297168
-0,000594535021098693
0,0166042252318698
0,117676132121201
-0,10683970148392
-0,0548494275415825
0,0135414152015149
0,024447118029646
-0,0112270186187222
0,009740430959492
0,14666709568715
-0,0817013816113707
-0,0592611503934522
0,0220100253096291
0,0214832043024427
0,0170973312973003
-0,122758461604197
0,115078663726606
-0,0091888542685493
-0,120024255093965
0,111098930642766
-0,0417759917888187
0,1502462462822
-0,149096990196194
-0,254232344148774
0,321314710577486
0,132382332085811
-0,224890715476785
0,00155127873823659
-0,142983280245437
0,117675227856245
0,0771518531047612
-0,158847705016273
0,140011928323277
-0,0475656284352194
0,200780075116247
0,111656226328649
-0,0256890277312676
-0,252124769762815
-0,0356194464386051
0,0663207996468621
0,226601234846794
0,391379208664678
0,217550878680948
0,196489645248666
-0,125179156853554
0,0308335221519037
0,0113431123528052
-0,0953301534029596
-0,117431529338971
-0,155449370037111
-0,140227296977943
0,0312261838971954
-0,104182765144532
-0,0425671361360936
0,0142466308013988
0,0377097384856091
0,0191409873523326
-0,0154861318375359
0,00545623141312484
1,67572360481266E-09
9,52785662546033E-05
-0,00121100501501983
0,000903537811702288
0,00286203080400111
-0,00546987424043617
0,163990951720129
0,222201087635579
0,253408354554448
0,143962734498271
-0,104576292083879
0,00360441426610508
-0,106171317997557
0,135694220458675
0,0047634533458874
-0,0607572599008076
-0,053014465807744
-0,0246233293508513
-0,269870515165809
0,0596401756617811
-0,14935346508369
-0,261665227937197
0,0451442220712043
-0,173004174069468
0,0292022120207579
0,0102156250902202
-0,0364812522708667
0,0504344917808295
-0,0237342470933843
0,115579356843964
0,0416921739950386
0,118172494159475
0,0166425713050799
-0,0255180293551427
-0,0172551340046685
-0,158647249522226
0,122189017853141
0,0482005044159001
-0,0477005681340839
-0,149726497432757
0,179740944294958
-0,114150738517108
-0,158105166566565
-0,190265617347184
0,133137171189887
0,158955213162249
-0,132307375366196
-0,0100391937209389
0,114294248211803
0,236660098556318
0,16643866220324
0,0924535720363202
0,140641326095177
-0,1878524506722
-0,0476127556561741
0,267835407074869
0,0298291790381554
0,0143528896319799
0,166158792332957
0,083777522067495
0,0678693930442537
-0,012955166825617
0,0504830346981572
-0,210917948242564
1,2804595166574E-06
0,00314740266861895
-0,000497788053928244
0,000388957450010136
0,00380965454163626
-0,00051048172830852
0,0196625672852438
0,233203639188898
-0,238842935321149
-0,106496481768781
0,130992454040438
-0,0564920427293833
-0,0468224886984311
0,0530702598544887
0,441877886243422
-0,296589523890371
-0,0906427952319438
0,298977608983751
-0,0925217178170637
0,0373252007828633
0,130771725540915
-0,00582455966184056
0,071670277666854
-0,0114658509400746
0,012909041193396
-0,0167729971910186
0,00499749556540709
-0,0412921270764802
-0,0763574950395162
0,0172256176525858
0,0200836486531288
-0,0636035297377615
-0,0386626089556605
0,0287104043976147
-0,0645886091666044
0,106089426603228
0,0371795362790388
-0,00845129684332777
0,0730904378357326
-0,095692099255101
0,104681960224056
0,167672072133533
0,00991983479894997
-0,00199511124786873
-0,000610542326684534
-0,0346088053373953
-0,0986242247257222
-0,0204061455019604
-0,0354034338328021
-0,103849067596692
-0,0547702601880792
0,0380564818200028
0,376866215184456
0,0946059512186385
0,356853609259798
0,017650349893018
0,105985760435625
0,140970583981646
0,0167436024398532
0,0212206301678059
-0,110872550021673
0,0375815345819019
0,0253602238736285
0,00149048474129822
2,5818500969665E-10
3,22911984638262E-05
-0,0012699435722279
0,000862359777398843
0,0030249894344773
-0,0068910299900038
0,138978389260864
0,12810749305495
0,205413637234688
0,0461840312582511
0,0457689900491289
0,0681374019951785
-0,124738579102313
0,189530136748857
0,0936744400673438
-0,00448435102899051
-0,239580278018217
-0,192205213232426
-0,221574347958637
-0,108574684103204
-0,0134932560670762
-0,099351982326077
-0,242280558329742
0,140802606816208
-0,106261733215465
-0,0406666923333737
-0,0728674416532275
-0,0782736989995164
-0,00455411384794794
0,0810670309108414
0,0532304586721474
0,0636291644723579
0,0746131515128631
0,0657649295546452
0,0156462349756023
0,204203055167129
-0,198671933315341
-0,113808008356541
-0,0483320538373988
0,1341847516558
-0,290292845148116
0,156192047853044
0,013058733593446
0,389453383087727
0,153518648138928
0,147173636556906
-0,161203233144101
-0,153477017809202
0,0660483391029712
-0,132895410113474
0,100699348531622
-0,00835134555559931
-0,103574952640043
-0,0216701699554981
0,144068138343168
-0,0997612631004465
-0,00382938815808451
-0,0923479453851892
-0,0747871509594977
-0,00780988589718235
0,0491796432395311
-0,00139338230647612
-0,0230554193875555
-0,00668518002523086
4,1968931806981E-10
0,00139149080895658
-0,000646543386218633
2,05682942703508E-05
0,00325080892082833
5,01925551229088E-06
0,00230190325256479
0,0388768986599363
-0,0387413679162689
-0,0143809359081004
0,0625128581752705
-0,0310772891849327
-0,0415024122132042
0,0325519622861744
0,0834044243448994
-0,141574435431863
-0,0112323140806119
0,143528607999588
-0,00321142517185057
0,0332898322558192
0,160214198454945
-0,0395444033521407
-0,0459793561524056
0,035111008162825
0,273719788903077
0,236757651163839
-0,383061657865909
-0,142825685882997
0,0555604464722647
-0,143519156365434
-0,0567312255725669
0,147390751389102
0,028335529973955
-0,0484195124141973
0,117163089314273
-0,186753024643544
-0,0127344527415808
-0,0631060278915902
-0,0635513443869004
0,373590549896457
-0,172031674737068
-0,430669732506066
-0,258199294882612
0,0342377238499715
-0,102657851791111
-0,0649626801605805
-0,0226187305836098
-0,00266532512883275
0,0223916974232211
-0,0517905286018665
-0,0110329970121478
-0,0336876474551064
-0,0433912241281516
0,0191172387370048
0,0060974815189693
0,0202889724989316
0,0324854175374578
-0,00924735633469755
0,0911963715108964
-0,0432012041156567
0,0281374421304811
-0,00249878130169382
0,209273072333714
0,0468704263327
3,04708468192311E-11
4,68074078354828E-06
-1,98855948617132E-05
0,000925482975678009
-7,46630605249844E-05
-0,000477626909479985
0,00150895712558372
0,00684454213572092
0,00413324675482564
0,00587238741635862
-0,0217794533205517
-0,0165212335975933
0,0032426783267158
0,00852324100084238
0,005634231025805
-0,0594941245445279
0,101428586392704
-0,0490716106347744
-0,0695970019936999
0,0242883352698214
-0,0144178923389118
0,11774111477413
0,0151212228535376
0,10110104329578
0,0179372223844616
-0,0100756033579259
0,000756049149396019
0,000569782568260309
0,0162679479110846
0,00179306796360777
0,00733092257612062
0,0356182129708841
0,0221746634526472
0,0212433188590733
0,0476361724389743
0,0958024082450856
0,102738047465232
0,0934319678850923
-0,0280952318660786
0,0234426005679388
-0,133734197599139
0,0618626280196224
-0,0672609820136476
-0,034950001562816
0,100385798906353
-0,0411128765756052
-0,235435473959924
0,70757772082295
-0,158748899910664
0,1413918593111
-0,00290857878994275
-0,0815622218575121
-0,0618927731915568
0,0949924022477384
0,196758067022066
0,196971446030234
0,0272858283560409
-0,384010873640284
-0,105470844049188
-0,0814392878865339
0,0381616291042409
0,111067735940893
-0,0171006092177066
-0,0150737103305791
3,03830934598989E-10
5,17315546814387E-05
-2,80247776306191E-05
0,000137513641774361
0,00024878387062245
-6,002533958355E-05
0,00300569830103937
0,0385680703592192
-0,0395503464923339
-0,018792734471856
0,0368294510392772
-0,016527837440565
-0,00227448622375524
-0,00473293124921941
0,185664397227036
-0,124873317087097
-0,0353528941424007
0,123639733541641
-0,0613343531272579
0,0357739022795039
0,127092519613571
-0,0746263874023202
0,0766178793735258
0,0609826352927007
-0,207304617795762
-0,237242462101775
0,172740611535214
0,163405029767769
0,177478538740806
-0,115501644616764
0,0656112632729891
0,0217102701880315
-0,0364614576648669
0,064630359206963
-0,0247872022576742
-0,0724041388985266
0,0173466426809657
0,0312434013145902
-0,0694049260223267
0,0416831717291039
-0,110195539030481
-0,0959487850072721
-0,0680528800193359
0,00499159618181977
0,0502337480295854
-0,0299218855993512
0,0823394068549671
-0,0246770131260653
-0,0452551695013228
-0,0139370526124185
-0,0483937404163177
-0,0614194948607278
-0,0789736416437663
0,0865802866187638
-0,286113589321747
0,0222466249758354
0,187585401415768
-0,0577811642167505
-0,298984554554947
-0,24042892309579
0,138161085036341
-0,408663720640806
0,0758007656440763
-0,385411198094569
2,42225655797225E-08
4,12021968502261E-05
-0,00102668019559545
0,00520773696007142
0,00160044925273698
0,000121122366217121
0,0185578785100377
0,0858593993161476
0,0869825937795276
0,156061165057554
0,0322551696501739
-0,0900712303863217
0,114160941114879
-0,12415171723825
0,183984231669998
0,124599344130673
0,124140522147442
0,0810024839266747
0,221153718500296
-0,0686668635881723
-0,0314187335356499
0,0581990116876963
-0,144578220664832
0,0460747021046187
-0,101961866847749
-0,0261445366989364
-0,0653055830227097
-0,0260258034415542
0,0617795205408423
0,116540814614625
0,0298017572081074
0,244373642763909
0,170808626532693
-0,200090717934788
0,0602728920644625
-0,0494296832209029
-0,0545872802299907
0,0630528848105753
-0,0530297118792678
0,0756973324401293
0,0646162276840145
0,259453123420545
0,0854516015389735
0,0732115820658883
-0,36198872118375
-0,177325537855063
0,0216751365230363
0,0996551621541703
0,175110393980004
-0,0746879537047511
0,0502515650508461
0,0684924335240574
-0,114250588690597
0,0137183388913265
0,101903466486383
0,101681426004877
0,125056269312837
0,0390192529432848
0,159793379444482
0,269624898063647
0,202922823134091
-0,0688295269262133
0,0407401539518249
-0,296854613327625
2,70890895382292E-06
0,000114681076634399
-0,000117187292435016
-2,33828687146873E-05
0,000852161012234147
-7,52789388459413E-05
0,0104888127021818
0,0927984159132305
-0,0186286836241357
0,0428842255022008
-0,119493305941201
0,100085582773307
0,0527530534704365
-0,0811701637436329
-0,156736728368302
-0,0395316275493425
-0,0247261952502475
0,0361596530553357
0,0779162932224945
-0,100858277871211
0,360319356290941
-0,201390429386717
0,202554079311861
0,438474003080392
-0,0823601416843502
0,115957842071544
0,0442058359922212
-0,030566767055359
-0,225790605369699
0,254554802272522
0,0260364681313242
-0,031920849532317
0,0492684698701479
0,00237483559518658
0,00655955722163686
0,0510348454284479
-0,109097044237611
0,121277605225016
4,92622785698127E-05
0,077358089285432
0,178207479895612
0,148383976600585
-0,303826073489971
-0,132967587802039
-0,0332488569571648
-0,0874071274176454
-0,209542159098343
-0,16767954549654
-0,151137599371303
0,121012114791037
-0,0258061585080446
-0,0864934959479949
-0,134844811974902
-0,0136252821746443
-0,0070133489431629
-8,4561877376888E-05
-0,00430494809573229
-0,00230478156013459
0,0129168345708387
-0,00806947797123856
0,0829305374165192
-0,0755445762169444
-0,0342099302881462
0,0811742589435571
