0,999785619614421
-8,05800479768656E-05
0,000209981690471983
-0,00104563004599018
-0,000373598004533896
-1,26161726666941E-05
-0,001429560398397
-0,00645917336789348
0,00433156894962564
-0,000324414075764865
0,00115058976105275
0,000571642116990954
-0,00218157627166947
-0,00503262500562108
0,00204776648849379
-0,00572329798394785
-5,64945552035105E-05
-0,00255174172390688
-0,00243981849664424
-0,00341281098784894
-0,00568412843207373
-0,00100578877969452
-0,000455116729714442
0,000180387252289548
-0,00111756422317018
-0,00062180470621295
-0,00171732268679707
-0,00289134922193831
-0,00293073225439437
-0,000613090589769524
0,00335506899861091
-0,00447166285184472
-0,0006776515266495
-0,00402812094808926
0,00146152580220694
-0,00272438096083647
0,00105123770110833
0,00116506644137771
0,00266806046461901
-9,63006597643925E-05
-0,00187251368374107
-0,00152375417007562
0,0012858532210789
-0,000710902896823021
0,00154101957129421
-0,00499819490450052
-0,00239536112694406
-0,0011645618787123
-0,00167188049005111
0,00382399950759558
-0,00130824563323729
0,00158735070084588
-0,00386116178313121
-0,000232119985665384
0,00300874633177579
-0,00659952613975635
-0,00177889277084796
0,000398500623451154
-0,00172585978599432
0,000248063885982347
0,0031613611806644
-0,000979506337499957
0,000577862646555864
-0,000367072628292654
2,39236004054325E-07
0,979176933158882
0,00296891608405025
-0,0255117361823583
-0,00246213454335676
0,000387106981716037
-0,013691323130702
-0,0614951652618826
0,0393106196227792
-0,0220684688069573
0,00982055101502686
-0,0294781961040153
-0,0246595974944079
0,0140183131332967
-0,00913053824757351
0,0415512525367158
0,0252298884505442
0,0289343848914513
0,0204918949226406
0,0462181497818325
0,0173312834049094
0,0385789303334417
0,00810193806445907
-0,0080248901575612
-0,0434337708911653
-0,0149685328633956
0,0286183142954373
0,0272966142875565
-0,0600016336392008
-0,050432927270689
-0,0145715931489268
-0,0157053841273366
0,00947165554663142
-0,0190080055024462
-0,00787693600219455
-0,0315205100605246
0,0120998942192495
0,0106780252701034
0,00762494113140047
0,0141652652854425
0,0539015983553318
-0,0519154127150038
0,00278144429529683
-0,00563724876208041
-0,0247042769748684
0,0137849187990754
0,0145634232778882
0,0104327029151525
-0,00428776209377333
-0,0215696992066391
-0,0147145372473911
-0,00453696936600856
0,0403489384753138
-0,00109394974382446
0,047948534873008
-0,011958281004702
-0,0101544370831179
-0,0225747670114557
-0,00476543382966141
-0,00010900212777632
-0,0143828212274401
0,00456380838460408
0,0171666390129091
-0,00154631087616243
8,84111746335636E-07
0,000665252651868377
-0,980426460959055
-0,0897740364184593
-0,136185893683692
0,00758569408982205
-0,0208589160604084
-0,0129851132158177
-0,0162348141416826
0,075822821901629
0,00154869801174813
-0,0069874995995378
0,00289911344978125
-0,0412188836331471
-0,0204448743839655
0,0332413408376934
-0,0071802366203773
-0,00456235857650531
0,0162504379167995
-0,0172122655902196
-0,00738194760443263
0,0148240482538173
0,000748859442394794
0,00837657631649207
0,00969451900906165
-0,00686074628394848
-0,0138793845028758
0,0181869387194699
-0,00419624972322221
-0,00845325050690836
0,00308687436415785
-0,00127772708847921
-0,0155257152505875
0,00503837912407254
0,0075770688936232
-0,0021279131230983
-0,0009386151882425
0,00121538650137974
-0,000908638575129727
0,00615525449285837
-0,00102408168875955
0,00266174013790785
0,00387837001056548
-0,00144863302725161
-0,00408837883051177
0,00017106522929678
-0,00101582931064131
0,00101484567815061
0,000628108542768608
0,000773579451754807
0,00242126076323646
0,00544940981199852
2,83277687148004E-05
-0,00263401832573508
-0,000582881511179507
-0,00144964027038994
0,000180984241015854
0,000210222375649439
0,000334860279667912
6,10214615533985E-06
-4,43345598807284E-05
3,9117475855899E-07
9,88982183133333E-09
-3,03751257111659E-09
0,000981311304777818
0,0265102741680267
-0,0548999644148239
0,915204868961459
-0,064216568840588
0,0271817561020355
-0,020871129652717
-0,034267888287943
-0,0507374988274601
0,150544480629907
-0,026721280830113
-0,009035562873877
-0,101764792104363
-0,0204370273715385
-0,0539715137392487
0,0413541255424518
-0,00976871777090196
-0,0525580995069403
-0,0117705202843421
-0,0248290375594257
-0,0230468203556588
0,0688016325652708
-0,00985821767605393
0,0367114535114894
0,000866757768713378
0,0141961620771779
0,0114161323227137
-0,0137527495999044
0,0511631548715728
-0,0832319479478222
-0,0224422769764765
0,00180253680301652
-0,0619910245948603
-0,00254959013560881
-0,000760004572798021
-0,0179432255946493
0,0291307584410156
-0,0101202698729033
-0,0163331100634732
0,0511829621861891
-0,0549338141420934
0,0188484705796775
0,0741562616498567
-0,0101230882727281
0,00933428376978277
-0,0426215381265019
0,0553123724648245
-0,0347141866019152
0,0536917097754015
0,0385879357078721
0,0918438063692296
-0,176957918917595
0,0338502797788562
-0,130218700291647
-0,0153930521671432
-0,0140410912568518
0,0390024413319915
-0,03246829540296
0,0190970413171553
0,0127563065923875
0,0137674540964271
0,0190424416806201
-0,0167245832681775
-0,0117428205026468
1,00921964821976E-07
0,000786852937040732
-0,115390341042676
0,0307268365615122
0,932546148338772
-0,00558392152499688
-0,0190324225708701
-0,0759269248212598
-0,00784861546308991
0,101506414286442
-0,0247281301717671
-0,0209440190245296
-0,0137118424927563
-0,0723555330696493
0,0136159550369098
0,0452069593309819
-0,0100212479354027
-0,0242732104925762
0,0332507413201374
-0,0273765357673117
-0,0431032114369603
0,00898387776861571
0,0834790403359963
-0,0104858423295086
-0,0319561465806787
-0,0850376785642177
-0,104832471496113
-0,0568454332976955
-0,0395586382492387
0,0129328730235944
0,0263475961376862
-0,0634081002475064
0,00958399256291137
-0,0232599333345671
0,0397977965262679
0,0440196482875301
-0,0147852785044298
-0,0151143037129735
-0,0483814948382781
0,0720968695485743
0,0879123664452456
0,0305783048012731
0,0455200529808348
-0,0103330690010184
-0,0260617767303178
-0,0221309749079051
0,0182016528743485
-0,0303407371630679
-0,0290605145055686
0,0393506698835924
0,0201721342729708
0,0115941427643882
0,0569696248720589
0,0211006712741859
-0,0683099756450302
0,0969793577336432
0,0400549426969351
0,00136304168853918
0,0368339515236126
-0,00489150594735698
-0,0306960582777323
0,0177137661192324
0,00670941909759985
0,00115289695767515
2,68545715237931E-10
8,85467156203155E-05
-0,00370126022467266
0,0160126316148637
-0,00713896272375365
-0,89712672679016
-0,0884954195969064
0,0234105650783035
0,0149454482671047
-0,0153086103450449
-0,0219816091193393
-0,0128535166179837
-0,0179141939178672
0,0543659033036831
0,0836382192627186
0,0468307017573513
-0,0209281686717203
-0,106439388216128
0,0434480760964308
0,0155003577853383
-0,0334925505703452
-0,00144576539722977
0,00769205000776806
0,00910459117002406
0,00520349098472041
0,150265031379995
-0,0916133197828181
0,0393824818321335
-0,121526517383961
-0,0124300288119083
-0,0264877801951327
0,0109145769651711
-0,0672757050750295
0,0879436199756528
0,13621921210956
-0,0336836665404657
-0,0309656031308839
0,0736591459306292
-0,0604739035710727
-0,0226140328393111
0,00918184861276005
0,0306052913066724
0,0081605947252687
0,0439415804272806
-0,0402414653403558
-0,0353326160887886
-0,0554828866241311
0,13818666702151
0,00154658120929713
0,00772458043480311
0,0548757042287463
-0,0515964732336832
0,0156711505886074
-0,0193500238579504
-0,0774431525076532
-0,024928850493942
-0,149455514441845
-0,0397169538166256
0,0196713989628442
0,00528299345577881
-0,0112774173473081
-0,0367374434576669
-4,68543923330342E-06
-0,00959254608579111
1,5731381962005E-09
2,97190332596134E-05
-0,0236743247496442
-0,00243735065312603
-0,00818235749286582
-0,0251310585661581
0,39051612314519
-0,286107452279708
-0,310552488802373
-0,283133352193706
-0,664390863538897
0,00176017647378063
-0,129166774203301
-0,022638644986767
-0,00246438174964776
-0,0971326204676024
-0,131714774066128
0,0957615637319545
-0,00525633754075046
0,0289712305056678
-0,0304372026798619
0,0431640835053297
0,00652339405794146
0,00990182775322342
0,00689615661629538
0,0494098149171518
-0,0496834241179235
-0,0118090367626276
-0,00392530924548345
-0,0363765914463648
0,0336371819400018
-0,040362844405532
-0,0151765252420162
-0,0696736704368637
-0,000914951373632573
-0,0343854101020522
0,0486491713881272
-0,00667483445656274
-0,00578747103429492
-0,0326717661798271
-0,0248729459268541
0,00738101510410603
-0,0089222298916616
0,062753219025896
-0,0500989993697856
-0,0213828854346375
-2,50021485352195E-05
0,0118253707510003
-0,00101729744243077
-0,0865503573324398
0,023194661163747
-0,123113337437475
-0,071350857431109
0,141749520635084
0,021527436324876
0,101067010937537
-0,0226180932996233
0,0217322587608303
-0,0386395227100208
-0,0290026812751269
-0,0132772449457272
-0,00367475812945735
-0,00310952770080809
-0,00744056466756276
1,69651078102429E-09
0,000219217857255915
-0,00251735333969121
0,00330454079731542
-0,000645257844011496
-0,0506253621289776
0,713070959424841
-0,216390429975367
-0,0615370584606337
0,105791866857096
0,348590275154942
0,189457047440767
0,0786617623122696
-0,0257562813067624
0,0392222422380386
0,139114384360326
0,26628043622725
-0,0987939659130409
-0,112978083343427
0,0293579534526712
0,0350754241519616
-0,0513816313049021
-0,0496773548965982
-0,00267893563839029
-0,0199254815609279
0,0175046391722309
-0,0189983303434208
0,0107747440615509
-0,033654659569238
-0,0219352182181923
0,00767894444450837
0,0145360859245473
-0,0177445736379213
0,0594350251427495
0,0693002874326701
-0,0158952385120758
0,011681265847028
0,0557129393497258
-0,0748404382245235
-0,0551401610920573
0,0234382443617798
0,00646829162713668
-0,0451752966319282
-0,126084381305018
0,0672902867293105
-0,158579934028393
0,0133324061956417
-0,00336948957876011
0,0755087476017833
-0,131857273027143
-0,0732773161221883
0,0889781653364063
0,0217166284388552
-0,139150497817509
-0,0863033941573974
0,0156101863305593
0,000289040264360936
0,00227724954690781
-0,014726386277086
0,0284118884576395
-0,00833613288934793
0,0479897243742084
-0,0183641025517459
-0,0383962525312625
1,24891591206119E-05
0,00367395820567042
-0,00181792347942499
0,000358751341751418
0,0115650583132041
-0,00101605231872484
0,0563873693895062
0,42909890420521
-0,394124941617978
-0,126387546577567
0,0926820693622703
-0,0116403058781726
-0,114392040824946
0,133455971669754
-0,150402542435244
0,364530450862644
0,0773441567050962
0,22001049199218
0,0303453689790067
-0,03123784312952
-0,221191095013364
0,0823275777792737
0,0951271944201162
0,011564724634423
-0,12203140671893
-0,028226563342097
-0,199327283023439
-0,237519412574393
-0,0769791352872266
0,0676511109830736
0,0738358770979982
-0,0991365723383716
-0,00278806604360935
-0,0607850142226414
0,000763871838186472
-0,163154249338817
0,0206277448336842
0,0629236306702138
0,150942971784749
-0,0113774738453362
0,0706113562010523
-0,126977634856091
0,114756963955513
-0,074627087377261
0,0307596195809135
-0,0690459493333767
-0,0733772781763748
-0,0275788254185586
-0,0258885004412691
0,0665017375292693
-0,0590971077687807
-0,00404152152548518
-0,184926820901775
-0,0573931262635719
0,0619630456163635
-0,115843984724401
-0,0622028814917217
0,0400636004159527
-0,0343263129033051
0,00551597244861754
0,0800773011748271
-0,0367506842002219
-0,0138418499312992
-0,00240688238638218
6,41054497708362E-11
0,000538348082987649
-0,000917032471799471
0,0033858368782654
0,0045662281783902
-0,166998343476087
0,0246961177442518
-0,00380117059665629
0,033432419056422
-0,0672374339776037
0,0622882222270988
0,0760814198509827
0,149638218473863
-0,127502161728105
-0,637542267207878
-0,148552301370897
-0,069382166595305
0,0595798778129713
-0,0829619684654488
0,0541052590530895
0,0734289013272185
-0,174547386798625
-0,030895805579856
-0,0528213604921429
-0,0254019083965253
-0,150894753488629
-0,134534524989454
-0,118232579953844
0,236506671180629
-0,372169684452126
-0,218943550809672
-0,153615560803429
0,0509327442112667
-0,0597488056041663
-0,0634187635941737
-0,0124941148020042
-0,0153632654767581
-0,0169379100260939
-0,0133290121369087
-0,00185260735843492
-0,0443416146392649
-0,029091310764425
-0,0112949817598298
0,0153433167807484
0,0962313725544519
0,0321785142890753
0,0999161829105587
0,0371907460860181
-0,0483154234185779
0,0950374211652219
-0,170930664442422
0,0401653350865082
-0,0488226411092468
0,0144616234186002
0,0572435098280445
0,116186891805015
-0,0477465167512675
-0,0349015335373676
0,0781372489371234
-0,0188576250695272
-0,0339657396779929
-0,0208937229818184
0,0227044029017586
0,0143682394286757
2,15105460080471E-06
0,00021683054829014
-0,052045556629353
0,00906837267789466
0,11382338649697
0,000968279285217876
0,0216985302770427
0,126981904429061
-0,0531034179945246
-0,270438547326069
0,123292497559165
-0,105331240358746
-0,197180705010194
0,33497635132192
-0,0283706423283611
-0,266895123685324
0,237170657805789
-0,0478656507795222
-0,171753868008762
-0,0637751743703407
0,0186623937434457
0,152390693728609
-0,237404396931175
0,0878616865617978
0,088062092967597
0,00982112146669597
0,0161780496090268
0,317666785264523
0,121552029782457
-0,221779085238816
0,0921981452239161
-0,0109424932040057
0,0316913735947972
-0,115317372959614
0,0660277279323837
-0,0907228510376916
0,0237243986456444
0,0659697902838384
0,00455604773423408
0,151348829182954
-0,0480397589915606
0,115750537905307
0,055079537453447
-0,0562121128410745
0,0792363050153749
0,0522724854006256
-0,0516407955398505
0,00752652357593715
-0,0308804004670226
0,0856970952796454
0,0487741889462067
0,0586584617416513
0,110896909983662
0,0782436677839783
-0,0257218469189661
-0,00957499888342588
-0,0408214874191745
0,0900900958757401
-0,180702137311017
0,0675537768845208
-0,0121317693144189
-0,0336568693046407
-0,331255962078277
0,0352410908791843
1,31546937492509E-09
6,73045622358463E-05
-0,000119981706587824
0,00223332034393991
2,58423197061294E-05
-0,00196332616123881
0,0368629920566592
0,0765490884344303
0,0707697619583579
0,104999376241887
-0,0998500930681166
-0,0630483638343572
0,0107544161221496
-0,0440397534535539
-0,00283249931497472
-0,203638202383304
0,346251127599907
0,175688123442724
0,348396279390847
0,254363359368099
-0,256511387809197
-0,293899780797845
-0,00390211793811539
0,501994275535586
-0,0788083866904322
0,0446925760041643
-0,00452006813492027
-0,0160609202794101
-0,010329188793535
-0,0386462099914111
0,0193765542698763
0,0508081423092786
-0,0341992983583783
0,0182532840776611
-0,067521029427031
0,00182133751617371
-0,151329059142922
0,231947505273866
-0,136391995010866
-0,0231792215326361
-0,0961472052182858
-0,00564900366989935
0,0595511896229483
-0,00190850022381737
-0,069491202512796
0,0650136451454824
0,0684644295323132
-0,190252504408039
-0,00201627195207937
-0,0177145277837569
-0,00911848540104747
0,00347909606355705
0,00701983535037687
0,0053684580917238
-0,00405875396953631
0,000470793252801082
-0,00370799778396609
-0,000854244750378791
-1,37859250211674E-05
0,000249068584137289
0,000156612686428762
-9,54692695594452E-07
1,50229805106669E-08
8,10636692543345E-09
5,37432608753329E-06
0,0038006904193817
-0,000351836362132256
-0,000298683813118688
0,00331818624355544
-0,00178258756024476
0,103924435249794
0,292055911684664
0,0877953056765229
0,238514851555905
-0,260324865782097
0,0818479919957399
0,182412064303356
0,0980225518359394
-0,00821115822142633
-0,206012645406657
0,180278057815442
-0,144207153157271
0,119907288759636
0,168533119119713
0,0442887387339748
0,188024411829187
0,00412093063401136
-0,231501992972216
0,0516939180251096
-0,019562900323176
0,0363686807868798
0,0505103569877529
0,0435310335511556
0,115908783752598
-0,0992618064784392
-0,304045978886379
-0,0156161864026609
-0,153329562011015
0,0745991419967473
0,161001955158388
0,181161774355452
-0,0848789647251339
-0,227256525087277
0,0742923925044147
0,112062290929301
-0,0349536938614869
0,186636780518882
-0,0770223390491938
-0,145574371705431
-0,0498537734301841
0,0477071888755066
0,0813883875972973
0,0485864095501629
-0,0959410526504022
-0,104803600537256
0,0353926691430036
-0,131336941190898
-0,0923806840803532
0,12946905947771
-0,193171495087324
-0,0899987788176707
0,0619703069325216
-0,0296768231600043
-0,00450962597429083
0,079936524654137
-0,0169614849745999
-0,033568220963345
0,0632417938263415
3,52945763345841E-07
0,000780421342993242
-0,00248236656417744
0,0566481384197658
-0,00607744310502907
-0,020845201130299
0,00621478036097332
0,00563119951500058
-0,0183735148567634
0,114385157366101
-0,00378373135411789
-0,0650481474929846
-0,0484873865967414
-0,0958303462723677
0,0618701870889213
-0,172456466570611
0,214718158199048
0,428835377568157
0,0651273553509506
-0,143445803599016
0,134999519486666
-0,142401411201849
0,0350808179050299
0,0553358367951719
-0,00391383334602132
0,00951289710132989
-0,00934639123413886
-0,00782272946369812
0,0428236676702669
-0,00658575990553987
0,0275298050229504
0,0672058846093267
0,0724282925755046
0,0382601204415608
0,129314159906018
0,0367466885819889
0,262573970611595
-0,454617210794796
0,212956357414042
0,0579071799185243
0,201212092330207
0,0376445129829835
-0,103044207775808
0,000992444334338368
0,0889180036168574
-0,0549388685360887
-0,0622497535780878
0,0415059787632167
0,0332246924595863
-0,0537239652279655
0,0131364736645207
0,0467395954457669
0,0305085194684855
0,0604264875921245
-0,146929825259366
-0,0614586350180424
-0,383929810710469
-0,0922860898084722
0,0811315423674821
0,0605099240995413
-0,0385668884108235
-0,0759370880718232
0,016194241722145
-0,0179300536672617
4,39799282973656E-09
0,00481261145184826
-9,84915648117159E-06
-0,000672962893224351
0,00155054584900306
-0,000505071897726247
0,0337910770990295
0,142868307850583
-0,0371875235119183
0,133185732058939
-0,104831574474937
0,167038445018127
0,163910108722969
0,0781292850650313
0,0626709504605846
-0,237266904153138
-0,0651476568177613
-0,162851370514079
-0,110250096012675
-0,307252822704726
0,127403855066387
-0,0140872007058013
0,0327506310625363
0,229923682482635
-0,139792133154857
-0,156693478986826
-0,100367334888576
-0,091914056407796
-0,140963653957784
-0,0128543482101183
0,0473327180665787
0,121761078632306
-0,0407802870232996
-0,0122827364793877
-0,0669148164538207
-0,243750887706962
0,0634508075199987
0,118147733242033
0,153699266815595
-0,155487325216608
0,134561528074912
-0,21560834835764
0,28697157218768
0,138991826423052
0,15312031458939
0,13422063068081
0,208056995465561
0,160379475447172
0,17487280189575
-0,150741370428024
0,0532511605569452
0,0850930732143062
0,179891695772659
0,0288264232104198
0,0245601022578739
0,0113524213978215
0,000537335581012144
-0,00196467384579683
-0,0129684489875037
0,00465203974473536
-0,0816592210102607
0,0539952644106544
0,00807301838971534
0,066560087746819
5,41023863648515E-06
0,00134986105276026
-0,0146866719573939
0,00522154306278636
0,23426043345981
-0,00436911889120085
0,00392609733389329
0,0456348690976323
-0,0625962934386817
0,133520495921376
-0,0558219272999714
0,0670607019521624
0,0494317788683122
-0,056382154167525
0,026235838117166
0,171439892251206
-0,147845515634755
0,0773312152566142
0,0687518588008908
0,108989880634651
0,137801786122883
-0,161388092674448
-0,208653075490281
0,00586994395309749
0,134178270802814
-0,01864202870657
0,136964730681004
0,296494103548005
0,0895704457238395
-0,0802058366259062
-0,0571245108050496
0,21849484605068
-0,11065524896667
-0,038906982859838
-0,0745080262866957
-0,15630380669104
0,0644162847248917
0,0594394118449628
0,133846453764152
-0,177244948227958
-0,297244127374792
-0,0915669798949223
-0,132311329573645
0,0295140343291679
0,112029396708331
0,0789089344808105
-0,064631891676355
0,105859255445717
0,0899193139502984
-0,131246923826051
-0,0853395831645316
-0,0510402961682557
-0,192185112878169
-0,0745959591368281
0,237792124049206
-0,340812446075152
-0,141859619533745
-0,00323164396305796
-0,130668802295327
0,0176784156888311
0,108330612129463
-0,0625163965888211
-0,0236793781917335
-0,00406888281168991
0,0109877588731198
0,000465505156174914
-0,00127300856183651
0,000985930892928768
0,00605157298304187
-0,000990682256446789
0,0598732715931085
0,114104121020811
-0,13350650198363
-0,0820054167467951
0,055980294370311
-0,298729784997409
-0,00800680743147802
0,151579401757847
-0,0975853617834534
0,0435259089258208
0,0369254106481957
-0,0803730315970107
0,199133311304759
-0,214701933654629
0,0181124717610883
-0,0344715500725223
-0,00817311146147059
-0,035785664254693
-0,0534633074995982
-0,254438871876178
-0,0031251582587269
0,136114007016609
-0,0660077002216392
0,0949571080298372
-0,327948615580429
0,181672063742052
-0,0389236682081271
0,179609603470581
-0,175270390259942
0,135712128008505
0,0744344931395839
-0,0779308353741226
-0,159600556321063
0,000953452587190688
-0,00166046418264496
-0,0528751112931699
-0,124346148284956
-0,0600502944581977
-0,155273276424689
0,240796747019465
-0,0734622125498306
0,0496937774444274
0,132164640475273
-0,272299988787674
-0,0397152231980424
-0,165236795248965
-0,0930484818553857
-0,132634159262006
-0,0971814410504782
0,287504938756671
-0,00565831003310054
0,0785122984765446
0,0687045918055425
-0,007889400677354
-0,0682147158815078
-0,0112143407450048
-0,0905511239933128
0,0268830624819851
0,000232814177686707
0,00283059510728257
-0,0682115288905121
0,220257534318421
0,0784222213207447
0,0117186648018055
0,00397751210992283
0,0413571047914499
0,0686203346819299
-0,24706108113673
0,0355674740139206
0,0789246203482362
0,0813087681686935
0,11368652419694
-0,0109980131711253
-0,099189151492052
0,0378309288909535
-0,0430215414362162
-0,0442719617164052
0,0829518240200148
-0,0210622795358897
-0,054666505178247
-0,0021238698024791
-0,00743086233373857
0,02253719647074
0,0718338279283909
0,00205493603133015
0,116952840130574
-0,128309776213654
0,221232461917148
0,190374775574589
-0,160678398487806
0,344738551332318
0,357859920741148
-0,177191287655275
-0,0447680925841226
0,0403677686906043
0,0492616765118357
0,0190620631110111
-0,157634817048408
0,0957884279784404
0,000896696997130596
-0,284927816509014
0,176941336442938
-0,0703081598086939
0,000897442103838614
0,157461483280059
0,0377024609978549
0,143727841891186
0,120435059082837
-0,120599661234054
0,210955085991542
-0,19568133425427
0,0370755533915132
0,210506863866664
0,0885770402445911
-0,129220394901501
0,0060926301482129
0,0468222643719321
-0,0264422686573498
-0,0315653369190729
-0,051578491619251
0,0354987113933366
0,0256911877581136
3,67233074808354E-06
0,0166638546992928
-0,00215771845258516
0,0481035662999675
-0,00451935141223784
-0,000302892470626307
0,0896537939616335
-1,29438511986493E-05
-0,080912755288872
0,0804373809055845
0,086360547506711
-0,567126404117494
0,263241697517416
0,18335587948017
-0,022163410517273
-0,0679274086783732
-0,287021871664353
-0,0837096596508574
0,237627399753389
-0,0646713336738093
0,116809148721124
-0,081073471399246
0,0810033654711132
0,00204082262968359
0,0428980572328648
0,0822852042178611
0,146336407173526
-0,163440251368559
0,137529764997215
-0,1029502093759
0,319067181065559
-0,0349547149813339
0,0580881073204781
-0,114727092333475
0,13185812334186
-0,0851643297454027
-0,00697860280325452
0,107523561541854
-0,0686240680417535
-0,120605959257175
0,0612180570865324
0,0621021038005541
-0,069991343935958
-0,0990340297826371
0,064105918013109
-0,209197665313309
0,0103701776412611
-0,0101908492719833
0,0307097280840683
-0,094118758504709
-0,0494700388548301
0,0907743856520494
-0,0345364295733273
0,0815624145041372
-0,0107217275372115
-0,00586894736359062
-0,0187748390109054
0,041344216811501
-0,00613551938708119
0,00957772712261685
-0,00278164163199337
6,38462177739455E-06
-4,91653278029386E-07
-1,16922429940284E-07
9,17473391112064E-07
0,000221246986916045
-0,0697540932171561
0,0267112667343593
0,0600340995452799
0,00157084971200533
0,0817048493113451
0,136224765464051
0,219914749667628
-0,339906810870751
0,0708494463755935
0,0545321684158124
-0,0612233176074223
0,227778666921299
0,151286336394659
-0,160317169476689
-0,12067834859441
0,112187987925552
-0,0383062861387707
0,153011693329799
0,128581337343802
-0,294174482504523
0,108165088937784
-0,126513477506023
-0,0268581287727023
-0,114418358650844
0,0278452539087436
-0,0614062913391742
-0,0158602091521364
0,0268852979220566
0,0943474992005545
-0,0535355498386874
-0,186863569334914
0,0980989674301418
0,0120805006302491
-0,0397320939454281
0,0269054715396895
-0,0614957908316258
0,0361516518785566
0,0325249040161145
-0,102758155565236
-0,0506269421900226
0,184385869972151
-0,00902502190317058
-0,0004729477875519
-0,114988770664671
0,0307328518722949
-0,0291761138150898
-0,0736117538767056
-0,158352465537025
-0,0853421653301586
-0,211914363628127
-0,0706309624722502
-0,113920874414542
-0,0812555111063422
-0,0841103378819924
0,188218238011611
-0,386578812728102
0,215182967841616
0,0052585197498126
0,0490703146608962
0,0394257069324184
-0,0988048046728204
-0,0308216149313681
1,47837607313024E-09
0,0011424796907002
-0,000164739697084325
0,00432309667678273
-0,00013830952820342
-0,00293824620836859
0,0453105599543911
0,0217956771304135
-0,0645872289101239
0,0862999443486814
0,102756956726289
-0,239727277776988
0,210698901883214
-0,0106735756357216
0,128562022330379
-0,227822494240278
-0,315781082503778
0,206023392344268
-0,300721780114637
0,345106680907471
-0,260581960103189
0,219050708017117
-0,0726586410482021
0,0829570108305956
-0,012142191939943
0,0181414755790324
-0,312574611870066
0,101983981435025
-0,114559398449691
0,0646146810140733
-0,238311551821486
0,0761675340000443
-0,0370665797478557
0,0637056120182143
-0,131413811429932
0,0466447924907791
-0,0583711062978152
-0,0635454614630864
0,0677339224662341
0,0897767551251956
0,0535035331797741
0,0614334850112782
-0,0329526619658314
-0,151406863770203
0,122093922415704
-0,103036633337971
0,107646571620873
-0,0211300633412895
0,0871344485231622
-0,0859957642855899
-0,0119197683973871
-0,00514468007510391
0,0479704280192599
-0,0137082820318829
0,0367397976958859
-0,0458754830176852
-0,0082870169188264
-0,0340305239676548
-0,0322923160706157
0,00174438205916838
-0,00967303900625183
-7,78733868975981E-06
-1,42512146843113E-05
-5,27702421655959E-08
6,86367484397815E-08
0,0148963222096265
-0,00453819642127785
0,0111131729607899
0,0455837268392686
-0,0221051078300307
0,00519375504380479
-0,00922296464851449
0,0359700730732394
-0,126334631583892
0,0355137077748432
0,0546604538268928
0,212089043132531
-0,134803516683223
-0,558183038739674
-0,144835677019461
-0,000806360700963737
0,0843418527613854
-0,0611843382461316
-0,0077716116862619
0,00736456921599572
0,024108760286956
0,0790668892849615
-0,00829485915454909
0,0409651576620898
0,0725367979319911
0,106556182066966
0,10913325908797
-0,159954138808757
0,356324615543781
0,20075121190469
0,138394112556492
-0,0646449184492205
0,0231232710477345
0,0370770381632845
-0,0361950522318796
0,000485030411346697
0,0053065348064697
0,0464383425112701
-0,0208136001386666
-0,00285645027332149
0,00540974104772127
0,0187791727044404
-0,100205991375807
-0,207101157226588
-0,0512315627551788
-0,143294347830181
-0,0350101753679853
0,0672372220931381
-0,122604157676107
0,319658365989486
-0,0928498093564295
0,111955247351289
-0,00412800362940216
-0,125162252316062
-0,195372179498805
0,0800212615784539
0,0611223311646612
-0,133226731238726
0,0322013908007555
0,0561738174111347
0,034303366200929
-0,0372746833620265
-0,0235895593734609
1,93125098010186E-09
0,00296616296380139
-0,000200298772010875
-0,00017429366819437
0,00137456047403282
-0,00440999646376151
0,119539568519871
0,0847167248616345
0,0403031982769233
0,0937572525393535
0,0163592015244448
0,131288860099118
0,00945922731185942
0,0213405945588927
0,0192807936024256
-0,113235867385148
-0,0796987197697744
-0,0622086100759297
0,046171217027499
-0,173353021642391
-0,109978600556582
0,0232675349110405
0,0111212338045343
-0,0408199094218114
0,00440982160140858
0,0328748983297685
-0,0602791287582342
0,0162126031907691
0,061104765381877
-0,00979488070506506
0,0231092867590601
0,178197717759349
0,0634740090978422
-0,0252280599728716
0,0431289864946745
-0,150620449711395
0,00308299804478748
0,0261580189724401
-0,0332517817443222
-0,139723393461587
0,295844982951485
0,176573434774403
-0,200591308529345
-0,327003499164287
-0,16552974586388
0,300788644632568
0,191073462528129
-0,0564193971322087
-0,340216232060133
0,135330165813486
-0,0849371858919639
-0,282159760210252
-0,0658451976025621
0,0810149631325517
0,0882689454206053
-0,10247299016576
0,0175916154778366
-0,245299547524067
-0,119510070006815
0,0193193261021271
-0,0307186679103217
-0,0649293516192752
0,0284723528799974
-0,183683457368332
2,50332126480481E-06
0,000104659382272413
-0,00169889483624666
0,000464154735171419
0,00772724033866316
-8,83378242866033E-05
0,0135000356757407
0,0877267907094472
-0,0844191466647966
-0,0879498366161131
0,0541750829832411
-0,0756635532890682
-0,0808414647323134
0,0896934854957618
-0,0574680436421308
-0,00281456564340103
0,0919120558829903
-0,00608947121095817
0,012510899994046
-0,0917727528362486
-0,0467156304470894
0,0921539453669923
-0,0763379687504602
0,0416054549183177
-0,0228107873476187
-0,145192793153971
-0,0810853812736484
0,208799223614038
-0,053012183917651
-0,0447068955012648
-0,0635899784053576
0,104321488371073
-0,139548740472721
-0,219253309436162
-0,0133198995154691
0,110142460450805
0,138921411579277
-0,0724399142225071
-0,224875247279945
-0,238953908262357
-0,0402254822278161
0,00149790045151284
-0,171901394077014
0,252796504621785
-0,0456261697975076
-0,231583217447962
0,255040348990607
0,00687769082404329
-0,0299847351827395
0,10925755191452
0,106173799218831
0,136115592333853
-0,00712963725074682
0,162859509421581
-0,175320161838922
-0,230108036225336
0,16992458774218
-0,135346984822418
0,134401235363918
-0,0646330344930592
0,0728648531956014
0,0706899786827059
0,399412179511541
-0,0610027657430991
2,31317622189963E-10
0,000116797132128056
-0,0163841648360648
0,00412090967485504
-0,00653663744177476
-0,293705102708574
0,0687597072342823
-0,034124556421088
-0,0262697160929089
-0,00636101156057737
0,00732107990556152
0,0248640115692114
0,00261848674407323
-0,0114950357326475
0,0688202190369332
0,0313306407224012
0,0161727987404652
-0,006552492908713
-0,0739181456761037
0,0695554804842396
-0,0936513595415694
0,111129650343807
0,0349031834843315
0,107534376355669
-0,0222215044475347
-0,408677367536958
0,361096829840766
-0,0810658752286041
0,266906572700113
0,182550348091707
0,202140030137004
0,0679893016448713
0,184098689651035
-0,242658777868316
-0,474589463273954
0,146607727603742
-0,0218448560188816
-0,0827027822252158
0,0620974052470088
0,110629139970382
0,0594647999641412
-0,0250973411560602
-0,00600340018017469
-0,0679943409087758
0,125791688213858
0,0225531170140061
0,00276879837097813
-0,0369280804011463
-0,023645630605489
0,0187111159203051
0,0420844105740334
-0,0183057438416505
0,010178416353305
0,00956695841519794
0,0285409429159034
-0,0444539378238628
0,0205302838250627
-0,0497321141589588
0,0319825526814915
0,0366400210818658
0,0196367487836204
0,00482197638345917
0,004098874079784
0,00980902246711966
2,77574981905075E-08
0,000106000710084263
-0,00121340455300744
0,00489543879534671
0,00161395952699869
0,000351211512668403
0,00749809857285167
0,0451613829881032
-0,00925564600057635
-0,0966923534276515
0,0216108868015326
-0,0114675854543962
0,0498581711952565
-0,181806828430122
0,0717297314085752
-0,0156879915576293
0,0077541327886244
-0,0512339994429899
0,0667499349024007
0,0174263262883807
0,0817646872142145
0,0606261014692908
0,0177156366068904
-0,0176134570341943
-0,242926847030492
0,0773774519122788
-0,0403880113140225
0,0981921724578041
0,12425952260375
-0,0492542734151631
-0,0121152087287513
0,092238775470372
0,0904575494669954
-0,118828474620533
0,0481419921830586
-0,00246035126588063
-0,0233488810581119
0,0113794354406036
0,00877231574933323
0,0841229473137014
-0,0116625663332357
-0,0408988095424702
0,109592664127245
-0,126898859982279
-0,0410715893087288
0,0494979717365618
-0,099027182360177
-0,00384717676400833
0,32960913227807
0,108139079421155
0,186936608050195
0,162021251311399
-0,258170982652856
0,0182227386312029
0,0106775998026439
-0,0292379901820947
0,0407740837308349
-0,194768710634148
0,0684042040262671
-0,473457814854802
-0,272190070555344
0,000971957363952633
-0,11514229804848
-0,379580597496331
1,78262224431071E-09
4,79178030813051E-05
-0,000234978867956106
0,000614399928945041
0,00101193572210069
-0,000821548497778378
0,0626631887492892
0,130439938421971
0,180780455103688
0,0279385059633605
-0,160950231123929
-0,188684654495432
-0,00997166361162994
-0,124039796096868
-0,0268834957515033
0,13256700656403
0,134295214490227
-0,0592641504422032
-0,241782686300924
-0,00451787253158197
-0,0176871602308811
-0,0530082226047739
-0,0986345405208603
-0,00127821400510157
-0,0204109718042909
0,000485465695915247
-0,0156503249730826
-0,0208245481510516
-0,00929507057089593
0,00960175692417988
0,0493602509234269
-0,0295912837660672
-0,0229970418243771
0,00863064778511254
-0,00983045166871696
-0,0555561871280635
0,0323119456763006
0,09027287959979
0,0835633262194102
-0,0914775320592478
0,124130627412909
0,0825109858651629
-0,195405066780879
0,0219489238004071
0,0853143914396658
0,035909882409703
0,012711693556658
-0,051578142792926
-0,156503366233594
-0,0931607624184052
-0,0329052785674551
-0,149875093147134
0,144327354659063
-0,00240147873079753
-0,0379528416863477
-0,179659281290096
-0,00436625763640962
0,226950520483006
0,383007501520765
-0,512406190140681
0,0298523737076131
0,045361130896892
-0,203002475612237
0,189807207051541
4,05137377219419E-06
0,0775086584387044
-0,000292320871374815
-0,00429046192547346
0,0154467878261918
-0,0016130977190579
0,0547719531399704
0,29493110429749
-0,197728150703387
0,1192605949405
-0,0480631254098753
0,169691281437157
0,120899416437501
-0,085081099313606
0,0979511375052813
-0,141900650966168
-0,195798933631162
-0,0457569530567603
-0,158598664104848
-0,124037812424
-0,176490346981178
-0,284451991710778
-0,0993366309275648
-0,0376457368227503
0,134208319398252
0,129768322640848
0,289044795347448
0,148428333393081
-0,0832177908541057
-0,170865382745164
-0,0707189873386639
0,0795932266588835
0,0206674614246757
0,0434361988870729
-0,132504754907527
-0,0126698901917103
0,0501123597929889
-0,0040374508948732
-0,0507006700279162
0,0381268716021965
0,154128830952034
-0,0519608582889837
0,0712886992685361
0,0427036486991041
-0,0868264928350914
-0,239902984380109
-0,251486206350527
-0,179842772992311
-0,0850449985889453
0,194292886270001
0,032135153447874
0,0369239217407034
-0,12401112444729
-0,023884952164757
-0,183007391697228
0,18364385310769
0,0502081311129779
0,100478274059616
0,101765581266258
-0,0113581111791096
0,0355390710336491
-5,81167658117913E-06
5,28954348965237E-05
2,85691144298223E-07
1,41305558407651E-06
0,000259818431899344
-0,000322465543381554
0,00163953484932241
0,00125917785868841
-0,0016590253293827
0,104842996271466
0,181302226147523
0,195421001148571
0,084045570751731
-0,210655578953589
-0,280223895446173
0,0546135879748397
-0,0713635238464298
-0,0530968606428933
0,0507842760842043
0,220889682340845
-0,130924495511701
-0,0286642760518175
0,0544745447049679
-0,0772094945745925
-0,0172750208418263
-0,13748127818843
-0,234811398864113
-0,0044644137263494
-0,0803272992970006
0,021956364406041
-0,0313719295161863
-0,0480048199121996
0,0462471786258078
-0,0395587192956501
-0,0026831174639026
0,0240878134055185
0,0644604468958743
-0,0568515009499942
-0,109630934220322
-0,0874889608938418
0,0280057924275963
0,326328777430098
0,0336434446346738
-0,0383257530997868
0,056242607833495
-0,0221962758542944
0,295798181835891
0,114180447330581
-0,0998475465563097
-0,00509268737934132
-0,00673111753819352
-0,119361452583667
-0,0100125473022059
-0,0486064030673817
-0,0261818160018011
0,0213435536119905
-0,0751182801229743
-0,163223952891406
0,0931065376761835
0,0690807428460483
-0,10434255618021
-0,324602974180303
0,108681325142715
-0,171922664402218
-0,0176073337450814
0,0894801232594765
-0,359534058858142
2,02840134461563E-06
0,147668199485406
0,000596564378757244
-0,00942629777060738
0,00204020974084905
-0,000464982619283852
0,0350908444383414
0,181932877791517
-0,0820015284311424
0,102917134801505
-0,084408381666795
0,174210480909187
0,115316022527153
0,0951751924448823
0,051974857962214
-0,104953120008044
-0,0495789300932427
-0,0795126382454048
-0,0920626851355874
-0,296197145313184
-0,148197671705923
-0,141974874486005
-0,00899141525407689
0,0155622352426967
-0,0904418173187871
0,038974662644043
-0,277099446376107
-0,0758541237974278
0,410623626495127
0,265181759334983
0,120120912812907
-0,0224590770118753
-0,0571060417876985
0,0728844610654037
0,119792153993635
0,198276118741347
-0,130499077857858
-0,045273932679605
-0,0179412475672638
0,119405186125469
-0,402549306939603
0,151897684023674
-0,244858431391454
0,0505804314017374
0,0740932597842676
-0,0310456458619131
-0,0615818440662846
-0,000362143431166323
0,0461076795736388
-0,0369719264573008
0,0220274784353802
0,00643592779564024
0,0378805618228864
0,00475026231365436
-0,000816677743780307
0,00574554853773839
0,00468011013654326
0,00459753828488933
0,00490145876513969
-0,00140087106956711
0,00407532484727203
-0,000849335071781597
-0,000551761194283524
1,51663415398055E-05
8,69188280061495E-10
1,78657649079736E-05
-0,000475764283233752
0,000651867956199009
0,00848699651047995
-0,00585136144844529
0,0259645958918374
0,0204586699654365
0,037445128852492
0,0147783178007203
0,0182570896977448
0,035212486277667
-0,0539034265580526
-0,0229949517694244
-0,0199349702121719
0,0297257665456664
-0,177617280685416
0,0971328652768616
0,162912922479406
-0,0451630853745994
0,131323785736043
0,0273562257034841
-0,693969543598545
0,118546052728723
-0,136690176275225
0,00791130172145686
0,0812694748567016
-0,0742438164305698
-0,0611138273841502
0,280894267357671
-0,0405767930469725
-0,268123871296158
-0,0288279651809325
-0,068100999995121
0,00156896512324797
-0,032487980076188
0,0326382513153662
0,0401113809515937
0,102819718581504
-0,0360628671968402
-0,0993408522231584
-0,062628073507757
0,0236236728823902
-0,241645642337949
-0,118462871555279
-0,0806276979214772
0,110413429561023
0,097717363244433
-0,0777592586506217
0,105015729924486
0,0079221407379916
0,0192769776304385
0,0816195129768
0,0115668243599383
-0,129328188617429
0,160610865614978
-0,0485514037840773
-0,0487570411187645
0,0966529743113835
0,000521660067565901
-0,0584463427747341
0,00166300730563127
0,0153955060486859
-0,00152221146112898
1,65514430164647E-10
0,0203023590488061
-0,010020968844172
-0,00114763133585388
0,0264427820992985
-0,00111181243762676
-0,00242247355494167
-0,0133523414036763
0,0104610951588662
-0,019935588925048
0,00964807402008171
-0,00373696744439586
0,0186578324459357
-0,00973414921101673
-0,111661100024158
-0,0396833705681203
0,0258130190713394
0,0197827953631366
-0,0336822017846611
0,0110883764372056
0,00283576138264434
0,0713225847168529
0,0485217326771322
-0,0112677324921675
-0,0736134256297732
0,189719285063368
0,194124747525978
-0,145071824329926
-0,136943115416631
0,279689845367501
-0,0665024880303392
0,307608838334232
-0,158078753409591
-0,122957129845032
0,0114379433137713
-0,202121634564669
0,348316626963401
0,107046552052083
-0,197867123103738
0,274077109126527
-0,155568049925322
0,291498922898299
0,0512241646987672
0,0868108843956203
0,287514019119014
0,0554383289176778
0,100155446005233
0,0187328977043777
-0,0515276987769755
0,119330665457609
-0,237830159137037
0,074220469647081
-0,126143786325199
0,00297703033704656
0,0406177287258679
0,150843927319432
-0,0462754369832986
-0,0199447891874497
0,0983300724983909
-0,0224470325820169
-0,0249250254343217
-0,0285539408750964
0,00890149802935057
0,0180437218148554
0,000233025000894893
0,00264534719214098
-0,0553408536373574
0,225361916107688
-0,00926791126787609
0,0135082871549098
0,0157222191340948
0,0694002527198983
0,121852160861241
-0,332902937411427
0,0111212656074788
0,114778157741652
0,235079840971067
0,00317663352370503
0,198215643322257
0,0556453819655835
-0,0308837126449477
0,0128701233525951
0,0791738608042341
0,107563640856973
0,0291907250764279
-0,222927756853009
0,0140767841884436
-0,100241001253151
-0,0451052130767634
-0,132306019034804
-0,101639093854265
-0,087684975914722
-0,0559281348476667
0,0498213634041009
-0,189836144906761
0,0974492207394551
-0,0319021602091288
-0,287396061592477
0,0798443564888832
0,00986541219622004
-0,0116011530369247
0,0234094645716539
-0,036317256161951
0,00104958969971324
0,0616264147940171
-0,0103054047773905
-0,109168721420983
-0,0743586062217853
0,0739392896631853
0,075823312730889
-0,0681098486012996
0,0166012976815865
-0,336320248120104
-0,126941716899517
0,28143982715589
0,300714683969662
0,021932816903102
0,0448019096068897
0,0404101253767822
0,0660531318130804
-0,112940951281199
0,242307401779701
-0,153396766977799
-0,00319433335539516
-0,0348666750836939
-0,0281179381168071
0,0347266946258804
0,0242041832483673
2,53681984626968E-06
0,000282073936404201
-0,000289021276368504
0,00210635898279039
7,86558786056409E-05
-0,00689883282939863
0,176469252288963
-0,0345895492572173
-0,0324233500054171
0,0379958837730547
0,125128623682302
-0,140244055867518
0,0911866634624869
0,069392102577205
-0,0147395194958504
0,0749701834378113
0,0559541230894008
-0,117800677370263
0,0639075680361425
-0,0958115983614166
0,108820457591544
-0,158501756556879
0,0529188907992226
0,0307560898001873
0,0106686885351287
0,0341586137063452
0,0484459691157778
0,102496742656887
-0,0328483563383148
0,14957214047215
-0,259546728230333
-0,0524018079602535
0,060657757842204
0,136568595800397
-0,00419773762229955
0,061833879973216
-0,116204016289253
-0,0669138015358878
0,145024979984349
0,233353440698696
-0,0531691861124095
-0,0358798818368512
0,251704662537808
0,0701435236653133
0,0561093381633353
-0,0781670727790099
0,114068806490216
-0,033958399959434
-0,118190651006877
0,176370718480094
0,192691644721604
-0,220689033746003
-0,0666681513327526
0,499216149435648
0,253491991788926
-0,0571838812896983
-0,0807625509885461
-0,0408183048867534
-0,0471685009591629
-0,132784608279507
0,141373614243678
0,0528554874061269
0,0452366238848157
0,108267520043862
4,07050543897879E-08
0,000103070667222005
-0,00292125234315186
0,00817207256178609
0,00446827853425371
-0,0063255475448024
0,0385346232777096
0,01058752781498
0,0352872585706867
-0,114144330994279
0,0403809033357863
0,0373604418636304
0,120449589833044
-0,0207012409599789
0,0999506918409188
0,00576281838633796
0,0244659719602525
0,0694707718589065
0,0246116980174902
-0,0188930803734291
-0,0134314725294346
0,034172068955331
0,0387423392497573
-0,00289344234442172
0,0508911449541065
-0,170421624247057
0,160876201139323
-0,089596715618093
0,123349020193142
-0,0343318070039052
-0,0535064765120915
-0,144413431348299
-0,646397420502684
0,0523249027526317
-0,0231768995529108
-0,106500265420121
-0,100397804351968
0,0493344462992501
0,156052814224343
0,046198046064945
0,214797893502872
0,227822424158764
-0,155256868880922
0,052490755083823
-0,201543099668234
0,0231001086821105
0,0437616770604266
-0,0189972206849174
0,344469798681759
0,214849684436361
-0,0310738311791247
-0,00249762513617611
0,0164345402480679
0,0938376645659354
0,0571018718333149
0,0143933847843794
-0,0662762411389014
0,120503819369703
-0,0566425029323452
0,00238012632749684
-0,0170185051765861
-0,0143323171287578
0,016060937681701
0,0107098361239586
3,18247605373813E-10
0,000101557063128747
-2,33718788394585E-05
0,00066733707513145
-8,6826315036647E-05
-0,000185767641063759
0,00828662647148432
-0,00132276256898443
-0,00661773968044091
0,0100942652740715
0,0159009704263312
-0,0452400470089815
0,0324720529001464
0,0137754862118212
0,00736138226169291
-0,0154789888184591
-0,0375030021984725
0,00173206429487266
-0,00437595843056417
0,0264402742416888
-0,00355209340204672
0,00118618948412318
0,00115554046240931
0,0149043588281347
0,00643821311578452
0,0437012153547236
-0,0357415799917588
-0,0148304003062085
-0,00273906271299951
-0,0113235301221875
0,0587514672561341
-0,023617193259573
-0,0205512297164822
-0,0758114250386864
-0,0477875434384994
0,00410423012540528
0,0408801611445315
-0,043937599627839
0,0230826910041717
-0,0154192667755193
-0,0065884119343369
0,00207805837268891
-0,0380050557294078
0,0803620787724995
-0,071952869285933
0,173423027663103
-0,0513969822052079
0,0114283684749741
-0,0190496697266433
0,0742949784792703
-0,03336457471815
0,0788525659012829
0,0292149296473195
-0,151625098943257
-0,077696593116687
0,177035195154068
-0,214728906080387
-0,210011403048032
-0,2350354038948
-0,230373255190909
0,455578883584572
0,667890513521573
-0,0239573069160722
-0,00175997521172816
0,00023210904376506
0,00250012371041845
-0,01220007641825
0,197562641586775
-0,0123458117097089
0,00987497355909591
-0,00723174003848071
-0,00587170182459163
-0,00257272123192893
0,00132863278658129
-0,0115671565805026
0,0376875100256197
-0,0134784534312247
-0,00157055688441488
-0,0653544166122183
0,022206327684155
-0,00931243362393316
-0,0786690487864337
-0,0168237279933316
0,0349924411347994
-0,051975494609557
0,0175446382577951
-0,0109988602858152
0,0404170495574941
0,00254790320323493
0,0199592753015764
-0,00220643135721597
0,0644574639494479
-0,0616494396190813
0,0894517669780256
0,0162968040022972
0,0744570764194511
-0,0971288812842383
-0,042741813114346
0,0141970434695645
0,143269277353922
-0,19230798671546
-0,0186695633441692
0,0855938948395608
-0,024368317976132
0,0694409061797557
-0,0615434010001859
0,0766813388358916
-0,0583535493403935
-0,0477322197431869
0,135867308357523
-0,330320865449509
0,129653444353915
-0,0376013183948156
-0,142689028833268
-0,55288855796792
0,253372713638571
0,0293239747700644
0,473092078803837
-0,188096504163684
-0,0871884418414426
0,0754815692482866
-0,106132832915792
0,0247190906626127
-0,0229853075600534
0,00565113087881854
-2,78560644880141E-05
8,89035594742913E-06
9,87761670496368E-08
3,0378184303014E-07
0,00701907999660944
-0,00255509370648734
0,0492094879266143
-0,00486353430772241
-0,0275604752405766
0,0873373972422731
0,0114692590760275
-0,0858696235863009
0,102723515961045
0,114781827813062
-0,110553389527733
0,0543836509672109
-0,122117949991862
0,122639263362757
-0,146924265816955
-0,000250803084514005
0,334874188128698
-0,210170586679327
0,0318339884602655
-0,0321390113929477
0,15327662181018
0,0109094810990561
-0,0850621961934978
-0,029570677974541
-0,338790382515526
0,210783707306296
-0,0608872761354793
0,0865966803320892
0,0728611788319406
-0,0267914568782137
-0,0198119460472743
0,118931402838321
0,148965987156309
0,389731495573608
-0,06772859210421
-0,0247308133195741
0,206998238601686
-0,157644095852104
-0,159753019965852
-0,170276558009584
-0,0823815415937391
0,0981256459340628
0,222024493628548
-0,167625311493737
0,192845090237684
-0,121235057164128
0,113285613604907
-0,14316815521234
0,0991615725402051
0,0298845764597713
-0,00653611336664731
-0,0434496219102387
0,0530739478613204
0,00653126766019734
0,0491842742307797
0,00965425092422294
-0,013376647069944
-0,0112250266586195
-0,0763246106617657
-0,00120226949369164
-0,0624340244583678
0,013416322203292
0,0366010406016589
2,06920479150109E-08
0,000194954822615965
-0,000889098916730869
0,00297740989733696
0,00435351711018319
-0,000714364671800642
0,00286139506234389
0,0115166090706989
-0,00778123495406238
-0,0385734358183144
0,0143781902778684
-0,00567991887674268
0,00287200121381047
0,0148241646110595
-0,0955141230203613
-0,0521574329132212
0,0301680136783834
0,000902525025171013
-0,0362090677913287
-0,0235103427334454
-0,0175442400174582
0,0404977815580266
-0,0352184624615847
0,0251462068477265
0,0390401466946669
0,00827411107430719
0,0662077086847775
0,202250030827198
-0,116305265429934
0,113955641090759
0,165617135995294
0,148529135524448
-0,163865389323462
-0,257344832871125
0,303160817875048
0,324765776429307
-0,363220440995342
-0,0945435842480233
0,131530385028789
-0,163578878783413
0,129752588981119
-0,118036876868565
0,0708391326532787
0,069427941651822
0,184741853416873
-0,0293197194006868
0,106686881387605
-0,0743211130451417
-0,0397303334221519
0,0623690820723303
-0,107366885173469
-0,127593919214638
-0,136915148881909
-0,238071762488314
0,250572290828055
0,283812678235466
-0,131451238073394
0,00489133526768359
0,108750485417047
-0,0273693486207765
-0,064776738493302
-0,0313382695980523
0,0346216098348884
0,0177404365878695
1,8907033195679E-07
0,000438455530543739
-0,00241062176499726
0,0337054641158644
-0,00335675225667861
-0,263233051531511
-0,0224808549533624
0,00620058975290568
-0,00849437802319496
0,0436228641275333
-0,00139466694796096
-0,024502523039261
-0,027438256023438
-0,0252616296069549
0,0464002805099458
-0,0340518019424669
0,0352813261368995
0,135995953061232
0,00944528414891543
-0,0749685967187823
0,0829684300811104
-0,0129448240494349
-0,0551469594131122
-0,0334190602770359
0,00219267617576095
0,0115945897669042
0,00779417872283657
0,0113420901350107
0,000920437414691399
0,0313150532620875
-0,0157892596666163
-0,0128546390013707
0,0126730737094919
0,025546843984604
0,15044570367491
-0,0379832355182544
0,19157712421167
-0,221267862890142
0,171754996163657
-0,0357475745161824
-0,064014946058611
-0,0654806378275936
-0,0140681611495815
-0,0773211249480438
-0,0418433217856561
0,092040211048391
0,136274577282973
-0,476771316080044
0,0438207952957942
-0,0947193297435218
-0,144632483808853
0,176005283348761
-0,0392863940518024
0,050076825789933
0,209784661003464
0,0718396554668696
0,522284919863049
0,205643430042027
-0,139000275411492
-0,0451496568241501
0,0350806110281347
0,131125570863218
-0,0154802037733666
0,0157365582007387
1,61462404010707E-10
2,65305204460803E-06
-4,19413779294204E-05
0,000125494483599928
0,000312141399775036
-0,000204684831859488
0,00927328283987154
0,0201048946292094
0,0311884720075852
-0,000297128890335488
-0,0258605169818304
-0,0366673172628573
-0,00396476614283186
-0,0310828569939369
-0,00495402988589508
0,0389126427605462
0,00938985742310771
-0,00323988299092898
-0,0483338193923012
-0,0171424620799625
0,0209528281872103
-0,0159452660423804
-0,158392377932939
0,0220171406979389
-0,0383741367769967
-0,00225377554286317
0,00542864017419607
-0,0455831456063545
-0,0222663428821789
0,0756123427790908
0,036402943806682
-0,0535616051584243
-0,00963127050499732
-0,00168331020232361
-0,0410625339136942
-0,480214191188364
-0,433513596402322
-0,514384985513933
-0,470596804323764
0,0174654316740647
0,0581226745661338
-0,0252629074074635
0,0103532392824128
0,0987272006318409
0,10377985550113
0,0498194619980568
-0,0728698761782094
-0,0424832686913876
0,0463260067804786
-0,0284957228029871
0,00659504297422513
-0,00248976555166944
-0,029005612204945
-0,00144323319576037
0,0420131727064494
-0,0512689562769552
0,014876797055589
0,0156777336270412
-0,0315390471673087
0,000318890333704103
0,0180165042366803
-0,000837432088759245
-0,00811883335981892
0,000801255350901372
7,06377639700628E-10
5,37007297277638E-05
-0,00247883863150633
0,00150035794684599
0,00459230981207955
-0,0107488569387643
0,196338146858339
0,101498298806195
0,235176951844789
0,000334904180828952
0,080606836356874
0,0513945795385946
-0,221548010524913
0,015145101182911
-0,0157903772327576
-0,000456502726754894
-0,263853329122686
0,0867888105833293
0,10638554618749
-0,0982492081480376
-0,0383896340878745
0,0885866867201111
0,285301862597898
0,131600284786315
0,0773316230169081
0,0327845798120688
0,0452933425063262
0,106380238700748
0,0509549224621644
0,0245902522486848
-0,0928112055916081
0,0700820526098761
0,120453194341753
-0,116459870648985
-0,0530762029993163
-0,117793996689077
-0,132695345714116
-0,138845884128352
0,120963072384999
0,0538527064063293
-0,196238300073481
0,0721157221382295
0,118411283171044
0,0955668590647841
-0,340794910873991
-0,157992145529778
0,21603631247294
0,10352976625667
-0,0956480863947904
-0,0156388078757838
-0,190536705336084
0,0945848494633802
0,0798696544968781
-0,128356433161714
-0,0850953831738123
-0,0143258572285226
-0,132276091157308
0,284126188830867
-0,0593043648368947
-0,173718587351109
-0,0951031505686404
-0,0234623768331535
-0,0199844120860122
-0,0478256985227965
5,35528791374612E-10
0,000129133386637803
-7,39819394256466E-05
0,000611196562426643
0,000429888803209397
-0,000495895796569942
0,00874042301290185
0,051258839320767
-0,0558659235358554
-0,0426466824846674
0,0474801394644044
-0,0358413911448575
-0,0436103516318038
-0,217380601891463
0,0528261947983612
-0,0929018275675271
-0,0274225296071465
-0,0806244750396365
0,0381671831759371
0,113144136499023
0,12294953965958
0,07419612131648
0,0642479243922402
-0,0397584240406564
-0,371336078770063
0,0676654677755591
-0,0210703656752811
0,172078846794808
0,171546900737455
0,0309927374094209
0,0373686804854353
0,0138176912720921
-0,0415339746735927
0,0691228627648041
0,0248142293059707
-0,0649545994064225
-0,0486925528704986
0,0537057262692823
0,0482975093456794
0,0571962400147794
0,0615768276271515
-0,110606938263962
-0,0387470389517198
0,0544252758688332
0,0207420476957213
0,0471666439629165
0,0946510344631305
0,0358200156144076
-0,126321199655097
0,0148756952060633
-0,0212812101413748
-0,0760314454226944
-0,161771359203517
0,0789683796066808
-0,0904836435104111
-0,086522832851935
-0,0297200238454816
0,339250994770465
0,291474297213966
0,425463188393847
0,0577494715285765
0,344111644729529
-0,073845844162835
-0,20167183330298
9,17173504259622E-07
4,1333422424152E-05
-0,00240043141825524
0,00176568336545504
0,00519416720475306
-0,00252832492039851
0,129587110388583
0,203052981858188
0,329662493730841
-0,0323234799228764
-0,143354514735216
-0,194552491789973
-0,16402768653547
-0,116239025876262
-0,0298576341862543
0,198115423367721
-0,0962618556911151
0,041868316322785
-0,342188395256738
-0,0714899681827536
0,104470476014569
-0,0836075425833217
0,0870637348088183
0,21095842929469
-0,00248569754792279
0,0393057061964285
0,00391040187697801
0,00414709303763304
0,0201220917359859
-0,0242831492227322
0,132974746993453
-0,0117690688883282
-0,175756067527664
0,159416755847199
-0,0160569528394642
0,218757636677622
0,158287900743631
0,000451717254847788
-0,277551313783223
-0,00615800934555979
-0,0221528406190456
-0,256089263149467
0,0323682523654778
-0,246513597085803
0,0585769376424212
0,0546328255874902
0,0360462208808293
0,0246788840573216
0,0326328973727741
0,144857739720693
0,0229866175574555
0,0671089286182908
-0,0333275278051623
0,0777195826792292
0,0470860324682417
0,0524101009131441
-0,0934596293402735
0,0453618155904271
-0,21792117797552
0,105888270058119
-0,0323388929925457
-0,0211572808965399
0,0943995291082036
-0,0882648504023632
1,90910647342594E-09
0,107734643892703
0,000481698083065064
-0,00657777232790328
0,000383991812051953
-1,57806484496185E-05
0,00308057481119761
0,0475150750389965
-0,0542550283912791
-0,0501548944175742
0,0420721806732089
-0,0175607203581894
-0,0945226371926298
-0,181052973491661
0,0432830057600129
-0,0811289478557805
0,0185481143975317
-0,126697943046125
0,0411920373784597
0,0880230537113624
0,151070082237777
0,00875901991770366
-0,0244835482816505
0,0754983594585424
0,417870487058217
-0,0497219515323985
-0,168261428458632
-0,200540875804571
0,0626421898977274
0,138050083594759
-0,0372978125942282
0,0478534153061443
0,0100939649897714
0,0747016817534183
-0,0458888943022373
0,0964079769166378
-0,0414327504743028
-0,0816474278976007
0,0414334152117338
-0,345903336437211
-0,0244739223385479
0,248978155081341
0,232198435535815
-0,0431345995712844
0,156919021043375
0,0956459989571333
0,110833026075972
0,0247502377700064
0,0343104929520577
0,118021157294372
0,0830157038481139
0,021736407068568
-0,332968647688103
0,0247954279156607
-0,311865463571046
-0,0205989144128021
0,0492722631865548
0,13428426079523
-0,0327799061561485
0,0113536815541075
0,100877097086784
-0,0401570495437521
-0,154613552991582
0,0139695348670003
4,70612853867757E-10
3,77026271547169E-06
-0,000133361878812659
0,00015716549747949
0,000520709783131011
-0,000957362323642602
0,0391606610343944
0,0405059172160696
0,0816571277341558
-0,000357956602285659
-0,0136734652007252
-0,055053579020752
-0,0728593713789013
-0,0302856651858629
-0,015800150748729
0,0788545023249717
-0,0781332618405979
0,0144143892486782
-0,117166468001918
-0,0963667819250383
0,0549199952838049
-0,0539220867849099
0,224267553247678
0,301648794526529
0,0643601190070836
0,0961614642610199
0,0765375294495473
0,207777774984452
0,0923560835644593
0,228767543604569
-0,35522796669837
-0,389625944327764
0,127832145142758
-0,282692367792724
0,120657103471231
-0,134647013313885
0,0132333587644663
0,144556750734218
0,0541836399580393
-0,0993734432934709
0,148737037481499
0,125861494492137
-0,121898674656262
0,0690949558129475
0,134591326896468
0,0709147797128013
-0,176755775691442
-0,0501948719455951
0,0999381506346072
-0,0847640151903732
0,0499997662191626
0,00274447014819266
-0,0414374748662978
-0,082900293095565
-0,027162733374642
0,033799111022355
0,125545250386924
-0,198494345758669
0,0569870248829822
0,173065118750808
0,0242432452611923
8,42961603650661E-05
1,4697374223481E-06
3,52177163894277E-07
0,017517371981524
0,00265897237706101
-0,00623719486771308
-0,000765038108076543
0,0202657995762322
-0,000637743033198475
0,0448487557811426
0,297008146048609
-0,162766501510781
0,0691938317266506
-0,0997056506744712
0,152291196307304
0,131127006161366
0,191587092193306
-0,054185032402775
0,297182181862569
-0,0193703848311905
0,200379669809601
0,0146942874663739
0,327893329127084
0,314910604321709
0,078632373284145
0,0316421250253238
0,0109982935442938
0,0975569979427154
0,194888196298646
0,100705504226467
0,0791920018542358
0,209128113906332
-0,0246927165246303
0,0152351710127293
0,141091977039271
0,0637281424136488
0,117102177393748
0,02764830805547
0,0700049805986981
-0,106206605477957
-0,0177878834902393
-0,052227971886019
0,00443621444006853
0,108060499419344
0,120092565051566
0,00463003027750822
0,0782661753994054
0,00946424817217882
0,133988050345831
0,183017291990024
0,0348508462946061
0,0126210976214154
-0,0477717328348039
0,0997048347004279
0,012771835886294
0,278973601646216
0,0964190951761036
-0,110872745749652
0,196506184199894
0,105197239847639
-0,0720945147986453
0,0554992984261366
-0,00923774862208152
-0,137762663828685
0,0629827641480236
0,0238106856508917
0,00409823656855245
6,67587726087629E-07
0,000146540722148707
-0,0306503587464768
0,0170427131588957
0,000647225757119962
0,00207465178500563
0,014332412752055
0,0460908213363226
0,0744353700293879
-0,193111996682697
0,0103578666144451
0,044586279783937
0,150380924905705
-0,0165526607219864
0,118091885859249
0,0251000454138279
-0,0192208287736807
0,0509278251588041
0,0600660419027461
0,0330039780966369
0,0524745271039266
-0,124208145029345
-0,0446909333987898
-0,0674882370372428
-0,0516938067297078
-0,0435173704320999
-0,0864605864642654
-0,0410303572372329
-0,0536370196254452
0,0499491086424926
-0,0627600266135794
0,1026703226087
0,299547423711625
-0,20746519789823
0,110678022113637
0,0620311566901824
0,0590368999256781
0,0359334956260577
-0,104650148757555
-0,0476841434801942
0,00392874484102084
-0,0643665015995254
-0,00815813143038868
0,0236029039576066
0,0781467118292867
-0,0191784491836754
-0,0586718590764547
-0,0614501713741839
0,377164956859708
0,307896793490823
-0,286669354354205
-0,424592343391144
0,258079727463292
0,0318900007787209
-0,146615421125509
-0,0943631317009685
0,0096212100574457
0,200676915698728
-0,140457247588285
0,0259356949258081
0,0375887530265197
0,025398895962142
0,0453861334798501
-0,0176284990248656
1,57502554220433E-09
0,000374987497675919
-0,00023120173995518
0,00289502630741518
-0,000410794570843003
-0,00711067331827929
0,164500937697168
-0,053892313715482
-0,0427458702082238
0,0746239994096897
0,176082842639701
-0,134703905728839
0,166750659399575
0,0533929665047218
0,0448762190505105
0,00399505584701027
-0,0242379412861648
-0,046471200495654
-0,0663797375765593
0,102385429874448
0,0421968434488143
-0,0722760255219806
-0,0153297402036105
0,0617970628836815
0,0192580438244653
0,242979686027403
-0,180415494237847
-0,0202393396012533
-0,0700117029798884
-0,0154453647304321
0,196473672850999
-0,144922572563992
-0,123020078648432
-0,261002948724573
-0,208117340385984
0,0636196664919781
0,180850837638011
-0,192069644264613
0,079858665642534
0,0154908216147448
-0,114920341077995
-0,104373189393275
0,0341582701742568
0,301696551060556
-0,229773507536286
0,422462501715194
-0,126742178253432
0,0329539554169671
-0,102481700038651
0,172757071134499
0,0541801118399513
-0,0861817018405141
-0,00387816775676075
-0,0578725477344918
-0,00231865302911638
-0,00190161466039813
0,0797550504594599
0,0391636029541806
0,0944753525514629
0,0535447428541041
-0,118051680283585
-0,188789412911466
0,00678331575913933
0,000497655172031937
1,58625753891099E-07
0,00209059265283268
-0,00758720949902074
0,0280322266042855
0,0462571796854932
0,000507881746503429
0,0147546306811203
0,0398435771437871
0,0941552021589698
-0,319707822482456
0,00792918298103953
0,0375391155665269
0,458222568282326
-0,230749518397073
0,112571590353585
0,0959429135173667
0,0818123576767794
0,11222271130084
0,198548362150021
-0,292820992256526
-0,125719850851564
0,393779332020425
-0,00322242945203953
0,157871952331714
0,166733151305746
0,160501581035984
0,0694583925287779
0,0696810649703937
0,0723536544801065
-0,152133706194682
-0,00635021598204623
-0,116889032822362
-0,0305177933587254
0,147831721485719
-0,0634730558427243
0,0316017940296793
0,0400784615920634
-0,0510819815909924
-0,0281784785343028
-0,00268193573078292
-0,107772348207596
-0,110749735248621
0,0753343684440353
0,0175967884588814
0,16086267391614
-0,00709308133278346
0,0162461139629395
0,000726432358302098
-0,160353592546448
-0,0737253151605175
-0,0962006446821346
-0,0860989788365364
0,0156618132526129
-0,0495307892513158
-0,0403556772394931
-0,013705140113013
0,0389254508884421
-0,0820983911696994
0,0454330173326246
0,00152123448294544
0,012199874336541
0,00956906214546762
-0,0118220695922759
-0,00824011605681822
9,64443229701942E-11
3,23056724835048E-07
-4,76058352477257E-07
-2,05958900727126E-07
6,61202696479205E-06
-1,12313937888082E-06
0,000165630982078664
0,0010001469824186
-0,000104530234134902
0,00111476663112531
-0,00127480499068718
0,00131288111685449
0,00188523311044284
0,00176365461130207
9,60843754600268E-05
-0,00121791541709515
0,000362614729481914
-0,00114047538020176
-0,000818145676921696
0,000937070565527567
0,0118448741984664
0,00685061511959196
0,00326394352292669
0,00940538105157564
-0,00404736390815232
-0,00670471514408773
-0,000478999845716566
-0,00436790987043585
-0,0144381949562367
-0,00709126429228867
-0,000334493764918612
-0,000242528438513185
0,00213769034100929
0,00141388682238041
-0,000351734749970655
0,00360251944461262
-0,00989903736194991
-0,00321796106782095
0,00617812121085084
0,00776235345528053
-0,0246076665075233
0,016211270946303
-0,041475163632317
-0,0132799282040322
-0,00788958435098758
-0,0304269385283256
-0,0620514902009041
-0,0440509194600772
-0,0563607352986243
0,0767725294956012
-0,0194644474680045
-0,0678532284920903
-0,221223148685444
-0,0341816180383931
-0,0893032543484997
-0,171440546063149
-0,0215328793030906
-0,0777527024097796
-0,16311410491378
0,0421838298900769
-0,652045656545463
0,410413452737369
0,061344428283122
0,505764661736998
2,44935582971781E-10
0,000182379247429224
-0,0271286541557054
-0,000900993854814781
0,0647198963837028
-3,33073365733633E-05
-0,00311257214610635
-0,00804829146117747
0,000216558566284557
-9,31866484858325E-05
0,00825859536373354
-0,0142463664639742
-0,0274912445959
0,0266480402223884
-0,00596351993335238
-0,0524415165058102
0,0421642464267267
-0,0201792679619708
-0,0532555718379958
-0,0126665193741517
-0,0107846304508221
0,0788294603581469
0,0159506524234653
0,00233448005884529
-0,084053934086228
0,252805469414207
0,161385922376282
-0,351134189667795
0,0547310619393469
0,0472236178382104
-0,282028845838426
0,166019840675131
-0,0401961583524004
-0,0805551405378553
-0,030283256368831
0,131766709268713
-0,0582252646416903
-0,0480895399505641
-0,0267792329840799
-0,175486874555342
0,0207818587402085
-0,329444373311378
-0,241677667872573
0,168896229294331
-0,110698005991488
-0,161523225393438
0,124552339146556
-0,00227134075560547
-0,0017298103848971
0,069170583220537
0,0257701334062347
0,0478784136653397
0,0257979624769257
0,0570946884490644
0,020730652670647
-0,0771804265818309
0,0213173127110414
-0,157426597441899
-0,0968124375532997
0,0899123376779294
0,00915149860697741
-0,0395323316145312
-0,518675409719853
0,0357471735500323
2,53885009290468E-06
0,000292584971796087
-0,0016300322483532
0,00193853002030926
-0,000717995382527681
-0,0056030789042257
0,147449740049886
-0,0718619043158125
-0,112871062812243
-0,0839479855186682
-0,186777948602806
-0,162369966606785
0,0185754719251311
0,057388952013838
-0,0402185343942391
-0,0253014007169504
-0,0647998633746324
-0,0336262410469491
0,114540721906403
-0,0856724643357086
0,051565150432615
-0,0727340200705607
0,0198422931396027
-0,047192777431294
0,00366716468318722
-0,0282460023197486
0,0494900550490853
0,0323656921702024
-0,024223904047251
0,0695146526971054
-0,142232135969328
0,0800930647771676
0,0182680428687658
0,201794102008879
0,0546776476991815
0,0812083634837374
-0,149483601759163
-0,00717338295921442
0,0656859140591031
0,119190368435824
0,0453857349208073
-0,0237647860298612
0,0666791795850964
-0,0859332296677456
0,0817618873092689
0,198545082212628
-0,0113638082913035
-0,0288137961660388
-0,0540457948343483
0,403750095163474
-0,0298488162078787
0,356523114577157
0,228535676543493
-0,380461502205125
-0,0101489088143262
-0,357341374998117
0,0744189930392516
-0,0666856229241816
0,140643838119709
0,0698031773735392
0,0490825677588793
-0,0281877784932659
0,0252872186166427
0,0558861353664391
5,01857958812353E-08
0,000257853958777289
-0,0628718653609201
0,00575329274776692
0,138813124471956
0,000725537664280732
0,00389500398425807
0,0221939921675536
0,0221538327442856
-0,125309822929376
0,0532265792543369
-0,0314440035923971
-0,0935866360829098
0,196604784806123
0,0166773484047605
-0,207133162116739
0,126199751778763
-0,0312323111242169
-0,164565072871791
0,00300137665667038
0,0108809126844452
0,0890135645716538
-0,055511277665611
-0,000880021223511784
-0,111745665642944
0,342692658615493
0,25095313567702
-0,293431458550633
0,128770777966222
-0,0688662210834092
-0,203222877339663
0,0309841551584226
0,0392211991672104
0,048913766593977
-0,0650612317373352
0,0481988797284528
-0,107003275900351
-0,036504003708146
0,121892013434448
-0,17530805165534
-0,047652055382743
0,0194740607967898
0,0638513004788159
-0,124753820401256
0,00366072250602142
0,11705033599832
-0,141814956341602
0,0252420759937354
0,0487431581614317
-0,141065389940066
0,0416023560394708
-0,0856375454302975
-0,0369930325131708
-0,0743486162502095
0,0335412500816294
-0,0739975995486375
-0,0446235078513464
0,16210604854966
0,0242558589039948
-0,0769382661342183
0,0305328834608861
0,0320438544648827
0,508778166546093
-0,043361894024511
3,01077730649794E-07
0,000680491735718206
-0,00228650452385929
0,0510477641167354
-0,0058824341380169
-0,0704225927483756
-0,0024170535190733
0,000516904534775874
-0,0233810807929833
0,102073068973746
0,0104073797372356
-0,062703545623263
-0,0557650495227426
-0,0816046374280355
0,0904842021951732
-0,133989678431817
0,148620390966685
0,418981986347732
-0,0231893609547441
-0,285872319362913
0,296230597865417
-0,0370085442668623
0,0616660722883329
-0,325642008362851
0,078090107939777
0,157250824647387
-0,146622326847968
0,0557990452681259
-0,102222509556057
0,0515727252220851
0,0227851310415645
-0,0579218795471951
-0,0368855857450082
-0,154070272397868
-0,395566304533071
0,043102527097845
-0,271841691138111
0,313583370336214
-0,120077257254686
0,0131228914735216
-0,0131719524445864
0,0104998720909434
-0,0047598496456301
-0,0617300573689107
0,027308081658639
-0,036338721000448
0,0289320305778444
0,0459869658875551
-0,0120722724845963
-0,00173162615630675
-0,0360463870901599
0,0241991364409942
-0,0125929894743821
0,00296049410130767
0,0431922718973261
0,00856980151447005
0,0709965417235039
0,0189937041724119
-0,0194779351186367
-0,0073578404853671
0,0101680370249493
0,0269030543161017
-0,00097036343614455
-7,10573607204082E-05
4,66133866495373E-09
0,00179123211635709
-0,000126326336574354
0,000445800960240246
0,00199846739858598
-0,0011023680585648
0,0266692257895048
0,135339377677325
-0,126589847610554
-0,0184014789509658
0,0472291146371606
0,0200203211399883
-0,0458192967285905
-0,141165192548031
0,017962492433797
-0,0238297229933746
-0,0572238873189758
-0,00458715440214095
-0,0408256678485471
-0,0366014659606241
-0,156257818903232
-0,126630357704161
0,0179433802442022
-0,0597955066096036
0,0583677186813862
0,0331269884245327
0,281876064207582
-0,0811054689394632
-0,346849160196842
-0,178041294061856
0,0611222795427228
-0,205216054222006
0,0874779204837883
-0,0951837857570549
0,149605815613558
0,142083368886429
-0,148997753808282
-0,0403459346291024
0,0302684809182316
0,27618717479191
-0,129312947543192
0,0120651902051239
-0,207061280777735
-0,0510187121544536
0,101512542519478
0,284512930610362
0,368387022769204
0,174725139945632
0,15874479013335
-0,162017553369033
0,0635105096295531
-0,00446460495393258
-0,0841352617382111
0,0636047098330221
-0,180843096208052
-0,119955418976495
0,0595736066773904
0,00356062668157273
-0,0386377490108299
0,00946011180985746
0,0250897828249183
0,0121674784405282
-0,0134217452966093
-0,00688123409765385
2,84556860861835E-09
0,000166393657836914
-0,00195557919534705
0,00145089257669265
0,00425993864922017
-0,00969223846317591
0,242860436088152
0,178270339148601
0,284705362972375
0,107482649222143
-0,0224361286098687
0,0327156046334102
-0,150109416784018
0,00744120338005975
-0,038954869792999
-0,10491206596023
-0,0396740471425234
0,00737711771473355
0,26295549308132
0,0760383233817413
-0,179286694441955
0,204849862874582
0,109029253886561
-0,23622931929021
0,0780956331799927
0,00586986004996552
-0,0364568474247304
0,0209614399692184
-0,0638249582582661
-0,0704803948626505
0,0281148485715341
0,0789359505834156
-0,00341165168546527
-0,0415016728844777
-0,00939061758426621
-0,163287431164779
-0,00891187501170915
-0,0446758792768991
0,125064376921284
-0,124198377022819
-0,183811684529074
-0,15128774085421
-0,152175911491948
-0,142213525227439
0,192777844716922
0,088396761967915
-0,176573020065488
0,0190564345716468
0,167261174659495
0,173213527970143
0,216398108085786
0,0420502284056865
0,0704945109712682
0,186323685463237
0,0171677956079241
0,207009217349732
0,0453677952525875
-0,0557137123721014
0,217836273308849
0,0890851137350285
0,061840003271668
0,0213656736894689
0,0281734080227657
0,210402392140904
1,67422690943464E-06
0,0046616487965421
-0,000812805083825572
0,000430794532500763
0,00593595062231822
-0,00104044393676512
0,0374083275032963
0,274881974487377
-0,278351953694462
-0,148348969272251
0,145214390301556
-0,0706936149296937
-0,203590913652545
-0,463359058138481
0,0608759436737077
-0,154838371367189
-0,0150023009491615
-0,21819346621514
0,0804936069342167
0,0833898976253411
0,109718375281786
-0,0224253733884208
0,0499494417104982
-0,0107370139641327
0,0152904934737936
0,000560745471329914
0,0329389419661812
-0,0449087558511512
-0,0754604855901257
0,0162617303405052
0,0139988841952458
-0,0704090165868369
-0,0349117750561275
0,0138058322271458
-0,0575671481957929
0,0584850059114303
0,0629781721650011
-0,0633609717319797
-0,0625358799310868
-0,130911821902242
-0,095388127513325
0,168127370363414
-0,0017589555708458
0,00548847219762267
-0,0250017651458927
-0,0689610593366897
-0,0928183962317195
-0,0153657626244714
-0,0448853982619175
-0,0751071823248581
-0,0603052720940424
-0,00615459370641097
0,405828363519503
0,00417213264409049
0,343189451269381
0,0132342793450668
-0,0683703749204686
-0,132965304981088
-0,0360544313961122
0,0175218265339494
-0,120634358271862
0,0312869246246325
0,0203967992253443
-0,000558760172173961
4,22742003839822E-10
5,85041298974831E-05
-0,00203377093198918
0,0013826404872419
0,00447328114197406
-0,0119052048623628
0,200100761017025
0,0858401335811136
0,213301172616364
0,00564547864803545
0,107235158870319
0,0987152991418339
-0,198858521488516
-0,0149557363195635
-0,0857897989883369
-0,0267560965390424
-0,300436950635317
0,119137104793933
0,213166098704921
-0,0862423893258624
0,0157112277224637
0,121598359151551
-0,250406141542742
0,0434829738658748
-0,084694615502455
0,0132931630998012
-0,0578886811846683
-0,130134438636435
-0,0236175953328096
-0,0895634346611645
0,0472372742125606
0,0612338080728398
0,0443433684580376
0,0962227220741732
0,00128020435101823
0,260425396205186
0,00844594597576341
0,120569479586856
-0,0888609376159341
0,147418844848771
0,295077906695954
0,171852550336263
0,0290275222064638
0,397132238424691
0,125085810518912
0,0765185633223376
-0,177872043425991
-0,111843981859904
0,0423650178936108
-0,151985934548381
0,0902640484391805
-0,00491565496909971
-0,0868635021162312
-0,00143358740591806
0,112882146426462
-0,163581693524415
0,0517080090984989
0,0322794162676659
-0,0856529940278858
-0,00283407006449961
0,0540517404371741
-0,00456646251036203
-0,0205879623488662
0,00353934592989058
7,17812103000314E-10
0,00202204582313262
-0,000991560150651999
-4,3953706604842E-05
0,00453215071455175
-2,40980925762534E-05
0,00498691739307089
0,0477888979752595
-0,048220441426486
-0,0623125765310995
0,0457455540102298
-0,0306114994745662
-0,0927421297678164
-0,105140899904603
0,0221845481926478
-0,115682851719034
0,0481935936061761
-0,116438314633998
0,00242396066757718
0,0627652750502754
0,15165326240633
0,0580148918581899
-0,0870064789307841
0,112908074798699
0,49147593961219
-0,0230711831778577
-0,155466577175036
-0,14651562520251
0,141862768784767
0,105432566522774
0,003229930855698
0,150604284707264
0,024609997795591
-0,0405536948373128
0,118615762432089
-0,157091672008193
-0,0195665814997514
0,153912830172583
0,0249023527312554
0,424629620642608
0,125702881995481
-0,394779763148346
-0,201047666965528
0,038835990460646
-0,125225109439326
-0,0352540285500968
-0,00823772591090169
-0,00985108476022811
0,0134489746036065
-0,0662775922216275
-0,0371420121341286
-0,0322524668165803
-0,0478228972568518
-0,0456101191442389
0,0158786297018474
0,0130418141011057
0,0172258964654171
-0,0313944140413523
0,0992770843353653
-0,0413587544652837
0,00494490712457479
0,0203128516714459
0,211110571774814
-0,0207795740743507
5,20701100706156E-11
8,86464657052458E-06
-4,55953271404932E-05
0,00126152316857316
-0,000138584949532812
-0,000776809470446775
0,00280039665487377
0,00670648048001628
0,00523674374479768
0,0195799777724015
-0,0111201310009663
-0,0133925010351898
-0,00199797601421742
-0,0176786490133017
0,00704068113682699
-0,0523079276225007
0,0836437235896738
0,0836412718645066
0,0776928474498836
0,0308954598234457
-0,0370156585397387
-0,100596873275346
0,00629267518590466
0,164710599564168
-0,0254051060259746
0,0178681257085098
-0,00271833460479155
-0,00733055693639656
0,0104804974232816
-0,0206625495313204
0,0191958098904217
0,0527908426999996
0,00613926923027779
0,0353892485345163
0,0243503939621161
0,0281754344134654
0,0486704934485249
-0,128803999510713
0,0370312080897838
0,0366425986107124
0,137686382126918
0,0629156376827229
-0,089283028837937
-0,047506465877084
0,0493660421301612
-0,160233892592309
-0,123416970472628
0,693038466196613
-0,069138248818369
0,135654572489748
0,00470652450613976
-0,0739227461850338
-0,0553383589685441
-0,092989451362133
0,200833601470887
0,0737217736604407
0,475027272648128
0,114999081302069
-0,0930145529804277
-0,0707513177026118
0,0421195853771404
0,0975284269039465
-0,0215827731070491
0,0140171025063058
5,19425985457962E-10
9,95060013258741E-05
-5,84113101353587E-05
0,000210192612397336
0,000481141773567971
-0,000132107988842207
0,00632970051124044
0,0504171279835596
-0,0518622606164977
-0,0475703716423686
0,0405836714235353
-0,0244945592614031
-0,0526355112336482
-0,211121384165169
0,042800684496346
-0,0775710242500689
-0,0121913932164137
-0,102220106762164
0,064575688013661
0,0915701311466163
0,138471961931024
0,0477986402996929
0,0676438390920334
-0,0362834583448921
-0,36356209260754
0,0925973723679958
-0,0124649145718182
0,165754164758143
0,171422024388111
0,0163995285589102
0,0653275122474907
0,00783978492826105
-0,0512892289620241
0,038301792939221
-0,0174855839475116
-0,0585864711716531
-0,0307996360163117
0,0216719533159212
0,0663949349971149
0,0718997394285752
0,0931373211813965
-0,0975859617513853
-0,0601234065488489
0,0162960907565468
0,0420868603580733
-0,014866770783742
0,0901356921283918
-0,0241592061109965
-0,0440063728715748
-0,0046497219414603
-0,0430375556044666
-0,0209959969312944
-0,0846774375713677
-0,0999414535117646
-0,269573061262901
0,0969864229160395
0,0716858557830965
-0,0854257153144455
-0,297012997898622
-0,14596225183224
0,232387923379206
-0,375892966446541
0,126220170443639
0,440308566996196
4,13408165132369E-08
7,31797302161965E-05
-0,00190332455029936
0,00757771427837869
0,00255473549649661
0,000228950366267826
0,0397309036039947
0,096142001169459
0,150739149799697
-0,10228701589894
-0,108387977263062
-0,139171262130399
0,123302899781876
-0,177390088953415
0,0534418766595392
0,177464955176752
0,11249739695601
-0,0202500186327337
-0,180538707538101
-0,0959231459507171
-0,00491267806033075
-0,0184038684658489
-0,162432551938902
0,00333461068167193
-0,0640656268952217
0,0186490168088732
-0,0795380106633153
-0,0695530023764595
0,0089582616961176
-0,14027220873074
0,0243276020069743
0,264933729204886
0,196701859738651
-0,1403335259094
0,0528205729911826
-0,0101397665041413
-0,0839931634976628
-0,00193833544224081
0,0835454845658749
0,0644122075441237
-0,0314039418266489
0,272751116636562
0,144855421026554
-0,0238019083404546
-0,389590264875174
-0,038951718931078
0,0499591658892639
0,048434456112238
0,171870475959963
-0,0657929744585021
0,0238413007504462
0,0956254080432498
-0,114411885032357
-0,00643133280002196
0,14084341949147
0,0476552078027413
0,025704571108918
-0,171153877739436
0,165823303419261
0,298512887832751
0,170738791619804
-0,00641160339430259
0,0209243620772359
0,257813922956856
4,04446306531639E-06
0,000207053440723778
-0,000186303295947199
-6,09888950561238E-05
0,001398079405588
-0,00021234038775822
0,0210713050781722
0,103839933964021
-0,00997553056331299
0,0892366013711965
-0,100066555676994
0,0941527483895346
0,12577954129028
0,107903360832082
0,00575027240892705
-0,068363511662369
0,0195999813903696
-0,0606551095797297
-0,0381907286570755
0,0391298513963617
0,460968858604304
0,249015221441565
0,115384593109257
0,297794855944168
-0,124624206502288
-0,194791552760873
-0,0135384823239308
-0,118210036417082
-0,371533028291391
-0,164916342433548
-0,00724650292421907
-0,00478495150456369
0,036970153570564
0,0234556159882639
-0,00499583343118264
0,0464777913567143
-0,123049235611548
-0,0380731532314816
0,0659831714384789
0,0754916195420502
-0,203865959393737
0,127300498708721
-0,277216132115734
-0,065014963802846
-0,0363770148524735
-0,113505356704185
-0,210030652617201
-0,135101437741831
-0,116352476404283
0,120384667301623
-0,0263432116553489
-0,0625828700624061
-0,133586840667128
-0,0194506370717899
-0,0183760707156564
-0,00364839212047826
0,00078701855017134
0,00465269224744242
0,0163156698499614
-0,00533679880137383
0,0860793691056688
-0,0563376234767294
-0,0084227765371452
-0,0694433514346246
