0,999728587944177
-0,000126822015256454
0,000316722927549008
-0,00118186438395813
-0,000502960928112944
3,35855310290613E-06
-0,00217354197874474
-0,00733846865133909
0,00370540127168907
-0,0011803203453804
0,000440552494512001
0,0029539487003353
-0,00265492121541967
-0,00630854874275751
0,00293395716939229
-0,00678752828920645
0,000766583448815964
0,00192669351254365
-0,00325911919663271
-0,00574871406440357
-0,00452449433346277
-0,00041811842697335
-0,000873077437350898
-0,000384091029944006
-0,00071770059765472
-0,000495101802005348
-0,000344125276971919
-0,00313178742384493
0,00412472398908137
-0,000703327495742439
0,00347273841476154
-0,00511479145431884
0,00069027746355245
-0,00458857643851015
0,00215618255823728
-0,00195040266209322
0,00135005116221477
0,00142025097118851
0,00226925076559587
0,000178457626895285
-0,00207394515344342
-0,00121190161160442
0,00172448638081525
0,000331949253237442
0,00126684766858208
-0,00611958322845261
0,00134892019664488
-0,000812057606024257
-0,00139476114623866
0,00321239157181123
-0,00377722142091992
0,00123947911463537
-0,00214253802970571
-0,0030804422630768
-0,00197338125836777
-0,00766522556631041
-0,0028712497352194
0,000995210068334847
-0,00221549801097211
0,00034657175655032
0,00322866696045515
-0,000331885698125668
0,00137520684311362
0,000134964050832501
3,4256324701907E-07
0,973305696706442
0,00542756597043489
-0,0317969012046748
-0,00347110614348065
0,000818933459050877
-0,0224075604434534
-0,0782615166389279
0,0401046029027532
-0,0234024408358752
0,0327862430775085
0,00082581408977748
-0,026429399625394
0,0216997147057662
-0,0105681368018016
0,0473460052819658
-0,0326256077845317
-0,0217962975881997
0,024777212098342
0,0608576775641874
0,00389411391930981
0,0338305908641253
0,00703848148232182
-0,051471133177061
-0,00968802967781212
-0,0231289531029831
0,0210780254060756
0,029731215669584
0,0764273313617745
-0,0346436594669919
-0,0304573056548268
-0,0135017131548768
0,0111552241088002
-0,0225178147020998
-0,00772554831161873
-0,0264758729767154
0,0126765846060793
0,0119375092312766
-0,00239007980975539
0,0147750384091495
0,0392138612881752
-0,0774100940737517
0,00836948152160766
0,0180696258116418
-0,0195828652875586
0,0198509048678623
-0,0137773077178973
0,00842716491788422
-0,00810544681337054
0,0116485038118202
0,0252008587810726
-0,00793983432980608
0,021731419505137
0,0454590134746368
-0,0510469258882958
-0,0112256015474915
-0,0126308882377507
-0,0176843160008428
-0,0108213016651721
-0,00246357932755715
-0,0203541614091779
0,00668625886660062
0,0174007242600195
-0,0024314550320541
1,1734781193347E-06
0,00111677836143182
-0,965361253916566
-0,134787666305077
-0,178472994155034
0,00930418807466714
-0,0254037905024835
-0,00800183646805214
-0,0240892528004771
0,0824121044049684
0,0172733538612874
0,0165354748725085
0,00301641925447282
-0,0541690205301219
-0,0397964473725675
0,038086257616138
0,0118118827086325
0,00866986030963909
0,0226639340918835
-0,0201754896718899
-0,00189440803613093
0,0188337407740236
0,00202791559094454
0,0142369442062484
-0,000490801589762383
-0,00586222490732772
-0,0248302081033447
0,0103810864067997
0,0100278475355835
-0,0100391491316073
-0,000970672409717696
-0,0040596205672068
-0,0190283702819899
0,00404122355118848
0,00864347155751301
-0,00163595405149735
-8,33779143791437E-05
0,00149624088178187
-0,00272817632851665
0,00663234311209247
0,000710918902645247
0,00358689307637453
0,00500028117371544
0,00439019255102934
-0,00327612005423935
0,000409669683582116
0,00196076191818857
0,00132839052376356
0,000612492304117848
-0,0012639704792803
-0,00162315352537095
0,0079572433252502
0,00215890077253954
-0,000861992409430952
0,000535649569018355
-0,00174932584198581
1,75134834702337E-05
2,41450057177061E-05
0,000327998680743582
-1,3288461232508E-05
-4,56704514783946E-05
2,43291887270824E-07
2,19764261363375E-09
1,67382391095034E-09
0,00110418813107945
0,033583577204038
-0,0829909100442453
0,893227826149027
-0,0742137277947449
0,0352164904222905
-0,0307481536848342
-0,0248308111204823
-0,0627422219076221
0,174652422105158
0,0127765205136277
0,0433672465986101
-0,104877634682869
-0,0182029789789362
-0,0599880568126899
0,036851081395179
0,0191075545846524
0,0512175757665397
-0,00653620220133822
-0,0357278660752935
-0,00341477074278488
0,08948098014299
-0,0125095492256564
0,0101980728788219
-0,0293128298141939
0,0190581124512242
0,0184877130466701
-0,0144379131920646
-0,0376477901967157
-0,0833135330736936
-0,042368608139309
-0,0161734563887277
-0,0631890012830411
-0,0164811525008832
6,51867664307309E-05
-0,0281169108435327
0,0277625661249273
-0,0268184567244355
-0,00894466750405807
0,0424036920303808
-0,0435637690799163
0,0407348762925771
0,0787608624704688
0,0207959391229826
0,0145008307989933
-0,0443254300726019
-0,0557102381945342
-0,0689339119952715
0,0614775248311191
-0,0971485523028286
-0,0524509998025783
-0,131380710351511
0,196294395117444
-0,061193319464416
0,00929076170561326
-0,00585331076149791
0,0342250384865124
-0,0377448767116471
0,00929218002366215
0,0145864919056117
0,0127515505406
0,0146326676802283
-0,0202922319819795
0,0177692933971691
1,51923696014795E-07
0,00117893687623948
-0,149412036432345
0,0266061504193069
0,91310101441124
-0,0112100175930409
-0,0327839066959156
-0,0787782512363431
-0,0229841118518469
0,108835515971543
0,0193648387351044
-0,00368278195489412
-0,0266857683127058
-0,0858720035348488
0,00584566344218606
0,0439384562055968
0,0251850199358389
0,0366312170754763
0,0347883115193724
-0,0263389082172925
-0,0304672618030528
0,0105187001402769
0,0757843288675829
-0,0129903059783436
0,0112902150623856
-0,0660664881315281
-0,0964615061335299
-0,113629458226446
0,0506457395851435
0,0188661117573865
0,0337546007320153
-0,064902625581191
0,0267688665834498
-0,01332052253703
0,0433370814957254
0,0392529999480622
-0,0136961147003076
-0,0246431670998754
-0,0713762157826163
0,0701220113093502
0,110794618450967
0,00168742149836487
0,0482724933610644
0,0212150517881646
-0,0184034989917467
-0,0196506104216809
-0,00707891780179113
-0,0416798872005745
-0,0243406607105661
-0,0133547740648936
-0,0626772093457766
0,017723062462237
0,00317589737323888
0,0561709644692635
0,0702236196271784
0,112325760937579
0,0616678784934812
-0,0164454179567184
0,0563683660301702
-0,00768061688956363
-0,0344598100769282
0,0149948139710926
0,00612276295711667
-0,00217748979583747
4,44271816879057E-10
0,000150946234897215
-0,00486174788477329
0,0204958476208443
-0,0125566711243262
-0,869343288616817
-0,112587600410798
0,0430673785027002
0,0421184640781214
-0,013198920131424
0,00590293226413705
-0,0250203918607031
-0,013762565944545
0,0582426629277858
0,0686523439260895
0,0282085762145524
0,0497840821700629
0,123864871713538
0,0485815943473784
0,00244963791562434
-0,0384198134337725
0,0150356071459527
0,0160652743114598
0,00529154465139904
0,0159189524375449
0,179644822256233
-0,0505836703393588
0,0172799236613695
0,140369537152876
0,0222210769507527
-0,0261959965270588
0,0113684726159977
-0,0833093940257457
0,0981518815894774
0,162016817190493
-0,0310066683341026
0,000591926735301925
0,0821238237788356
-0,0811200672352391
-0,048820938953427
0,0114187834101906
0,0304534371249984
0,0162006426217913
-0,0175400485858619
-0,0751351599835235
-0,0545904974174915
0,00983763160704051
0,159147356073994
0,0123723917481103
-0,0638517150970775
-0,0233885689030561
-0,0423295848310735
0,0550367951533066
-0,0126087376576467
0,0684776772876833
0,0177870336471807
-0,163617079631072
-0,0285909541860633
0,00920240131858552
0,00319098460452959
-0,00911617708234785
-0,0326760813375338
0,00198857823760728
0,00821169314245851
2,53189881107277E-09
5,56721413147873E-05
-0,0285061633897662
-0,00447950457991048
-0,0126581848701721
-0,033182526558855
0,278953980346655
-0,236177762674567
-0,284315133363809
-0,0887946395914726
-0,262638326423387
-0,576419989626689
-0,401282661968172
0,0278182629975268
0,0646013090900604
-0,119930848697052
0,188204108204582
-0,205031395772485
-0,00665514705867585
0,0280252478777592
-0,0356176666564379
0,0646727069321313
0,00740773223113134
0,0110734049335862
0,00661543738933018
0,0747308011356157
-0,0269377019023273
-0,027694741851957
0,0193539255226717
-0,0435783400483347
0,0355401258076404
-0,0536393046303679
0,00499884893565879
-0,0865699600096231
0,00456378998238882
-0,0369562654399468
0,0358118417136039
-0,0219393358866884
0,0170959108401502
-0,0315381910280457
-0,0195288154926219
0,0106988780854257
0,00791314237640895
-0,0495432277871404
-0,0764046782271577
-0,00913426708136924
-0,0119844199899624
0,00857700234236408
-0,0109416087957925
-0,0789453534764944
0,0727987215187852
-0,166730394808739
-0,151829919741492
-0,00856493974402746
-0,0252487846556323
0,10174237852702
-0,00132192686757575
0,0276636683144959
-0,0233714306328527
-0,0214577646580178
-0,00644738719205329
-0,00432629942549942
-0,00272964351193046
0,00519579191281559
2,80764031700468E-09
0,000363618261116669
-0,00367153606497635
0,00492474675182808
-0,00146780554632771
-0,0758413592887608
0,641528734496419
-0,311523462506589
-0,224929827021389
-0,0411596554756136
-0,118818078690731
0,234477191382727
0,152323654016657
-0,0897980627944233
-0,0201683674366284
0,149512220037211
-0,292511043919106
0,194695603469854
-0,123071632693583
0,0290507819722857
0,0298144888764173
-0,0735509956843846
-0,0551520818900689
-0,0148149600273806
-0,0102843019721947
0,029506958567089
-0,0139071753765083
0,00900158288394772
0,0395500378782078
-0,0212196699675309
-0,00989879527218281
0,00972398625302435
-0,0251216195482983
0,0605155273076389
0,0784264030928103
-0,0237835708952551
0,0281264903558236
0,0416006844312629
-0,0779783321839126
-0,0795158566387697
0,0142560596583143
0,00457052278114736
-0,075437505261988
0,0981219397323346
0,0769296135596008
-0,170091273541464
-0,0583219989569958
-0,0289533059366612
0,0562038800441332
0,0560626622563744
0,171358852286798
0,134415227131281
0,100697395581773
-0,0350176369828497
0,070949202337441
0,0430551596417756
0,00497675697917484
0,0168776993991916
-0,0139895749064173
0,0239156677031292
-0,0151197875653653
0,0376162576060061
-0,0240445103608744
0,0431333438280885
1,58088207670423E-05
0,00495294264848648
-0,0026048991659764
0,000188242873987926
0,0154528303326949
-0,00213021419711688
0,0768268528867581
0,433069504328665
-0,298734169520852
-0,136118947060962
0,0412781907812536
0,0419951090051179
-0,0892899108748592
0,210424839623089
-0,168165836808106
0,359410311523098
-0,13081841107797
-0,164045639461369
0,0202283049743214
-0,0818073841213657
-0,197099519747757
0,102949580050225
0,066923097092119
-0,0882300803746283
-0,031421584396016
0,022035863066195
-0,110114201746987
-0,324343469226145
0,0743525831532696
0,100233971486311
0,108505488904415
-0,117600802540787
0,0144369787181457
-0,0684255438817993
0,0191046301972972
-0,127061960755282
0,0333910601239055
0,108053767560953
0,12651941338939
-0,00189838955238381
0,0489094456338247
-0,179399142606445
0,132918015708751
0,070277189041524
0,0716650789111904
-0,0924272615223526
0,0597080635545145
-0,0106530099142297
-0,0233650853389061
0,102807847911498
-0,0436165177852596
-0,0103131603656316
-0,0433510825495553
-0,191719576322776
-0,0489143383274154
-0,121243866728237
-0,0764054077954549
0,0558308867003097
-0,0390423105781001
0,0121353968449948
0,0859753567982364
-0,0276274895297987
-0,0112391603736812
0,00402307784176639
1,10739099006739E-10
0,000674928851926789
-0,00142644692009221
0,00467210439646512
0,00499586483899863
-0,181445534489922
0,0194094488870868
-0,0122898506664514
0,0236884785755077
-0,070167621479149
-0,0387070618411242
0,0337988632625765
0,0817110343140346
-0,0532552608728135
-0,564963196799006
-0,201880011838293
0,0602587868728727
-0,13420836359268
-0,120572344719985
0,0745700432490939
0,0311930746548131
-0,201114921396621
-0,0263412253150422
-0,00885625615102816
0,0291106471313613
-0,0786578555070336
-0,0838469009079142
-0,215394453057387
-0,17018806914509
-0,335777307649657
-0,363814233760373
-0,170544130516728
0,0719521667761419
-0,106349577188896
-0,0723835587157858
-0,0149675238747052
-0,026489010541507
-0,0129120830035849
-0,0144648652766391
0,0179907028858814
-0,0682674817323001
0,00310323860066534
0,000297026182752239
-0,0411841219961734
0,115736639009709
0,0547644827054986
-0,102856265921169
0,0402842718043187
-0,0460958693531265
0,206193818023734
-0,0619769457155828
-0,00305145282463122
-0,0684657416681382
-0,0200962132262098
-0,0647238787008525
0,110299122499862
-0,0219278565569638
-0,0571198711430282
0,0826332980965016
-0,0204236755387268
-0,0308895929936796
-0,0145839348662871
0,0235446203140682
-0,0202747018578673
2,73333709150518E-06
0,0003698607932978
-0,0611985050433951
0,00773693316621021
0,12012174118937
0,000766435207979279
0,0267144357803787
0,113856525899268
-0,0436316756361449
-0,222987267822724
0,115481524447369
0,0615280426470569
-0,126885233992074
0,352276867570253
0,0432741873680587
-0,23681659693834
-0,25855856053131
0,00532102460659649
-0,145759039614286
-0,0851073829913671
0,0615293270914868
0,169964358135142
-0,239670136950686
0,0870902252193891
-0,0550829981951959
0,0144145289234339
-0,122822094420669
0,336578521421861
-0,0323323735904488
-0,280604583823339
-0,0142101572432608
0,00744880082797893
0,0489529512353874
-0,118507457637698
0,0564256622008806
-0,0759608086831062
0,0492241688629341
0,0537911091103134
-0,0226887486556426
0,127061272620757
-0,0162093512374261
0,127764783421456
0,0422656081607622
0,0322542639311841
0,0921941150219559
0,0177023958843673
0,0595256969282996
0,0240523647911587
-0,0126461024993667
-0,0444534247324244
-0,137145426993309
0,0599647820526412
-0,039771300921683
0,151208472051735
0,0485905078817111
0,0169732863829377
-0,0240923062003482
0,105790410876975
-0,199834731600666
0,0686500570139564
0,0329269936622547
-0,0756132500463939
-0,316233946793123
0,0433974833765868
2,10784281225592E-09
0,000110897916577996
-0,000241799751595073
0,00290399656583922
9,9606571376211E-05
-0,00341735196374497
0,0522261295015416
0,0571946025914193
0,0715970540444767
0,120409861985157
0,0302764188933631
-0,0675122347079568
-0,0156440809277321
-0,0661320222471899
0,0264682408993956
-0,200230128475405
-0,326421159777299
-0,138577758965634
0,317371211690914
0,174723815574984
-0,344988278390848
-0,20344773346319
0,0532679532120191
0,182970636355616
-0,488671635375736
0,0866279725584145
-0,00650821631478554
-0,0424069545068913
0,0381985567710172
-0,0428477039574601
0,0169243777566858
0,0491737676136253
-0,0408511934034318
0,0214854065185892
-0,0550405929540429
0,019979488948286
-0,0595889379795967
0,255349563330367
-0,200930233241679
-0,0650331584408925
-0,128767001906327
0,0411906602313478
0,088276467588594
0,0238841650630176
-0,0575780234455923
0,111351347202816
-0,00337635237617056
-0,231359049667579
-0,014540794760113
0,0108960403108276
0,0175924079064852
0,00220265442348193
-0,00208277018174997
0,00900855579088659
0,00483726802959448
0,00223581223564916
-0,00522743124392394
-0,000489989208212239
-7,77954641203493E-05
0,000254985142838082
0,000136291832301079
-5,267482129453E-07
7,50036071308025E-09
-6,66163947743265E-09
7,65383499825337E-06
0,00542931103146603
-0,000533462600408451
-0,000600683075179184
0,00507073320402102
-0,00387422583554872
0,14267839219167
0,263604158072123
0,0959037519365286
0,28292218954618
-0,161205219227085
-0,172129348945408
0,141714454708515
0,0290506946768621
0,00654379323961518
-0,24879821251612
-0,136108065279129
0,125138000227192
0,116903765374487
0,17441581022435
0,0183032372206136
0,146914544483275
-0,0181150241638788
-0,0565016872935958
0,185970123752234
-0,0367114181159619
0,021250873650245
0,106811625772523
-0,0601367805497844
0,14766941028314
-0,0754357865690417
-0,296973936599209
0,0660700423928034
-0,145423026420073
0,0718158167768826
0,126977292576601
0,149253806001129
-0,253067811302265
-0,250750581441108
0,0448520943047361
0,113918112685157
-0,0442297270188868
0,160697077607788
0,172836542575007
-0,116232138674505
-0,0341922127453016
-0,068304840538978
0,0568792268389096
0,01779319787781
0,111565919002077
0,119882222909498
0,0245431924573263
0,00266494038129083
-0,132295109990619
-0,111024014480472
-0,1818218063042
-0,106788298901277
0,0731311494940595
-0,0430927371460521
0,00329666891691488
0,0778086381716699
-0,0106113614812168
-0,0523295952894729
-0,046657254792848
4,46806300108738E-07
0,00110585605524584
-0,00416452878739188
0,0602799586073302
-0,00785312125681662
-0,025408408085295
0,00487811649344452
0,00491431895761995
-0,0223487787484584
0,109719483654864
0,0597067376972099
0,0235837842188776
-0,0284328179591187
-0,105004767465878
0,100123107061885
-0,0793800303005007
-0,259031975850838
-0,365266907316743
0,117241514949605
-0,0800709369041487
0,11187961340153
-0,178984863383474
0,0468942332521559
0,0463767692217468
-0,112936881307779
0,00805194574728223
-0,00545227767520653
-0,0271159182617071
-0,0407610005070829
-0,0486331088893646
0,0250031132239789
0,0902483385514352
0,0419959403794756
0,0430484734576218
0,0866276082282264
-0,0121076590682701
0,0756984920351015
-0,439843590732223
0,297553659103949
0,114193617547009
0,240529488496597
-0,0477778516848721
-0,138503806821002
-0,0324186499112955
0,0750730860497614
-0,0943364975851068
0,0283559752209206
0,0926428349837358
0,0260400002130412
-0,0232703639850481
0,0489875054496467
0,0473402823910009
-0,0375858190285688
0,0526641722348652
0,13626614984319
0,0278352484815084
-0,43684573389151
-0,0731987081950103
0,0606441015444594
0,0473366936838452
-0,0472656137489411
-0,0644600677088789
0,0199214067822997
0,0140133877780535
7,66852824197606E-09
0,00680816761389567
7,62039602757485E-06
-0,00115464417665971
0,00244770263581665
-0,00120555440772354
0,0485242247503521
0,15029938320691
-0,0278961486122644
0,143727414320345
-0,185374779003862
-0,0484247674978819
0,156668996041403
0,00892536252750705
0,0750521900979568
-0,24648785476852
0,0805046194419618
0,118918330195873
-0,0932267713828879
-0,252434744990245
0,203088182364954
-0,0126054902458997
-0,0149721394298661
-0,00186559033406175
-0,206959892395458
-0,127201274830054
-0,0864709262931526
-0,154598337664797
0,148200431598937
-0,00982498517828251
0,0561269404861634
0,114766550379515
-0,0718157139329332
-0,0347842360107432
-0,0582820428781014
-0,201746595547413
0,0857737457189726
0,138278949043606
0,123549475401441
-0,164584439525613
0,0903363181268132
-0,260336717506349
0,312789577139632
-0,132232978253295
0,156221184512556
0,183208592389414
-0,234920078880122
0,128333203344444
0,157617671858259
-0,107624611273567
0,145267997968258
0,0961862003031857
0,0485900873474266
0,191690322601577
-0,0429855094478747
0,0147680017053308
0,00149157361144165
-0,00156472198647567
-0,0161608531603446
-0,00310586907198787
-0,0891449995999428
0,0444286047198486
-0,0234996089451646
-0,0593077854296448
6,84826770079852E-06
0,00175020367056876
-0,0208216100179161
0,00477494728104291
0,246506712988199
-0,0069931756286698
0,00402150219099806
0,0478030678638806
-0,0539721211491347
0,134168512227956
-0,0671509529932097
-0,0141777167044647
0,0373452663201854
-0,070504400793305
-0,00201102239796405
0,211624417209918
0,149545012384966
-0,0511858485367954
0,0894831308464295
0,121993801530068
0,0265644196444125
-0,182901059317797
-0,140314292660336
0,105948349493171
0,0241058931655864
-0,0645672532917867
-0,0313983195586564
0,305377958034062
-0,0578668896926089
-0,104383923183623
-0,0895466808037761
0,183248701097745
-0,149894948522961
-0,0910767941158717
-0,0688103223944688
-0,117893053370714
0,0582074513823737
0,0634195959583098
0,165127730623084
-0,147240477293787
-0,325775186453141
0,00863155722367684
-0,121163993176448
-0,0653073299313038
0,0835906813203332
0,0580988013109216
0,023866943280657
0,131334901232589
0,0648995862655326
0,057770509255385
0,190776211608023
-0,0684451871602424
-0,00336876965490343
-0,168844079996328
-0,215321597710623
-0,350193424096419
-0,193508593911935
0,0537678407731961
-0,177170613699998
0,0244736072196046
0,108070367918385
-0,0470403383653837
-0,0192079039532567
0,00683106579809487
0,0123609575843665
0,00073425322714144
-0,00171156858706594
0,00172424470082921
0,00702610109390973
-0,00216981240560991
0,0682058856726583
0,0972528159915935
-0,123159048069549
-0,0736122373865985
0,269634965558144
-0,0950834649282413
-0,0058801947362793
0,20120889099626
-0,095454852593681
0,00679672084022414
-0,0256846607435269
0,0728079978958867
0,20481498545833
-0,183034492060917
0,0437210493574385
-0,0394909860296914
-0,00181006057055089
-0,0551397072693028
-0,00362408293820929
-0,24586304426609
-0,104029272045814
0,0413769429479056
0,0384610044402474
0,167021582625026
-0,280854563332094
0,174708460215221
-0,0999849219853514
0,168320752099971
-0,195659864570993
0,083762637339586
0,0328363838278045
-0,140801383954269
-0,12408411103211
-0,00785154429469944
-0,0270739181102569
-0,0382952617220799
-0,140377221096191
0,0803305306533045
-0,11698546924277
0,233232421443341
0,108047617463555
0,0614416718424595
0,0881342006290846
-0,0438885674587022
0,304900659813118
-0,13536882998453
0,0970838100646596
-0,164454276921925
0,029797791622817
0,325914458901179
0,0490271979623706
0,0580739337188472
0,0907184182746846
0,00122203794903744
-0,051720204125375
-0,040268702556095
-0,138640080387892
-0,00117973202319613
0,000294705598846036
0,00404996576003769
-0,0931114645277528
0,236679406406887
0,0829599813269496
0,0177178767455253
0,00525143727016946
0,0282957981111886
0,0754210407079091
-0,222387442939876
-0,0826396570305725
-0,0164275995869715
0,061409364353614
0,118788513410704
-0,00416505023666686
-0,117398265307736
-0,0307817717677264
0,0366477725613631
-0,0706313619236675
0,0722178137826477
-0,0438728874173414
-0,058333254376482
-0,00136211842086418
0,00850345860792725
0,00502572798608664
0,0517974524026102
-0,0304977710220501
0,129799454021875
0,0862032536838536
0,145671418852533
0,185149044283762
-0,101611494508202
0,323080963964841
0,394601129511915
-0,168911246507327
-0,0813998550716599
0,0567486443746081
0,0741789808153398
0,0438594066539928
-0,127784380052623
0,083232202851462
-0,0254494533569679
-0,267326983924847
-0,161533421672935
-0,132730973014217
0,0865660150480233
-0,171172013661526
0,0179913968827132
0,161529796366161
0,189904300661397
-0,0706773662172368
0,154655195295082
-0,217686692887966
-0,127260774361177
-0,250774352935601
0,0495031740290626
-0,11007033416752
-0,00422090621102957
0,0470139436814927
-0,0269526598322162
-0,0209805800478937
-0,0387287622180418
0,0373802423621855
-0,0349252233427366
5,22966545038941E-06
0,0211407033498902
-0,00405911227805774
0,0580159425270063
-0,00671767221588128
-0,00161918759856418
0,0973520660948362
-0,0300453815442174
-0,128212190183508
0,0688770131568
0,531100124607291
-0,18302188681893
0,279233742661369
0,181164451315835
-0,0165383076992717
-0,0901620056804693
0,27844346468381
0,057998385086446
0,231462312005316
-0,0318828772822509
0,0936934254128185
-0,0721520462832681
0,0856117729839363
0,0267031921731882
0,0115779497918186
0,0142990150795628
0,188571807398151
-0,0637797946502886
-0,143238396282774
-0,199585122218072
0,275471693427989
-0,0276505114223179
0,102101837627128
-0,120891356214829
0,149190620780843
-0,073824870907329
0,0112521866861373
0,112841633283489
-0,0588172461491944
-0,144795405938393
0,06379893314492
0,0432409335000996
-0,0918395293697634
0,0629158266395336
0,0574677417808926
-0,202105829224714
-0,0576674322481802
-0,0278252995018788
0,010280914092826
0,0308632725643267
0,0982025806816989
0,0772751315143989
-0,136260243357933
0,0246147543547504
0,0203597545371031
-0,0120950574986679
-0,0175379284153276
0,0438706750812196
0,00326876769959532
0,00690513076722804
-0,00318657527726063
3,82176046379443E-06
-2,51385499896171E-07
1,21999044903278E-07
1,228855668611E-06
0,000409469666106462
-0,0909120633729814
0,0314357951579607
0,0672704631034484
0,00230314263184292
0,10803273781455
0,0819726603279362
0,219563527177874
-0,317776483149324
-0,0401220755210716
0,0557176576004884
0,0188157648035521
0,26487116298116
0,231071144282161
-0,134133371415498
0,0631462642666326
-0,117717144671415
-0,0648588270810044
0,161643988757242
0,045286318577224
-0,299099667129459
0,102181420074199
-0,046031293119382
0,079203444575262
-0,123950809998871
0,0385426587207905
-0,0317696683905919
-0,02075630594642
-0,0240274657294301
0,107517377465941
-0,101159850120118
-0,162109567802593
0,0864125448833069
0,0207176691947605
-0,0519282501617193
0,0130171767279996
-0,0534726924949235
0,0626979639734641
0,0227525656334709
-0,0872470128201941
-0,00360760668052418
0,180626159526616
0,0183903159383142
0,0109623663279836
-0,114059556384242
-0,0535457891992943
-0,0521957262370421
-0,117220202092924
0,0205062512035984
0,194068034721577
-0,173524014117798
0,151971767013186
-0,118281705301929
0,0969320277387228
-0,10138626298317
0,125477397319353
-0,436378813339532
0,100359384200561
0,0137362251398216
0,0570411846576048
0,0159115699858202
-0,0895353543130623
0,0502926493735033
2,55767190759078E-09
0,00159908699469064
-0,00037395330051639
0,00640911289299996
-0,000515344926598753
-0,00550388498513658
0,0519869369595636
0,0107606070290433
-0,0928751899358797
0,0549406438929292
0,263315999266418
-0,0118094141452502
0,27186467661639
-0,0544476429421582
0,180204024293647
-0,1489114794163
0,245901502015317
-0,278903714927447
-0,33089206408225
0,253555710283015
-0,263824279181524
0,244962786758917
-0,0869007613895331
0,0418660135549198
-0,0236198357758302
0,129701849272852
-0,280474285842338
-0,033957738555163
0,143263294935753
0,13997148671263
-0,208637150848257
0,068971169341999
-0,0806932292073953
0,068262040698797
-0,150261489894833
0,0461348201285343
-0,0681772293730156
-0,01399896754349
0,0402607126243275
0,104206441191898
0,0731772851043015
0,0407069883538319
-0,0532186630162654
0,114965319755323
0,147257816452366
-0,101228299285333
-0,121818974765733
-0,0672000896382822
0,0668849884297915
-0,0156741365604944
0,090327779108967
0,00287325086739218
0,0371705812958913
0,0412304819787388
-0,0293112252212449
-0,0346429850947647
-0,015364846511819
-0,0175869059168911
-0,0407443965107801
0,000603791475657911
-0,0113581551685672
-8,0425283513674E-06
-9,50367086262726E-06
1,42499038543704E-06
1,01371392492919E-07
0,0166572549779372
-0,00715808433817399
0,0134228851443723
0,0549316152283787
-0,026235497652723
0,00214302596133867
-0,0173192870493569
0,0333725405752425
-0,125260644482051
-0,0385356250238214
-0,0336527854226835
0,126862153232952
-0,0955897406736923
-0,58539399035463
-0,221812875927565
-0,000445488168535739
-0,181585952522092
-0,104171015861517
0,0147067788058929
0,0318815200996959
-0,0284455065930194
0,0811659227211722
0,0101302180255081
0,0345176291628345
-0,00576328112611836
0,0346957805105584
0,148246267640463
0,060901274183951
0,266389337034046
0,28273562414701
0,118746251113484
-0,0630846555868127
0,0470456180012182
0,031712439788091
-0,0288995555822915
-0,00149108224456594
0,018859985298769
0,0687612942751908
-0,0410964390564687
0,00413666790390271
-0,0261909513556717
0,000745396279365715
0,15620819896232
-0,194403940723834
-0,070446372257562
0,133639358985117
-0,0393517646713235
0,0638137304683936
-0,341451705639168
0,0422132778561126
-0,020447022319334
0,110579154411948
0,0586343419392739
0,129306887966118
-0,160990752457904
0,0332846850883057
0,0890979281095437
-0,124319529400322
0,0308908105892044
0,0453641632213168
0,0212835478188519
-0,0343597188795134
0,0295881026974226
3,09527142111309E-09
0,00374705708643105
-0,000355649341539071
-0,00021425879967871
0,00203047912309642
-0,00848426289732378
0,142890362479174
0,0512847252109077
0,0236325370175547
0,0730407196311018
-0,106198811925079
0,0987820391459991
0,051054470237726
-0,00141692553260657
0,0220110050304857
-0,105581863805186
0,0669723246214405
0,042544413147137
0,0426461783898147
-0,172570004006424
-0,0480938210622532
0,0454904612515752
0,015419325064421
-0,0226948353713251
0,0501824165512889
0,0324865117021326
-0,0630116416308456
-0,0112418029327797
-0,0402939730446481
-0,0290617439647861
0,01139025000251
0,182612993616583
0,0271969480013299
-0,0331182035031231
0,045683852717754
-0,144779110813902
-0,0079765423204419
0,0516338106096587
0,011831102969594
-0,15501908015688
0,312358679923041
0,0554874763710997
-0,256696107225451
0,344358761263315
-0,00573157895716699
0,334076875493147
-0,0608404285368512
-0,082548112943269
-0,335416134813846
0,0834755776682656
-0,170845717979897
-0,337920846259766
-0,0254038514733724
-0,0230309605575712
-0,0337330369099598
-0,0875541850136412
-0,00720104633603635
-0,196167899001779
-0,175815013564824
0,0117122484484339
-0,0331753951105203
-0,0647761366170288
0,114406437277368
0,170836297459696
3,16902535134297E-06
0,000180525410182705
-0,00235017649838717
0,000490635355773113
0,00958049473981111
-0,000298520313373219
0,0180316654199995
0,0918377162273404
-0,0712425079401449
-0,0866698592790315
0,0798910735775961
0,0171353997982993
-0,0669032020165017
0,123836627941078
-0,0503142625365202
-0,000927297807656563
-0,104164777185903
-0,00640680831193777
0,0149179441613341
-0,0950967315771871
-0,0184464010620706
0,101412416255488
-0,0807907287054181
-0,00938109206979749
-0,0464213850637522
-0,107809258829037
-0,190455660805192
0,109399701423445
0,0926311937004586
-0,0311040911560636
-0,0704451527541983
0,072526995367172
-0,122836491149107
-0,222944727776041
-0,0339245450094121
0,0711698963968245
0,0819869654915525
-0,188661426614553
-0,153680306159257
-0,242681477911524
-0,0627388720513184
0,0356141986141725
-0,169524805337792
-0,207014053078252
-0,186301269859997
-0,0994117658521768
-0,287060343050112
-0,047099226264194
0,00512120246928718
-0,0973348179312111
-0,087755638891166
0,10349516391764
-0,109664009780578
0,0436829266014614
0,219559833919238
-0,256882010222655
0,101241190863535
-0,16052662233776
0,165283594056596
-0,0761487058754022
0,00468775483828133
0,129197423076684
0,430209684028117
-0,0391074015406589
3,8110251066473E-10
0,000198161679209433
-0,0183915162491037
0,00561284275171901
-0,010709902803335
-0,327549173195388
0,0511973761516872
-0,0397103056318851
-0,0408892505180472
-0,0189921622651005
-0,0322099723162344
-0,00322252061721015
0,00503657316881293
-0,0223987078680807
0,0638619632535466
0,0525558724418511
-0,0240590413197003
0,0396692479007698
-0,0887212041919016
0,0554165469045558
-0,0993751562019235
0,140698005123539
0,0101005294858871
0,0242679386384576
-0,162934823203235
-0,453759943250174
0,185072687304168
0,0320836463737848
-0,293088371888873
0,0694615611042111
0,254201754467943
0,0726108433349614
0,18825386573579
-0,214104205491623
-0,497571989835631
0,134370190275599
-0,0571308280299932
-0,0455219355977128
0,0284089152460472
0,126678087320923
0,0476304871371835
-0,0355993083510274
-0,0252108374177439
0,0220703495723573
0,137275028323742
0,00515397402891881
0,00976679134548746
-0,033734041768605
-0,0228533925619289
-0,0394784758508343
-0,0347313159825562
-0,018826639572985
0,0139231128796494
0,0135745075787372
-0,021417320800472
-0,0568707360955946
0,00201675678998663
-0,0517814198802412
0,0167280705151567
0,0313259005131047
0,0117096639212051
0,00640285146017539
0,00404825614871464
-0,00770587907549974
3,95970509688689E-08
0,000175658485917151
-0,00186171537202242
0,00589375856703459
0,00216951064209678
0,000556373009571637
0,0120145215712019
0,0521346831921659
-0,00649570062132094
-0,113742842273077
0,0220870859828736
-0,0159009353268825
0,00219854811605949
-0,176277736058315
0,0367236049516985
-0,0204210121395168
0,0199080199731299
0,0490807795557505
0,0724956429470498
0,0560158803552225
0,0830045106983688
0,0348276760752864
0,0172902631132207
-0,23031637701045
-0,0905988569481872
0,0719400586989106
-0,0900328594223917
0,0552732643204384
-0,0845287608386644
-0,0570211033581771
-0,0305542978285735
0,103291705855474
0,0773355545398204
-0,102113470677958
0,0396886211301533
0,0079616028315221
-0,0166388286376502
0,0144437121520539
-0,00886910731553156
0,0772861234515516
-0,0179189375297059
-0,0371312048409299
0,0981318294104789
0,132982796550368
0,0311420300190135
0,0256508064494743
0,123771439812449
0,00637217043432086
0,307979311427244
-0,131132245905597
-0,0691879625721689
0,150253762965764
-0,145177148126982
-0,220653542735506
-0,0214566659176597
-0,0339212555645407
0,0190643498416636
-0,227637006074249
-0,00811927202868943
-0,562135372986649
-0,176664796033932
-0,0779135324644354
-0,0356879321849999
0,378378166562146
2,83873448935714E-09
8,04903986541647E-05
-0,000457969583991538
0,00103209171184547
0,00172078824173769
-0,00209653775819661
0,0987075464039836
0,100809943423816
0,206367534696709
0,0790111839600391
0,142080297311226
-0,195710387495096
-0,098612912579016
-0,114141482563703
-0,0417709131767023
0,0967715628568561
-0,112159385204406
0,0794342825899693
-0,211096629570083
-0,0121445134938815
-0,0187665820031732
-0,057289473086151
-0,105190313065571
-0,0181729097365806
0,00215506082329075
0,00645289067153104
-0,0055488947882053
-0,0142607278334507
0,00814888660726262
-0,00565928705688619
0,0388325873338727
-0,0377055228430198
-0,0199631313532348
0,00450418312482439
-0,00191153613743146
-0,0410661279174646
0,0393161945178894
0,107929723261351
0,0849103582890261
-0,0722339621990649
0,140622564390421
0,0325861679857057
-0,188922460186565
-0,0762248827878506
0,0404440297762088
0,0273099016604911
-0,0269027136232545
-0,0458194261073907
-0,183178541762751
0,0017866064515383
0,0664594782341925
-0,141428979478873
0,114793458093419
0,124245014352223
0,0572825303404066
-0,163387756352778
-0,0306406879766574
0,156034511109834
0,362314756241298
-0,504019566622865
0,109965995439819
0,00754551261454553
-0,299230566238626
-0,181226110642978
5,77115775602281E-06
0,0882853423340779
-0,000272945262068523
-0,00628810981011003
0,0191583335734757
-0,00328646269119257
0,0808335987663159
0,336004808322563
-0,173860257790845
0,10302044596985
-0,166515081991289
0,0107284799625844
0,12027247785285
-0,11145686502043
0,0902459008911925
-0,0937014637129534
0,19532453806727
0,000816929721766035
-0,164293590379932
-0,206889350934129
-0,169907872821857
-0,234470306484884
-0,0214295623526672
0,0772221229734713
0,0397475428809188
0,0537846454285921
0,256082671743035
0,269473349618655
0,076868730661684
-0,155526691592307
-0,118653270073198
0,116448199091726
-0,0138468383596679
0,0418491543067435
-0,15183025366297
-0,0377099001285061
0,040062849073943
-0,014926660260931
-0,0496807853424438
-0,011640369140589
0,102818448337882
-0,0994480483440488
0,0489356917892524
-0,0528133019378105
-0,116266792646385
-0,264414517963018
0,234991084934372
-0,129403329961744
-0,0513157784540051
0,0381543307322619
-0,18848702136989
0,0467390348319057
-0,0590370605150558
-0,152456409576895
0,15928428041572
0,160707841944232
0,0773312884972137
0,0520038464164775
0,137743532653585
-0,00505623679720508
0,0440044392251919
6,47817087715809E-06
3,65428566255135E-05
-5,53802163130815E-06
1,78947436441373E-06
0,000393254859347343
-0,000624963465667867
0,00240150226942692
0,00211114704239447
-0,0038820985113031
0,151381212442711
0,138245883133399
0,220960786860121
0,145055759536052
0,201498637989611
-0,272163610143026
-0,0565438189329718
-0,0807661932019853
-0,0638405039989964
-0,0185627688435592
-0,187549712931927
0,147951842919985
-0,0110336534711354
0,0422543726633386
-0,130535910454546
-0,0371636823836246
-0,142597241350987
-0,0997964896725095
0,201701587362744
-0,0856371779397463
0,0238776363352624
0,00190176717097503
0,0145467311163549
0,0733773815409772
-0,0431970510410526
-0,0347398858412902
0,00625610444466794
0,0390123272599694
-0,0516348982260588
-0,058283345318093
-0,0557064793015165
0,141319094590465
0,29589695701852
0,0757787734462457
0,0116440301523909
0,0416833147553448
0,019910088593705
-0,326568407496741
0,00942850999220816
-0,0984069497277915
-0,0389141256968136
0,0185549873114574
-0,0948624114120623
0,0309966529037456
0,0167988631535493
0,0092816769281118
0,0771439076836769
-0,0280307732743294
0,151307110151875
0,121437876567251
0,0745595403752619
-0,0177303210354855
-0,321712795705433
0,0936703644506009
-0,173795781162404
-0,0335759964772006
0,201879478553519
0,323784063608367
2,89005067838855E-06
0,166161922188917
0,00130671217783104
-0,013155191762626
0,00321227723627893
-0,00118415958231808
0,0512121097174539
0,193002110576135
-0,0575741073468436
0,117323525879255
-0,197999722257107
-0,0318008694847129
0,127419162813519
0,0492292464398096
0,0670059012362698
-0,116324694852117
0,0537771990607311
0,0713708854780221
-0,094250606907919
-0,333491650832507
-0,0461927484271772
-0,101297746750213
-0,0150227268893383
-0,0465102497661373
-0,0751232693091296
0,0996963921303981
-0,29589044734627
-0,171733491612791
-0,405185964717161
0,144921261016283
0,172859291820411
-0,0515143108682555
-0,0278724677633857
0,0796184833672927
0,127130036304759
0,165346601122477
-0,112609221464475
-0,00996954472647598
0,00748583687275776
0,161914442978377
-0,3237583001903
0,288406228877944
-0,226292335411097
-0,0810263185674151
0,0136417284279665
-0,0510492311076921
0,0451356298650349
0,00355155961507567
0,0352365765828469
-0,0334236166387971
0,0338191488698339
0,0063336735778385
0,0139464954908655
0,0322213154652475
-0,00386151202141381
0,00328048724796875
0,00409020390357609
0,00175541660595654
0,00523496599557339
-0,000583196828267091
0,00400040482131367
-0,000647544792986961
-0,000357657135822234
3,81214370906301E-05
1,39005107413361E-09
3,01603266037638E-05
-0,00080884282731416
0,000865392105570809
0,0109874772837279
-0,00798868517336794
0,036866873283649
0,00840564729517788
0,0353244411107154
0,0122834110109963
-0,018085146165601
0,0747389972153584
-0,0238815120621653
-0,00237138751777107
-0,0237179144895917
0,0626569737228183
0,188501483477232
-0,126015178081115
0,184189905578812
-0,00486046795424574
0,0832339151671132
-0,0770042736729607
-0,69351864473034
-0,0469504531682542
-0,18617717496251
0,00616354212820229
0,105079680356026
0,0484970019141937
0,0122651243875701
0,286847697713293
0,0337776572129708
-0,236255133659964
0,0220921609512174
-0,057332051830013
0,0131387325466782
-0,0152655304519224
0,0428979203449598
0,0496158695986586
0,113870687043413
-0,0330148440734301
-0,110704341057688
-0,0415144049201443
0,0126269176954517
0,269100283976111
-0,0330118804266782
-0,0495413427951618
-0,117657798741075
0,0545949089434301
-0,0543442556413691
0,0255350882101552
-0,121017638506012
0,0261089067274069
0,0170871942732578
0,0585446061232182
0,1031038653665
0,188248294695845
-0,0096048776685864
-0,0653618171267055
0,104997803444998
-0,00633523886967162
-0,0575348734612474
0,00344825565336785
0,0140532407593131
-0,00201090291159255
2,76829641697325E-10
0,0251882231461299
-0,0116132708148728
-0,00229472039965557
0,0283992089533909
-0,00153569503487981
-0,00472865339204092
-0,0180956588681985
0,00900772039080938
-0,0159241167134095
0,00850899826232352
-0,000383404975858101
0,00525180212078232
-0,0017337871047754
-0,112834764193143
-0,0527083451789326
-0,0297925813339881
-0,0405439782470654
-0,0383944510218913
0,0214505459094916
0,0194902570426528
0,0507665327296918
0,0382278922806545
-0,0931989391934564
-0,0148510610334803
0,103881242848165
0,24100671677691
-0,0297927748199045
0,0515651448598343
0,310274695157715
0,0809940631162227
0,2917483684798
-0,203178130131043
-0,149384173127824
0,00590807212659252
-0,278549787422809
0,388629118693354
-0,0396809191775187
-0,19273165940223
0,212674922578936
-0,0525331413056523
0,363833607378823
0,0457152005017391
-0,153743698216787
0,249302395586413
0,0429017437359422
-0,0708621262182571
0,0250837145411837
-0,0374393898053372
0,228289436742387
-0,0537163518365926
0,0209408853090175
-0,0945995053263071
-0,0865692257661573
-0,0301290896098923
0,112897238210369
-0,0081481807621679
-0,0375811188583429
0,0884414108403772
-0,0167563810802271
-0,00786313938844622
-0,0199170632501976
0,00395887255829328
-0,0159618832098819
0,000295000565576177
0,00384501567198155
-0,0771610411622544
0,247015056494687
-0,0137720415264828
0,0211613297226113
0,0254951329853541
0,0563305785517514
0,144344565771241
-0,348132272137828
-0,136491654364071
-0,101658943400209
0,191720160395256
-0,00762619973133087
0,165743142330871
0,0576002568187428
0,0373777984380158
0,029606373313391
0,0590710039032346
0,114156828058465
-0,0502867701711343
-0,228383000768097
0,0194535132090624
-0,0342959092360691
0,0593322134433186
-0,0886532773883339
-0,069103084728226
-0,134871053780932
0,0475267271293873
0,11655763796263
-0,145649576612817
0,103512863242069
-0,0381235763541296
-0,290685333692945
0,0715268372904055
0,043811803035687
-0,0189861116751137
0,00483321880772834
-0,0612865748352488
0,00687550618793335
0,0317947099241328
-0,042605757916321
-0,105253164794216
0,0379550749652289
0,0694953829130492
0,0421779977505162
0,0851414556437711
0,0544646028763419
-0,343901793591822
-0,261589115630923
-0,0216655998251257
0,303338252234013
-0,10626443920382
0,0588064751355263
-0,0626259262694217
0,0824724280576045
-0,0744981808892574
0,287181376176074
-0,0813218163647088
-0,00850725595740428
-0,0372983442460194
-0,0159522543092634
0,0377969300520484
-0,0319168088885507
3,61215967364378E-06
0,000454936228316521
-0,000513990599059939
0,00316331979769372
-7,08916483056578E-05
-0,0115913515145194
0,168094391113103
-0,0683444289047821
-0,0865329381650353
-0,00605835628252655
0,152111493385362
-0,00681907994522911
0,117118094065461
0,0634382453257613
-0,0427897526395841
0,053908169398802
-0,0545445550149
0,163284474314282
0,0704368552783369
-0,0718579181168288
0,112905033726768
-0,174298548880926
0,0656214963248903
0,0248856372547307
-0,0478796964541509
0,0139645524629533
0,0128027822138038
0,113644915512966
0,0178756216712117
0,209818856058304
-0,214369506107713
-0,0062532335437098
0,0169223204087005
0,167551911125532
-0,0281327652250627
0,0759549947263864
-0,0837880416825412
-0,0244732964291695
0,0914278295405586
0,251286864651724
-0,0499342165766059
-0,0192660071765816
0,27793197448861
-0,052169440144041
0,045349079611267
-0,0757674038165263
-0,108902380835778
-0,0617927945276589
-0,0852033783659023
-0,200279322210198
-0,253754638256198
-0,329835599235162
-0,389637817800111
0,1516570367574
-0,176880993465717
-0,116374752478928
-0,0778914581658402
-0,0400943179996664
-0,0524083787733778
-0,0986144914560031
0,128861654402652
0,0890607315790961
0,0565527652304263
-0,107646983374375
6,52382309352117E-08
0,000164529896804699
-0,00483216049267615
0,0110372636956626
0,00606908385498311
-0,00780753732503008
0,0391043598023026
0,000352946415749882
0,0331792816829239
-0,139775842480116
-0,0376259344162389
-0,0251454606942685
0,119298759574683
-0,041845622958033
0,0854821527545012
0,0273693705948598
-0,0406367496161563
-0,0504098076233066
0,0317899373380702
-0,0208537165335488
-0,000743625908910612
0,0392245430893553
0,0334711718804886
0,039283527001932
0,00304897805308107
-0,183644463922569
0,13118739548516
-0,0193281514021763
-0,136612644003967
-0,039006212308443
-0,0373225387819854
-0,266318506852148
-0,632767115752358
-0,0430680622963869
-0,00144392693818576
-0,0523404296816044
-0,0822633109382722
0,141928249969955
0,110436380579511
0,0599844186837328
0,262695281457785
0,121221120720404
-0,120931104751215
0,0212129938470361
-0,191484583411812
0,0691931166335378
-0,0159301332615876
-0,0394690679648821
0,377261961135089
0,0785405708912775
-0,166436153482793
-0,03889562752218
-0,0864627911690114
0,0487821186642533
-0,0515624540734666
0,0140845312483063
-0,0445358899225511
0,120189252763904
-0,0226859311130444
-0,00130233874608885
-0,0164966286560073
-0,0076232115857001
0,0155778600184605
-0,0126933748101573
5,09868113906423E-10
0,000143700149680149
-4,8268687949243E-05
0,000876741405279517
-0,000144411422280999
-0,000360393116593051
0,00811561068810577
-0,00357212223870485
-0,0108553741337699
0,00532090430593415
0,0422037980845894
-0,00734839235809601
0,03621763109619
0,00866500660688187
0,00899256537505728
-0,0119775918508153
0,0304145799734303
-0,00459560485443551
-0,00712462303938712
0,0207210723415446
-0,00751317980197022
0,00240509733705202
0,000431440965636795
0,0127471859377732
-0,00418533533622443
0,0505374869828318
-0,0130994525336757
-0,0165009772264189
0,0100605562125671
-0,0221433099400981
0,0574070165396152
-0,0287998800642005
-0,00277334571740237
-0,068428023772764
-0,0376918570398534
0,000456077693303572
0,0131419601564291
-0,0388370478780633
0,031592343326916
-0,00668082042765097
0,00212500950866145
0,000362488295849327
-0,0286436453661975
-0,0483603527724553
-0,0604681816230146
0,151654703307066
0,0795785831412875
0,0409885399906572
-0,00691008612102535
0,0670903577168394
-0,0448912285928993
0,0913236335391226
0,113138005838542
-0,0438508441540448
0,0365819993157139
0,235806709143478
-0,157300040203248
-0,130893860385669
-0,268966456070726
-0,18635639383798
0,411734121763577
0,731415532567684
-0,0158511143196328
0,00381976163002896
0,000293774986844706
0,00355893573707819
-0,0204038330750827
0,212213023308306
-0,0152555605150605
0,0146735353755885
-0,0103847559929859
-0,00281552422714818
-0,00148810068649132
0,00808979692215584
-0,0420779908548134
0,00741353152655329
-0,0289553761110703
0,00631054832348857
-0,085311618817863
-0,00390476923464944
0,0263785446397328
0,0755164644207959
-0,0340920424283472
0,0220944293258777
-0,058228189732246
0,0314495015634738
-0,0101106982044508
0,0190935369109161
-0,0343239334595651
0,0261599613749433
-0,0309123211453418
0,066101842512412
0,0545313288054983
0,0933576745702348
0,0475343956252832
0,0697149065993919
-0,111775416170098
-0,0193485213466742
-5,61899762455313E-05
0,180756635160328
-0,174510623561151
0,0501887249246061
0,0270725698932847
-0,00103344194779537
0,0414222504798903
-0,0712797911558319
0,0741221163389774
0,0485408266466639
0,00538618839829199
0,0712368788074653
0,303423050805627
0,231532906100384
-0,0488973979667632
0,445787606624155
0,277675322659742
0,0503776104482663
-0,422661069455576
0,300458889668568
0,279910756137025
-0,100746925925608
0,0564555352310179
-0,136286990168053
3,48817958321056E-05
-0,0186252952575088
0,00770324763553911
-2,79938364192561E-05
4,68771833573433E-06
-7,88468336089867E-07
4,32878784229828E-07
0,00904843372096103
-0,00466423188184337
0,0594473562010085
-0,00735298166012677
-0,0394923915532969
0,0886559224031048
-0,00420949649486258
-0,120600925631396
0,0661079447042408
0,145231921383293
0,0725661508501165
0,108253437199222
-0,155461590633972
0,160283315017792
-0,0316550498429178
-0,0859129002263545
-0,341635067688014
-0,203873232531817
0,0299312359503362
-0,00363711577932788
0,132068454786086
-0,0225092935007206
-0,0667789298771341
0,0393073300841111
-0,397121307096381
0,107804017664926
-0,00910118199722754
-0,141625587990978
0,065552621526667
-0,0432082871237704
0,00938586461296992
0,117599535266866
0,145430980784504
0,386649780340215
-0,0478358724470755
0,0530842462015496
0,115261160741718
-0,127209423983984
-0,172141888358711
-0,182256994529285
-0,0190227669910195
0,132405777517443
-0,158653459449924
-0,203382036451572
0,188628289523567
0,133979164696576
0,166433258073282
-0,115096918309557
-0,00352937359559261
-0,119807579581212
-0,0343332879282309
-0,0687262847999409
-0,016590799308326
-0,00984042913285146
0,0363410480288896
0,0148291266801054
-0,0151486868120065
-0,00722428729397926
-0,0627371813251937
0,0150093756455807
-0,0534676785097363
0,0219583654543313
-0,0447503338470149
3,31079948434178E-08
0,000280162890825088
-0,00140157766988744
0,00385124943753763
0,00578752964864811
-0,000982198633952665
0,00303493475419426
0,0110704326913619
-0,00630998041456914
-0,0364738470809592
0,0076836183256511
0,00114101205207169
-0,00309715190410264
0,027716118347977
-0,105345547780807
-0,0701919618649592
-0,0341981825072831
-0,0281647268490276
-0,0461288165216474
-0,0254743054616939
6,8510067802169E-05
0,0346237192120753
-0,0328226905424079
0,0280424210665192
-0,00924176225934858
-0,02063711450504
-0,0290707326391252
0,242767672479232
0,0986351563601358
0,0666272537628403
0,206349677959931
0,156182708076356
-0,146245450729565
-0,20539598701965
0,301792804929379
0,397891074931584
-0,347309462491586
-0,00809705694383316
0,0661607619362317
-0,10425921268355
0,0852431465296254
-0,117390347266342
0,0766538125028747
-0,143673499859442
0,193646180479047
-0,0285610711634847
-0,114606126210816
-0,0868394800464116
-0,0498821074568821
0,158198269952272
-0,0393349123829399
-0,0949362743513253
0,106889864084758
-0,224524734229735
-0,302423643442691
0,247624021745631
-0,0652423861745337
-0,00717304181123426
0,120293396750195
-0,025090724002212
-0,0527223703485444
-0,0195007783051309
0,0317676819384851
-0,0248640879982272
2,69279021410805E-07
0,000702417029602646
-0,00406326713652667
0,0410072933257625
-0,00640114912362929
-0,287015233057609
-0,0340840756561269
0,0129353973152308
-0,00342971865376397
0,0438922750329699
0,0259824937861569
0,0119913314100495
-0,0161688400880133
-0,0268446708556248
0,0588008627056418
0,00380417816430116
-0,0479071274906372
-0,114131220980543
0,0337291022553767
-0,0473138781725619
0,080764039553781
-0,0390531460907173
-0,0485351444940276
-0,00981150080140556
0,0173252634250772
0,00495806316970377
0,00628508558876059
0,0216795523826785
-0,00742436622179736
0,0210880618324599
-0,0148681654624282
-0,000716660411138049
0,00664783629285873
0,0273634476461621
0,155787385600025
-0,0566000452260506
0,101243847497543
-0,267108178308725
0,26534885939994
0,0138305536618826
-0,0381514879202642
-0,0630386109013668
-0,0212575832333662
0,0397005702089842
0,026630235352464
0,144133359579503
0,0201350796689264
-0,492414404901282
0,00857482980145151
0,130913589719228
0,139165157523816
0,150909566835997
-0,148440544899622
0,0356822787842725
-0,156332225285771
-0,0539573239266179
0,515479588761337
0,169342062867488
-0,0862897255361243
-0,0307725969824314
0,0309083791316404
0,100107465986914
-0,0219033014148657
-0,00704352839846788
2,31146966502879E-10
4,55433332314438E-06
-7,60287220725485E-05
0,000189143288521117
0,000460828971768409
-0,000390458647838903
0,013865187338855
0,0142499330611095
0,03312299291075
0,0077942704306482
0,0266314236761084
-0,0315392791768661
-0,0191682382861474
-0,0246466479430625
-0,00957995460003427
0,0338566006659557
-0,00262206188661441
0,0049294034169458
-0,0351757526110394
-0,011144285860002
0,0152538388164739
-0,0324863515699528
-0,148431899574726
-0,0154316375109122
-0,0340127147139421
0,00280308039947488
0,021407948853078
-0,0142856345462349
0,00695221781926556
0,0677076609593465
0,054185712227082
-0,0518553132803415
0,00120110204805057
0,00216250947716266
-0,0161049599046496
-0,550640180181604
-0,63852218208007
-0,3263848055191
-0,330621923887797
0,00011716729777992
0,0252840907940749
-0,0184498621429895
0,0039305054223784
-0,114703382965821
0,0576524301759759
0,0193192490066311
0,0665930295035948
-0,0167317762886691
0,0320779742294756
-0,0150106059417511
0,0313405626566975
-0,00449620779361907
-0,00784239854969119
-0,017341865656447
-0,0296296404909795
-0,0530668621468064
0,00244946280001358
0,0185259933013299
-0,0305988334631473
0,00219745727457729
0,0161700919096639
-0,00159324321425387
-0,00658358121785822
0,00094222399786255
1,1110991526578E-09
9,32595643355708E-05
-0,0037100417158627
0,00213803164688439
0,00614257651361863
-0,0180941143908727
0,253041686198336
0,026111594270327
0,212438222712772
-0,00425378724989168
0,00390048689182233
0,222561091989226
-0,119063932074351
0,0715844927935184
0,0112521365909028
0,0214807515270899
0,227692029547874
-0,113280967203667
0,0877333851324255
-0,0929483733839496
0,0281218449417459
0,132405266729681
0,301881451719651
0,10041623869493
-0,077764976346754
0,0104475090793212
-0,0135193544640655
0,0841393289143851
-0,0312347939211843
0,0487034274461213
-0,0672632059082608
0,105618386472089
0,100690590934984
-0,108934912349286
-0,0579126535357896
-0,0946478572255566
-0,167208102763986
-0,0330410065173474
0,176763516028842
0,0869922260437791
-0,132414902649221
0,131237105909066
0,184354954210092
0,0485225081255624
-0,363402218409178
-0,0522541549443629
-0,264639846307136
0,0469549970304015
-0,0899830424520424
0,217461466788885
0,0254267884231477
0,0992466613406424
0,0887759584101953
0,0209621536774765
0,0747450648221217
0,0564453147998312
-0,085250099217197
0,282519774538795
-0,010992922961957
-0,170495428119628
-0,0652023594629385
-0,0350902798749563
-0,0222053693585288
0,0422678586819609
8,5997889086233E-10
0,000220123829696785
-0,000142820416478536
0,000819661969187186
0,000772892699142714
-0,000865841977534968
0,0128674408129507
0,0665329391407756
-0,0575450482391076
-0,0729542604459778
0,0636248587533413
0,0450533025153346
-0,0701992468768684
-0,202605483642439
0,0398882204292277
-0,0929740498468804
0,0551539815711355
0,0585581233082027
0,0411444938953334
0,156437484872845
0,108696519220669
0,0384292154020069
0,0552911958672498
-0,357703839200296
-0,134894030118076
0,052364289924777
-0,129640522370913
0,123293100618967
-0,14024222247842
-0,0212801517654707
0,0178951658875588
0,00780407702904654
-0,0447942390256983
0,0534426761451942
0,0261148856105363
-0,0463667070112018
-0,0202262213214812
0,0855435403025337
0,018806567734809
0,0703365648032469
0,0196970178577277
-0,121744377159429
-0,021701081090964
-0,0531006553788876
0,00670565472098983
0,0725772179526595
-0,0900639913197467
0,0273555018588417
-0,107694277423508
0,00866890795331659
-0,0326216109256717
-0,0798039835502773
-0,105451451543585
-0,116215645907031
0,108720830834368
-0,130724920633648
-0,0182606787246964
0,250631398577506
0,352309720739512
0,393382501989088
-0,0260346977934558
0,331520313708574
-0,136055841417387
0,277387712660029
1,1614194603985E-06
7,40709793384335E-05
-0,00364595595542877
0,00258311082856271
0,00717458230007494
-0,00584872462259126
0,198844905684225
0,140719502791658
0,364294650496429
0,0372496888779561
0,1768620938181
-0,111827866518955
-0,212628531457556
-0,0522097270338952
-0,0231020521688806
0,193477715767578
0,100825957197385
-0,0476416307531159
-0,321059577036587
-0,0584277767918071
0,155412218148161
-0,0644602792682236
0,0892449719945964
0,0885296469679947
-0,182663520757073
0,0372580929951414
0,000731904136667385
-0,00918538963951944
-0,0130981667190142
-0,0842404313662301
0,136199390494485
-0,0345415478368136
-0,172734000386553
0,167987482634338
-0,0221019289544898
0,147717107071416
0,154552692044145
-0,153878360792987
-0,290969906362151
-0,0516222375859041
-0,144116875628624
-0,21456038420661
-0,0263642073296574
0,209094003616135
0,139170964559908
0,0379798189442993
-0,00922328340272838
0,0110848735793414
0,0479217246649327
0,0184613559506213
-0,130920170714349
0,0303053393465122
-0,0979897508337961
0,00645196244710174
-0,0329765887037479
0,064450709519893
-0,0548196097761301
0,0845948397015312
-0,163988291732081
0,089115095339219
-0,0536675769390345
-0,00318680479099709
0,123687941738653
0,074910499224435
3,23668589987682E-09
0,120213541890189
0,000995792619379616
-0,00900848178914509
0,000755978940171183
-8,81022155339424E-05
0,00541567364353317
0,0614072281423409
-0,0510463590122402
-0,0766822282821586
0,0436607008779006
0,0556994449064343
-0,116184720447339
-0,150486285154533
0,0372171138353255
-0,0877452858720697
0,00777588747474286
0,107394925912857
0,0402986110662764
0,119727791861261
0,120875427551424
0,00269441487684333
-0,0508006311938968
0,429858826334155
0,149482748833081
0,00966057250626703
-0,0443910100915976
-0,189927831041781
-0,101895571278833
0,129081942710241
0,00278843189179454
0,027981083450411
-0,00460251712658913
0,0867857777672627
-0,0579425109942795
0,106624920942957
-0,0760235999588598
-0,0888653688844042
0,0950025082784346
-0,342077311056442
0,0589349100834876
0,234088773502632
0,181587552935219
0,00236533155511922
0,192445811485127
0,108361295480321
-0,0936210423477254
0,0166448940022718
0,0525714369013376
-0,0717334892519269
-0,12532664769732
0,037207621385881
-0,162208981935715
-0,303662343049118
0,310741809892634
-0,0192965839999157
0,0421096638368605
0,108591210636911
-0,0124279021940732
0,0245690521522725
0,128879748672066
-0,0529145586417132
-0,139486151099608
0,0195068541125188
7,54106361959958E-10
7,39689104594048E-06
-0,000249832979315707
0,000271456871641301
0,000860460227118161
-0,00205879848290641
0,0563445662353249
0,0228953141914501
0,0862548543711321
0,0110548756088972
0,0585992992420429
0,00541226185865803
-0,0720884036392045
-0,000736001355655566
-0,0131009057746325
0,0863819129098107
0,0841177299146285
-0,0212176738528221
-0,115977628696401
-0,0888080360827557
0,124262405874091
-0,0155878475734159
0,255317981778027
0,180353254807214
-0,287862915762652
0,0715405794031025
-0,0144338266661124
0,228730195800538
-0,071341317844754
0,316005651980658
-0,295701689050192
-0,311838883188696
0,199944814774519
-0,277987170093041
0,129330155895051
-0,0836015255547832
0,0354783132092868
0,159525127979776
0,0416770884943168
-0,093498877093326
0,186011298126701
0,0593435938558877
-0,130498458969639
-0,127874230722828
0,116470231159262
0,0188075443502882
0,185652168657494
-0,00829880878783703
0,0795110545702084
-0,0813640183267354
0,0911181170119543
0,0292916860153524
0,0565165398290469
-0,0677745275130298
0,00193669795629264
-0,00367182769475008
0,0876067315561379
-0,198341849149939
0,0218080031509807
0,156227033525389
0,0108522052085865
8,95741044801066E-05
-7,20961962475511E-08
-1,51511109560897E-07
0,0197098261797997
0,00383860234702613
-0,00740371210941318
-0,00158955059474813
0,024329676720129
-0,00156412829273103
0,0686037105583907
0,310716127879318
-0,110116917675691
0,104602210534586
-0,188345511571311
-0,0908087736042436
0,140767247568607
0,192817034832205
-0,0866437213433396
0,338776327996825
-0,0243067690425818
-0,148333449750442
0,0378097097550441
0,405316710802596
0,204518985527852
0,0447901534830232
0,0460043859964164
0,0536155389862552
0,039874708995867
0,178484996941445
0,0836399925403439
0,132853918422852
-0,234130121271849
-0,0697377740680426
0,00104830186471822
0,149809100214576
0,0286513548655767
0,126954570419709
0,0147582927667639
0,0458927767343005
-0,0886539991441662
0,0158251814570299
-0,0369886813563286
-0,00468685427891007
0,122387148723071
0,0853538473530958
0,000563232836208519
-0,0673035419630533
0,00912904635318073
0,163891411764304
-0,136409118114069
0,00201378794210062
0,0155296711117481
-0,135721829426617
0,000668108578551151
0,0217753468170246
0,048022543257311
0,25958223100211
0,0814931719739765
0,184619126969904
0,115037926404069
-0,087049664083969
0,0555760194502405
-0,0183766777692922
-0,131465586096453
0,0421166395772832
0,0171698431118544
-0,00611197564615427
8,88199127254247E-07
0,000259819628677293
-0,0397996101064656
0,0211390641322633
-0,000896728014889069
0,00375947214479005
0,0223875162642864
0,0365776852528836
0,0878874581018561
-0,206275620872796
-0,0544942493095917
-0,0678179802240233
0,128782766080841
-0,025839111080453
0,100584138254891
0,0361429993289809
0,0166370527082195
-0,0311276090805398
0,0574204794056873
0,0475854447158186
0,0105417875737201
-0,146060665383183
-0,0379774512696919
-0,045173778387512
0,0385355588901466
-0,0211994986072661
-0,0601823522891269
-0,0769492469363026
0,0480120477649159
0,0748495869872918
-0,0454292452221206
0,167181552999406
0,302830580659451
-0,170256764385264
0,10357774036334
0,0531414630225169
0,0591223753378728
-0,0444109877167888
-0,0971464309945476
-0,0605305929774327
-0,0306838778882897
-0,0672773329601921
-0,024036192133052
-0,0611147470315223
0,0690755115589225
-0,0480769568184207
0,0437948175540453
-0,0697717675223555
0,440549501418701
0,269644434548384
-0,165818922353604
-0,427961369673953
0,184117747542321
0,194589717536171
0,20602400031362
-0,0471276515094105
0,0242219801489877
0,219108455902032
-0,0821271699899671
0,0235061042562305
0,0158065216992197
0,0321488957470723
0,0286306947570349
0,0114823860045065
2,83722535077211E-09
0,000601825761330375
-0,00043659800049911
0,00430587248126584
-0,000809256997244824
-0,0118186215973697
0,153747864423431
-0,0846037422765772
-0,104397525557989
0,0132148092875351
0,171759822709881
0,0369571509291673
0,22670295605827
0,0144597061345934
0,0297119158605564
0,0150815774486138
0,0029379130293905
0,0826718489104188
-0,0793506930443065
0,0954194853362357
0,0196126667820502
-0,0865614161319437
-0,0156793287389652
0,0593976807532842
-0,0312437512516659
0,312059223369096
-0,0839922187086621
-0,0350669572894192
0,110585783871876
-0,0491293560630008
0,228486792654822
-0,18385680936244
-0,0550634709347579
-0,251069699287364
-0,183891423837962
0,0407699631313328
0,0870698164310613
-0,226457287417816
0,121503119283365
0,0482184485612941
-0,11418769204077
-0,0731147403572318
0,0829327620253603
-0,20905383450626
-0,239069838107828
0,404914321962148
0,209902617918045
0,106825778759837
-0,0630656480429552
-0,00358722698542058
-0,175544272738884
-0,0726621821750673
0,104427116039668
-0,0528007492950566
-0,00370156874255361
-0,0100626359131496
0,0637047341100622
-0,000190167003295231
0,0925429300420426
0,0390999365664693
-0,0912174071761019
-0,18377279968627
0,00399024320387903
-0,000960968974042727
2,30558561238496E-07
0,00249833742430223
-0,0124627686782187
0,0347877288370597
0,0569168947722354
0,00119329949388302
0,0218821800808161
0,0294295172500238
0,114374898001648
-0,359155531684656
-0,0672694034066212
-0,215364304989278
0,352960989928156
-0,305813256784611
-0,0192536402491557
0,108983870088594
-0,0683851717305718
-0,0978051623996572
0,23996942574215
-0,295703467802617
0,0178785603557926
0,42146386895202
0,00231596807197266
0,146965306310574
-0,0542665555819635
0,141198246795233
0,0739882261636338
0,104052578404119
-0,0318885898546803
-0,124262375585026
-0,0353934387742996
-0,116722572773615
-0,00441067797958691
0,146086921304482
-0,0633080229486016
0,00203830408629803
0,0298896327618574
-0,0656215774960153
-0,013195428205984
-0,00792054318949588
-0,131567682357946
-0,0525363539601974
0,0549087753083329
-0,0727973129345595
0,142594969075898
-0,0254440157543468
-0,0325865804982812
0,0111818257073857
-0,170123837443391
0,0622887093077962
0,0836141068831574
-0,0692290988970983
0,0709199658442024
-0,0107947223069085
0,042674289715953
-0,0128787338417743
0,0239350632215221
-0,0830616374386412
0,0200932539747106
0,00318662492106628
0,0115725626450303
0,00482582625265396
-0,0114377982910176
0,00965848921745545
1,54496957727016E-10
6,01945256783525E-07
-7,77582285816523E-07
-5,0630577319413E-07
1,07893181372642E-05
-3,24381606753594E-06
0,000250994285159914
0,000993516374122861
9,95886752536265E-06
0,00134307969562952
-0,00160845630033581
-0,00102401760374553
0,00162048587501863
0,00107047866470206
5,23519525444642E-05
-0,0012996958162531
-0,00034379325458174
0,000914930385781517
-9,751758342653E-05
0,00425640627630891
0,0113777667247552
0,00513535359415775
0,000814771552048161
0,00073560308717604
-0,00731499735179448
-0,00632578950528888
0,00132191095246995
-0,00715908000961541
0,0157441665070103
-0,00367689172834008
-0,000917623963866105
0,000583220951623655
0,000961835175019345
0,00168920732987082
-0,000525642550563671
0,00245942372400952
-0,0088063390297553
0,00430499276152736
0,00881312823221699
0,00863952964806967
-0,0182352904944821
0,0178022376015954
-0,0353476772395162
0,00206693921282076
-0,00888208838212869
-0,0378624123396234
0,0553054186565794
-0,0259623575122187
-0,0424631225907091
0,0346361504932961
-0,0660407603714472
-0,056831755908449
-0,0494799424116769
-0,22398579580189
0,109234647790145
-0,136266335500694
-0,0259726228394592
-0,049548920562646
-0,201718354978281
-0,0230849774464045
-0,710583953626451
0,337673989172432
-0,178564776213297
-0,450657064501059
4,16289557349404E-10
0,000268999022211457
-0,0352492893445528
-0,00300565824696313
0,0761995876521304
-0,000481914938521817
-0,00571796310460287
-0,0111343111394444
-0,00352042614325378
0,00994866704278436
0,0183055892564445
0,0119658853245603
-0,022412842213692
0,023505382054985
0,00899685155829921
-0,057635413712194
-0,0465581262033816
0,0174155266646025
-0,0515510355667571
-0,0227458366198997
0,0193112240739222
0,0872759010288076
0,0012148359433434
-0,0925177037816229
-0,0384791888289218
0,216761864165485
0,331030191269251
-0,239361615382432
-0,114266677559068
0,150908288765869
-0,194869768869641
0,165473938390371
-0,0810227548751367
-0,115291417753529
-0,0243242441113583
0,136679135445643
-0,0814120032610608
-0,0474348075771346
-0,0169223109698141
-0,134625029393554
-0,113560200282007
-0,314605220783121
-0,225042817972282
-0,157454013957583
-0,196943250866239
-0,0879107775086673
-0,196971112349751
-0,0424469057482889
0,00154758327732379
0,00614238775930639
-0,0943504692394743
0,0547331459868092
-0,0535237114222569
0,0532899942129562
-0,0140125093367144
-0,0615752929762712
-0,00126788491390031
-0,191123326731547
-0,172395397136914
0,0841144811113183
0,0733342723998252
-0,0999974169643178
-0,438424353434938
0,0749948641961543
3,61505048926248E-06
0,000463223602376717
-0,00225519219531426
0,00269884743998651
-0,00138551642051626
-0,00903899221723747
0,128533928336978
-0,0746412206469246
-0,125070918135497
-0,0289824701787447
0,0610301637281656
-0,263534859510433
-0,0817622609281019
0,0881437330770839
-0,0227497628660603
-0,0618338990837429
0,0979052126120954
-0,0060108217755568
0,12256956587524
-0,0654963737481787
0,0492101858415289
-0,0758141031331333
0,0314177093858435
-0,0175588727670409
0,0354900312960539
-0,0545041629266881
0,0277871169438729
0,036515222345426
-0,00601718908824932
0,0989248219622139
-0,130615120199363
0,0997934902275758
-0,0288574638256607
0,209777963514126
0,0375063718237353
0,0844598978598307
-0,103382525390774
0,0341162540027876
0,0129276276407024
0,120557714543001
0,0317112419603016
-0,0269625586701394
0,0441225319218688
0,0588205572807763
0,132573736397086
0,168110231826893
0,0821263109369653
0,00540639713079731
-0,00761437161845571
0,210110088526694
-0,362105636954954
0,415479583781899
0,393430169516779
0,0534736937006926
0,0262483438628194
-0,347108947232148
-0,000400447399953413
-0,090402527402452
0,0824476920650382
0,0414251807602362
0,0305076679343404
-0,0189968017644095
0,0278273385609675
-0,0507729133232782
7,96292058902332E-08
0,000411347904310719
-0,0820646224232614
0,00340857260438324
0,162288993036358
0,000387843907925495
0,00258413749583285
0,00758786466850653
0,0192420459339471
-0,0920691995102459
0,0394050174119475
0,0393348185408306
-0,0533009792020157
0,196092146507455
0,0802145070184241
-0,204109130785754
-0,146226425212182
0,0130446722550935
-0,159379170461452
-0,0201995190859265
0,0490268243922819
0,102764826955064
-0,0687507453649252
-0,13636518397983
-0,0659319431740913
0,286054750371709
0,409102651615365
-0,116564033043881
-0,165565005239181
-0,00160844413813851
-0,172604294685369
0,0369632065661604
0,0236703908668774
0,039758636135346
-0,0630738400111069
0,0623528858501258
-0,112434998253977
0,0260945363030552
0,143987528433581
-0,144242268579843
-0,0495097292735586
0,0333004500802474
0,0584895320671475
0,123592671394373
0,0756464629033588
0,0708620485347682
0,173700712009222
0,0655796386547364
0,0349902950933992
-0,0647677732155774
0,16282248603686
-0,0796471253282569
0,0758476937829615
-0,079438009085398
-0,0469231475230698
-0,0864333547637476
-0,0577428923154855
0,218578252970544
0,0872435602738044
-0,071064630990847
-0,0362973825980551
0,0913424237691695
0,431041363896187
-0,0677362411357839
4,28822591077648E-07
0,00109047770952205
-0,00431952663062548
0,0618316882417164
-0,00890884943184892
-0,0873802918714283
-0,00854758602802223
0,00296009534454918
-0,0292619473914204
0,106120737140624
0,0696094717473395
0,0390153231163534
-0,0302893742863412
-0,099324313131942
0,142343698934158
-0,0316732545480521
-0,220080419505166
-0,402614346209409
0,0518029609368204
-0,206784347376517
0,368255918467794
-0,149657730664681
0,0534489882914182
-0,0906442935283496
0,361829154377214
0,152986721206315
-0,0855294164811352
0,0393265201431501
0,0925562019262988
0,0766301943778034
0,0561660828885143
-0,0717976767445159
0,0067699050627166
-0,143564809905513
-0,354723551019322
0,0825649129843671
-0,130013259571871
0,314141636803422
-0,192830418516893
-0,0144117340195577
-0,03181793007496
0,0235586565173521
-0,00854234763654306
0,0521648353359379
0,0383882349638951
-0,0238666444500943
-0,0427397228329214
0,0202551103195959
-0,0135061936291323
0,0390046724950605
0,0102310040072653
0,0181711100023716
-0,0262183927773587
0,00165702462259096
-0,0380464581737365
-0,0112869977713384
0,0801165206674126
0,0165869305817748
-0,0134850992434983
-0,00517997625311482
0,00766867721503887
0,0232923730411528
-0,000507234606629212
0,000122076790448281
7,71778213964696E-09
0,00260026644832936
-0,000224489036726611
0,000475754041314791
0,00317106964501682
-0,00201189975703715
0,0369514451491909
0,160606116552012
-0,118370714346252
-0,0469997401877147
0,00925529300562879
0,0612228598699397
-0,0507348186833594
-0,11386686812166
0,00239408027468735
0,00400260254900014
0,0587444167339226
-0,0195202443320808
-0,0541780104214299
-0,091984726603281
-0,165741147632568
-0,103393130379063
0,051691451860654
0,0132518641315166
0,0573093440269876
-0,042138142486078
0,348498339902135
0,0354948385919797
0,329122301140819
-0,100927391176038
0,0326561872931249
-0,161062739978686
0,131908615574605
-0,0486410132608533
0,167619744263143
0,149648415778924
-0,12802516948004
0,0136246806930122
-0,0227487250146658
0,329718353270304
-0,105456224047031
0,0737431931708182
-0,179591047670363
0,0507117460255423
0,12258613302046
0,345432359858958
-0,324976557221249
0,103767737681573
0,12651360739571
-0,144625807087405
0,151408353662818
0,00242401766081091
-0,0506268227689763
-0,042966491683737
0,181519801019293
-0,0969070457614376
0,0292998718063271
0,00509479829684591
-0,0372518984826272
0,00797789717184061
0,018083675667126
0,00673048336205233
-0,0109495518965159
0,00857220359586137
4,54411372686771E-09
0,000273802082129806
-0,00301722494823459
0,00212945219724328
0,00597501793104077
-0,0177555819859196
0,315268535189313
0,0868459547296514
0,263180481990673
0,118313128492899
-0,00975697816441225
0,1329971035457
-0,0866971125852326
0,0240257908242904
-0,0131768600345589
-0,128494570863618
0,0180161422055224
-0,0234046115269285
0,248647245518648
0,0530624090245383
-0,198048688744071
0,210274661384118
0,110016226260135
-0,0557341326887891
0,271332803925829
-0,00331087615199314
-0,0244630903186553
0,00854271890785158
0,0606895966266088
-0,0320327409939377
0,0155234086039387
0,0444557746368749
-0,012915914077305
-0,0567238053698607
0,00230751845530244
-0,122357706596541
-0,0375766769448217
0,000725632384158904
0,166142500530171
-0,0816683025099293
-0,23303357510492
-0,112691386800552
-0,148432731482773
0,0428888889192152
0,228349284862496
0,0183802554337296
0,190200224405863
0,0690295929096089
0,198421596187651
-0,184678022615635
-0,181385589872524
0,0259102944411264
-0,126267833540497
0,111746454389373
-0,0512146230264961
0,132953663136184
0,0563377837687068
-0,12034688787462
0,23318458510887
0,0918169930657636
0,0469580593401602
0,0423216604361397
-0,032097129733992
-0,204619652131121
2,12159183289078E-06
0,00661242106258817
-0,00125142552930842
0,000323759682899316
0,00880833705122927
-0,0021139792759701
0,0568651685035908
0,334296358938073
-0,260853489408602
-0,227391253347187
0,149735950085607
0,14665929375346
-0,25692226376228
-0,375566798732002
0,0241879849284486
-0,147835762058386
0,0682150112098955
0,155679878213178
0,0705313687284309
0,111482226509216
0,0743718636883405
-0,0326791721732358
0,0428186935251804
0,0159316823716231
0,0192670733479913
-0,0148823945497102
0,0586804396797811
-0,0342102126679268
0,0623341859919075
0,0319862755689945
0,0257072592277244
-0,0755402216595901
-0,0189943553154692
0,0134661053149545
-0,0512976421038486
0,0364882045888411
0,0299268483399457
-0,102816211904671
-0,0165468396856322
-0,143318625154405
-0,036233012149504
0,191724366642823
-0,0157068729577016
-0,00277009369726773
-0,0464943713917964
-0,0963675309950984
0,0754105371235027
-0,0069935953382494
-0,0535553059444577
0,0481127353124353
0,060787114159765
-0,0205000111151036
0,16020131706932
0,387564860523066
-0,327063323309812
0,0225680140727088
-0,0549297815353833
-0,0967225927256287
-0,0712892158772411
0,00231329705930429
-0,130182150742325
0,0260760595265934
0,014440280746568
-0,00154055638385447
6,57396236413011E-10
0,000100353123567963
-0,00310942616979641
0,00201555138476581
0,00618874646272509
-0,0204365793428405
0,254194380162092
0,0115707908529491
0,184617091910789
-0,0109770439675878
-0,0327994824843161
0,261929449451446
-0,0920206881837815
0,0442185078609312
-0,0682844110917244
-0,00273180411802929
0,271588416542613
-0,167404432089977
0,202455516139832
-0,0585711613417094
0,0312816259563966
0,0748744412560184
-0,265211169188643
-0,0546050119218949
-0,045344358521351
0,0331145885444478
0,0132223527831681
-0,154113240405605
0,0215751029184998
-0,102129561340666
0,0198490397854252
0,0629315713178183
0,0247080499905238
0,107630023447034
-0,0172216562843155
0,228598529503932
0,0639365476202927
0,0506655799858972
-0,189175577774612
0,122801397500183
0,334142795591393
0,0833277764508919
0,0459018896924158
-0,409895453196283
-0,0113075353401757
0,0332952195256402
0,181860206489859
-0,0582550498723419
0,0195912684323054
-0,129951792830966
0,127870614924141
-0,00463297213255051
-0,020429315015862
-0,0592453071031607
-0,0898671972617769
-0,192145440139614
0,0105515006678664
0,0502442303935729
-0,100015271434761
0,00439170449701405
0,0558287122171393
-0,00671693912167318
-0,0169650088014978
0,000842967383876977
1,15291939539194E-09
0,00281136731651408
-0,00143444057301545
-0,000216942400268122
0,00598666757789082
-0,00012321611837197
0,0081036937966178
0,0602645659549958
-0,0476552668192592
-0,0804994595383948
0,0544007658661893
0,049998999964428
-0,104802127591557
-0,0784994010583861
0,0273080894543246
-0,127790196056576
-0,0320646591536751
0,0934517078109464
0,00529944978694282
0,0899869674318296
0,142640970614604
0,0585396349696391
-0,119637196489705
0,513437616380293
0,150526042659907
0,0348247459665576
-0,0553612612019016
-0,0992548443165338
-0,175297337809898
0,0553102857278728
0,0271848241375608
0,152286654414554
-0,000395967616022011
-0,0503184014207724
0,119948900460374
-0,145623423873723
0,0544803847061071
0,192422304265629
-0,0681375795550737
0,423694751265512
-0,00726544127110913
-0,398856470045883
-0,138022274162042
-0,00208756301161042
-0,13419440674435
-0,0177873308674231
0,00616268127795923
-0,0132584361315707
0,000641004486391403
0,0328499364759859
0,0948211631693259
-0,0342007285240043
0,0284658751237413
-0,0726140296669343
-0,0284799213105605
-0,00223059427896213
0,0110941339201595
-0,0379042150938714
0,113943584308233
-0,0407327917965139
-0,0224625369148224
0,045638860288907
0,192422774252572
-0,0275459596516241
8,35677031804426E-11
1,56409789212633E-05
-9,37247526777874E-05
0,00162764218513439
-0,000219875291871877
-0,00119071431297377
0,0041256536354309
0,00543491441108506
0,00533724949843963
0,0221382995957532
0,00922518663544217
-0,00675987218203735
-0,00408523218829616
-0,0231221496066844
0,0168661271387212
-0,0451000420686132
-0,0930941282306836
-0,0753036771659256
0,0834181079001608
0,0251063584144748
-0,064474917117157
-0,0878487066217551
0,0245559091715781
0,0687154627516152
-0,188447752548403
0,0329802638627167
-0,00315818916958904
-0,0240913571943597
0,00153737677553531
-0,0399977966191088
0,0185105401176403
0,0658901018514535
-0,0125572490373154
0,0416328881034546
0,00856180654198087
0,010289959429301
-0,00367673496636396
-0,0989130419753116
0,0378952323402674
0,0400860179143368
0,149775798741806
0,0143664494156487
-0,108493910536225
0,0539658360893043
0,0132785392650117
-0,212171105498294
-0,0733802784774124
0,650205980780864
-0,0174180669672895
0,00955900583429653
-0,121381696670315
-0,0727035117233424
0,0553225393298662
-0,0864411328644893
-0,187265069540203
-0,040133754714983
0,542560926307048
0,0896368152355847
-0,0689608895936975
-0,0566734141402134
0,0525244271211751
0,0820243462705773
-0,0260916221836855
-0,00904562440795345
8,33985866414964E-10
0,00017746369938244
-0,000111380688039253
0,00029254405058436
0,000859109421246024
-0,000292834377581608
0,0103846727212196
0,0662456086428134
-0,0523817319094076
-0,075597269827635
0,051320363840526
0,0429115945401862
-0,0821910715517436
-0,194335988368428
0,0268871102431317
-0,0857557289172402
0,046793892784034
0,08300586607865
0,0668409004904282
0,1410164343335
0,121540913593776
0,0145992732296692
0,0616997975961431
-0,351079967035979
-0,137319018921193
0,0721044845830721
-0,114886645932302
0,124829953279511
-0,138463562395881
-0,0411673703254457
0,0435800242541442
1,31542488774667E-05
-0,0485880418037467
0,025139943041462
-0,010758019648957
-0,0447080901363106
-0,017196511869296
0,0626135903430659
0,0362281897988492
0,0831974111168249
0,049501994563498
-0,122086384170045
-0,0481088827977332
-0,0296381843402394
0,031778580720808
0,010756834177917
-0,0896411128928785
-0,0332702149126257
-0,0381486015021006
0,0323649171516709
0,0141898757884353
0,00675799616823965
0,0388828243870457
-0,137941444718688
0,24015198375046
0,135390726648766
0,0614073278407357
-0,0122792806320676
-0,274283742860554
-0,0431034868550577
0,265880560179334
-0,308557676890943
0,144392514973715
-0,513280017186848
6,62525859792974E-08
0,000124203494413433
-0,00330988127009
0,0103900217366288
0,0037904770397814
0,000170289342538165
0,0667874726661675
0,0786095787012523
0,182868161614095
-0,0789546044173511
0,0981214326116385
-0,221784107824985
0,0189529463174969
-0,187615116489248
0,00221652300404904
0,166129266434854
-0,0913078289100351
0,0547267727228424
-0,148256354329849
-0,092724070192284
0,0204623561845926
-0,0299926610300843
-0,168403078110952
-0,0506441048468635
-0,0072541125091969
0,0479056685873969
-0,036339380006251
-0,106307706645115
0,0190985225094698
-0,136315751509864
-0,0192955192201744
0,294567272169921
0,158613857506833
-0,128293997187292
0,0457565735941704
0,00943282687314965
-0,0766010330637414
0,0450173718037888
0,091387009123177
0,0633684493650797
0,0926273982484144
0,260679890986863
0,17772916633488
0,196357754257437
-0,32325640634053
0,0298080981206874
-0,0187344349173265
0,00830244111923061
0,165232593049765
-0,0209916650991892
0,0634942959609484
0,0899765329719598
-0,0813105839971966
-0,0926916710524465
-0,166123172173422
-0,0098376570319159
0,0107486174564079
-0,225814704498512
0,12904634019118
0,321412097042929
0,114517851082721
0,0295312976868071
-0,0250383161664738
-0,217654302532596
5,75998188542645E-06
0,000349533861321284
-0,000280088782902195
-0,000141216115072283
0,00215596974410081
-0,000577244327287925
0,0327959416025223
0,108399735404763
0,00101579488321002
0,114228450283743
-0,12598717680604
-0,079225547730706
0,11674635214909
0,0702172245171012
0,00318838903684432
-0,0747944921219294
-0,0194220723199439
0,0508457851440707
-0,00490000392656213
0,193171388800954
0,47829967634682
0,203559068833091
0,0315136280180159
0,0252306926041249
-0,243475745770853
-0,19773649101529
0,0401101474781059
-0,201678722250668
0,43989873052442
-0,0893310472685392
-0,0208599136770008
0,0121961929191133
0,0180383508915823
0,0300723343701234
-0,00790254838724424
0,034880250215571
-0,121303199055926
0,0533802312586297
0,101179014822983
0,0919023139503701
-0,161171085580731
0,152495565493013
-0,247425744761149
0,0108804858192284
-0,0447469152572232
-0,144697504034081
0,196434861045972
-0,0858524700118524
-0,0876624675227583
0,0563877707027859
-0,102044341932042
-0,0602342712138217
-0,0330015475865364
-0,124025044374465
0,0276607538843931
-0,00647002517208477
0,000216181618198863
0,00267872993015644
0,0179510279247884
0,00265317087986511
0,0836006597758018
-0,0412049725554356
0,0217933942192292
0,0550016866542817
