0,999999959859999
-1,88724288031721E-09
3,98705404312859E-09
-0,000283278213579322
1,21971670056733E-08
-1,11247120125839E-10
1,61196276459601E-12
-2,84680014459756E-12
1,91246625731305E-07
-4,63555926076198E-11
6,34666846234295E-08
-8,29625466032984E-10
2,92355255728871E-09
1,5560101722317E-06
3,0281344309959E-11
-1,3439015785179E-07
5,24944737589327E-06
-3,46554420808723E-07
3,70926261014306E-08
-2,75464707174152E-08
2,97564213063443E-11
-8,89883144769045E-09
8,85746296584239E-11
-6,9937250295006E-08
6,04424718105823E-11
-1,84015221804893E-08
1,82347386110662E-09
-1,80934785824991E-09
-2,63345825353928E-08
-7,91763189170507E-11
9,22126199487872E-10
-4,31330712648644E-10
1,04964750197465E-07
-4,50017157648576E-10
4,43722116637035E-09
-7,00055437611978E-10
1,04428816015551E-07
-4,88430407777258E-08
2,64208789125813E-09
-3,10475517800452E-10
3,85247824326229E-08
-4,39336960877653E-09
8,67958408860433E-09
-3,04780916609267E-07
9,85043514440183E-09
-1,03536644698661E-09
9,02614345940306E-07
-8,18641962184162E-07
3,10153661637959E-10
1,2863316399786E-06
1,26859377454395E-09
-1,83607251521142E-10
5,37422671789171E-10
-1,10209938179709E-08
1,17345424010318E-09
-1,25124539370158E-09
3,09440772382491E-09
-8,80359826611512E-11
1,24012101086205E-08
4,68379865694799E-12
1,61942406496968E-07
-5,52182705063547E-08
2,64006929310871E-08
3,65192544054621E-12
3,17986566226124E-13
0,999993009393547
9,65521792652504E-09
-1,71978186676339E-05
-3,93477892853409E-08
1,89725212405613E-08
1,22869097206163E-09
-1,35186634611943E-09
5,25242615242677E-06
1,38140852040462E-05
1,33731838624553E-07
9,97909072288294E-09
1,93471617443229E-07
-7,7177769231194E-08
4,15431572378141E-07
-4,37760594727613E-06
-2,13850842307818E-08
8,6822118732207E-05
-4,47674532509618E-05
1,76366557859239E-07
-4,82432520544938E-06
-0,00299262400394606
-2,30668037076695E-05
-1,41365482110974E-07
-5,6219735988689E-08
1,806942254011E-05
-8,42510430027341E-09
0,00012482948796165
-1,92833265779577E-06
-0,000219277786572638
-5,21247562824823E-09
-6,13536532465412E-05
-3,55726378573166E-05
-4,11564895854362E-08
-7,98795562481929E-06
1,11065565509731E-06
2,89016947201631E-06
7,97001046019604E-05
-5,61379606694165E-06
4,05056184813041E-08
2,62705983051523E-08
-2,85268422321041E-07
-1,38512553946201E-05
4,24256235753575E-06
7,29379037334408E-05
2,34086303245166E-08
-3,98992846068149E-05
6,87304611276841E-05
3,75421604769728E-07
-0,00220041580211151
1,38133487147396E-07
6,22809094579541E-07
-5,50385850773101E-05
2,13851334920675E-05
1,45944661834457E-06
7,10269077319814E-06
-4,39781874523736E-06
1,25093152219369E-06
-9,64376809934217E-06
-9,02623013020119E-07
-0,000259943517168237
0,000107152442374068
-5,35746193558076E-05
-2,10816148985442E-08
5,30639297946379E-11
6,7779381521287E-09
-0,999986169118103
-3,30428673773803E-07
-4,34672061987333E-05
4,19007300698922E-06
1,68851447199554E-05
3,12451571584317E-07
2,46902456964212E-06
-2,63084148774744E-09
0,00263085396853804
-6,54602596943466E-10
3,51351676119345E-08
-4,3039837772783E-09
2,00848005420629E-09
-7,71169719484101E-06
-3,45540189018288E-05
3,03138182051533E-05
-4,51284717770113E-08
-5,31187806676085E-05
6,03031067337304E-09
-4,19316194936651E-05
-5,542711969862E-09
-2,56133192630467E-05
-0,00244977580932211
6,93633870564596E-06
3,40363095766417E-07
-5,78603802777243E-07
2,35766356325098E-07
-1,15467610369156E-08
1,85870123814024E-06
0,00208227637542438
-0,000158770141075866
3,76724890242881E-06
9,15692614163471E-05
3,24740876160702E-09
-1,53360354717497E-07
5,6636580732444E-06
1,29843388347019E-07
-2,48101843849015E-06
3,67332872698774E-05
-9,56495938032362E-05
5,66572763710241E-07
-0,000446766272996292
1,3359912301168E-05
-1,65015447557636E-06
0,00238827733894865
-0,00210509171573257
6,62534291366686E-07
-0,000108267666553888
6,02730451547379E-06
3,9976483840983E-05
1,70343021648843E-06
-1,78276767933756E-05
3,43473197215771E-06
1,4457817497054E-05
-6,94779924964866E-06
1,28224443128152E-06
9,32131916775093E-06
1,41367376065098E-07
6,7013689827759E-07
-1,79722554560117E-06
7,51373076317593E-07
6,45607149286855E-07
0,000283285914725953
6,59155967058909E-06
-1,42791763741757E-07
0,999972289143357
-4,40350580998989E-05
3,93798192881503E-07
4,60530682239843E-09
-4,67621218209839E-09
1,16307947571072E-07
1,66039800385078E-07
2,82789267206063E-05
3,44564123007008E-06
-5,82769860510672E-07
-0,00552208542313717
-2,83382620973736E-10
3,38964688561713E-07
-1,4415280250446E-06
0,00130656900492576
-9,91491458168655E-05
-1,38900630647637E-07
1,28951645817106E-07
3,46049636808105E-05
-2,11469995620785E-09
1,58657537792736E-07
-9,36567864627556E-08
7,4402016556967E-05
-4,76590483572582E-08
2,06354229015279E-06
-2,66340202911762E-06
4,61917982717194E-07
-5,98658226626038E-07
2,36194381872589E-06
-0,000593830953513848
-4,11011778904175E-08
-1,32106470826626E-05
2,48774621869029E-06
-0,000370939564064787
0,000165973183450602
-8,00834967206E-06
-7,86498682254033E-06
-6,10638425153246E-07
-5,5964322314787E-07
-2,89955609651289E-05
5,63088996209211E-06
-5,04859876541846E-06
4,90607693891085E-08
-9,00790146528208E-05
0,000150807798583356
-2,33023787613012E-07
-0,00471045124419659
2,86707382859481E-07
9,42092196220968E-07
-2,03276981549294E-06
4,38686544786996E-05
-4,32818295170997E-07
1,69281447302888E-05
-1,19682574594907E-05
1,61744888713128E-06
-2,85932264036907E-05
-1,44343305891486E-07
-0,000576874813203853
0,000194660341107426
-9,33670894730947E-05
-3,55721080762495E-08
1,08896621401594E-12
6,01932284305006E-09
-1,61980116150699E-05
3,85698214705641E-05
0,999957270465326
2,89002910885749E-08
-1,05389341302044E-09
-1,6783343149679E-10
9,74453851529238E-07
6,2364321018756E-07
0,00631609131008958
-8,52975036013689E-09
-5,5109996419134E-08
3,2900237320671E-07
1,26762700410971E-07
-0,0015908813945866
-7,94693045222047E-05
0,00407487561338695
2,48162374945688E-06
3,87946382850685E-05
7,73398636400639E-07
-2,16041167282657E-06
1,07983633239251E-06
-5,38279482351937E-05
1,22678563121903E-08
-1,87351235533121E-06
1,38552679137483E-08
-1,12821201819207E-05
7,9469992792542E-07
-1,07564662185235E-07
-1,90978208586659E-07
0,00513815366040811
2,29914992476169E-05
-5,08872792656051E-08
7,46208185572881E-06
-1,82316622174229E-10
-3,77697885617879E-07
4,90551845146302E-07
7,85163252773745E-07
-7,76281852456743E-07
-8,26986319163325E-07
4,69739107476722E-07
-1,80416485610483E-09
8,35806666999005E-06
-1,10478371499519E-06
3,59797224925402E-08
-4,32401009193598E-05
3,78791413715942E-05
-1,376805955897E-08
8,80696596879808E-06
-1,26509845559056E-07
9,16352273292679E-05
4,28086214269839E-06
-5,48727941922433E-05
-5,15769233048723E-07
-3,15169269778496E-07
2,07973540771434E-07
7,73027912014543E-08
-1,98292982382148E-07
3,99929719694614E-06
2,37241731554422E-08
4,01566921621929E-08
-1,2274111158263E-09
-1,13486097270071E-08
7,53132548997055E-16
7,50297064392314E-10
-1,2109253483757E-06
2,32971766331668E-07
1,99752803807472E-08
-0,999984279370797
2,54611592256895E-05
-6,16525849496099E-07
9,16603424222651E-10
0,00314498230656501
-2,71240032278209E-09
1,90129439587548E-07
3,08844198870433E-06
-3,04906699883777E-05
-1,5421087805007E-09
-5,3955986170938E-06
-2,0322027469863E-09
-4,46311590555782E-07
7,89060127918996E-10
-6,28521422583368E-06
3,66637319423136E-09
8,40994233114109E-06
-6,16649151969754E-08
5,93085844565183E-09
-0,00121453008147907
-1,08227591019472E-08
-3,8530528918352E-08
-3,47507601658608E-07
-8,85949045538439E-08
2,47603418553062E-08
3,59788638438052E-05
1,23099914670669E-07
2,00509703332647E-07
5,95918922456029E-07
1,58811531142437E-05
-3,07064684325553E-07
-8,76226011563471E-09
1,39567867343228E-06
6,30923728470848E-07
0,000528765571275798
1,08304379216377E-05
-1,29087928198128E-07
-2,77092046757297E-07
2,81494859497277E-06
-1,01929956518219E-07
-4,32183603249073E-08
1,27532033991365E-07
6,25137309834248E-06
0,00011819840700345
1,43864141633293E-06
3,96065540648599E-08
-7,49925404806253E-08
-5,25050372789758E-06
-2,42814250872966E-05
0,00159957864390625
0,00122372936125874
0,000711325684166153
-0,00388740303714599
0,000320569079969599
-1,41544158108633E-07
-1,82601582248482E-05
-1,4822096013012E-05
4,28711432506982E-06
-2,64121010545726E-08
7,16748345381743E-15
4,00574097052946E-11
-3,62076847040529E-06
2,20298766444712E-09
-6,70802728929913E-10
-1,88802473580925E-05
-0,999844718936309
-0,0167700762421401
4,47259873451525E-11
-5,88597334061913E-07
-5,36131797134322E-08
9,92627908280214E-09
1,8037100229826E-07
8,69555292176298E-10
-2,36599000352167E-09
6,23583871254956E-10
7,00603562263319E-07
1,23640107930518E-07
-8,18746816549378E-07
-1,1520231189216E-06
3,13160120450618E-09
-4,28287596169351E-06
2,50315458670489E-08
4,5999278574804E-08
-0,00540259003148969
-8,68264077709697E-08
2,67954378142686E-07
-6,8155711161951E-07
2,79283428068828E-05
-4,91983080949498E-09
-8,95770730371361E-08
-4,9132591816746E-07
1,35471804354121E-06
1,26773451602501E-05
0,000187722278380283
2,30828405263024E-07
-7,20923544631118E-06
1,43682579725264E-05
1,11707388532683E-05
1,41730630014526E-07
-1,57506118466713E-06
-0,000180384004803534
-7,5668782348948E-07
3,62005719240204E-07
-5,25323140050968E-08
6,01436397053395E-07
-2,72764678194958E-07
5,01816169543815E-07
-1,33897446209427E-06
-5,47581257900648E-07
-2,88813541957304E-09
-1,6673974500314E-07
0,000211899020325026
4,2769777809888E-06
2,3273469105997E-06
1,10688611765327E-05
8,8204805317607E-07
3,09218919715368E-06
-1,14512275391787E-06
-2,58470178823361E-09
3,93072725014466E-06
-1,53061380431239E-06
7,98707977511339E-07
3,38803616197658E-10
7,14895351822522E-15
1,58355935758898E-11
-4,7990390846844E-09
5,48461871800917E-10
4,53289690887855E-12
-5,50300615138218E-07
-0,0167691939103546
0,999789426114682
4,02305518086565E-07
8,92377598516398E-05
6,19122744971998E-08
1,61712534105762E-07
2,90116123936285E-06
-1,18545059937701E-06
2,0334919385176E-06
-5,28774286415515E-08
1,09654554755376E-06
-3,59984115103473E-09
-2,57747729419305E-06
-1,12581962667647E-05
-1,64598988100354E-06
8,85245246901157E-07
-0,000163036321703234
4,8155202404672E-08
-0,000272624338823554
2,35392418142061E-06
2,50245625063319E-06
5,03024575303309E-06
8,02297124975157E-05
1,01071607919515E-05
2,08747707127176E-07
8,54621112141964E-06
-5,0403836454468E-05
-0,000925181156427562
-0,00792242712558664
-5,70234147999775E-05
-5,36615137637975E-07
-0,000607743994559571
9,89102610208025E-05
-4,91637751258573E-07
1,00380417629614E-05
0,000489219327537144
8,78827269814055E-06
1,4135449986574E-07
1,88511008597578E-06
2,41352579640882E-05
8,6652489829194E-05
0,000123727259113048
0,000358055472652916
6,96556080752702E-05
-4,59599321551447E-08
-1,95353714044579E-06
-6,32495125762705E-05
-0,000331145011812142
0,0010307334007383
0,00720416296791356
0,000342281942300014
0,00273760005478643
-0,00039466866328136
-2,37509168582849E-05
-0,000328054300498275
-0,00174959047418983
-0,00337157473133395
-2,07233161159391E-06
1,31939021356761E-07
5,00813173102857E-06
-3,19471953403255E-07
7,78948340518033E-09
1,04942012454952E-07
-1,72864129844514E-10
-2,60677408247725E-09
2,83539250732117E-07
-0,999915979635106
-1,56765264813405E-09
0,000248633911472718
2,30108262079814E-07
4,04100768627247E-06
-2,09120715026176E-05
1,60633519713549E-06
-8,87976655390071E-05
0,0111600661437088
1,85918033171431E-05
2,25814488120959E-05
-1,78975834554142E-05
-6,45290804016399E-06
7,44300281842223E-07
-7,64382234426755E-05
-0,000124258741197567
-3,73479831881504E-06
2,14387484063776E-06
-9,56584443043964E-07
0,00033692503866388
-0,000199515946809779
-0,000940305493693183
1,03070425873462E-06
4,2333027935694E-07
-3,70288903450079E-05
-3,94931352184596E-06
-0,000599244635874835
9,41367100404736E-07
-1,3313777523001E-06
0,00639448390674191
-0,000151395978666272
3,59331112706564E-07
2,59255429250037E-05
-1,46835479095512E-05
-0,00081460387947745
-0,000148305288572444
-4,18918294066303E-05
-3,75060710723436E-07
0,000430093757297346
-0,000384001685405201
-1,09552800541623E-09
0,000215872489106162
6,4236357456784E-07
-1,95435733872465E-07
2,57138594063306E-06
1,15091714652986E-05
-1,25471152893407E-05
-8,70509025728907E-05
5,42821052785092E-05
-1,68703678067863E-05
6,39301199504177E-05
-3,77814130250606E-07
2,81842487135542E-05
-1,2700790763166E-05
1,24093536560335E-05
4,16788404218232E-09
2,25945285780009E-16
1,1989103812255E-06
-1,0450954321265E-09
3,17999172820464E-08
1,23225383062189E-07
-0,00314504811771137
-4,07108046078528E-07
6,19404507893857E-05
1,64269785313698E-09
-0,99996159804878
1,79021798321082E-06
-2,27813866114029E-09
-3,14089014717852E-08
3,17924211277402E-07
-2,16283396836983E-10
8,25032554480587E-08
-1,5243338196432E-07
0,000216490431072822
1,42018504566903E-07
-1,13718892021445E-06
2,72149358063757E-08
-0,00420615036320814
-3,32963465865264E-07
-1,5454932794322E-07
6,29432366872801E-06
2,84918181481479E-06
1,52818683749133E-07
1,75373764161751E-07
-2,17724589828524E-07
-2,54566913974216E-07
2,59730988657178E-07
-7,81613429360972E-05
-8,65117092753967E-08
1,0592118860451E-06
4,71960244132694E-08
7,91026712262844E-08
4,7904911817568E-07
4,14591961651109E-07
-5,43160703979234E-07
-2,89273480104604E-06
1,5242218170372E-05
1,09733308374628E-06
4,72830129890832E-06
3,74935568653499E-06
4,4135046512989E-07
-2,14260189124892E-07
3,21322202740156E-05
4,45921798057062E-05
-3,14484022590156E-06
1,81789383299509E-06
-6,50551939490947E-09
-3,89513955183344E-07
-1,96865664339866E-06
-1,61262763934133E-06
1,04474308135516E-05
0,000184629067023828
-0,000350286915699976
0,000131739737252068
0,001229768117842
-4,45726581351013E-05
-0,000282845321550938
-0,00351155084496362
-0,00592111782281231
-3,60525165232329E-06
6,69099142042826E-11
3,93485558014249E-10
-0,00263051532083182
1,90678908346651E-05
0,00628646145825965
1,31513757760406E-08
6,2516027645512E-08
1,21751962594268E-08
-9,69199837191199E-05
-8,74773382151417E-07
-0,999763422176585
1,43910982509436E-06
1,14163380288798E-05
4,49020579352165E-06
-1,11971902676643E-08
7,99895608436453E-05
0,0136816622251606
0,00731252412124064
3,05684223900659E-05
-0,00655610158417256
-3,98801019746342E-08
0,000155333635446136
7,01038819979377E-08
0,0104235881454501
2,99598573387809E-06
-2,06041375365503E-06
-6,63070058523631E-06
1,84743207584043E-07
-0,000173562623159084
-1,57839989188786E-07
3,76658756289776E-07
0,000227207539331621
-2,12698141488812E-05
-3,01468906671811E-06
-2,81226223008431E-05
3,49992788024122E-08
6,61546297726744E-07
-7,30735864201962E-06
-6,5529045439658E-05
-3,17462074534217E-08
1,89152426254473E-06
-3,13400191602464E-05
-1,53125199733643E-07
3,23205497877859E-05
4,528174590714E-05
1,5702937028097E-07
-2,89325070568056E-06
-5,59375007211739E-07
-1,38481840432514E-07
1,56759122144098E-05
1,17224054189977E-06
-0,00579659196630211
-3,50951446706996E-06
0,000750699040837562
4,21717883976105E-06
-1,66288822079888E-06
-3,65111223176256E-07
2,71979741309702E-06
-3,1385064884414E-06
-0,000262159079471592
5,49782116167245E-07
1,0940188260077E-06
1,12495711550625E-06
9,95961565359754E-08
1,21519575966392E-17
2,87938815276598E-12
-1,32139694018047E-13
1,57936123120837E-08
-6,19383000471539E-13
-1,57929917874242E-09
-1,77527406023504E-10
4,07956035664827E-09
-8,08089076342713E-09
2,60173925411588E-10
-8,0194275421767E-07
-0,9981733768065
0,0593727601612657
-0,000719280676170766
-8,04895187204401E-06
2,24598278614072E-07
-2,36535712255579E-06
1,90641479470138E-08
1,9554793509283E-06
2,48621265518826E-06
3,11442746908108E-07
-2,10316988901415E-09
9,59534791949235E-05
5,59263995718307E-08
-5,44418727155134E-09
1,90752884654713E-07
-2,05140057626514E-05
2,29703079882656E-06
-3,31424025514368E-05
-1,748029461714E-06
-7,99567958702232E-08
3,18511468836451E-10
4,40612539390405E-08
-1,37756478754701E-06
-6,44873252962852E-07
1,7632184661843E-08
-3,91983553363027E-08
-4,34224610035316E-06
1,31880447147974E-07
-4,73436076667044E-06
-1,33451491806312E-05
2,94279802239443E-07
5,2808135884221E-06
7,50839159536161E-05
-1,68128643862305E-06
3,24192562166391E-08
1,04759492752977E-05
-1,6458505656338E-06
-2,45492505865943E-06
-2,56668656355764E-05
4,84011180574711E-07
8,60826749803142E-08
5,34634003981932E-08
-5,46352382209161E-07
-1,74614837816935E-05
7,49574235647402E-05
-0,000387438587841228
1,79619343712821E-05
0,00156927659181928
1,56402162176373E-06
0,0047446198454101
0,00861755418553297
-0,00498574850761573
-2,23818126091189E-06
1,92075356977677E-12
7,2784511258472E-09
-2,78073128176313E-10
2,10604022713915E-10
3,11072482360379E-10
-6,92101952721066E-07
-6,04090273471374E-08
9,09382523037478E-07
-1,24289813077216E-06
2,34029538702833E-08
-8,04294286420665E-06
-0,0593684529271611
-0,998059444148814
6,97204259185891E-05
0,000617474024824122
-1,7672937425967E-05
0,000207743971562046
1,51169230758585E-06
-0,000204901569261496
-0,000290756575417492
-3,7697015304285E-05
3,87494851825342E-07
-0,012508908499083
-7,63768589973482E-06
3,68396537836782E-07
1,68946170546081E-06
0,00301172225987879
-0,000356616600227898
0,0049577121302353
0,000267920124931827
-9,41103862458635E-06
6,81374703687998E-08
-1,4831648900708E-05
0,000218207778194329
1,50465079846456E-06
-1,5036404826232E-06
1,50092651222244E-06
1,99003120960909E-06
-3,10446352212333E-06
-3,46680012464432E-05
0,00216230377833486
-4,10620437239507E-05
1,79087682371828E-06
-0,0123923831159816
0,000373861533355718
-5,42714087469633E-06
-0,00143839038700104
0,00101797747530146
1,43814228142559E-05
4,66651381864731E-05
-8,14614742966146E-05
-3,9429888018204E-06
-2,88907505713005E-05
1,66112118201287E-05
0,000192146744257479
0,000119991835206875
8,66497435320731E-05
-0,000487422644094579
4,20610256824715E-05
5,00325669534142E-05
-2,47644940466419E-06
-3,29745917523035E-06
-1,62804107319407E-06
-2,20766048991538E-05
8,32166438996108E-09
4,01673086322861E-08
-3,43791974098611E-10
0,00552221287577823
-2,76804978704745E-07
-2,88614018079447E-05
-3,50448340019603E-09
3,98509479973254E-07
-8,79216724545039E-06
3,89731194411441E-07
3,97697113736238E-06
-0,000606220047855975
0,000106012718328828
0,999934254102124
4,58185574243778E-08
-3,64197767619945E-05
4,72543936652735E-07
-8,47806990235682E-05
-1,80017228331962E-06
-3,32458994068554E-07
-6,08076984062399E-06
-1,63697063147428E-06
-3,34884233070839E-06
-8,91823307389582E-09
-4,48634622342014E-06
-4,68449275509605E-07
1,02943483536206E-07
0,000103766128759668
3,54076840267307E-08
-6,49984588343409E-07
0,000118868689122311
1,10722771684902E-07
1,63860862711821E-05
1,64234608698408E-06
-0,000261932114649096
-3,59493150606352E-06
1,31967498203104E-05
0,00184225271959395
-4,36233588389684E-05
0,00165999365699607
3,47898346193152E-05
-3,38778292611309E-06
-0,000119005169853192
7,89412037517852E-07
-1,21589566535748E-05
-1,03157929950227E-08
3,75197613840215E-06
3,34406493068507E-06
0,000217082176252338
-9,09168909350494E-06
2,9817423254513E-09
-2,98075382605387E-08
-1,72358639042413E-07
-6,52320039356116E-06
0,000792630307357544
-0,000116298260675546
-0,00034282918354495
0,000103699965490473
0,00136873424204728
1,57892611174378E-06
0,00411873019172813
0,00748049690665175
-0,00432792630832677
-2,05637889377344E-06
1,38614540921734E-14
6,90499829239057E-09
-2,2146179684208E-12
-7,80987820623533E-13
5,22890074179751E-11
-5,12159084451077E-12
-6,52366253492702E-10
7,17408346019313E-08
-2,52636552129128E-07
2,87084862338746E-11
-2,9443056441551E-09
-1,18127505888876E-05
-0,00029221032668181
3,75049127059535E-08
-0,999668006765735
-9,26135357816882E-05
-1,30704324045696E-06
3,06132905199584E-08
5,23845427505358E-07
-3,33217755464328E-06
-8,60964450901135E-05
1,87310560776373E-06
-0,0257486751143431
-8,80866897084037E-08
4,78398726353912E-07
-5,07447964022681E-08
8,22122973728762E-06
-0,000637453159904581
7,24853901933395E-06
0,000462968632110819
5,7351507419282E-08
1,5689336021634E-08
-2,54512566144976E-07
1,06371994760242E-06
-9,19539710786713E-07
1,08872718769075E-07
3,45211607760994E-08
3,88128256480409E-07
-4,01488361655216E-06
-5,76031943501618E-07
3,375307550281E-05
-2,2410688701592E-05
4,90741960483543E-07
-0,000185902502540947
5,69188646522617E-06
-2,56519874922422E-07
-2,42836947117084E-05
1,15472559586265E-05
-2,7156913914382E-07
-4,43870508574305E-07
0,000184187190440643
-2,88863598346569E-08
2,28948927783756E-06
1,17615312240778E-06
-3,96173996748003E-05
-0,000263839008478884
-1,98608584191343E-05
-9,923565070005E-05
3,91307148777425E-05
7,0760712606528E-07
-3,13341847863014E-06
-3,33719409750323E-06
9,08188861460201E-07
7,58642848450674E-05
1,31659665925643E-07
3,42046490356699E-06
-2,91419136328401E-07
5,61340055505856E-08
0,00159162118796109
-6,36555654833431E-07
3,89141286991326E-11
1,37346222059646E-09
-8,58713911796654E-05
2,06618884019245E-08
8,92627077112653E-05
-3,35900150170528E-07
-7,86280725425893E-06
2,0882022106033E-05
-7,89464945584739E-05
0,999925906055766
-3,25981422564022E-05
-0,000153722067191491
-9,17151961706891E-07
-0,000126188326808295
-0,000508660842038304
4,15291160281633E-06
-0,000718348764900449
1,45048222720641E-06
-1,92253468326153E-07
7,15713712795465E-06
6,53205130327672E-06
0,00768758261172855
-2,86099749560722E-06
-2,08039099231943E-05
0,000673687304168488
-9,55567838577573E-05
-0,000136314500357676
-2,92451409628068E-07
2,35454065615846E-05
-2,24899393415094E-06
-1,83461647226879E-09
-0,000119086998997311
2,53358556783392E-06
0,00892882623160371
0,000262349504175106
-8,77153118562471E-06
7,73280409340506E-06
-0,000584885950835491
1,8094492673205E-05
-2,07914068312043E-06
0,00169502493778082
-0,00148369749724528
6,618359488246E-07
-7,68383654148183E-05
2,58064808108875E-06
-1,26988941551428E-06
-1,27484160551555E-07
3,24662564685163E-06
3,38820673123114E-06
7,91129112827329E-06
-4,86864979109312E-06
-2,3200710719464E-06
7,54067720143428E-06
-1,32632329851227E-07
6,38922148348528E-07
1,90575497887648E-06
-1,303291063633E-06
-1,09205732290482E-08
5,25115277989491E-06
5,81642531883029E-09
-1,58077674364802E-06
-2,35038102406089E-07
9,88480162461143E-06
2,43914001157348E-11
-8,92642206594244E-08
1,63358965925148E-07
-0,0111640445467857
-6,31852574693769E-09
-0,0135498648605542
-4,09267171784034E-06
-9,62843200379936E-05
7,64617218364107E-08
1,05622748546328E-06
-3,24443973615432E-05
-0,999506136067708
-0,000753481513855267
-0,0022110253465596
0,000310455974723279
1,69437463143371E-06
-9,14997920835515E-06
1,70175529790214E-05
0,0132962650587583
-5,0304483976902E-07
6,23774083221448E-06
0,000232629374788912
2,17273565411525E-05
0,0222488938522594
1,85443434422836E-05
-7,6553629550803E-05
-2,41418496047925E-06
1,33203216796332E-06
0,000876680289549107
-8,77316583401853E-06
-6,1126031747748E-06
6,52360018203205E-06
0,000161026836824075
-7,7026244560826E-05
2,08396715368098E-05
-0,00084666221774183
1,59461272153808E-05
-7,15059198404262E-06
-0,000133073694890883
0,000162247678311948
-9,49662943465148E-06
-2,19162399986751E-05
2,17763673942231E-05
-1,00550677558469E-08
7,45985045481235E-06
-3,92796092051045E-07
4,02384513090057E-07
-0,000105493412513956
-1,13930976203892E-05
2,49039064151664E-06
4,3283559163399E-05
-0,000468297058459196
-8,21850317304178E-05
-0,000132175616561729
2,94429125465151E-05
4,80451694986554E-06
-7,52355658672698E-07
-1,82118868562554E-06
-8,39609356135097E-08
2,12341536861843E-09
9,48988186486843E-07
-2,41431269739801E-06
0,00129683942564011
0,00412092760415028
-9,65269690902065E-08
-6,77744415587726E-09
4,05920958224438E-09
-2,39277212752116E-06
-0,0001018726355527
-0,00727423796206146
4,57319389921812E-08
-1,13545878771143E-07
-9,20360906272115E-05
-3,12136693768222E-09
-0,000193083021382121
0,000850092989761619
-0,999485568263358
-0,00064581304952892
-0,000912516315504984
3,16153651112759E-07
-0,0272216667072135
-1,74409757110927E-06
-0,000237547308891548
2,52675533769512E-07
0,000497678240729046
2,06676064458503E-06
1,19752972238024E-06
-1,04817455584059E-07
-4,5196495123898E-07
9,93407144798162E-06
-0,000286594124872757
-0,00122032882666966
1,41000927233536E-06
-8,96893442242365E-06
1,08003948099396E-06
9,9658337287994E-06
7,05203802528507E-05
-3,10578444917922E-06
-1,17383374725822E-05
0,000172031041582029
-5,05129754190109E-05
-8,64708159890486E-06
-0,00204588303989672
6,04436210300638E-05
-9,00383299003852E-06
0,0106940539813648
-0,00935792502695713
3,28619515507454E-06
-0,0024341207210651
2,69019028185324E-05
7,08322550712171E-05
-4,79537659601056E-06
1,33058405132214E-05
1,35482783005317E-05
5,01494483830799E-05
-3,64618244714695E-05
7,46382149003267E-07
4,12208606288645E-05
-3,85042842720105E-06
-6,30663352751726E-06
-7,54539903137985E-06
3,18714921251968E-06
2,82610423618733E-06
7,12355866214494E-13
1,02669450016276E-06
-8,20015279061528E-13
5,97208092385062E-06
5,43656611173732E-10
7,81050008159667E-14
-7,79941901637799E-08
3,08065911136041E-07
-2,43024901473476E-07
-2,30244257307209E-10
-1,29677622911884E-06
-3,06429196128882E-06
-6,91924649472697E-05
4,66658400886655E-07
2,41192955972666E-07
1,85065166656709E-07
-0,00160241215570772
-0,000608464749025201
0,999186814259095
-2,34558865070422E-06
-0,0014774322128759
2,51181800795974E-07
2,46197502077264E-05
-5,38134789441029E-05
-1,09980876397162E-06
0,000253748136881767
0,00028973528754591
-1,03650391496169E-06
0,0272301084577342
3,76648355762997E-06
-9,14826533168364E-05
1,79388952632235E-06
-0,000376984643957356
0,00102656021060484
-7,60053440459903E-05
-0,0220857110476954
1,35899921645545E-05
0,000795364275637508
-3,10408472770487E-05
2,41990667821826E-05
-0,000971203276614039
1,49917291139856E-05
-0,000120264251003267
-0,000143709051147144
-1,50679077460171E-05
-1,06143557104984E-05
-0,000373963533178563
0,000620726814089917
-0,00054405797286207
-0,0195261317618779
7,94449496814105E-07
2,05150773036137E-06
-0,000121861423758839
0,000183466696179401
6,62137619932967E-05
5,80392828607966E-05
-5,71488714030568E-05
1,18971071859063E-05
-8,94925047540915E-05
3,17589618160869E-05
-0,00226021377628805
0,000932267062591214
-0,000463268919286709
-2,77655724442661E-07
7,63217035912419E-12
7,21457931391055E-13
-2,48233613188414E-06
7,37560198558222E-08
6,01026146399469E-06
-4,55742125101234E-07
-2,09629367463368E-08
1,26729302694796E-06
-2,51774682489943E-06
-2,78254411972454E-07
-0,00654755532913884
-1,06625219623553E-05
-0,000213315513232425
1,39044515320101E-07
-1,21775930682592E-06
7,67188459722277E-05
0,000393880559877043
-0,000562867227435084
1,84537245839149E-06
0,999587678934774
-1,11097448653147E-06
4,62002735899895E-05
-4,86331911898481E-05
-0,000438738381838381
-0,000438970508243893
0,000153431455024469
0,000906072204105077
-3,51155967982576E-06
5,76986284034615E-05
1,92868344101041E-06
5,72063117493333E-05
0,000220452258167982
-0,00210464404554014
-0,000676676165602369
-0,000756718438598623
-2,34249631180135E-07
-2,46592158606231E-07
-7,86503998973977E-05
2,21124885680336E-05
-4,74135005068171E-05
0,00173580103536897
0,00627000022428304
9,92495606091781E-05
-0,00836853950613824
0,000260678547349872
-3,74998198105211E-05
0,0151040208713561
-0,0128206844821076
3,7451312677353E-05
-0,000495661254580806
4,56698716703831E-06
0,000208889273898075
3,29030655430691E-06
0,016312322679861
0,000678497089183736
0,00106059898715782
-0,000255061195571628
-0,000863598944769413
0,000765165999409343
-8,64884339383119E-06
-8,54264103596417E-05
-9,23356249453722E-05
2,57226433881458E-05
-5,48444587458516E-06
2,51563645748622E-18
4,9134714206236E-08
-3,23974865265521E-14
2,31100271422938E-10
1,06907423556186E-09
-3,21477248361162E-12
-1,03151889876396E-09
1,07064641436026E-07
-7,81378655051064E-08
1,03253483344305E-10
2,09410280142712E-09
-2,44967977178901E-08
-6,0550150994883E-07
1,34379024279796E-06
-5,22118961128742E-06
0,000211635106995968
-8,58537534365297E-07
-5,78102964648898E-07
0,00102432657484429
7,57510107004255E-07
0,998752744827031
8,49942032093293E-06
-0,00408469178234789
4,87274324775178E-08
-4,25365373531509E-06
1,39796871614219E-05
2,37893038710658E-06
0,0381664186620085
-4,66493739419083E-05
-0,000124994821479075
2,40735378042273E-06
-4,37571552881441E-07
1,78933759437092E-06
-1,55099671892636E-06
-6,13287614469132E-05
-0,0205208185064726
-2,56123271560809E-07
0,00201097013545026
-6,83481264391544E-05
9,14126422198633E-06
-1,11741474623878E-06
-4,82396282832105E-05
0,0242770639505537
6,00402340260348E-06
2,73831268399115E-05
-1,93672826428588E-08
-8,24682546663804E-05
-9,57780150035775E-05
-0,000486019355304451
-7,6173023758182E-05
6,972925728052E-08
-5,62971667379007E-07
-1,10615101588974E-07
1,13692631558497E-06
2,78983935413624E-05
-0,000261222307378878
0,00102685704724216
-2,62966949861924E-05
-0,00154636936629302
-6,39994031983606E-07
0,000163940322605593
4,4592882331598E-06
-0,000382836170240529
-2,3086528153483E-07
1,02211109592357E-14
0,00299515757746312
-5,23463515749859E-07
9,08744780065635E-07
6,72226832297026E-06
-4,82522975809889E-06
-3,34226482385218E-07
1,62269634171947E-07
1,38421179128938E-07
-0,00421177500390621
-3,92243419185844E-05
-1,12559871347832E-10
-1,09421943107295E-08
-6,60930885943335E-07
6,51400417224995E-08
-5,32728951390268E-06
1,50736327963199E-05
-0,0272240129676893
-1,94695112726614E-05
-5,80747100384557E-05
-6,42723725852251E-06
0,999227634894001
7,25528457152688E-05
4,90203309634736E-05
9,67194219033601E-07
-2,24800172736896E-05
1,91212727508429E-06
-4,57564615003469E-05
0,000204292962158289
6,78090423280077E-05
-1,07455772176442E-06
0,0207265489144164
0,000100976742002804
1,21494443946834E-05
2,61411504881809E-05
-1,25275163794066E-07
-0,000740654784330269
2,55663089220903E-05
0,00116577744165245
8,64228487754286E-07
-3,08872326517908E-05
-1,49749435606501E-06
1,63371827386819E-06
3,19344494523002E-05
-1,86877869017817E-05
-5,32858023336007E-07
-0,00020643600981288
0,000175058469393925
-9,79491544457944E-08
4,22432372245352E-05
-7,72702481168347E-07
0,000157112628083116
0,0185615989267471
-0,000153445574683532
3,31638620021291E-05
0,000123041507722051
1,59799242978237E-05
2,73836245894622E-05
-4,07851562145702E-05
4,56052170821407E-06
7,80143029439116E-06
8,58461281868722E-05
0,000143057497607915
4,60631077885054E-08
3,70517647996734E-14
1,30782578847049E-05
-6,27755848987197E-12
-5,55848113312842E-10
3,08204525609233E-08
-2,14112833784332E-09
-1,96843523699697E-07
1,55944815534665E-05
-4,28651656032011E-05
3,75870739630494E-09
-5,75150348130711E-08
-0,000648035236780661
-0,0125144205591403
1,38388286923699E-06
-0,0257543239041819
0,000459339925261237
1,0343628571913E-05
5,04108333202173E-08
-1,05672432588179E-05
2,71065907029407E-05
0,00280413395227326
-6,91815620356886E-05
0,998516154050265
3,861904571707E-06
-2,24343358500318E-05
2,85462970641355E-06
-0,000242240163646517
0,0333941517914503
-0,000381689688036063
-0,0256848397169599
4,19134620110899E-06
-9,13344287235028E-07
1,17008207621475E-06
-5,95755684038395E-05
5,48336295054135E-05
-6,60399830689098E-06
-2,04952008576647E-06
-2,44830885344123E-05
0,000247835230558673
1,40477599739783E-06
-1,13552675680783E-06
0,00138027094633426
-2,93805565609395E-05
1,36384298105313E-05
-5,91558884795628E-06
-7,79758780762131E-06
0,000172485412423499
0,000252145833786538
1,76551792052253E-05
7,58048216925527E-05
-6,95682681851678E-06
1,47065151457721E-07
-0,000151657842814664
-5,73076536577206E-05
0,00260521384420048
0,0173715806320009
0,00131243800686119
0,00654518598051496
-0,00258648456862429
2,33618683676598E-06
0,000207256290919443
0,000219394120316124
-6,51533033357601E-05
-2,89041518517791E-06
2,06354182242586E-11
4,38041636904409E-12
-1,80989372261808E-06
2,91365043010935E-08
1,09353921689601E-05
3,02250299818324E-11
-3,94879596019232E-09
8,94822782881672E-10
-2,52695704768431E-05
-8,55312972580788E-09
-0,0105994037226176
-3,62136023534497E-09
-3,86602196016624E-07
6,30975033811388E-08
1,09617240926258E-08
1,93050429243163E-06
-0,0131819033340384
0,000302743575183505
-4,47746188649531E-05
-0,000502351452000465
7,68743744706917E-08
4,97338416174078E-05
3,03389374275961E-06
-0,999828921753461
-8,07060672593098E-07
-1,2112217282662E-07
-1,3862937507923E-05
-3,91314451418453E-07
-0,00109817503260841
-6,17666834746953E-07
2,79718871505624E-06
-1,40435118923455E-05
1,62280315800174E-06
-2,66512121369693E-05
-7,75064730657351E-07
1,7498260694729E-07
-8,27282780518452E-05
0,000175473538988292
0,00737663974197679
-6,3019904940461E-07
2,22609049557367E-05
-1,13433205587799E-05
5,45253021996405E-06
1,64816162130785E-06
-3,46188435101049E-06
2,49675568225788E-07
-1,67562198026127E-07
-1,56730560825565E-06
-7,07723373420815E-08
-2,02352172245533E-06
-1,34413678926826E-09
1,34826547004119E-06
-4,49507598904352E-05
-3,49323457790632E-05
-9,83930071218133E-06
-6,22994310681646E-05
5,04433368179977E-06
-2,0630692826449E-05
1,13515171145268E-05
-6,06190629818644E-07
-8,67533798088521E-07
-6,89691542946085E-07
2,27156388714323E-07
3,63311223383972E-10
1,28672110470747E-13
1,85897912101538E-11
-0,0024529261671393
-5,70545890398444E-10
-1,08484977603845E-07
-0,001214493243324
-0,00540781543342764
-0,000106694495596594
-5,2685329420501E-09
1,01021446942041E-05
7,42237085259344E-06
8,42032048815338E-10
1,86161816274353E-08
2,5295528579097E-07
-6,60527672505835E-09
-8,51630191438891E-08
-7,51695874236033E-08
3,98523007826595E-08
2,03538458130451E-08
0,000203271629804999
5,65563653320084E-07
-5,7135960009417E-07
9,45647076553481E-06
-9,87547606455302E-07
0,99872478641779
1,64408914315788E-05
1,35472150238165E-06
0,000130852659440501
5,78779366275182E-05
7,77956195535893E-07
-2,8432806859031E-06
4,26108712592435E-05
-0,000257042456058636
-0,00144524978602601
-0,0357361224754505
-3,96162453352125E-06
1,20220975428349E-06
-0,00270970841300569
9,48923915594564E-05
-2,04300105342896E-05
1,052765387567E-05
0,034927053567359
0,000149891451153867
-0,000126722573041684
1,28742208092914E-05
-0,000141187462028191
4,56577632600889E-05
-9,88398365476895E-05
-3,30210844653515E-06
0,000101121026051035
-5,54178291003278E-08
-5,82773535310419E-06
-4,38921477216366E-06
-0,000857515321210551
-0,000347755140283763
-0,00187821427826091
-0,000157059669851755
-0,000533120934746488
0,000200713389182692
-1,0572471706922E-07
-0,000764483550565456
0,000300080058452026
-0,000156139004116144
-6,68167635057473E-08
3,00467382593545E-11
1,47813591039333E-07
-4,19603341682188E-08
1,85723018124429E-05
8,11692060580582E-08
-2,73294832202513E-10
-1,12797936035991E-09
8,9252374514143E-08
-6,07419537807383E-08
-2,40794561196425E-07
-9,74826476500089E-07
-5,82711771321571E-09
-4,65091983223211E-08
-8,69275287661084E-07
-1,12985172016873E-09
1,20018817800256E-06
-1,13093849377569E-06
-0,000434333003246445
9,04423591877104E-05
5,39677292519092E-05
3,21336734530837E-06
-3,31684653180612E-05
9,294481544765E-07
-2,42023207711078E-07
1,24426031764116E-05
-0,999136968652348
0,000257128412870998
2,42984927475375E-05
0,000118689037545888
-7,82481336355974E-06
0,000629789312042922
0,000135645502838814
-0,0350152554710264
3,84423448112735E-06
7,84208119277982E-05
6,02105932152324E-06
2,39939268777051E-06
0,000606877829771731
-1,44772085819919E-05
-4,73389773267554E-05
0,000801904149950156
1,35829569544489E-05
0,0019449056853568
2,98248996738623E-05
0,000180594326642217
-2,84416133904027E-06
0,00429435748499528
0,00487503246350863
4,66216952411933E-07
-0,00738284530555343
-1,40732757742666E-06
8,61881757464479E-06
-8,88935889381674E-06
-2,94599268298287E-05
0,000250579743553167
0,00300447427477373
-0,010647588752402
0,000437770780820162
0,0159987674787379
-2,67388577955777E-05
-0,00182855245043571
-0,000173396945886414
0,00387477472898961
2,39544584768895E-06
2,12596854860284E-13
9,81323317266064E-13
-5,73813866303675E-11
2,37191572933554E-12
1,60673143553737E-10
-3,93619179746265E-10
-5,34410439183695E-10
4,54970116832468E-08
-5,85769398413583E-08
-7,67712476417399E-10
-9,69137543530723E-07
-0,000145236517913034
-0,00276113160381755
2,06599601318493E-07
2,47038208659227E-06
1,07209201980722E-06
-1,009427906728E-06
-5,4476890715122E-07
3,65718310677425E-06
0,000796194117175078
-5,69252431012336E-07
8,05516008011405E-08
-0,000274623006130628
1,11099785460147E-06
-4,18656067747582E-07
-0,000216904452098088
-0,99881146881616
6,09718599225126E-05
0,0121367762927308
-1,41431966298513E-05
0,00259708856182283
-5,15422481927807E-07
-2,11669623832603E-05
-0,00161237045344849
-9,04015596116769E-06
-3,37841935653636E-06
4,31856536072044E-06
-1,20375101322526E-06
-1,0934536515498E-05
-0,00107690819781423
0,0455249547056707
-0,000122825650160491
2,86273798255186E-06
-0,00645216755366478
0,00013180937147329
-0,00954261413519997
-0,000976127329870277
0,000889310080892616
-3,03048676444713E-07
3,6686171811051E-05
-6,3709404829192E-05
9,20655822496437E-05
3,67405104665413E-05
1,81966542107658E-06
-2,65173910795619E-06
-5,30820363247988E-06
-1,41079442776129E-06
2,408922176587E-06
-2,13640803192681E-05
-0,00155745715987677
4,28207139142628E-06
4,26078165652089E-05
7,05868295634601E-05
-1,70107064996408E-05
3,94041544140098E-13
0,000125102222483926
-6,38887841705746E-11
-4,23276929407496E-09
8,9249420162265E-07
-5,0378499011743E-10
-4,1387484554492E-10
4,24417701891195E-08
-1,33771297421793E-05
1,84359332983392E-08
2,86194957901768E-07
-2,74724397378862E-06
-5,97343802188856E-05
9,63631525937028E-06
-0,00022513217890905
0,00772062179129719
-1,04948076067876E-06
-1,10439582283296E-06
3,35158701178786E-05
-1,35497808092546E-06
0,0382832063130491
-4,8899350973364E-05
0,0333588241234017
3,03460887785341E-07
4,4109133428389E-05
-1,1410388802558E-05
-6,36853619646388E-05
-0,997373147410668
0,000539880594885118
0,0037655820813944
-6,70167602111815E-05
1,74810432522489E-05
-7,04131578213923E-05
4,45673668258606E-05
-0,00631475904917159
0,000346672880146109
-1,02832600543283E-05
0,050213870348062
-0,00114990195000944
-0,000316983737996384
-8,43801606642499E-06
-0,000136572489172045
-0,00528558479223592
3,43056990327715E-06
-0,000278445289130997
5,90209779230939E-07
-2,0654755971476E-05
-1,87866932196398E-05
-4,23009997599784E-07
0,00135446619284131
1,06679239733166E-07
-1,26572349691899E-06
1,55109494255095E-05
5,96623007897129E-05
-0,00015942507900286
-0,00106052607791651
0,000225437426086191
-0,00031227699443764
0,000405434899967759
-6,4766715660532E-07
0,000146245321032454
-7,43497616474182E-05
6,73788011530808E-05
1,30302646746302E-07
8,99742002489744E-08
1,99885122740577E-08
-9,86163918763882E-10
1,13975193998236E-07
1,51275186675339E-08
-1,11451220930461E-09
-2,78075952421594E-05
3,61923883335006E-05
-4,929442955342E-05
-2,85585643979437E-08
-0,000117023962288553
-0,000262907671459818
-0,00498206718768896
3,82587292907647E-07
5,63514504146612E-06
-8,38669816024611E-07
-0,0223191388759033
-3,8632608727654E-05
0,0272432273505421
2,34484457134693E-05
-4,84638335067492E-05
9,17173878410125E-05
-0,00042979490149935
0,0013950782555289
1,30691003502257E-05
-7,831953142226E-05
-0,00995390242152154
-0,000555967516947579
-0,997176199390038
-5,15349834760876E-05
0,00369355653277806
-2,42841014906011E-05
2,17848496841348E-05
-0,044571464595074
-0,00030093523393422
0,000322519828119324
-0,000309996041542669
-2,24812813170106E-05
0,000462246163862791
-0,00113072263499647
0,0465310826287498
-0,000859171990760579
1,35685108860153E-06
0,00799740621989291
-0,000321817838719388
0,000538769878190092
0,000600954020762063
-0,000203801147897569
4,12264943419012E-07
1,55395265143009E-05
2,07585993488807E-05
9,50165191246663E-05
0,00611107027690936
-5,26131822569224E-06
4,16350504905479E-06
3,43752837349738E-05
3,16350804335815E-05
3,14592350323768E-05
-1,4665017855552E-05
-0,0016722196363347
4,3937060387137E-06
4,5644571029865E-05
7,57123260329404E-05
4,86304599462273E-06
2,31744980953915E-13
0,000219051102108283
-3,93655864624567E-11
-9,90382241380439E-09
2,90620319475631E-11
1,49385131870199E-11
-2,35444669815481E-10
2,4630893409626E-08
-0,000938488653676995
3,17023543749349E-08
4,41307254528102E-07
-2,49211616075597E-06
-5,40689750290624E-05
-3,8013222816286E-08
-0,000198177254756648
3,47415308925317E-06
4,64381260600354E-05
1,07559402684146E-06
-5,48490528835841E-07
3,16612462864058E-07
5,21748212964219E-05
-7,06229060571904E-05
0,0255496751319406
-1,51243565934747E-06
-1,15765447176512E-06
-2,3940557549542E-06
-2,15948685217646E-05
0,0046432792437667
-6,74500194210604E-05
0,998930803427364
-2,50760887346172E-06
2,58310174012614E-05
1,22423157435274E-05
8,31158405957103E-06
-5,22291994035625E-05
5,78203918056873E-07
-1,76396249168874E-07
0,000575721715380729
-3,11374014107725E-05
8,56551950287125E-08
5,08606317619178E-07
-7,57778116775001E-05
-2,70599157513628E-05
3,82858718850045E-05
0,00118011299225741
4,00309125126436E-07
2,66815745909962E-05
6,13229830743012E-05
-8,2175272159843E-07
0,000202278983055756
1,57357603791171E-07
3,30587900985438E-05
7,92617409322846E-06
2,02939720644708E-06
-2,66461554499206E-05
0,0011837724422743
-0,0316630017674803
-0,00708071645946257
-0,0199501826494441
0,000176748701802771
0,00137657504794638
2,63831027832355E-05
-0,00247265597663125
-1,38303678561391E-06
6,3877597715242E-18
1,96993444043552E-13
-5,37471851327075E-11
6,87810605209847E-10
8,47892042664798E-09
-4,58879174279999E-07
-5,11721456738382E-12
8,21405256687472E-10
-9,52067690858205E-10
8,38039680486696E-09
-2,4107377048473E-09
-2,83709892521054E-08
-5,4160930322803E-07
7,39713317609613E-06
-5,90087028761533E-09
7,25169404061864E-05
-7,27565917544391E-07
-3,82554920524433E-07
1,53651679334795E-06
9,9986782365062E-06
-1,57537766156166E-07
-4,04419259430622E-08
-4,58297411972889E-07
4,58754649881674E-07
-9,53600263388506E-07
-0,000334838951828929
-0,00146265045589682
4,39232789738186E-05
-0,00244939696985071
-2,86380147028299E-06
-0,996309951889738
3,23058681664471E-06
-8,13466740626452E-05
0,000369498750381258
4,45490999997211E-06
-2,47681584193105E-06
2,78446834815225E-06
-1,00545543720665E-05
-2,7019638914059E-06
0,0661850759828352
0,0274228682948123
2,68027529032848E-05
0,000133280517757052
0,00324589514890445
-0,000105106649781657
-6,26755429443437E-05
0,0316896590516873
0,0347515734783695
-6,96097585932863E-06
0,000511494492765606
-9,4333876781181E-06
9,94864453914575E-06
3,02489389910458E-05
1,23223958614365E-05
-0,00012551510201255
-0,000858579809699322
0,000841538313668298
-0,000227965968116419
-0,0011394363058527
-8,54484752186197E-06
0,000138438577740054
0,000175832601744524
-2,18516473661385E-08
1,11183008892287E-06
1,10194043513355E-13
6,22924760361751E-07
-0,00208322878637676
2,00294726870515E-07
0,00513983932608619
4,96988019124059E-09
3,55055592273358E-08
3,38643004463082E-09
5,01296435594341E-09
-9,12610699954698E-06
-0,000108819964632235
1,51595948570858E-10
1,07171040161684E-09
-2,49704283062241E-09
8,00486230256252E-09
-0,000104163388660087
4,61160904414937E-06
-0,00025340101978385
-1,85722411558657E-07
4,90458040523128E-05
5,48572241929378E-10
0,0207475799475665
1,86266274050413E-06
1,50987778455207E-05
-5,43418428044858E-06
-1,45704987854202E-05
6,63488926291477E-07
-1,45777625629539E-05
2,09999206679338E-05
2,73336305836265E-05
-2,90346188960732E-06
-0,999634992150886
-0,00350039468134384
1,18668425353996E-05
-0,00142913329257147
-1,67148285183114E-07
6,58217377814039E-05
-0,000108576042426181
-8,68057622010903E-05
3,26957218995857E-07
6,46046849393987E-06
-2,0467458327191E-05
4,80923063706223E-06
3,25132873721903E-05
0,000121336857708534
1,03075609510041E-07
-1,08828639196701E-05
5,08865069860962E-06
2,44988617390924E-07
0,000102851452152816
2,78708913043405E-06
-0,0123273985391007
-0,000837190122096913
0,0100635981179995
8,67477415133646E-05
2,40301127255893E-05
-1,17525215374867E-05
-1,8510929477397E-05
9,28487523971278E-06
-0,00052439492080654
-2,44886908996406E-07
-3,1189579138184E-06
-3,34202074071551E-06
1,63674176872076E-08
8,98279573827876E-10
1,48400899738134E-07
-7,5861973878003E-07
0,000519249006383516
5,83924893282441E-08
3,1355443442817E-10
-2,40133560873688E-11
8,42243917737521E-09
-9,76449278482092E-07
-7,76611244287957E-09
-3,40987360043188E-06
8,24155920640042E-09
-7,92958673898563E-08
-2,2466785645107E-05
-3,99240910934769E-09
1,69625245849591E-05
6,58335994840857E-07
-0,000457554656311637
6,78884116236709E-05
0,000448189012043529
-9,41722032622027E-08
-2,91597521178529E-05
-1,08861014038856E-07
1,15268185765978E-07
1,41351286843611E-05
-0,0348259180854392
7,62667228381554E-06
-7,09477577104242E-06
2,3109293146943E-05
-1,00173482130975E-05
-1,80238491946089E-05
-0,00313029404531211
0,997273382556808
0,000107894908493617
-0,00789098049174533
2,11078631864376E-05
5,01556303285394E-05
0,000678423394646671
-1,82858378224001E-05
-5,80958615857514E-05
0,00075484374547863
-0,000301151688814547
-0,000188757965784663
-0,00818321431829866
0,000224020400045198
-3,31193997341708E-05
0,0381508328927456
-0,0327906910547314
1,39884216058965E-05
-0,0175564458010019
9,41122056967438E-05
0,000254636569361021
1,87775201211527E-05
0,0353923645206595
0,000351173124224817
0,000187801164005981
0,000221945645234504
-6,33313780763631E-05
-0,000381485977597915
-2,66521733625267E-05
-1,94028908746534E-05
-1,52818913620936E-05
-0,000120254062626033
8,4247190145989E-06
1,98230081963638E-13
2,77235073835898E-12
-1,06135679508558E-10
4,26384214052158E-11
1,24090920768041E-10
-1,28088823907038E-08
-1,25387541777384E-05
0,00097417254453734
-5,69858100625022E-08
1,26974206220174E-07
-9,67773766580766E-07
-6,36248103077885E-07
-1,35028302034045E-05
-2,05889634434779E-09
7,91318843778888E-10
1,58209861547398E-08
-0,000118324186956038
-4,38338430999175E-07
0,000190843139464309
0,000467764306218082
-4,98775162224696E-07
1,17650328666774E-06
2,05557661224036E-06
2,38509865875377E-05
0,000488686436328336
-2,11599545276669E-06
-0,00203560088355792
-2,13512366413054E-05
-0,0447825732058616
-8,78551855028272E-06
0,000398840162786578
1,05328456563423E-08
-4,03808326792213E-05
0,997950131280368
0,0074835274990653
-4,19070062267058E-05
3,39547124322963E-05
0,0002024960052858
4,31662113462109E-05
9,04530895769283E-05
-0,00329001955791894
0,0349245723720541
5,91344235964323E-05
-0,000441153781472442
1,87865475464478E-05
-0,0282346187606459
-2,03148973504004E-05
-2,46102414893791E-05
-1,58802933029699E-05
-7,20005178425472E-06
-9,14605162197589E-07
-3,46465622994422E-06
-0,000234773296427076
2,01154699313565E-05
-7,62874467214902E-05
-0,000437877186837847
-2,14038458166821E-05
-0,000131842116599864
2,11752526673634E-05
6,14321134141227E-05
1,14521493842926E-05
6,13305496979604E-05
0,000118636931648521
-1,0046010858836E-07
1,0727640165399E-15
7,83519677502754E-09
-6,43606525586735E-07
1,09605001269625E-07
6,37974566959706E-10
-2,77378732722779E-05
-0,000139116958145442
0,00795669847593508
-6,02135464206012E-06
9,5434823327039E-07
-1,74639460335327E-06
-4,79344767244546E-08
2,99629688370048E-08
9,00566647493331E-05
-1,25249367368218E-08
1,09712065996581E-06
-1,64586889039671E-07
-1,96916214941272E-06
3,88766973672268E-06
0,000148014009979731
1,87056339034338E-05
6,08789356601436E-07
1,33559534843911E-05
5,61974601278016E-07
0,0358807791874192
-6,15536083879915E-05
1,78665480760012E-06
-0,0016458995951785
3,33153754997803E-05
2,01646532682925E-05
-8,04839240527663E-08
-0,00105906193675598
0,0063240179941728
-0,00747028822268834
0,993570551147312
0,000127008170575264
-1,94300269036512E-05
0,0917703324619978
-0,00183261849373239
1,50252761680985E-05
-2,51578098758366E-05
-0,000687008294156649
-0,00318112177595226
0,000112958794773926
-0,00031059114423498
-8,78209913503749E-06
-0,000190285883993886
0,000210871355595382
-0,000124543551570147
-0,00482091558730203
3,09843874459037E-06
0,000277717067399735
3,24624905922817E-05
0,039486524745055
0,000296029947620826
-0,00026480790753868
0,00011143900021849
-0,000117409429240168
0,00185049667668553
-1,20604393928472E-06
0,0330244376112694
-0,0142266695643696
0,00721413384164578
2,90330429617137E-06
1,37483034563683E-14
2,07099769550948E-08
-5,40558912945006E-14
1,16174217850889E-07
2,89007635850596E-11
-4,71789464458708E-11
-5,98295358018655E-07
4,64340523130132E-05
-6,14539422389871E-09
6,03408331686053E-09
-2,61667156733605E-08
-6,2605723043155E-08
-1,42089455525077E-06
2,05660872099105E-07
-9,16863089270086E-08
3,97649105751094E-06
-3,43814255941793E-05
-1,33478622914506E-05
0,022106992700104
-4,13160203412099E-08
0,0204851972430955
1,86857310552798E-07
-8,7608497711173E-05
-1,39058208436575E-06
-4,13629043459753E-07
7,67840962425819E-06
9,02915666615285E-06
0,00112278495851127
0,000923899328197121
-4,47628227907323E-06
-4,07409723578218E-06
1,00470373937066E-07
-2,19853644426777E-05
8,05829278548271E-05
-0,000101755139164656
0,999156567128953
-1,8549462274444E-06
-0,00023165133285137
4,23641644638714E-06
-1,93472518681381E-06
2,56084624425142E-05
-2,30992566870369E-06
-0,000324699248106415
1,97376604236192E-06
-1,27219851038465E-07
-1,13191621866323E-07
1,26438900973358E-06
2,69711919486678E-06
0,0277126971057562
8,1191754476251E-05
-2,5477018125157E-08
2,83670956031626E-08
2,92743903585246E-06
2,22246960127849E-05
-0,00269524985553907
0,000424531782245538
5,74173857184939E-05
-0,000201416959330657
6,59079999509913E-06
-1,14520936581621E-08
-7,87579841246245E-09
-1,10590022652394E-07
-3,55458047548691E-09
-9,32727625454018E-12
6,45303187884071E-10
9,98930624910605E-10
-2,42272601953378E-11
0,000372175950199249
-1,85328773156411E-08
1,98261331835955E-10
-8,68374054290247E-08
-2,46108946023056E-09
1,27504564966742E-10
-5,92490009498373E-08
6,19239930632096E-08
7,99959217505035E-09
-6,62403037418859E-09
-1,56250188277202E-05
1,51531724983128E-11
1,47401252352382E-09
-9,58643108856414E-08
6,62196613806999E-06
-5,06597012049224E-07
-6,41875959539071E-09
1,34073002885901E-10
0,000114741945783607
3,15205609603165E-09
-2,9160872354305E-06
-2,41989222665206E-07
1,64849938489327E-06
-7,48449076341506E-07
-3,57344506418838E-08
-0,000107411298228712
1,03257336940082E-07
8,75827118274056E-07
3,99301684267234E-05
-4,53553145909891E-05
-3,16305077600297E-05
-9,36349116070163E-07
1,99313958415006E-06
0,999395502589175
0,000443914696561161
0,0109884664810911
4,93364964209176E-06
-0,000110933772432884
-8,86258438836697E-06
8,00762352301188E-06
-2,0139431016366E-05
1,82110613569369E-06
-1,61610338043788E-06
2,88057222450994E-06
-1,22392796662249E-05
-1,99156341253042E-07
0,000313048049571904
-4,38676586410091E-07
-3,10114607568871E-05
0,0329750047649112
-2,18957389377114E-05
6,01528135426634E-05
0,000215980047229882
1,22684990552563E-05
4,97658477587344E-05
-1,45811195242357E-05
-6,51098023950232E-06
3,30137669969477E-05
-9,32966759020065E-06
5,05955621058808E-06
1,88893011457004E-08
2,60075663855457E-12
4,32020723857003E-06
-4,03293826780389E-10
2,27420165099503E-06
3,03310232288665E-08
-2,33618703505794E-08
-1,06118538257063E-07
7,98241633625055E-06
-0,00649227372160294
2,13644161938027E-09
7,12375168139179E-07
-1,05230063883277E-06
-1,97596212234336E-06
0,00186590962504929
-8,2194623288428E-06
0,000274884588786342
-8,38096104803885E-05
-6,5149125781182E-06
6,91433516092792E-05
2,74096466139968E-06
0,000851743780057566
-2,43740597397027E-06
0,00139635740181419
1,08917634539492E-06
0,000543506606420706
-0,000125497013294613
-2,59849195101135E-06
-0,0508698453794367
5,80642861896484E-05
0,000329826573421332
-1,52023265616622E-06
-4,74115428290256E-05
0,000904746166802156
-0,000553861156135594
0,0914354352797084
-0,000136502144679374
0,000195872601495604
-0,985186522101883
0,0234684687931331
-0,00027337774605382
-1,60497099384852E-05
0,00191943578091665
0,126715402268598
0,000364902506151791
0,0069702817612949
-6,13553956723415E-06
-0,000938902461665108
0,00142427523995956
1,86670601922909E-05
-0,0368139268573689
1,77048727582849E-06
3,674176534131E-05
-0,00026605312146039
-0,00169442793547953
0,00204584950639233
0,0138851422960428
-0,00802101497282838
0,00277053049288632
-0,00956911602666798
1,77277467921448E-05
-0,00447039854534612
0,00196618769818277
-0,00193971800264591
-1,02451515294608E-06
5,4965368986239E-17
1,08218809842468E-10
-1,51037478602522E-10
3,00898859015461E-09
2,28687195520903E-09
-8,75342382070734E-11
-1,36181688284615E-07
1,24865098413172E-06
-3,00806577164539E-07
-8,19902061870805E-08
-1,16598686281796E-05
-4,46388773957595E-09
-9,58611871180366E-08
1,94384703466301E-07
-1,47577049666066E-07
5,77007140071653E-08
-3,36876686020533E-05
-1,39078692801224E-06
1,00000381614263E-07
-7,72682753306234E-07
3,69227982845063E-07
0,000153927156142598
3,77359738716898E-05
-0,0073712047218073
9,84168027176565E-07
-2,47187228154622E-07
-1,15509332293324E-06
-5,10449887220196E-05
-0,000153145711429041
-8,43340801576641E-06
6,78606657715609E-07
4,69273910940284E-05
2,2897464464213E-06
-9,87485328491295E-06
0,000350112589674001
-1,02078338857294E-06
0,00917769098946192
-0,0236870984805476
-0,99808618608058
1,58267494482047E-05
-0,000272593511042039
0,00186407207464526
-0,000782503204367208
-4,20979453546394E-05
-3,37605251506624E-05
-8,83097058203698E-06
0,000125522174824594
0,00017214714554135
1,22274119401803E-05
0,000158224422817595
-7,36396204865886E-07
-5,17126135480626E-05
0,0546809220398204
-6,08684461872715E-05
0,00166581396430544
0,0104955120166874
0,000784633639146436
0,00377202326086441
-0,00144703878157517
-9,29587127847702E-06
0,000127539431184606
0,000117740823240092
-3,1154719179175E-05
-3,29019041521822E-08
5,64425731804308E-13
9,00021448511509E-10
-3,63060317791212E-10
1,22530137452299E-06
1,34257940679165E-05
-0,000531574631800965
1,80459770018225E-08
-2,9986315792306E-10
-1,93401835006287E-07
4,20703569285319E-06
7,78898953492784E-07
-8,55067819735387E-07
1,33814827208159E-07
0,00166850345285388
-6,49940825780265E-07
0,00895546276403079
-3,24004939363917E-07
-1,35882437104939E-06
-2,62239505502728E-09
-1,64280344628603E-06
-8,82402153469356E-06
1,56049123578152E-07
-1,57203531761231E-05
2,59633453128368E-08
-2,06756290048655E-05
-1,70139313392682E-05
-5,20642237420653E-05
0,000403358633220875
-0,000106256281738864
-1,76938591969719E-06
-0,0668882219862368
-1,07658840966754E-06
-1,9831110713778E-05
4,2971155509788E-05
-7,82611582739734E-06
-1,50491975693575E-06
2,80090928733689E-06
0,000261386425622186
-1,66719842062416E-05
-0,997496062829242
-0,0210218154295307
-1,37522918402687E-06
1,16859495428184E-06
-0,000800818182766859
3,02542327528341E-05
1,16061997402773E-05
-0,00106395316465117
-0,000296416935831995
-2,33269152031859E-05
7,54520004343127E-06
-1,44737170852432E-06
-1,4871141958479E-06
-2,23558128494617E-06
1,77037139531326E-06
-0,000157647445881496
-8,06797144074262E-05
-3,5723767739298E-05
0,000264789466116027
-8,04960641840512E-05
1,18187168456623E-06
-0,000176379610007114
-0,000319879950364507
0,000180339076267785
-1,0286298031266E-07
5,78990788027663E-13
5,99553566401471E-12
-6,10787773227755E-11
3,75193862137271E-10
1,82268271043001E-10
-5,60339377161114E-10
-3,78747746133356E-08
1,65120662311577E-07
-1,57667354253595E-07
-2,68630815296421E-07
-1,36101369191015E-06
-1,57064956732792E-05
-0,000300954873882507
3,58238522326318E-08
-2,53579053293941E-07
1,19307817109397E-06
-0,000194898241178524
-9,5146378654374E-07
0,000307010607288389
0,000549761314956626
-8,15848526427439E-07
1,63574321648081E-06
-2,95504158833692E-05
3,3744743827612E-05
-1,60582510491141E-07
-0,000865613839059671
-0,0443077140626756
-2,24738373156804E-05
-0,0466800309962205
-3,46290748530324E-06
-0,0261767600655554
-1,85497742585814E-06
-4,78873508174576E-05
-0,00539842176386392
-4,47838547274111E-05
6,26867433689213E-05
-8,46805072069438E-05
-1,20549673926975E-06
0,000221283260383394
0,0225848872829146
-0,980757939576194
-0,000474293872506187
-2,52274638994656E-05
-0,174049051517682
0,00681185126336254
0,0026527085573468
-0,0137251852342132
0,00416628193500847
-1,26060666337845E-06
0,000292279314864543
-0,000470810481334321
-0,00267200894075328
-0,0010680209967553
4,36507302581877E-05
1,7793112215368E-05
8,57159376280616E-05
7,8694813399704E-05
7,34136397730482E-05
0,000549970719589288
0,0466727051547363
-0,000118604951598919
-0,00127134858559267
-0,00212371456202445
-0,000114415042014669
1,45477436221991E-17
3,646750369464E-13
-8,5274465345691E-07
2,83390647830459E-11
1,89193708819208E-09
-3,65049213184463E-05
-8,52553084196739E-06
5,27540053213083E-06
-4,02121234729032E-09
3,06641118596287E-07
-1,13308244545781E-05
-3,51736273608566E-08
-7,75580060731804E-07
1,01819282973416E-08
-5,26423938663074E-07
2,97367171011804E-07
1,20427730710295E-06
-2,68497214245232E-06
7,40085758499187E-07
0,00636172679308232
2,48950906396966E-07
3,77505013921608E-07
0,000126984909350911
-4,72431694369659E-06
0,0349756905015362
2,38249273461117E-06
-1,0804856321371E-05
1,99289976551996E-05
-0,00068778474123753
-2,66679719394009E-05
9,23088837373207E-06
8,62762885652438E-06
-9,02017658964487E-05
0,0349890766731686
-0,00147921390261794
-3,87037867617226E-06
8,99194762082111E-06
-0,00138211519257979
-0,00110657172808286
4,22831832756182E-06
-0,000277459069819708
-0,996553136122399
-0,00194276407296592
0,00364989480808462
-0,000145629487524426
0,0043026179578801
-0,00129026590779775
0,00295599404326704
8,44563486530208E-05
0,000420526812099671
-6,0042778883795E-07
-2,10359008164813E-05
-0,000577192146842319
-0,0017527614211202
0,00953256828428808
0,0607271603196232
0,00440130319073104
0,0216524449899307
-0,00839627143410948
4,58608444865516E-06
0,00066452137922817
0,000690336326060511
-0,000212655455444562
7,58266206496833E-08
1,33865249776339E-15
1,14670012699704E-08
-5,11682728850505E-12
1,36254904879818E-07
3,75895461493653E-11
-1,39731749412375E-09
-5,00802049213626E-09
3,75312886366175E-07
-7,84955070832213E-06
-6,95162203608958E-10
-2,58395822519221E-09
-6,10032406694522E-08
-8,59145576893781E-09
0,000114244090884615
-1,59856684559326E-07
6,32087986290656E-06
-1,01460256298163E-06
-4,54072534592222E-07
2,88517112158458E-05
5,09537396292043E-06
0,0244260048732669
1,48726119922774E-07
-8,5490990429639E-05
6,16582289592979E-08
3,71757843739813E-05
-0,000289014273929385
1,39377764614442E-07
-0,000242625798188037
1,04520539131924E-06
1,29843955108398E-05
-4,53255197510613E-06
-3,75065261786091E-06
2,83107534394551E-05
-5,18485908544912E-05
0,0085286798652245
-0,000851069337208506
2,13020568278566E-05
-0,126340595800424
0,00378121835515462
-3,98221273765011E-05
3,37145019610873E-05
0,00209811542410639
-0,987994830872905
-0,000252946370573852
-0,000853022830742526
3,09276443467902E-07
0,00352885012865545
0,00411941496340805
5,6970045583984E-06
0,00186193618931378
-3,10924969852782E-06
2,56544188054845E-05
-1,2902841286228E-05
-0,000126061365638048
0,000968835864138768
0,0122076379286037
-0,0455050727675737
0,00162379988932631
0,0679539390124097
2,89778129079723E-05
-0,00740339469253903
-0,000123216226801404
0,0169035124893473
1,01042067611019E-05
1,39820946905378E-07
1,60160415064297E-10
-2,88778027982268E-07
1,66638520943359E-09
4,13897742487636E-08
-2,14484925374864E-09
-2,42980367911126E-10
6,18901754367112E-09
-6,82040000281807E-05
-6,60341268349196E-10
-1,0512182886837E-05
-0,000679982846265086
-0,0127333631471392
9,40897919233847E-07
-0,000181283929006312
0,000278582078767683
9,11213193400581E-06
-4,82983726047276E-05
-5,04286372084438E-06
0,00572662837394516
-8,19325149904303E-07
-3,31827651134323E-06
-0,000185904897793909
-4,55767607686961E-06
-5,37056710277584E-06
-3,22074775288212E-05
-0,0144083700850883
7,15965370689389E-06
-1,52839144960892E-05
2,54642535708276E-06
-0,000611804058230013
2,22284320942546E-06
0,00111033861941923
-0,000234107822110745
-4,83765772224348E-05
2,80659675690799E-06
-4,78615712848857E-06
5,58852837155973E-05
2,01716140931304E-05
0,00284036284853048
-0,174444435335201
0,00327125306899666
-0,000150073252498706
0,974015728318288
-0,0293738305967383
0,00198992334442045
0,113893698776774
-0,0807577818800333
2,30247334884897E-06
-0,00371470444474252
0,00650149855220886
0,000310554770087763
0,000142965986451816
-0,00170581418737235
-0,000163798182727059
-7,70181892737763E-05
-0,00020707087248502
0,000342809566887559
7,51674755874417E-05
-0,0040039168153561
-6,29879762114338E-06
9,23083947801833E-05
0,000180263190254327
0,00177448244486649
3,46868304030293E-13
7,53653756353067E-05
-1,66822742022206E-11
-3,33778302524529E-09
2,56376214000049E-10
4,94583721598172E-12
-6,76966388818043E-12
5,2413888148028E-10
-8,25513052432539E-07
1,04176779563228E-08
-1,41907382275263E-06
-6,06856865030177E-10
-8,36328607073254E-09
2,97122849766052E-07
-7,08391731743352E-09
6,00820330909376E-08
-0,000144656296094283
1,70438556239469E-07
-5,35545203716516E-07
4,10116435789809E-07
4,99342752016146E-07
-1,6364557019818E-05
2,78637392272976E-06
5,26491406407508E-06
5,22624987382372E-07
-2,13332550351358E-05
-6,74808215406986E-07
-6,96175488016843E-05
1,51133738380967E-05
0,000233304753124012
-4,29168831426045E-06
-2,17372581722835E-05
-2,25916895273125E-06
-8,69715396671482E-07
0,000308743653482716
-7,42218013654737E-07
1,31487451265083E-06
-0,00647766969052812
0,000187910785787802
1,37090429319001E-05
-0,00103030033591811
4,41568506847672E-05
0,00241326869441041
-0,0302843501047105
-0,999078939926232
-1,11000009311768E-05
0,000471742850580723
0,000437535154065761
-1,82456984574489E-07
0,000872077968562933
2,72128577539789E-06
-0,00854302093409708
-2,63692140882288E-07
5,17503165566863E-05
0,000153862843699388
0,00243406313274914
-0,024760261587458
-0,00424504471047683
-0,00661009618734611
0,0109590488227853
0,000251035129621287
-4,02079144191544E-05
-7,50065706416497E-05
-2,81711846913013E-06
4,89194438439095E-19
2,94462229677573E-16
-1,49907631890754E-14
9,62177221493854E-15
6,17304278653801E-14
-4,36360146893068E-12
-5,5512649543634E-09
5,60420907397206E-07
-7,0922680822914E-11
1,05005068899407E-10
-2,2224327775819E-09
-1,57840323142908E-07
-3,34255230072348E-06
2,60346761095522E-10
4,97248103044626E-09
2,3825003610932E-09
-3,42223068246855E-07
-3,01550594698556E-09
7,11617652700102E-07
5,04380032390769E-06
-4,85491925977308E-09
7,32196796707114E-09
-1,37545888651292E-06
1,89050195183709E-07
4,54984086573519E-06
-1,79568672842695E-06
-0,00944132611283645
3,69171139117329E-07
-0,000483998628001543
-3,63994693203317E-07
4,80670738334351E-05
-8,2123911631186E-09
-1,32705180176342E-06
0,0280617205759961
0,000222951895221384
-1,77038131644558E-06
1,79449463096016E-06
1,05509128070446E-05
2,11323869670095E-06
-5,81043824953587E-05
0,00328770682753978
0,00529654480050009
1,18475862029757E-05
-0,00165645689520226
3,73905098889132E-05
0,999540565254167
0,000332630542054922
-0,000184030606698728
3,80475512732366E-06
-4,78357138002443E-06
8,55062743837641E-06
-1,13597846872806E-05
2,99472655991673E-05
-2,80411569622109E-06
9,92332104935372E-06
5,09010735200979E-05
2,39267494137552E-06
1,34376800295799E-05
-4,02491274162947E-07
0,000114464806920107
-1,42849592984036E-06
-8,93722365290091E-06
-1,63561281934608E-05
1,27957762751351E-06
1,20553855822736E-06
1,08149174431405E-09
-0,0032225725396505
4,12402271822308E-05
4,65014276821616E-06
1,25311768241525E-08
5,45044797151902E-08
5,38190028922314E-09
-0,000582407567121073
-3,58999363151218E-07
-0,000228406445939331
-8,96038730680818E-07
-1,87959861899837E-05
-2,31702364828049E-06
-5,9040946575665E-07
0,00231275264905588
4,739805407334E-05
-0,0144784511813903
-9,28772392517321E-06
0,0208749874440375
-2,23069880755528E-06
-0,000668955664022209
-6,67820342962175E-06
-1,37937198234433E-05
-2,59918721117212E-05
-0,00213257239744693
-0,000101162081207564
8,88981333239342E-05
9,78458065775308E-07
-1,44835256484555E-05
-0,000569973272920849
-0,000171406683266439
0,0515064864285355
-8,17994172052031E-05
-0,000466214083180828
2,05907261408319E-06
3,7436617455539E-06
0,00036184804806223
-6,49763455968639E-06
0,000783878433047241
-0,0113979949645461
0,00339299395911706
-0,000291515842036879
0,138604780477475
-0,00426512805826897
0,000618052540419645
-0,741119309545512
0,653377018733051
-0,000203191684430201
0,0334492532822091
-0,0018736099619295
-0,000112417920431658
1,55608922343485E-05
-0,000856951931050372
-0,000863518004122629
-0,00308912510783601
0,0022835155715823
1,30944993036186E-05
-0,00304939085125326
0,000490826560314826
0,000367243819702241
0,000333381918413972
-0,000114479591440941
-0,000200534264576492
1,06930336113319E-12
7,09099628080265E-12
-2,12139614714707E-07
8,26314807129724E-09
1,23625741206064E-09
-1,93860227136103E-08
-6,07453618044737E-09
4,71855470707087E-07
-2,65494442220406E-07
-3,07120202284141E-07
-8,54434317922883E-07
-3,68965060307051E-09
-7,06675755753872E-08
3,06388732211246E-07
-4,12501337557811E-08
7,24795449128058E-06
6,6464239195108E-08
-3,40108338708064E-05
1,79964255374161E-07
0,000421119030446559
2,0541250511883E-07
-2,74036314899296E-06
9,29612061954541E-06
-3,21571596215495E-07
-2,29800991669994E-07
-0,00572369081875947
-4,08086345378891E-05
3,78555698887191E-06
-8,19611031688166E-05
-1,25116544484946E-06
-0,0467285564026923
-2,04276815918042E-07
0,000295996430544035
2,54260000487697E-05
-3,62843844020213E-06
-4,30038674981353E-07
7,9159271077011E-07
-0,000133716689904145
-4,23431437496785E-05
0,00394833215672372
0,00462546631431226
-0,000261460649710771
-0,00239403067744765
0,015579039703346
-0,000792014751386303
9,34259013684163E-05
-0,658688314531095
-0,749593914892687
0,000175099714879942
-0,011326232868414
0,000419230846877519
3,26970430267731E-05
-0,000218713007822499
-0,000295732100026724
0,00305666762753094
0,0201873187217547
-0,0199086436984649
0,00515879264035298
0,0273005317294514
-7,13970845882891E-05
-0,00312686825700556
-0,00345702363446265
0,000639978238783232
1,74072516995444E-05
8,76085087599439E-16
1,6714180836627E-12
-3,08140268246336E-13
9,45513850244978E-08
-5,34350381418956E-12
-1,18042742421297E-07
-4,58145872722206E-06
0,00035473306989932
-3,09565717650879E-10
4,80049535171329E-08
1,93649994730837E-10
-6,78057656354289E-08
-5,06294318969114E-08
0,000126110004747395
3,02618832186373E-09
8,42669013827455E-10
-7,79704020898954E-08
-6,04714507846688E-08
6,56320362902138E-05
4,00225375582526E-07
8,37625845162943E-05
3,59945487478472E-09
-1,0589769882748E-06
-8,78278592481872E-09
-1,61838478111577E-06
7,58692074403443E-08
1,13727044053773E-07
1,18876613575575E-05
1,05580989570781E-05
3,50858488479241E-08
1,30689718215749E-07
1,02747699038136E-07
-1,02796477438236E-06
-1,26894103024675E-05
-0,000132399849687428
0,027854845691583
-2,46741161772271E-08
-1,80053519467883E-05
2,34526785488631E-06
9,97865860415223E-06
2,58716488756525E-06
1,63441890348077E-05
-2,83155969971608E-05
-6,56965619827757E-06
2,26769160099001E-07
3,82013556658325E-06
3,63890171414733E-05
-0,000195139739438668
-0,993494858436269
-0,000150330195131937
8,8100820722064E-07
-1,06180188921536E-06
-9,71158946346808E-05
-0,000871539652023701
0,10855631706558
-0,0182081951186205
-0,00247987729330867
0,00828967548736906
-0,000225959255507915
2,51297664182187E-06
4,73817936215322E-05
0,00017266319790616
0,000325948422084317
2,00562504394364E-07
8,31470087721686E-09
0,00222273229824858
-4,97632885808234E-10
0,00476982487662181
3,65633397857435E-07
1,20084577445186E-09
-3,98389271635289E-09
1,94841449322914E-07
-3,82183361438921E-06
-1,67930094879049E-08
-4,76655191850819E-06
-7,32014289278601E-08
-1,3399039043862E-06
2,97846778280865E-05
1,43642501366689E-08
7,5607375094761E-08
-3,03238692967158E-05
-0,00195253726845412
0,0197034351969228
-6,62882920148935E-07
-1,98450167815462E-05
-9,66212722194983E-05
4,28562763097353E-06
-2,10616470160087E-06
2,05291553235384E-05
-0,00802867823394683
8,32053085445917E-06
-0,000529264114522824
0,000568944483725634
-9,36198112102766E-05
6,88345054060931E-06
-4,9152183681165E-05
0,0158082008900466
4,20632008639975E-07
0,0037243515037204
-0,000517404303161088
-0,000313679988566508
-0,0366100980534306
0,000988238476665961
-1,48085814912622E-05
6,4228826741312E-05
0,000132206071923901
0,00620428521457932
-0,000924503329445838
0,00106391186617981
-9,45416775666169E-06
0,0182052523873601
-0,0311672575919593
-0,000168796526697831
0,989868825702386
-6,12206915249077E-05
-0,000199637717277001
0,000114091364692707
-0,00942164454297301
-0,000705629805954858
-0,00344462565875679
0,00285852293372678
-0,000444207822305448
0,00463581044064687
2,87729623164419E-05
0,116984408441565
-0,0483443936578364
0,0239278187389148
9,52364399166943E-06
1,10829776156805E-14
4,34062212146972E-14
-1,69820247316181E-12
2,14444090100883E-14
6,03626391166562E-13
-4,26003727039947E-14
-2,78896625655623E-14
3,27965966131901E-12
-2,78118433088218E-09
-3,08131920885589E-14
-7,94019481038709E-10
-5,55629849131208E-08
-1,16508763794487E-06
9,31274569498981E-11
-0,000184767215821541
2,60716347457319E-08
1,26011942124146E-09
-9,73188190486462E-09
-9,40799569767039E-10
1,51725520547961E-06
-3,19430738056436E-08
-3,32116044911426E-10
-1,17590444518261E-05
-2,03450410944099E-09
-2,51183273453554E-09
-1,8541359319982E-08
-9,45211881206543E-06
-5,86510849980843E-07
-4,72974806817575E-09
5,66081004837798E-07
-6,34030653458596E-07
2,43389670961669E-09
1,34514365902962E-06
-3,34142560852507E-07
-7,46539532853472E-08
5,61860707836499E-09
-1,05204689281259E-08
1,33711335374729E-07
4,04689691253695E-08
8,76728423589034E-06
-0,00064501931551058
1,53188255221049E-05
-7,93241799954994E-07
0,00615438561386022
-0,000186783373283158
1,97058431279695E-05
0,00185970904841128
-0,00206671561256225
6,41296996267471E-08
-0,000154556002447737
-0,999962362244288
-0,000166757285199068
-1,1034300588846E-05
6,2792045890674E-05
6,96643940830365E-06
9,31903417165073E-06
4,16450029628205E-06
-3,66218934284787E-06
-1,8487393219856E-06
5,74037773523978E-05
1,45147198927184E-07
-1,46196921634332E-06
-5,47073882069793E-06
0,00539652969465726
2,37432021545309E-13
5,00592630561609E-10
-1,33053691736742E-06
1,89153456949464E-08
7,90032704986934E-06
2,11634266115417E-11
1,3603869598521E-10
3,66046675810115E-11
-5,61355337446996E-07
-8,48601943223776E-09
-0,0058077054199448
8,66126701525264E-09
7,3087429384537E-08
3,2601903312103E-08
-2,53489601792447E-11
7,91057265101918E-07
7,99193689600786E-05
0,000112769966747654
2,27854281203586E-07
-0,000133557012686735
-4,21659487740929E-10
8,49405950164732E-05
1,50441861429951E-08
6,23121670898102E-05
8,8323496529732E-08
-2,14398987934377E-07
-1,16789306843319E-06
-1,6992744582101E-07
-2,16560673053661E-06
5,88086228066301E-07
-4,07368716485758E-06
-0,012407241711722
-5,05559196187151E-05
4,59331903348061E-08
-2,73371211938699E-05
3,35937117612608E-09
1,65370162571223E-06
-2,31678567558463E-05
-2,39296527207515E-06
1,03355426861966E-05
-0,000536583459883809
-1,2531207546419E-05
1,64885179413618E-05
-0,000465295873257042
-0,00805150834107013
7,50920774563924E-06
-6,89008754572638E-05
8,33474951726762E-05
-2,79918061546058E-07
0,00014665803654478
-0,000165787488879254
0,998823054094602
0,000906847553685027
-0,00665057559024298
-5,24644560807416E-05
-9,28563680550046E-05
0,000804855502020913
0,000139486643465022
0,000284305675122207
0,0453157691494663
-3,17594819095059E-05
-0,000134129705419537
-0,000207410461782762
-1,10071877513516E-05
1,87708032928093E-11
8,12377449860523E-07
-3,62919916831417E-10
1,08193189140047E-05
6,49441560862155E-08
-9,09588767689109E-08
-0,0002124839347728
-4,61268418238275E-06
-1,68613292987904E-08
-7,69146022517268E-05
-1,33240943520177E-06
-1,69238254140088E-07
-3,57173637131676E-06
-4,67332721971245E-07
6,77374770632756E-09
-7,82609814844867E-08
-3,16008399129438E-05
-0,000501782672226841
4,6619198588843E-05
-1,13053388982367E-06
-2,16026151582015E-07
0,0185850773041565
4,77527007045071E-07
-0,000351148812101143
-2,27142214475796E-05
-7,33259091310428E-07
-5,23073799577602E-05
-5,95834222866689E-06
-0,00606032600154983
3,017865541483E-06
3,05243737757398E-05
0,00122274344290158
4,03535111877822E-06
-0,00050827669511432
1,17518628499739E-05
4,88224715293359E-06
0,0335178851652751
-0,00114394931817633
-0,0544040112910206
-2,59582852815163E-05
0,00130373951650033
0,000139043965595424
-8,2491373967655E-05
0,00037332478669464
-2,5365586705561E-05
3,67528565302974E-05
9,57522563864127E-05
4,57351859612592E-05
5,89226628983995E-06
0,000122597904948592
1,23565226922913E-05
0,000913521826453425
-0,997733549265181
0,000600233685259175
-0,00188787454714041
-0,00699835092136385
-0,000383099490852019
-0,00166170176548043
0,000547226325601578
0,000222122235454079
-4,5655363832971E-05
-4,37496317881663E-05
6,89672811642181E-07
-5,84469358798413E-07
3,00713109355433E-11
9,68663263306049E-11
-3,28459225365819E-07
1,73003967210414E-05
1,67451669968661E-06
-1,54506473982237E-08
-9,94669243594508E-08
7,38728174374291E-06
-1,1624875757026E-07
-4,35167698948719E-09
-0,000821095341904929
-5,15782666586682E-08
-1,1673889793061E-06
-5,18493961770915E-07
-1,14175409072245E-08
1,77194866602074E-06
2,82107488660493E-05
-2,13627731884694E-06
5,46423053854144E-07
0,0163233960956825
1,26784304923773E-07
6,70321719567989E-05
-9,55236133029711E-07
3,54836135846137E-05
0,000492568823660662
-0,00115735762195404
3,64289223343764E-05
-3,28583239546679E-05
2,74363116286277E-06
5,5107150597718E-07
2,16390435194268E-06
-0,0101457087989628
0,0353398194657422
-0,000335624925389467
0,038853325413461
7,43806969848527E-06
2,32429270436673E-06
0,00563546410640571
-0,000126880924476568
-6,62392995414716E-06
0,000343118637999254
0,00156521456505624
-0,000398556349172245
-0,00221107952340885
2,90756896662739E-05
-1,57164473318796E-05
0,00200328935070648
-0,00137506019877394
-2,22098311755632E-05
-0,0101031856529721
-6,71824751689321E-05
-0,00677938236380217
-0,000584495346513875
-0,998291764222297
-0,00879498132997461
-0,00287720168116405
0,000167794626635113
0,00162645064773007
-0,00113177734278369
0,000167684452297371
2,94562677324591E-05
0,000111084348524264
-2,94012450963087E-05
1,13599866753897E-05
5,85181403518166E-15
1,75922808128528E-12
-1,04944119550689E-13
6,30567024347162E-07
-3,56805889196626E-11
-7,86066220182828E-07
-7,75936868251774E-10
8,15574453640713E-08
-3,1624035651792E-09
1,53971229236205E-08
1,14202833879492E-09
-4,49492190188857E-07
-3,4118274557512E-07
0,000833924178059543
5,62368238147015E-10
-5,16864363027148E-08
1,37992172625526E-09
-1,51735638383016E-07
8,94583942576336E-08
2,80221774837011E-06
1,47559894882865E-07
-2,78549016036818E-09
2,35584094141583E-08
-3,5487125962951E-09
-6,68025253855498E-07
-7,139464179652E-10
8,24470873481925E-08
7,42255726696825E-07
1,98019122220444E-07
-4,90480586907976E-08
1,12828535315665E-06
1,17204869611467E-08
4,68244370713295E-08
4,83246954896718E-08
-4,53227973738709E-06
0,000334896841356483
2,61075207945281E-07
3,23098466383861E-05
-4,03161099523691E-06
4,9389175930309E-05
3,21491820444153E-06
-4,73015030009662E-05
-3,32602743113329E-06
-2,47674192589151E-05
3,19516421077022E-07
9,58705304922547E-07
1,19757682040951E-05
-0,000184625548392514
-0,107213033585129
-6,90325562859866E-05
-2,13891414502302E-06
4,64194899192465E-06
0,000489423728840184
0,00688940229038993
-0,916530652947544
0,244836165781451
0,0632963080930613
-0,290075892579877
0,0179942607364109
-8,14099144950225E-06
-0,00185830512684115
-0,00221577645900657
0,00101026090798185
-8,09813395181768E-07
4,32756039516592E-18
3,57698434128133E-09
-1,76542069553225E-10
2,16396617491825E-10
3,40535688738139E-10
-5,22791346158453E-07
-0,000130217178737737
0,0077654055474748
-1,88044350556794E-06
4,73241521269262E-07
-1,78375726117452E-06
-1,06159171672018E-05
-0,000206063455261635
1,29019298301781E-06
-0,000200928808375565
4,22088699045838E-06
2,11632225664456E-07
-4,32019408018011E-07
-1,70098070064513E-07
0,000968697986364716
4,50791459355589E-05
-9,77558959215091E-07
0,0189724502256534
-1,52765800459854E-05
0,000304394362812946
-4,01290073787508E-05
-4,01436492972153E-06
0,00102719082726544
-3,70290869779194E-05
-0,00127235130225343
-6,12007939467763E-05
8,96188816997421E-07
-8,59972368383279E-06
0,00184193186593341
0,000793137068739461
-2,44880360618739E-05
8,91502824047299E-05
-0,0147675167356454
-0,0107276198198418
1,48336774249419E-05
2,00897160105705E-05
-0,0658235286962355
0,00238903540229893
0,000154423963561294
9,52561399490942E-05
0,000350110129873347
-0,00864566029528249
-0,0129055576727991
-0,000932179585404037
-0,00398898835214358
2,32683942288259E-06
-9,259136389221E-06
0,00793273197508057
0,00299934569228344
-0,136586936735934
-0,912805988678874
-0,0688971322877269
-0,344792101118612
0,137120384542399
-0,000126320021033056
-0,0110012420622312
-0,0116584934972858
0,00346357230270184
6,09446218660067E-06
1,16723978882701E-15
1,50354264792265E-12
-1,66796014787382E-09
1,26089514672154E-07
4,60386256957131E-10
-0,00444840385608805
1,30788971502717E-07
1,53588463726306E-06
-1,83489905831366E-09
3,48051011573056E-05
-2,26791442219694E-06
-2,89607514215835E-05
-0,00053963782861095
0,000165550628486363
3,82805137360952E-07
-1,60172509138306E-07
5,14490457539923E-07
-5,65038365137076E-07
-2,45592536972734E-07
0,00120196187009769
3,66573119117191E-08
7,0016111555324E-07
1,15458070060466E-05
-9,156563217868E-07
-0,000139896795961229
2,68553855931857E-07
1,42799582573106E-05
2,73956329891368E-06
2,21334753561498E-05
-5,23901962484417E-06
8,01136358373526E-06
1,07349687352524E-06
-1,10793780945843E-05
1,18896553153236E-05
5,54781288513961E-06
6,87507966571528E-05
1,07702821737021E-06
-0,000171060793509814
-0,000143554167810275
0,000322464448809899
7,34040992154254E-05
-0,00131660441622005
5,71113824987416E-05
-0,000531193868252213
1,88584861414405E-05
1,16665833402675E-05
9,67114745694456E-05
-0,00136609588761251
-0,0265224157475268
-0,000325107050603401
-8,72104035640561E-06
1,73368543708508E-05
0,00118565827828904
0,00546047671413284
-0,359370467682341
-0,274995884498587
-0,159891755683065
0,873888170043767
-0,0720757636089921
3,16964414346208E-05
0,00410674103091199
0,0033334636474391
-0,000963618747025726
5,96229365620592E-06
1,20181649644129E-12
8,24152877747142E-06
-2,81336967097627E-11
-2,13729967887575E-10
4,1588176764568E-10
-2,18589957064819E-12
-3,37046360869105E-11
2,71728183650887E-09
-3,81209032595094E-05
9,91815629695321E-10
-2,90419177984867E-06
-9,58095978007711E-08
-2,06234221911164E-06
9,98602168336027E-07
-7,48029589448294E-06
3,65458945673742E-07
-0,000476550018952093
-4,01146041949373E-07
-1,27883499902068E-06
1,47883371759968E-06
3,63725860256266E-06
-2,71619765438705E-06
0,000970161349151965
1,61584807316853E-05
1,54312223825408E-06
-6,45266631245457E-05
-3,84385804119925E-07
-3,01473987150156E-05
4,41672105286845E-05
0,0382136685103866
-1,2819830755848E-06
6,19723779314977E-07
-2,98348731059283E-06
-5,22408201122138E-07
0,000726166937503421
-1,66127542707434E-06
2,26072035313619E-06
-0,0118506760071074
0,000312036184843328
-3,17569684800417E-06
-2,19041163291109E-05
2,76451750632909E-05
0,00102622943092168
-0,000740016312453764
-0,0247398412438552
-4,57657955491815E-07
-0,00099018226217968
-0,00159365800322433
5,42022151210712E-07
-0,00273877638471023
3,0139555588799E-06
-0,000819077511926687
1,98604708203719E-05
-1,9447202048585E-05
-0,00208476193325972
-0,0489196342628818
0,823753533227932
0,178300529649662
0,528517855760923
-0,00467396894051285
-0,0363880706617768
-0,00104115252592635
0,0658447735944167
3,98578861058171E-05
3,68629605688619E-13
9,15317731861647E-10
-6,85096591137512E-11
8,90253573355774E-09
4,47256627354105E-10
-9,83988816657073E-10
-1,4445715664263E-08
1,1179312059183E-06
-8,80325890466298E-07
-7,26389569261575E-07
-2,46005590995433E-06
-1,16436766501309E-06
-4,95513759485151E-08
1,72357320952844E-06
-1,02307693987463E-07
1,46552047829523E-07
-0,000147895904508396
-3,66338020786098E-06
4,39402881398767E-07
0,00082520218842029
0,000153822904073365
-5,14413099466992E-07
2,34447661389452E-05
4,427319725164E-06
9,16863500837903E-07
-0,0201706824683098
7,68486553207418E-06
-6,46901482870453E-05
1,74884258656935E-05
0,000197593695231806
-0,000168794368437426
5,49805474424734E-06
-0,00143846418863533
3,01119962090427E-06
0,000487790183726368
-3,17568092282691E-05
2,34580720958106E-06
-0,00947209706790364
0,000208225897198565
3,64711272649838E-05
0,000143499811800717
-0,00051047408429174
-0,0843515371443136
-9,1224284115154E-05
-0,00821291379894774
8,00530719376553E-06
-0,0204738920053131
-0,0294320471943735
-9,33981694422968E-06
-0,00425464672136747
2,7209698714387E-05
-0,000286432800893275
0,000476883402110847
0,00154072867072905
-0,0127020861351038
-0,15067461530273
0,528312516322262
-0,0225336027961539
-0,798438197590498
-0,000375714863656137
0,088977393883008
0,00129638633922349
-0,207611911388305
-0,000124093192990327
8,55609980453048E-19
9,46759648581054E-10
-2,48889939121305E-11
7,48779571407165E-13
3,65767194635368E-10
-7,9246898572099E-12
-1,57417446315953E-11
8,91887920644564E-11
-2,5826483435228E-10
-2,08558139278811E-10
-1,38960566062742E-06
-1,97520017921519E-08
-4,20687233924428E-07
7,25327061711769E-10
-5,90080006070176E-10
1,32171382436322E-08
-5,32271480478206E-07
6,83580439392103E-08
1,02544813447975E-06
2,15440459343619E-06
-3,39508876072686E-09
8,44570943763136E-08
-1,63091028704695E-07
3,15253467472948E-07
-8,84190379871849E-10
-7,7448595447451E-06
-0,000440284727531473
-3,49672546382465E-07
-0,000533798551956452
4,90500698085982E-07
-0,00122124809032078
-3,98612552595205E-05
-1,10842084054207E-06
-0,000110803777166663
-7,5649515639728E-09
1,66014878550114E-06
-2,5452360420047E-06
-3,36779824154013E-05
8,9079897688296E-06
0,00104785317757988
-0,0453804669712784
-2,61964927267198E-05
2,27847869212381E-05
-0,0123409175840387
-0,0107852741000981
0,000243710651339003
-0,00143039360856673
0,000881713345792184
-2,68370653511012E-07
8,16089345173643E-05
-0,000112594900999721
0,0451535265336034
-0,000242802701466072
-0,000466316654449828
9,94900243368809E-06
0,000242038079166961
-0,00398172994224688
-0,000895525638256356
-0,00332177706097741
-0,997779327827404
0,000601453304379896
0,0031974178783322
0,00498980561789241
0,00026314201883217
8,6137869921739E-15
1,37815759632244E-07
-1,30233221251445E-10
8,0356526076858E-07
7,50228624544148E-08
-1,48966776334139E-08
-9,93411189712573E-08
7,37280597398754E-06
-8,75753726483167E-09
-5,01818334358279E-09
-7,53163498017556E-07
-1,58898480058664E-06
1,03598487644016E-07
1,87404161699308E-06
-5,02238294602536E-11
-2,84598450310527E-08
1,17314044924873E-07
-0,00025355319714124
5,2174206607696E-05
5,21158882890751E-06
7,6185184751524E-08
-1,17042378955484E-05
1,47440707602225E-07
-1,15345984353698E-07
0,000494584608859642
-0,00100437070307189
3,95854227956439E-07
-3,62050289692222E-05
5,9760406857509E-06
-5,99160307565227E-07
1,0957965705179E-06
-4,5182533766127E-05
0,00223286319740793
-0,000264321333357407
0,036819059651731
-5,0399953023518E-06
-8,35404321247376E-06
0,00414012130209462
-8,42484676588572E-05
2,01624506667377E-06
9,61959180714422E-06
-5,64642181154778E-05
-2,60397178528128E-05
-0,000117048428063295
2,45883913343442E-05
-2,57851733778409E-06
0,00233500625830879
-0,00404694448107209
-5,03135069459515E-05
0,128791442267565
-7,9383647446333E-06
-1,77993162722021E-05
3,04386985746661E-05
0,000324283233629462
-0,000148526556514629
-0,00221229789010388
0,00562445754175013
-0,000833788821799163
-0,0441597159495532
-0,000151827877526543
-0,890528711298526
0,385592833438918
-0,195706566164397
-9,00965472297168E-05
6,81706727882968E-14
2,17471084157863E-11
-2,12226329741448E-13
7,34176521408433E-06
-4,14133985741236E-10
-5,89978453975106E-08
-1,66881673650704E-11
1,95219629349207E-09
-3,69065914139555E-08
1,93588833810129E-09
2,15748318671904E-08
-0,0111335113929473
0,000662924548682633
0,00966614154756785
-8,9080303127888E-08
-5,92992395735331E-07
-5,03904059818472E-08
-1,83150978161796E-06
2,43171410844665E-09
3,01683625857585E-07
-1,19623227326052E-07
-6,32846817517807E-08
9,59133329337165E-07
2,59044863041177E-09
2,15113046815442E-07
-1,55394543318558E-05
-2,15661906236429E-07
7,46274295117058E-06
-3,43365055707182E-07
1,5292166831378E-07
1,15975476031452E-05
-6,26438575311363E-08
4,24125044606E-06
-4,04794904624247E-07
5,3640195686152E-05
-7,04203644074003E-07
2,56822536634136E-06
0,000373018904973117
-9,75001724620672E-06
0,000429649817476266
1,08384278196791E-05
-3,8927810879043E-06
-0,000464676835887334
-2,13560144147741E-07
-5,13805616542657E-05
2,74268084252225E-08
-0,000162287066343629
-0,000396640704858954
0,000210668084918942
0,00225909786534546
2,92843148095371E-07
-5,57313956844243E-06
1,06366800878283E-05
3,99582866065223E-05
0,00145817350764541
-0,00677048026662466
0,0346520148019114
-0,00134921456174087
-0,140700561518563
-0,000166928787047274
-0,425483253825258
-0,773066201380829
0,447282541221132
0,00021256809856909
2,10189015760638E-18
8,44459114147541E-10
-3,52948930637286E-11
2,09763489466807E-10
3,14867631559815E-10
-2,20532369700324E-05
-6,53087878858869E-05
0,00389401976524159
1,37471624028448E-09
-0,00701046353085789
-3,08906557436785E-07
-1,57805582636142E-09
-3,21526985171105E-08
-2,34446133459065E-09
-1,18554066264329E-08
1,09445597843059E-08
-1,57460024518666E-08
5,99682089611254E-06
4,57173275102959E-09
0,000173913737495999
6,54446863264873E-08
-0,000198776241556577
3,82055404197906E-06
-1,25510597811823E-07
-1,08455036370636E-06
-0,00036318151884193
-2,05659627614823E-05
4,2041920546558E-07
-1,90860723831856E-05
-3,90940889164847E-07
-5,89602215262853E-05
-1,08984114131566E-05
-2,86713466868216E-05
-0,000147218619668145
-3,04725008083556E-05
-1,07356871401367E-05
1,25726322997961E-07
-6,16957291460685E-05
-1,43871527196842E-05
5,18487987333117E-05
-0,00214198531445608
-0,000154260054972251
-0,000665385795392627
-0,000531213046814099
-5,29224186287088E-05
3,03349355126201E-05
-0,00454674323459147
-0,00633077649835916
0,000367333181394227
-0,000259037413516972
9,27653481851643E-07
-3,41386352018546E-05
7,91463576165141E-05
0,000318413507819044
-0,00255260125030256
-0,0271044081031099
0,0494308934619933
-0,0161812845636564
-0,175522840390941
0,00635138091796815
0,0403420262380821
0,500816651001561
0,844469635374277
0,000514203693210268
4,67732326279686E-15
1,83117741295325E-14
-7,16368306368801E-13
9,04122160789195E-15
2,5446319052032E-13
-1,79511850713982E-14
-1,17464396688601E-14
1,38047789584797E-12
-1,17008562931583E-09
-1,29548918050048E-14
-3,33162607339288E-10
-2,33056960931112E-08
-4,88356489233285E-07
3,90192584163538E-11
-7,70994653558745E-05
1,086897439047E-08
5,2499542174215E-10
-4,04433969728157E-09
-3,90596593333691E-10
6,27515141730283E-07
-1,31819344164178E-08
-1,36587429671021E-10
-4,82764449743481E-06
-8,30744319169509E-10
-1,01879092102017E-09
-7,49358170350589E-09
-3,79720330714798E-06
-2,34140716684983E-07
-1,88579123968448E-09
2,22249058676139E-07
-2,47818344739132E-07
9,48016616341536E-10
5,19285254770109E-07
-1,2699872810959E-07
-2,82336098101305E-08
2,06776560204728E-09
-3,79344700793902E-09
4,77323467288605E-08
1,41723972700915E-08
2,99116924241172E-06
-0,000212056667112583
4,74701510891414E-06
-2,38033781030954E-07
0,00175090882067364
-5,30300050408965E-05
4,73948984074589E-06
0,000350954728580711
-0,000298748005962352
7,88382858869688E-09
-1,60217241715334E-05
-0,00538445443829666
7,98425174278683E-07
8,80552248721437E-07
-1,36863614464065E-05
-1,84819629297695E-06
-4,93759855810333E-06
-4,42482277317959E-06
5,1814921579613E-06
5,43189925519343E-06
-0,000272203352519785
-8,4965839861964E-07
5,8694997201455E-05
0,000577715436382529
-0,999983631809537
