0,999999839439448
-1,51096972649469E-08
1,64742312067681E-08
-0,000566510506082432
9,948235573483E-08
-1,79272828161202E-09
2,56148293241038E-11
-2,39919721717564E-11
7,64745856894105E-07
-7,34983853895456E-10
2,23586855904453E-07
-1,31549521221247E-08
2,72275525600458E-08
6,22255649572605E-06
5,38694705446719E-10
-5,36911583819076E-07
1,04904098308465E-05
-1,38177339397372E-06
2,94910137789798E-07
-1,19582711764591E-07
1,44096025904985E-10
-7,13168684990111E-08
1,53154853111489E-09
-2,77497960911025E-07
1,3586434160639E-09
-1,50178071471556E-07
1,23329235778357E-08
-2,07088003057333E-08
-9,69586509527688E-08
-1,40997172366946E-09
8,86788993678483E-09
-7,95912128573949E-09
4,94353370181111E-07
-2,90486502119013E-09
-6,46045123970894E-08
-1,14972041786854E-08
4,15612009845021E-07
-3,55148219942919E-07
5,06613542749638E-08
-2,54719480071533E-08
2,57671470898753E-07
-4,41436207031611E-08
1,5363186271202E-08
1,34522252668774E-07
1,16439390581845E-06
-9,46708933196283E-09
1,67801548666513E-06
-4,03434168318434E-08
3,99912635899116E-06
3,52533513359295E-06
1,77880339839312E-08
-1,22882672980211E-08
7,24415838522338E-09
9,08976414342763E-09
1,76597727785152E-07
-3,08686615061206E-08
3,04785283783029E-08
-2,90604636010653E-08
3,8424569548982E-07
-1,02439494272806E-06
7,24056123379781E-09
-4,4103604887905E-07
-3,90989801412597E-09
-6,62279210682399E-07
2,67579006989025E-12
0,999972034664846
7,76166273775592E-08
-6,88072751038017E-05
-3,08306947457846E-07
1,51662373688195E-07
1,0249767588888E-08
-2,18931953338513E-08
2,11826915774738E-05
5,52614480423674E-05
1,04611566137495E-06
1,62342039104106E-07
1,56793725913499E-06
-6,01269489355314E-07
3,32486692954956E-06
-1,7419901912048E-05
2,74281216096658E-08
0,000345575910658616
-0,000177992972384408
2,79560287291894E-06
1,90882721356945E-05
-0,00596986972060728
-9,43194966789405E-05
-2,1200271009463E-06
-8,83956807156964E-07
7,47325818848243E-05
-5,54116500193528E-07
0,000248227341018293
-1,64436002956621E-05
-0,000439984083178237
4,12305839973956E-08
-0,000243478956930608
-0,000136450584555355
5,3298551860494E-07
5,97370020379257E-05
9,06910237291902E-06
2,17395443133252E-05
0,00029383194171098
-5,29450060633651E-05
5,91637960860653E-07
-4,53622966722607E-07
-2,69588116276234E-06
0,000139818210267654
-9,94109434976197E-05
-2,80619246637996E-05
8,89326554165167E-07
-0,000232239021256716
1,79482789900253E-05
-0,00215641775138515
-0,00369157554123567
9,42606076811559E-06
1,60917652496004E-05
-0,00022480803749503
2,07387936259557E-05
-0,000160970388514402
6,15671261337982E-05
-3,75332711376201E-05
9,47494246234694E-06
-0,000266672565168071
0,000811749748851033
-2,30592890162346E-06
0,000382567121619148
3,47233429639716E-06
0,000606704906215624
2,12308434028774E-10
5,44423936111374E-08
-0,999944661735199
-2,6588763326481E-06
-0,000174070174654595
1,67614130608473E-05
6,74909388660337E-05
2,49778352143137E-06
1,09873377074828E-05
8,87842182791153E-09
0,00526475896362514
-6,67523118164793E-08
8,40226770082575E-08
-6,81517258007448E-08
4,25478517066669E-08
-3,0790516574359E-05
-0,000140994259758152
0,000123477860806181
-7,52226932702627E-07
-0,000213919183561204
-8,11668724857378E-08
-0,000160485461571107
-9,45725529802529E-08
-0,000101089905202297
-0,00488031956713351
5,46468151939257E-05
1,36803394376099E-06
-6,93011500402258E-06
1,1646079739973E-07
-5,75355351146649E-07
1,41903950523351E-05
0,00416302004788491
-0,000582670196723927
2,09666909329667E-05
-0,000392124698348525
1,81201665086297E-07
-2,91195132286055E-06
4,64206773245536E-05
-2,65736101537329E-07
-3,93040957126239E-05
0,000218133730189923
-0,000433451528720004
-1,21259026720063E-05
1,07592855068714E-05
0,00163546566443976
-1,14719417050699E-05
0,00402514199573241
-6,56660682323121E-05
0,0039284724877072
-0,00254911462676227
0,0001126326760083
0,000175947840066457
1,49716476875126E-07
0,000131349595602141
6,0124583655279E-05
0,000188503099207187
-5,20819000178827E-05
-3,56507751147632E-05
3,71947778664742E-05
1,44029831667161E-05
1,13332533885909E-05
-1,7734944501419E-05
4,78280253070695E-06
-1,18413116615107E-05
0,000566572117221429
2,63704339384457E-05
-1,14313664260242E-06
0,999889150347585
-0,00017950697573036
3,17299332671783E-06
3,85632265447906E-08
-7,56436637277418E-08
9,46672411094602E-07
1,31737962845875E-06
0,000112793411480406
2,73404013669812E-05
-9,33701364716459E-06
-0,0110415202277665
-1,10133003217941E-08
2,70160336469534E-06
-9,42535130189684E-06
0,00263497833271385
-0,000392359828510166
-9,97496379070679E-07
-2,05366137681773E-06
0,000139233832222566
-3,03846209503779E-08
1,48167920964901E-06
-1,52970245931618E-06
0,00030243489364792
-1,70237926343622E-06
1,68068959038759E-05
-2,16452809935756E-05
3,37717003619774E-06
-5,06296497425337E-06
2,0980909190083E-05
-0,00131384676126724
6,55038006329013E-07
9,35049156706689E-05
2,03245805595893E-05
-0,000738221959636502
0,00060136679623408
-8,32768036771576E-05
-2,91170913880121E-05
-1,10890864251989E-05
-3,8258555722219E-06
-4,82762210774819E-05
-0,000220187271340315
-7,26382103364085E-05
1,86755876662503E-06
-0,000516128168320163
3,0044788461336E-05
-0,00462003857102601
-0,00787061120281903
1,97228200548849E-05
3,11687592005915E-05
-2,15035672434857E-05
5,35449241309672E-05
-0,000330953005232342
0,000152806326019284
-7,7817463559695E-05
3,13429081742357E-05
-0,000650318646611096
0,00183976722002502
-1,17085259569277E-05
0,000773635516820519
6,7456968557292E-06
0,00117456513861683
8,71749429610177E-12
4,82137435343892E-08
-6,48261803289864E-05
0,000157121173058085
0,999828853883436
2,39305536812239E-07
-1,6778439547353E-08
-4,41410752500074E-09
7,83822330911439E-06
5,03772257045076E-06
0,0126978242108359
-2,72976793190621E-07
-8,84357363552363E-07
2,40449496830101E-06
2,03138780692727E-06
-0,00317653192272616
-0,000335437337544349
0,00806717968043024
1,85690221449116E-05
0,000170411498258826
-6,23403371389142E-06
-1,35546900121264E-05
8,43990241981667E-06
-0,000210126992982068
-1,77122823971292E-07
-1,62465972740363E-05
3,71745487584126E-07
-4,37874329341831E-05
5,39846612756855E-06
-1,9407861428626E-06
-1,55621460563309E-06
0,0102648962301775
0,000188593723811328
-2,36356984701275E-06
-5,63933586935243E-05
5,54011152156257E-08
-6,04730123848296E-06
9,35759118512487E-06
9,14496948851666E-06
-1,55920795435857E-06
-1,0093595276222E-05
6,49908971316661E-06
-1,08039507166898E-05
-1,18487058570846E-06
-5,96337828981381E-05
5,8205684376173E-07
-0,000144070019450085
2,35202654064923E-06
-0,000131619328632804
0,000109800838381104
-2,0224208974773E-05
0,000357813049824631
3,41532455385905E-05
8,49019803161286E-06
0,000221760686404098
-1,04830235287663E-05
4,32553849049069E-06
-8,95255872608331E-08
-1,56472284580954E-06
-1,12790247423107E-06
-2,99685818009156E-05
6,01706122622126E-07
-1,99501691711606E-07
5,16781972144968E-07
1,20505084394992E-14
6,01211599026628E-09
-4,84382266131638E-06
1,87188056681103E-06
1,61651577506812E-07
-0,999937120437615
0,000102039186680064
-4,93130037388275E-06
1,46957659321391E-08
0,00628772280758913
-5,94384911993293E-08
1,67810959174847E-06
1,21953760978686E-05
-0,000125693873029283
-1,81931371085448E-08
-2,15475393323974E-05
-2,69747964385039E-08
-3,50870500593407E-06
4,47126739702277E-09
-2,70989623406064E-05
-3,87284922271386E-08
3,34978868372734E-05
-5,38488240804779E-07
1,13850954354069E-07
-0,002429289574534
-5,19416163851219E-07
-2,55229454232946E-07
-3,81658249733386E-06
-5,50629698231297E-07
4,38147948184986E-07
0,000139770513146664
6,91816738570253E-07
3,29724488442004E-06
2,05816250658665E-06
-6,36210022258114E-05
-4,80776223056108E-06
-3,37318156370446E-07
1,14645801672547E-05
4,65156332253519E-06
0,00103407249694103
0,000121335572645216
2,59226733408993E-05
-2,36957301153074E-07
-3,62011478441687E-06
-2,45169259453417E-05
-1,7992988905887E-06
2,50803421017439E-05
0,000954230150561198
-6,40564560000966E-05
6,76874983373758E-05
-1,3806458000583E-06
-1,70652493855739E-06
-0,000200598024744336
0,00505243671575
-0,000212674601547723
0,00017575338019329
0,00118952138647652
0,0067692520418912
0,00219195185368967
0,000724961200110219
1,07348594582025E-05
-0,000211830342713242
-7,75847920059703E-07
-6,41524028553394E-05
1,14681077147242E-13
3,26199516359298E-10
-1,44819951696727E-05
1,77618515418468E-08
-1,07312055922782E-08
-7,55771471481023E-05
-0,999378747104272
-0,0335400230691659
-2,12383365397455E-09
-4,70449708397874E-06
-3,87199272239195E-07
1,51456284543642E-07
1,38073167781307E-06
1,41435252621151E-08
-4,0110511339307E-08
1,07958736821996E-08
5,59024083761276E-06
1,01898707887656E-06
-6,4113016893456E-06
-9,17557525840923E-06
-2,6256714097427E-08
-1,70832446373335E-05
-1,65877725402728E-07
1,51892669101591E-07
-0,0107657190454441
-2,90160042669667E-06
4,18008289618036E-06
-1,02200317876061E-05
0,0001061897616906
-7,22229616171261E-09
-1,21469215767227E-06
-6,01895289742395E-06
2,21492721853814E-05
6,54561506123789E-05
-0,00074205359428957
2,36038364646102E-06
-3,08423263021518E-05
0,000113809898551356
3,4922972672334E-05
2,6510568304963E-06
-1,32270598908562E-05
-0,00071469714323548
-3,50546457184961E-06
-1,58461574205442E-05
-1,06652372358902E-05
9,93153231652072E-06
-1,14603097850232E-06
-3,32248217988039E-06
-1,38203457544949E-05
-6,59703476714755E-07
-1,91194327182268E-07
-1,51320478614164E-06
0,000415707677467254
5,83014612871912E-05
-3,25436393483791E-05
7,74342013984632E-05
2,93105939002164E-05
-2,13833595393105E-05
-7,99949683537803E-06
-2,99581005847956E-05
1,29453400802374E-07
-8,55129642207818E-06
-1,02341277404555E-07
-1,79143030682948E-05
1,14384986992936E-13
2,57800386108051E-10
-3,83961758032896E-08
8,86638696294907E-09
8,61237498761822E-11
-4,40475977265774E-06
-0,0335329543481375
0,999157598249003
3,34545038582074E-06
0,000356539085272295
8,13525673939614E-07
2,59602488895414E-06
2,31086908123632E-05
-9,49953253383422E-06
1,62233036539666E-05
-8,45184691113538E-07
8,73770794727193E-06
7,87103806726292E-08
-2,07305258921228E-05
-9,01782517526614E-05
1,73944170697091E-05
7,23121661196324E-06
-0,000649589747754983
-8,85013883052692E-08
-0,00110012607293825
1,75671923212258E-05
2,5074901581334E-05
4,46700701772142E-05
0,000314846888424904
7,89186360478358E-05
2,60886301666551E-06
7,05222197180887E-05
-0,000415552549915119
-0,00140299978863135
0,0156304480237322
-0,000239055539565062
9,02719525750473E-06
-0,00241172428942436
0,000494247847032651
-1,27442217297459E-05
4,43346435114073E-05
0,00203842278951173
3,86379177116673E-05
8,695769149647E-05
4,90244080812761E-05
6,06525015689719E-05
0,000761339832697866
0,000875652177414156
-0,000714001135127471
0,000990563481005885
-2,02599870157065E-05
-2,53040810032193E-05
-0,000786852526496202
0,00636940046228904
0,00115524341283044
0,012381286245615
0,00429932072597493
-0,00546683799190555
-0,00219906498687739
0,000717451234415555
0,000198019027610295
-0,00572766873263505
1,75125214128186E-05
0,00397308633532521
5,27756253380196E-07
2,00477450233683E-05
-1,2871021396676E-06
6,08467614286428E-08
8,4080603763534E-07
-2,76552583905235E-09
-4,22539915854457E-08
2,35359427485384E-06
-0,999663676121622
-2,16409240742848E-08
0,000999182674124022
3,68006173886387E-06
3,22637689736739E-05
-8,38114602622037E-05
1,34284269545571E-05
-0,000360773042340236
0,0222944894752596
0,000107710028195139
0,000181552221470385
-8,69227311990467E-05
5,31684916281061E-05
6,99781700805262E-06
-0,000343801925999166
-0,000489738012407541
-3,00760779352972E-05
1,86063080450229E-05
-2,47891132478648E-05
0,00132856141305606
-0,000804500128113427
-0,00190241990340876
1,39552225052332E-05
6,84653177774197E-06
-0,000185515707864947
2,13146529456528E-05
0,00235885349699153
1,30013795798888E-05
-9,83001560635035E-05
0,0122201781588543
-0,00091925110046001
-1,77551139730026E-05
0,000179766661445631
-8,52864752480966E-05
-0,000295024125369119
-0,00307101197438648
0,000553721507606446
-1,83838730802053E-06
0,000739161334996169
-2,0230440763234E-05
0,00114407248497985
0,000312071142968149
1,30279954328711E-05
-4,49456013516477E-06
3,96712223450548E-05
-0,000145087396678002
-7,09158231265232E-05
-0,000283917672546484
1,40592149486012E-05
-1,00212618671095E-05
0,000384171325073519
-6,8887403539151E-05
6,12421416727189E-06
-6,34458058166041E-05
-1,06273519392984E-06
-0,000192361225949146
3,6469898182915E-15
4,7952694462175E-06
-8,54489869228631E-09
2,59141420285995E-07
9,87073755110772E-07
-0,0062882511864555
-3,25263532770792E-06
0,000247459002511924
2,59306840987632E-08
-0,999846334529009
1,43339531315905E-05
-4,00168058624582E-08
-2,37818945985162E-07
2,7617460301257E-06
-7,21015823177263E-09
1,013392567936E-06
-2,48260250886226E-06
0,000863823638275074
2,28103581209613E-06
-6,42647886313155E-06
-4,33216603429747E-07
-0,00837952103236669
-5,54864150417537E-06
-2,31645400432659E-06
2,52828934959546E-05
1,29705235698495E-05
1,06837102953183E-06
1,23535277593867E-06
-2,13099809726131E-06
-1,86306884224417E-06
4,29172217994177E-06
-0,000311676957250089
-2,67413998245391E-06
8,37400424022633E-06
3,38758286553716E-07
1,29312419349751E-06
3,96816407800477E-06
6,14440971045382E-06
-3,9259079712767E-06
-1,83060565094283E-05
5,17703476176253E-05
1,77994794197019E-05
4,77184444787455E-06
3,85650092014814E-05
-1,63562475474643E-05
-3,94073647863675E-06
0,000276414680147113
-1,9704360227834E-05
-0,000318630328264672
0,000189138450802928
-5,4463884099289E-06
-7,85007432160433E-07
-3,40655862893216E-05
0,000291051987484264
2,33022225562632E-05
0,00111207772746852
-0,000935241109256369
-0,00160301211299226
0,00254991556509772
0,00238626935731037
0,000419009845223944
-0,0121420544568433
2,32974136083152E-05
0,00564396217316044
3,71007742536288E-10
3,87657016175704E-09
-0,00526209201891933
7,72459771910618E-05
0,0125814129799972
1,06289963187376E-07
4,95207404277755E-07
1,60125950348452E-07
-0,000388936728466307
-6,97251397060964E-06
-0,999049135518545
2,28901457938069E-05
9,10221955450253E-05
3,57436906374035E-05
-5,66455211924557E-07
0,00032576335770259
0,0276530785376871
0,0146521066147392
0,000250012897793034
-0,0131293018491789
9,68103728040356E-07
0,000594493511418818
9,08864321823921E-07
0,0206021906377647
2,04185811826708E-05
-2,12322941461158E-05
-6,7792166897391E-05
-2,76358930246223E-06
-0,000650372225587147
-1,7999702760753E-06
5,62156289574454E-06
0,000912834457696394
-5,61857516198996E-05
-1,90195046362902E-05
9,85166411222865E-05
4,06161506186144E-07
1,12155423073071E-05
-6,16129557213938E-05
-0,000257860191379116
-2,10627050850636E-06
1,45027379500423E-05
-0,00012828501073802
0,000287871120334818
8,69094070587917E-06
-0,000145665612508707
1,38294908313701E-06
2,52601924762063E-06
-3,37799372986072E-06
6,31584107901463E-05
3,45112018002065E-05
0,000508948377878586
-0,0115120785034498
-3,82532251134833E-05
-0,000100700274384728
-0,00165346951983018
3,79023468755613E-05
-4,3608559379686E-05
5,17758538601618E-06
-2,33184301553114E-05
-6,84406907157838E-06
0,000969204876377746
2,54362042879245E-05
2,00715494116654E-06
-8,96686105648536E-06
1,94431682479209E-16
4,63437130534863E-11
-2,28634359979692E-12
1,26254659591535E-07
-2,04310312255685E-11
-1,4392444000456E-08
-3,29877768011134E-09
6,53600982398356E-08
-1,29700571065008E-07
4,78160750367103E-09
-1,26851306047727E-05
-0,992690542623011
0,118574199057537
-0,00291899514949831
-6,50086013919966E-05
3,56945103171511E-06
-1,88946972020672E-05
2,24943106447296E-07
1,55550260392163E-05
2,04106423258276E-05
-4,91844039623572E-06
-1,44310799433472E-07
0,00038256804780547
8,86980785706479E-07
-7,97675327605145E-08
1,34167321345418E-06
-9,3236281889211E-05
1,63552072634396E-05
-0,000129774049226362
-1,40764481881953E-05
-1,08056556233395E-06
-5,0918637889973E-09
6,71679340118148E-07
-1,14529344203737E-05
2,12004767365538E-06
3,9504242750575E-07
-4,1067008363035E-07
-3,22321524524472E-05
2,97107048691933E-06
-3,02011853901598E-05
-9,62607341952393E-05
5,72765042078488E-06
7,88277402300241E-06
4,58047905634455E-05
-0,000281728083064628
3,79752728902616E-07
7,2476762484462E-05
-3,94684954204038E-05
-8,60244586901754E-05
-0,000172491188032868
7,91733093034456E-06
4,84184329564104E-06
-4,36701866097983E-06
-3,04264999013104E-05
1,21037180045112E-05
0,000674607045524743
-0,00151753503003152
-0,000828745506753091
0,00856022002602576
-0,0124875485493719
6,5722855248553E-05
0,00654871669479389
8,18717503566038E-05
0,0148745328560802
1,53660649269968E-11
5,82719227626063E-08
-2,39662346459815E-09
3,38055258391253E-09
4,98332480521457E-09
-2,76840941311569E-06
-5,61030624118772E-07
7,26643574555064E-06
-9,98572663703787E-06
1,87811632795213E-07
-6,54196077646907E-05
-0,118541139321952
-0,992235887357122
0,000556544204565853
0,00249004698597467
-0,000139978376788011
0,000829108296917
1,60530793769091E-05
-0,000812684183763912
-0,00119062243078094
0,000294504010090793
1,11013829745091E-05
-0,0249031849966362
-6,0614131553985E-05
5,89660996425737E-06
2,70313765715355E-05
0,00683578359939351
-0,00133159975806974
0,0096998210921388
0,0010798268158263
-8,41727652204812E-05
2,03558954259772E-06
-0,000108009486038936
0,000910863394944207
-3,60222355442353E-05
-1,25704711848544E-05
1,38827159240321E-05
1,33133997615559E-05
-3,07654505248936E-05
-0,000755393921599168
0,00741955258410124
-0,000427946436066535
-0,000149755138445311
7,12491348442577E-05
0,0232557029101382
-3,21780332466853E-05
-0,00526549312022663
0,00018202000670355
-0,00332475614131419
0,00209412942341949
-0,000709040598789101
-9,21857954246368E-05
-0,000143868224116387
0,000527917667909999
-0,000172808511910614
-0,000137807703722592
0,000149091460539741
0,000893077467455838
0,000289625548490598
9,24341809492475E-05
-0,000371798174131289
-5,04378425434051E-05
-8,55208166649205E-05
3,12185374286294E-06
3,32867047795451E-08
3,21358695616768E-07
-5,50519684682008E-09
0,0110425706294068
-2,25714567018985E-06
-0,000116189003182512
-5,58694977319586E-08
3,18606406397047E-06
-3,51646968617155E-05
3,22277606809684E-06
3,17109288380536E-05
-0,00240437487948491
0,000848905295059421
0,999734446824437
8,19659358798816E-07
-0,000150334390696469
4,78295601534292E-06
-0,000338193614069806
-1,50576053369942E-05
-2,80348729737697E-06
4,86120837717458E-05
-1,28888580730895E-05
-2,580100466944E-05
-1,40937546729922E-07
-3,58342799952252E-05
-2,33870668604084E-06
1,72933101859293E-06
0,000416780714888242
-1,73347009127034E-06
-8,70482694055771E-06
0,000462193276470802
1,88638764150655E-06
4,34615875858196E-05
3,52877348427139E-05
0,00104513256273735
-2,63527787319918E-05
2,58395859850837E-05
0,00354487566628609
-0,000267594316159329
0,00324571130001964
0,000393042835371939
-1,76336159830193E-05
-9,20231914600515E-05
-0,00041727579607412
-1,41989590658565E-05
-3,93671790306417E-07
2,84441933156118E-05
0,000886237222386951
-7,21592617406929E-05
-9,51491675356993E-05
-2,63565921768757E-07
9,47938954390369E-07
-3,33175273626088E-05
0,00131933955849434
-7,95890447075766E-05
-0,00029636949938446
-0,00148157934345883
-0,000922665089184128
0,00744130898605117
-0,0108346582425344
5,35502800602311E-05
0,00568176876298392
7,01940422283392E-05
0,0129115503997908
2,2178826902377E-13
5,52369716971643E-08
-3,55376115585474E-11
-2,49083633166021E-11
8,49689991689867E-10
-8,46543391046173E-11
-1,04504695865105E-08
5,74262143354628E-07
-2,08322696982956E-06
9,18494362331128E-10
-6,35242262976557E-08
-9,54336080755325E-05
-0,00117780692664022
1,02140983182085E-06
-0,998669735583365
-0,000741147270835421
-2,08852586175416E-05
4,40467436500545E-07
7,7129474537402E-06
-3,36606779874107E-05
0,000681079154236291
3,14616213954383E-05
-0,0514222688590186
-2,11146486803427E-06
8,58039076384434E-06
-9,39790962429154E-07
6,82133248718033E-05
-0,00247768302089088
6,9268816120596E-05
0,00185784358687348
-7,87628784712154E-07
6,50183901950561E-07
-4,49392667024053E-06
1,82462498573137E-05
1,50273063374672E-05
1,59282100994289E-06
1,17171383843704E-06
2,70031136885125E-06
-3,2563668593938E-05
-2,45926796180134E-05
0,000237118272883167
-0,000190786415653805
-3,68957713935572E-06
6,97859243671152E-06
0,000709755152411414
6,16409676230343E-07
-0,00021105594712405
-1,26798345284709E-05
-5,92888396275158E-05
2,25413418506322E-05
0,000721594494890263
2,97250751148871E-05
5,67287322043133E-05
-0,000469917190598839
2,53035516899434E-06
-0,000874685886043526
-0,000355107786701101
0,000344597423070616
0,000246350738650201
0,000101667810542119
-8,67324499896318E-06
-4,66849833709071E-05
0,000144385008675482
-1,53346460578173E-05
5,26638901012196E-07
1,36827049637707E-05
-1,20514720510242E-06
4,55877535843386E-07
0,00318226612540606
-2,54445636080663E-06
3,62681642618124E-10
2,24286303607802E-08
-0,000345170846583093
2,04033137903496E-07
0,000357131686552888
-5,37132899851576E-06
-6,26365648684438E-05
8,58309825657019E-05
-0,000631803112839703
0,999699984087557
-0,000254940173621221
-0,000602157999830267
-1,46908650525101E-05
-0,000529708032832603
0,00205584539962006
3,45121570318994E-05
-0,00283232323187806
1,19647301366291E-05
-4,67043016955814E-06
6,08743592453543E-05
6,08273974513371E-05
0,0152228710695394
-8,96072146267427E-05
-0,000163836945454782
0,00264337869893635
-0,000377798022603845
-0,000535647986617418
-1,51702463480494E-05
-0,000203792020608007
-1,83546572353671E-05
3,32715286426394E-06
-0,000488108082097566
3,3900003618018E-05
0,0175378482769028
0,00262940510461031
-8,64020757263755E-05
-8,36613014254506E-06
7,3455049821885E-05
0,00210545445285405
-1,92666228677814E-05
0,0027646258756753
-3,99756925601335E-05
0,00266401609924411
-0,00173665278206988
5,63015437836077E-05
-4,96115208653932E-07
-1,04331196884005E-05
9,11405551463099E-05
-2,52433022355197E-05
0,000111728722911651
-4,31753394879918E-05
-2,87463341264783E-06
4,36398761874407E-05
5,70565018646597E-06
2,17000653897182E-06
-2,20523501776492E-06
-6,04684668683122E-08
1,63394800271452E-05
1,05023229087127E-05
4,72432737468892E-08
-6,32827478228853E-06
-8,29075641421332E-07
3,96018663538144E-05
3,4457393376308E-10
-7,24926114724013E-07
1,31503577341313E-06
-0,0223270372362026
-1,00960480646512E-07
-0,0271675745542199
-3,20207976101403E-05
-0,000379594297931575
1,57886583814975E-06
1,69894433328799E-05
-0,000254444833130779
-0,997997527737654
-0,00305708242831007
-0,00887855012580924
0,00129037889905886
-2,77240910575229E-05
-7,76995315792199E-05
0,000131163021166866
0,0262114299031432
-7,31959246735422E-06
6,54506999861308E-05
0,00190005441352852
0,000397688120067079
0,0442425922729102
8,34319442010261E-05
-0,00059092650001839
-1,42153521321082E-05
1,70630880928139E-06
0,00340454501982813
-4,5885355485773E-06
-4,74404722130772E-05
5,36935823079669E-05
0,000640998673427721
-0,000370903549823449
0,000445959388924778
-0,00325024561407766
0,000108396502670535
0,000641515206434146
-2,49354676535607E-05
0,000957190937812035
-6,32224977996217E-05
-0,000175446483635583
2,52767375328217E-06
-0,000102430111169364
0,000128114100291394
-1,35716580613064E-05
-2,27575041354211E-06
-0,000427568503039731
4,18018802000572E-05
4,19399512724005E-05
0,000311368001731217
-0,000956053512698876
0,000226885394218494
-0,000301010968540818
-9,45205660153702E-05
-0,00022823446929505
-2,20363732506063E-05
-1,51739735472539E-06
7,51217971284952E-06
8,49369995339816E-09
3,80855250027593E-06
-9,91472660426603E-06
0,00259540018242339
0,00825239694341133
-7,63566718902072E-07
-5,28783859274976E-08
6,51612929074962E-08
-1,06906619570472E-05
-0,000407466260198377
-0,0144456372570329
8,9485071932417E-07
-3,90109026647821E-07
-0,000367369480936322
1,45769779651645E-07
-0,000756527124990169
0,00344634130218701
-0,997937139065865
-0,00258889294204763
-0,00366773264306688
-4,98744865748825E-06
-0,054233773437973
-2,87398390352144E-05
-0,000941329761138597
2,13646377379679E-06
0,0022499094887169
5,21503864163063E-06
8,44946803316518E-06
-4,77557441148118E-06
-3,30707490029452E-06
7,28567394918991E-05
-0,00111043234583772
-0,00476570699629751
1,79625720008181E-05
-2,21136993007103E-05
7,47275138042972E-06
4,65727333856908E-05
0,000206532686234038
-2,84854701043208E-05
-0,000184927006966319
0,00102069539362409
-0,000451615128532575
-5,17140241079661E-05
-1,09547330856523E-05
0,00747082971479228
-7,4367776150373E-05
0,017841004975562
-0,000280601560913452
0,0156229144567077
-0,0145881413805325
0,000526159221734089
0,000366476289466602
-7,60888718416452E-05
0,000509136100712999
-9,73342262997248E-05
0,00075888338461839
-0,000311234970336761
-0,000118271633030372
0,000164223989524178
0,000100399165905349
8,29275101551705E-05
-8,37081602500583E-05
2,09341654684263E-05
-5,79162734741324E-05
5,69884970691082E-12
4,10666014779016E-06
-1,59676064960725E-11
2,38796002760448E-05
1,71172866938936E-09
2,37950883726665E-11
-6,47157787333857E-07
2,45135831209352E-06
-1,94067524218102E-06
-2,37615213784201E-09
-1,03273919721064E-05
-2,44889280813514E-05
-0,00027588578886436
3,89407003170476E-06
3,88400297772789E-06
2,24485016210845E-06
-0,00644539070352625
-0,00245919742872481
0,996728671330102
-3,87452510539634E-05
0,00588773971493431
7,95782310421572E-07
0,000226212301684324
-0,000425598991382349
-1,67928853299655E-05
0,0010683631081436
0,00235425259350514
0,000264990321239566
0,0539182670428519
3,92160524088435E-05
-0,000706024618024376
2,85228552604035E-05
-0,00141690374207653
0,00397510487564126
0,00045185905129261
-0,0440848905819861
8,7205935961596E-05
0,00300362491780839
-0,000329380857764716
0,00052007345220324
-0,00375510214742876
0,000100797437643991
-0,000190546041189065
-0,000911840285046647
0,000853091977732746
-6,43862113599219E-05
-0,00229845624443652
-0,00197428286548664
-0,0192840968008191
-0,0327110306245846
7,04139972013437E-05
0,000101855707916868
-0,000562145885584843
0,00067696208214976
-0,00140460159126204
0,000419082510363172
-0,000426286686403851
6,09039043622826E-05
-0,00235351387505204
0,00704792877481654
-0,000298878976770412
0,00333663567381255
2,83267660975912E-05
0,00526459580309743
3,14416559467778E-11
1,51598156064331E-11
-9,93212580920244E-06
5,91643716830978E-07
2,40859152529702E-05
-1,89761390919749E-06
-2,90818393466184E-07
1,01418829878762E-05
-1,15131645834217E-05
-2,2606350982586E-06
-0,0131053102717597
-8,53989639102587E-05
-0,000853650689957743
1,59323731383614E-06
-9,1975748620835E-06
0,000325893331656258
0,00161397311587464
-0,00227536357327657
3,05868352028502E-05
0,99833340857337
1,10592257559136E-05
0,000367676477756531
-0,00037169370765719
-0,00170875109763158
-0,00180380208247623
0,00112088803812219
0,00377361854651152
-3,25050991809373E-05
0,000354429763000656
2,99013656529466E-05
0,000417208404505255
0,000947148447137254
-0,00830271729136887
-0,0025088611293692
0,00274554547768843
-6,68493841254007E-06
-1,78846636627911E-06
-0,000606917765399137
0,000193222002002288
-0,000889836597544816
0,00663801664608004
0,0118862719407081
-2,81913890480106E-05
0,000720980292239343
0,0205895781561184
-0,000261312047412391
0,0250021074579968
-0,000110313138667119
0,0233528051535417
-0,0136760806751165
0,00042482920612099
0,00120794523110702
-4,81731713540476E-05
0,00135849739513452
-0,0324632781814169
0,00383939535846483
-0,000470067575789828
0,000843589071606626
0,00133154073722885
0,000753995151847969
0,000168254162735694
-0,000386509608645598
-8,43762643789295E-06
-7,17265726860478E-05
4,14109899514934E-17
1,96654348185195E-07
-5,64673320641296E-13
3,69629699546753E-09
8,54748673644011E-09
-9,06886713679341E-11
-1,67355156342798E-08
8,66239986396557E-07
-6,31908592807088E-07
2,01569751131401E-09
3,13727977032582E-08
-4,0660254822653E-07
-4,91478884847156E-06
1,07745309142797E-05
-4,20345031510647E-05
0,000849203190911031
-1,39363153464741E-05
-9,3664550161818E-06
0,00408614359993825
5,01068824962842E-06
-0,994963669670064
7,44445314796477E-05
-0,016048690183122
1,30014029459926E-06
-6,49181355258623E-05
0,000117389577991802
3,06015727740966E-05
0,0755246864075874
-0,000741272782592136
-0,000990530301824116
4,11879599133918E-05
-8,46514946740873E-06
3,15087788254786E-05
-1,87035338009639E-05
0,000417605225316748
-0,0409234697030506
-4,94597868105715E-05
0,00732700606192852
-0,000856650281405141
7,34438168122267E-05
-2,04814883114298E-05
-0,000690527993558825
-0,00185685024533215
0,0476182779192872
-0,000222479294111853
-8,62981320252346E-07
-0,000764408812554708
-0,00190532398748131
0,000299657533228023
-0,000924042420263698
1,47390700325464E-05
-2,79938837713768E-05
6,23826034675966E-06
-9,53721547936163E-05
-5,07847897018379E-05
-0,00261600395322893
0,00548232143324426
0,000903880294084074
-0,00386322459128756
-0,00208342409209091
3,35288233383979E-05
-0,00115975545246811
7,12807148109883E-06
0,00157290456699946
8,95636603528173E-14
0,00599006074904395
-2,09712307917597E-06
3,45879380320076E-06
2,69007365094915E-05
-1,929269130297E-05
-1,34543986384564E-06
1,29657445950223E-06
1,10900111147239E-06
-0,00842435399314251
-0,000157261182023782
1,39481750032293E-08
2,17671574989213E-08
-5,2796542486813E-06
1,05323286009828E-06
-4,20772093467006E-05
0,000122383359722909
-0,0542528413418789
-0,00015529072588814
-0,000461442084821697
5,09806620348667E-05
0,996918629566942
0,000608798232148905
0,000373918421397484
6,07972628492949E-06
-0,000200538857320342
3,14494181364227E-05
-0,000163987953941926
0,000804280953757162
0,000262857629411398
-1,57524576447834E-05
0,0413350510157831
0,000823442400863696
8,65450643757836E-05
-0,000193216163179987
-1,76406017072465E-06
-0,00309779791935414
0,000301559812461896
0,00450422856216787
3,06982942731515E-05
-0,000232289769426262
-2,27650414318926E-05
-8,62383671326378E-05
4,03736614334504E-05
-0,000191306923939442
-5,36737198575418E-06
-0,000748310180885748
1,31567983369123E-06
-0,000574583286216129
0,000456117206326291
-5,04024777003514E-05
0,000479283284902996
0,0368193435335234
0,00166818885821436
0,000712561414597286
0,00104239712000688
0,000369989894571783
-0,000111740645140088
-0,000250884636729531
-0,0001725872547872
-1,74080344314705E-05
0,000612617469312682
-1,53336827683372E-06
-0,0002691117530205
5,92837157299987E-13
5,2313690530969E-05
-1,0021186810538E-10
-8,87239759274178E-09
2,46534055622209E-07
-1,74943519314394E-08
-1,57711979080273E-06
6,24292503039387E-05
-0,0001736464379953
6,0219634989162E-08
-9,39413594528396E-07
-0,00259137924446977
-0,024949526125562
1,86716435838857E-05
-0,0514684865607731
0,00180681677712458
8,12480244003615E-05
1,09266597426802E-06
-7,67510022043537E-05
0,000203888618460888
-0,0110464853753487
-0,000580652225200038
0,994110533028482
4,66115107226441E-05
-0,000200426090538721
2,91654317134985E-05
-0,00101553870025206
0,0649752430694061
-0,00184356228544542
-0,0515669539031037
7,22131418518651E-05
-1,81072299820692E-05
3,04767489784871E-05
-0,000491643172847509
-0,000456034553284821
-4,91182281123024E-05
-3,37658963426267E-05
-9,19345726363626E-05
0,000998457108780942
2,71994013581097E-06
-2,1284133858642E-05
0,00562877631933536
-3,09510942120505E-05
-0,000150868150754117
2,51075810554684E-05
-0,000119716515384475
0,00149642049076979
0,000485725021207276
-0,00172310295697829
0,00162630361371568
-9,52820337832038E-05
-5,32216457050934E-07
-0,00187511745983246
0,0154065959537975
-0,00022032106007849
0,0287320424711073
0,0117453545446713
-0,011355270924402
-0,00814672260730303
-0,00336829511316891
-6,52473444390583E-05
0,00152410591837827
-8,24612445484041E-06
0,000494015315765283
8,39685342210411E-11
7,1736933481134E-11
-7,24262615072457E-06
2,36907761054762E-07
4,37921289174664E-05
4,6868522655575E-10
-3,10831573018729E-08
9,7106398122839E-09
-0,000104743532141811
-1,36788777516775E-07
-0,0212819515905731
2,0043721068912E-07
-1,93561538407264E-06
1,01501867306462E-06
3,45964892281849E-07
1,25340739165105E-05
-0,0258681329627481
0,00114921366488903
-0,000351337483741128
-0,0019403894975352
-2,45245843834052E-06
0,000381360176382466
3,82129345145373E-05
-0,999316084361539
-1,03737538889322E-05
-2,87832885216851E-06
-0,000229136468097144
-2,85324775957674E-05
-0,00438005674380255
-5,06251661120117E-06
4,36347257584875E-05
-0,000121840335178137
8,38978699736107E-06
-0,000206344544430181
3,27957101947694E-05
3,04000222879053E-06
-0,000700375898931415
0,00112422640562825
0,014788220564899
-2,84224986504325E-05
0,000188287455723416
-9,05554696426545E-05
-2,35635647114537E-05
7,71537450113162E-05
-3,66712071617635E-05
4,00106244592105E-06
-6,14775056389471E-06
-3,88493172875892E-06
8,05575178556269E-06
-3,55285241870701E-05
4,56277425352804E-07
3,38518367548163E-06
-0,000148152181021068
-0,000112814800542586
0,000139392808830329
-0,000220678804750815
-4,30776160578757E-05
6,69286056667141E-05
6,35248204384047E-05
2,71256756047409E-05
9,74280221067934E-06
-8,6260114668601E-06
3,59661435770311E-08
-1,85173130058466E-06
1,02963561477205E-12
2,98533693342837E-10
-0,00490576210142012
-9,19343839596306E-09
-8,68803540544036E-07
-0,0024290281888926
-0,0108073801553904
-0,00042664855217362
-3,62070927336454E-08
4,03471782666715E-05
2,94291252735231E-05
1,1625003766609E-08
1,39713199678961E-07
1,97033290352166E-06
-1,09419595617804E-07
-5,51052189038111E-07
-2,05403607609025E-07
-3,41122139747827E-07
3,13659625093236E-07
0,00081395044316572
-9,04006395976343E-06
-3,87585666367196E-06
7,85654528314852E-05
-1,29605613721928E-05
0,994914474979145
0,000275156364165707
2,34669814920561E-05
0,00103473324025437
0,000421150412158181
1,28407753197835E-06
-3,43595406957E-05
0,00036948847448531
-0,00210537366613812
-0,00385495923618849
0,0705390751376928
-7,28335237653538E-05
8,81353142062565E-05
-0,0106474305453586
0,00094645881466422
-0,000108104908476469
0,000167354803110085
0,0692230809394935
0,000353332563829619
0,00158452554150827
0,00142000097211263
-0,00107130060803751
4,41389090286723E-06
-0,000196941649341114
0,00133461820582057
-1,28960462214817E-06
1,4943202028303E-05
-7,07654760279095E-05
0,000346609767895584
-0,00371150794690639
0,00331952312061866
-0,0063359470048398
-0,00252160721746955
0,00185993639879063
0,000644653610897524
0,00286144726790225
-1,1179527130642E-05
0,000855577004107337
9,9888899101589E-06
0,00175008701860795
2,40377236880106E-10
5,91966761830984E-07
-3,35984964945728E-07
7,44273265610139E-05
6,44235555765629E-07
-2,01959306647741E-09
-9,34473071036731E-09
3,74886849519276E-07
-4,9904215377422E-07
-1,05984991863201E-06
-8,20923944085347E-06
-8,89857192810845E-08
-7,55916334106203E-07
-7,09157978665264E-06
-2,51664763792744E-08
9,31986693721641E-06
-7,5553293229159E-06
-0,00179490583876899
0,000361055566126736
0,000371082926424317
-2,44790517404483E-05
-0,000282758066792711
7,6842810820069E-06
-5,01309171486673E-06
0,00021026759670631
-0,996238452396763
0,00212846619359865
0,000247070392942294
0,000866862770243406
-5,88973694727761E-05
0,00268852105986984
0,0011841296289971
-0,0740816456404056
1,18412357165507E-05
-0,000758388885772613
5,25796901321038E-05
-5,39403565548953E-06
0,00320230280350956
-0,000281405265024348
-0,000615663683990609
0,00287025725216278
5,86216239783465E-05
0,000891258752652219
0,0076697875369082
-0,000146999121630704
-4,33831481448479E-05
0,0102241936894764
0,000208467554785475
-0,0152863332413751
-0,00782296715141731
-8,03934623163162E-05
0,000201810384963347
-0,000253093589064802
0,00292861994597788
8,4503683392685E-05
0,0132927741374435
-0,0272513423282372
-0,00499170321845808
0,0187380619790018
0,0109418689457163
7,65064385159372E-05
0,00603226481039957
-3,47091635576121E-05
-0,00802828830768746
1,70083868658236E-12
1,59864782785648E-11
-6,55814509656336E-10
6,9750698583926E-11
2,57944366547817E-09
-3,30348299328111E-09
-8,76338359630515E-09
3,73988999943501E-07
-4,85297274435003E-07
-6,4837926284222E-09
-7,96406163815733E-06
-0,000585207325993081
-0,00554977728466081
3,33619193884729E-06
2,02181168863324E-05
8,12794569166893E-06
-7,4466890959371E-06
-6,8704432692018E-06
3,06426846536846E-05
0,00320772902370018
9,49757370313337E-06
2,59554629490108E-06
-0,00111764018470717
1,99879778187842E-05
-8,49761297985549E-06
-0,00176035797366671
-0,994030927108915
0,000751561708382417
0,0498340440447508
-0,000102602922993752
0,0103219864013472
-6,83651643773878E-06
-5,38249744509271E-05
-0,00473526207774445
0,000137987266019939
-5,60685394079431E-05
7,68989020347951E-05
-2,04501558315655E-05
-0,000190125002324547
-0,0123035697266949
0,0930994260851841
-0,000789934741189212
-0,00062922997480843
1,81021944511352E-05
-5,74454388274223E-06
-0,0193710140638977
-0,00145383191442264
4,17118676629866E-05
-0,00247234499607332
0,00146355301562166
-0,000451212205366648
0,000650655211689065
0,000284094766810413
-6,30592234656947E-05
1,37468478633564E-05
-9,60358019690105E-05
-1,51629966011408E-06
6,47787442176832E-05
-0,000153688083437933
-7,48997561181114E-05
0,00609980851399767
0,000432920646996357
-4,18383328979569E-05
-0,000184837563835038
3,15242010907583E-12
0,000250211809285725
-5,18175375041962E-10
-3,35171827920439E-08
3,56844592518517E-06
-4,15032318572336E-09
-7,02429910952207E-09
3,60468480909279E-07
-5,44056570295016E-05
1,48351711534555E-07
2,30774055039488E-06
-2,20197043989843E-05
-0,000238572975366641
3,94666735189736E-05
-0,000906954525398638
0,0154861032382535
-1,02653961098344E-05
-9,01096757908281E-06
0,000265787668100529
-7,2036546028443E-06
-0,076433981623376
-0,000215325088704558
0,0647179700594407
6,4825040199398E-06
0,000324794724485189
-9,99035481740242E-05
-0,0004770577936922
-0,98934945728112
0,00701471440944807
0,014863279454362
-0,000557275808069142
0,000190812951654231
-0,000795464840349427
0,000966618171532024
0,0254332726497777
0,00148431085701577
-0,000786921180603256
0,0974118086016561
-0,0070476124930043
-0,00121970329406523
-0,000167818835368581
-0,00084996200219707
-0,00177754813706532
-0,0199591836132735
2,10733012873695E-05
1,70956101065245E-05
0,000117931929820481
-7,59621374784629E-05
0,00267869030190216
0,00432907711723355
-3,02256403166912E-06
-3,96459291469282E-05
0,000328070895078785
-0,00195062613696
-0,00033135257697567
-0,00360270040800787
-0,000760540675083389
0,000751874890704087
0,00249527594558276
-0,000200689750153359
1,45677075593643E-05
-0,000433150997674237
-4,95970944030208E-06
-0,00105334747338404
3,59896945799039E-07
1,59951064242313E-07
-8,06946305732328E-09
9,11921593072614E-07
1,21253159048762E-07
-1,24429662176909E-08
-0,000113058862808523
0,000142377163693831
-0,000197222874719697
-1,90584464440832E-07
-0,00046975169503849
-0,00105134952024733
-0,00993128843112716
6,14029487830592E-06
4,61015832335835E-05
-1,31462099748635E-05
-0,0448349041594362
-0,000313166606536101
0,0540552552859557
0,000189603978653535
0,000392449369869563
0,000360976939856679
-0,00169074596307004
0,00555209846940848
9,43340223268414E-05
-0,00061627748016579
-0,0404374889845716
-0,00714980983505126
-0,988182668676825
-0,000378458333420573
0,0142029060270271
-0,000191683276161518
0,00028886308707716
-0,0863504261597342
0,00315929465744373
0,00126631296159427
-0,0012371488251196
-0,000195808586651533
0,00166526955328012
-0,0121120081207264
0,0890147132217306
-0,00294962673334308
-0,000592703039796223
-6,80071195630703E-05
-0,027682427108969
0,00179784930689033
0,00452877114784523
-2,94103051434123E-05
0,00125462410451814
-0,000759386481830071
0,000300040421381048
0,000697237134282253
0,0123227007135026
0,000508581748520156
8,61405303012657E-05
0,000330375012069815
0,000197935152268186
-9,52114815905957E-05
-0,000152105245633889
-7,38814337851443E-05
0,00655831204337194
0,000464884938277514
4,4361573473915E-05
-0,000198807960299834
1,85397251945062E-12
0,000438084483088753
-2,97048657337905E-10
-7,92155863261969E-08
4,74158189876185E-10
2,3682384166695E-10
-3,79678048014989E-09
1,99050739852693E-07
-0,00187605042153437
2,53762968109171E-07
3,54113496731885E-06
-1,98963524961499E-05
-0,000215359380340806
-1,86283682153726E-07
-0,000790873823358988
2,72177144272636E-05
0,00018643937180453
8,90723160517328E-06
-4,18603003347569E-06
5,41752904286387E-06
-0,000408428308732043
-0,000301955714418889
0,0505156237718103
-9,86294479575068E-06
-2,05374912328751E-05
-1,56436571601681E-05
-0,000177721381695552
0,0184276064557592
-0,000623163585148746
0,995625076349194
-0,000124656447768381
0,000226183077660437
9,69364548261911E-05
0,000145917334177101
0,000479977018456435
9,91799233084361E-06
-1,62076401675177E-05
0,00228566908972491
-0,00032122142319441
4,93048239111845E-07
1,36101646905938E-05
-0,000635297050387115
0,00406193240210757
-5,07266084714267E-06
6,34743941350432E-06
1,17675244970879E-05
0,0001878525419478
-3,63626635157307E-05
0,000163667575359477
0,0012670316394932
-3,16622821343707E-05
0,000410015559296036
9,70827738780225E-05
0,000243894169473165
4,99705578915842E-05
0,00928975799859474
-0,0473634091396054
0,0252700201535189
-0,0476559914109945
-0,0199935635345598
-0,000802438858782179
-0,00796649049841847
4,67840375751916E-05
0,0103258406243045
7,32136002997301E-17
3,17885483042036E-12
-4,31293182486691E-10
5,54503542609578E-09
6,78021611117169E-08
-1,8349236505718E-06
-1,98818598614543E-10
1,25904167681468E-08
-1,14455060056117E-08
6,15829277731812E-08
-3,85243645469788E-08
-4,53933471435872E-07
-4,3134460562285E-06
2,95615802766997E-05
-1,57934371325926E-07
0,00028999398135137
-5,87304817643601E-06
-3,38206265921165E-06
1,21570109395198E-05
7,99195463945998E-05
2,63604229316796E-06
-6,60183039509874E-07
-7,33076743146613E-06
7,21141126336655E-06
-7,88313288469702E-06
-0,00142412473058977
-0,0061540000121828
0,000321149406690449
-0,009414628571563
-0,000133862853694984
-0,9857438301199
4,4532259329257E-05
-0,000377053581355924
0,00282112563278153
-0,000134450542955231
-3,50783976569513E-05
4,11390889089219E-05
5,20859724367152E-05
-4,02846261761647E-05
0,122257170722535
0,0640877065476381
0,000469827488851478
-8,50777481918346E-05
0,00104692070340616
-0,00794882384226521
-0,000506551447161076
0,0736699996528931
0,000817555871541529
-0,0533268060370257
0,0263570350646609
-0,00052356033394531
-4,90841598638925E-05
0,000648984042509055
-0,00354638673627878
-0,000143542506551274
-0,00700773347430723
0,00331223909399573
0,00223202606920621
-0,00213728711519078
-0,00160551286858689
-9,7689798670739E-05
0,0012302787759536
4,15110425185743E-06
8,34052851405346E-05
8,84249432441806E-13
2,49193767601633E-06
-0,00416720500190426
1,62944168572707E-06
0,0102796155077263
4,14760924239778E-08
2,83629986513507E-07
3,43674595014224E-08
4,26157049396363E-08
-3,64741189247939E-05
-0,00043446253695792
1,0916326640518E-08
5,0687063961849E-08
-2,93814530009628E-08
2,55870796783331E-07
-0,000416879132023309
3,8306303972962E-05
-0,000995858184741026
-2,70828669252972E-06
0,000167101690101987
-4,70362911948604E-08
0,0415097224579358
3,08893275237362E-05
0,000131182503419112
-3,3141899381643E-06
-0,000128570745692821
1,27444856121211E-05
-0,000122258460105918
0,000161448653184292
0,000239755214810628
-4,0034088715657E-05
-0,998451933752601
-0,0145720391723182
0,000237345322144709
0,0054822670300218
-6,06392332150137E-06
0,000544946444916719
-0,000874666342094354
-0,000626011417331159
-7,08414029445491E-07
3,11745192126817E-05
-0,000145148271585503
0,00081493344940916
9,56065033961534E-05
-0,000238820011089412
1,98724745465714E-06
-8,03688957361934E-06
-4,37382620134105E-06
0,00038382103797674
0,000622203952127488
0,00107319099216253
-0,0240451268845124
-0,00326987384654095
-0,0011419002418884
-0,0201423558692352
0,000392914341815086
-0,000136355680655157
9,75937862646298E-05
4,61803826426217E-05
3,69275234314589E-05
0,00192597905055889
-1,88648584779178E-05
1,9832223073113E-06
2,04335615649576E-06
3,5931609927368E-09
5,98974030457158E-07
-3,03565190535105E-06
0,00104012570768228
4,64511098630828E-07
5,00800239889508E-09
-4,828620559743E-10
7,17308465417628E-08
-3,91605265149342E-06
-1,21684935519527E-07
-2,03019549679373E-05
1,23680537919154E-07
-7,74249656528322E-07
-8,9935439352695E-05
-8,10553072370995E-08
6,75001722182197E-05
7,95976444292916E-06
-0,00184293590969182
0,00026575312792056
0,00177717408955502
1,44793688530029E-06
-0,000237163912788908
-2,41985140773524E-06
-5,26746932704652E-06
0,00012250999570546
-0,0731238434302215
0,000211276193454958
-5,47318931512311E-05
0,000250473999770476
-8,3332046557263E-05
8,77937177686119E-05
-0,0128902116396798
0,988572843033691
0,00206830550407356
0,0328173486238223
0,000135226719333433
0,000230454375978991
-2,82486079519825E-05
-5,82152599493943E-05
-0,000839742710626427
0,00431435871468241
-0,00254744295764877
-0,000365787533411684
-0,00111520543638139
0,029292314622667
-0,000253646243136181
0,0624344755412253
-0,000925459081074681
0,0464679027804581
-0,0644202407688754
0,00185003163433461
0,00198385293307974
0,000189936762724529
-0,00186403456350928
-0,0707375384973712
0,0033484519042226
0,000810181054449923
0,000172154168766707
-0,000673271977749727
-5,73422002409165E-05
0,000409316122163939
-0,000669248903378092
6,27199351441266E-05
0,000381470768250305
1,58584863662289E-12
4,46882173058452E-11
-1,01284965765118E-09
7,06042847841912E-10
1,98885174091738E-09
-1,05101013702068E-07
-5,02796239347321E-05
0,00194876470457064
-4,54033085083494E-07
1,01662839703719E-06
-7,74899474143809E-06
-5,25308786782914E-06
-5,56480302284114E-05
-1,33969980620053E-08
2,80371771248112E-08
2,19517978247771E-07
-0,000473867854999273
-7,1019041839514E-06
0,000755119233878107
0,00186803233426699
7,87775270882753E-06
1,00649170707613E-05
1,44608184482733E-05
0,000187706240601047
0,00191642639262342
-3,42406657015997E-05
-0,00936820469313892
-0,000576889785708347
-0,0879370686866308
-0,000140042808993723
0,00308361567725787
6,15497415319033E-06
-0,000614924673552272
0,991261526840976
-0,039801353459751
-0,000300503664954923
0,000225462074830801
0,00172253288838911
0,00027695292163029
0,00200508684562783
-0,0137026053912195
0,0678237013512333
0,000286482618413265
0,000849792121158586
0,00378251268437928
-0,0561916668284753
-0,000594750877854996
-0,000123500365738292
0,000206015877222811
-0,00021115776694604
-2,1693175591235E-05
-4,72459321197568E-05
-0,000832873589871129
-0,00106884675757124
-0,00013724389608924
-0,00165491621517171
-0,000534065262888194
0,000485246512709185
0,000208806718266972
-3,4971193375156E-05
-0,000488532215854449
0,000378471402401554
-4,45389160858402E-06
-0,000271648492826526
1,71667706376708E-14
6,26920767631318E-08
-2,57519915621954E-06
8,76819727293338E-07
5,0764631556376E-09
-0,000110994122520816
-0,000556346922235476
0,0159023521987027
-2,40538428094352E-05
7,62773207272765E-06
-7,78021442709449E-06
-7,11226721248573E-07
6,19658915237409E-07
0,000360000189088556
-2,07002987445992E-07
8,75444840731179E-06
-7,32710365778856E-07
-1,66769139067111E-05
3,00580771478556E-05
0,00060828215386991
-0,000148218693073397
3,4586130994372E-06
0,000104611210612423
2,78777312945699E-06
0,0716059792763669
-0,000488617507154324
3,36912020499195E-05
-0,00666003806579008
0,000337433220452023
0,000277346960062523
-8,94301298139151E-06
-0,00435801138924303
0,0262316824844007
-0,0393146349740289
-0,973150147868293
0,00120603131124451
-0,00154382849140623
0,182746475114965
-0,0112792724830877
0,000128216922579279
-0,00038660546872964
-0,00316559991248458
-0,00253565126343671
-0,0115645526327917
-0,00111231247083903
-3,72601860769276E-05
-0,00167214310161512
-0,000436540110777112
-0,00901732312264917
-0,0148300433327723
3,25026902542207E-05
0,00184021747338606
0,000558566708805304
-0,00429189186455391
-0,0786207294425278
0,000983785111622538
-0,00040640679789277
-0,000854532997105169
0,0179451007316388
-0,0498718726304622
0,000470583479967781
-0,0250810368024119
-0,000233000279866309
-0,0409046200304315
2,19973829238734E-13
1,65683492851008E-07
-1,84179037625168E-12
9,2934581107845E-07
3,5951512702992E-10
-9,9388025974784E-10
-4,79784082527623E-06
0,000185678207237444
-9,80644686082978E-08
9,64658809161522E-08
-4,16144254527127E-07
-1,00890275132831E-06
-1,14167453042848E-05
1,91734083747491E-06
-1,38809968868244E-06
3,19998459935434E-05
-0,000277200606633987
-0,000108265005177938
0,0442564708175543
-1,69382108970495E-06
-0,0406407640951897
3,21893268176348E-06
-0,0006834815786123
-2,20268687649832E-05
-8,61668686101368E-06
6,76299631893E-05
0,000147334632413246
0,00449725279275012
0,0036244052735719
-7,04343545400304E-05
-6,02775881341645E-05
3,10356892499801E-06
-0,000168260719913748
0,000638750600340755
0,000825929126170631
0,996639459707723
-1,24018079056064E-05
-0,00181462858917661
0,000105880533781397
-5,46915394160481E-05
0,000209256319804335
-1,95269682260277E-05
5,99965942654895E-05
-0,00121956850940237
-2,54250030715549E-05
-2,34398047582794E-06
2,84410622728237E-05
0,0539956064411819
0,00102711606618766
-2,64527891159915E-05
1,96621071331616E-06
2,59365098687075E-06
0,000358497679568823
-0,010861693059258
0,000628466538285782
0,00473473726173967
0,0011042071553544
0,000885681187294587
0,00015998322653711
4,03454004909381E-05
6,41756397602149E-07
-2,65712072044819E-06
-1,45041963703882E-09
-9,75557936333121E-08
2,58121218778514E-09
7,99195210412915E-09
-3,87911224096821E-10
0,000744041303899564
-1,50938756350647E-07
3,19738412796747E-09
-3,46953537325903E-07
-1,97078950043811E-08
2,06921597947223E-09
-4,719360551892E-07
4,80493568213674E-07
1,26750739977463E-07
-9,00824253075081E-08
-6,24198137967605E-05
4,78165894984257E-10
2,01904278168971E-08
-8,21637786988974E-07
1,99498192552307E-05
-4,02603219279721E-06
-1,8094365327886E-07
-4,56474483422323E-09
0,000458131490319594
2,19637148013155E-07
-2,28813606011964E-05
-1,9356304370106E-06
1,29779577471622E-05
-1,19480871851245E-05
-2,77060560346327E-06
-0,000418954886097856
1,38210693227124E-06
1,27698122841539E-05
0,000314566144420227
-0,000189107528900581
-0,000238698799658502
4,77420922354504E-06
2,96605041506896E-05
0,996761462620131
0,0112332125309258
0,0453856389665202
0,000137206456623622
-0,000829314904211036
-0,000142064839821665
3,51630152736555E-05
0,000187090563661786
0,000272919427954297
-1,92474934458081E-05
-3,38043999945486E-05
-2,44747311085632E-05
0,000650101865423732
0,000938775406729241
-3,52233656510334E-06
-0,000352898784802052
0,0653020900583591
0,00291518953045098
0,000286627902245447
0,00192047481526666
0,00053262171076539
-0,000316185970567765
-0,000121397568868852
-0,00028705923278766
9,87423798794842E-05
-4,73089658678773E-05
-8,19887663086101E-08
-0,000125989793618693
2,09104613925172E-11
1,73014236836332E-05
-3,42824319248869E-09
9,09316325179506E-06
2,46019246361754E-07
-1,87681457447269E-07
-8,49705781194226E-07
3,19593071905707E-05
-0,0129886625343016
3,42489875199624E-08
5,86937980289072E-06
-9,11520979335595E-06
-1,39994532159492E-05
0,00373496832676736
-6,59322007310961E-05
0,00109279116462216
-0,000337205778317366
-2,70309968387741E-05
0,000278716606286854
2,22137530422046E-05
-0,00341352004884329
-2,0654489885994E-05
0,0054624115150916
8,47362899978091E-06
0,00220570414373826
-0,000658631384886514
-3,25726354840039E-05
-0,102645896297476
0,000980173879517978
0,00221786489487142
-6,20994420037562E-05
-0,000389003856695038
0,00476073823783561
-0,00607750268627786
-0,180183652063026
-0,000938106205627471
0,00749124426113938
-0,941854308022103
0,0714410841809702
-0,0007883186776474
-0,000189230728930965
0,004758404054511
0,0217231559639079
0,239191126425404
-0,00193340235149961
-9,13195452751603E-05
-0,00512265835932572
0,000695789490429867
-0,0366267102809458
-0,0588068701774622
8,76958029380701E-05
0,000558221929753684
-0,00272870632478207
0,0128261352297844
0,00515576708171023
0,0240270188407824
-0,000530357916975136
0,000100037466892033
-0,0291667093732156
0,00595356025094156
-0,000154435938804485
0,00480986190045073
8,13300858488315E-05
0,0150749279763222
7,0098222034214E-16
1,0493401496631E-09
-1,20928331327133E-09
2,43894043080786E-08
1,84827955827611E-08
-1,03901523750022E-09
-6,08815513071617E-07
4,98165690003274E-06
-2,41032763599731E-06
-6,55026352772013E-07
-4,67878403679655E-05
-7,24213221800226E-08
-7,68195949029688E-07
1,54955542638107E-06
-1,20627324316849E-06
8,9835132401703E-07
-0,000132743737005284
-1,14280518884098E-05
-2,67979693523989E-07
-5,74438231515343E-06
-5,8582099050847E-06
0,000615999006334528
0,00015703107223189
-0,0147814943471818
1,07173278842254E-05
-3,61189454285976E-06
-2,12633155780776E-05
-0,00041973820265625
-0,000661845595739667
-5,77993675773794E-05
1,06993352693372E-05
0,000365016184704912
4,92856916231264E-05
-0,000149126857807063
-0,0026724084636802
-2,81093546223123E-05
0,0388530485028603
-0,0751821945300532
-0,990155525217873
0,000443618510576347
-0,00218495003761941
0,00723784160011342
-0,000502735777806372
-0,00555301791935389
0,000650769812279461
-0,000128442951930676
0,00102208100003751
0,000302781018411424
-0,000710689208063155
0,00163194157370944
-2,93726219343402E-05
-0,00058528365142031
0,106691594868847
0,0140892781037105
0,000207437485208064
0,019935936489974
0,00763818669764448
-0,00682631433586887
-0,0045543431176771
-0,00205526826800964
0,00012195671079543
0,000847033243941028
1,55326295721178E-06
0,000130284045702901
4,51540955283801E-12
7,22885969567827E-09
-3,58453553452667E-09
4,90564115985721E-06
5,3683920349375E-05
-0,00106296502500528
1,44553440867297E-07
-4,27775922546814E-09
-1,55329833783998E-06
1,68259553954809E-05
6,28078981057772E-06
-6,8099067648655E-06
2,08380318972632E-06
0,00333494703277309
-1,03919503220108E-05
0,0178988217479175
-5,07447986942455E-06
-1,07862820282443E-05
-2,21190919709707E-07
-1,10951667394788E-05
7,13700382602574E-05
1,81379190430595E-06
-0,00012366834173273
5,87297682694989E-07
-8,3709012884672E-05
-0,000138260163990624
-0,000432783128140874
0,00163780443041935
-0,00082426165906768
-4,22798451502632E-05
-0,130275662331766
-3,21834970233986E-06
-0,00015964104898328
0,000659026158804221
-1,54491545292815E-06
-3,17442992654863E-05
4,15935054757121E-05
0,000667418330133517
-0,000235727812797981
-0,984012049217557
-0,119797525384347
-0,000155991358668158
0,000142820974681149
-0,000103209117033227
0,00521548363294966
0,000169313427306627
-0,0052716397557198
-0,000286553696613221
0,000500198296991676
-2,34358797527421E-05
-4,3066672142763E-05
-2,52452687165255E-05
-9,90685498413881E-06
-0,000883453256957135
4,55006726890279E-05
3,33548938990897E-05
-4,14126206290274E-05
-0,000848989694932734
-0,000944141429027331
0,000841608177343421
-4,68889155504671E-06
-0,000483406082058958
-8,51026462273791E-06
-0,00107558303067823
4,63203071576008E-12
9,72163476889678E-11
-7,05723743844812E-10
6,03926690644815E-09
2,94750422056463E-09
-4,9401399037041E-09
-3,08038482806658E-07
9,05787352953417E-07
-1,26834431453651E-06
-1,07608114916353E-06
-1,09909684609282E-05
-0,000125730398910452
-0,00120098003507784
8,29486564094562E-07
7,62855725388019E-07
9,47974205513499E-06
-0,000781623052304749
-1,38849354913984E-05
0,00121811375901777
0,00225160687453913
1,39895388094456E-05
1,32469861118517E-05
-0,000239474982446123
0,000268893972338974
-3,32778550098518E-06
-0,00360834712340621
-0,0941060851992652
-0,000591029044660173
-0,0893183489469733
-5,65550035053425E-05
-0,0493678036601405
-1,72780202161603E-05
-0,00047282575066864
-0,0220732344505782
0,000940686314360655
0,000508252621715848
-0,000728461737508871
-1,83502184978933E-05
0,00181909292125686
0,121708428758474
-0,929958937354042
-0,00491526784539863
0,00541932364782993
0,000570901791334339
0,29840107750309
0,0093841275263182
-0,0515409722406262
0,000272780260520799
-0,012107177765426
0,008733784886287
-0,00326585796733685
-0,010032786964564
-0,00409395853339726
0,000128852707063572
-0,000406016470699283
0,000380496664122584
0,00060796921585335
-0,000934066165646783
0,00192670504244219
0,000886121204009082
-0,0912719290757504
-0,00637210668050288
-0,000536989881631706
0,00279912068296799
1,26624711409097E-16
6,85681809730074E-12
-3,41227956536975E-06
5,63121744629221E-10
1,44278268925794E-08
-0,000145992376660251
-3,43692840998935E-05
2,16902978487621E-05
-3,83079780385012E-08
2,45460776895487E-06
-4,52192812457994E-05
-5,6240034456166E-07
-6,19321901245615E-06
1,47074362140101E-07
-4,2255698820001E-06
2,60374138006486E-06
9,95379834646528E-06
-2,17839576813446E-05
6,08768159214257E-06
0,0127023300603406
-4,11136758964287E-06
5,92464977090534E-06
0,000500762028741118
-3,60078408895752E-05
0,0696380943567366
4,77287130060429E-05
-0,000110653946031742
0,000179234738865754
-0,00264827275021438
-0,000218705235039128
0,000137245671208533
8,99966043777084E-05
-0,000826028852942144
0,0684655907605865
0,00395782202467036
-6,46371190366744E-05
0,000183468869012858
-0,00587556500050332
-0,00382349121706359
0,000307807812407594
-0,00208089869174781
-0,985430344656606
-0,00315409637155266
-0,0142249756892937
-0,0200275898304956
0,0163466618943732
0,00114452534697275
0,00249806408212946
-0,0142569232332442
0,0111320526819259
-0,000263088803503755
-0,000241565952030909
-0,00721599138804951
0,0584657094954907
0,00527690462483523
0,102824702189461
0,0406411666116614
-0,0370214774181324
-0,0264334125175398
-0,0108743460417394
-0,000178635231594412
0,00479087445316627
9,11591232082978E-06
0,00158604746802708
2,1419964000161E-14
9,175041622637E-08
-8,22104230983135E-11
1,08975113520572E-06
4,78090000850363E-10
-2,24267455163348E-08
-8,04859694417922E-08
3,0204660384355E-06
-3,14356806269547E-05
-3,36455586155238E-09
-1,34066689763882E-08
-9,64852672500819E-07
4,14224917001953E-08
0,000457177166885064
-2,57277937814104E-06
5,06091759646579E-05
-8,73774975662998E-06
-4,2149372388447E-06
0,000230322532252676
2,15203620230079E-05
-0,0487785355230386
2,63529566767805E-06
-0,00067369314528618
9,97741866616009E-07
0,000295200365641277
-0,00117300281425706
4,44168927961404E-06
-0,00111537044900509
2,46699227683977E-05
0,000140305028582352
-3,06996334798111E-05
-6,00716099930476E-05
0,000407974319925497
-0,001126482857498
-0,033296160643321
-0,00357150297768252
0,00172481383566333
-0,234374658759382
0,0234501363143067
-0,000179628842966513
0,00041676135269162
0,0148895484116775
0,0395299743866908
-0,953604811446132
0,00458732973381271
2,82041638767502E-06
0,0160711124579219
0,000274469314915199
-0,00988531509087869
0,0155569293970963
-0,000317547565819832
0,000643778863009444
-0,000733728612550794
0,0122092190827224
0,0009676430984493
0,0573356795913478
-0,120530292941699
-0,0213767897489127
0,0827914842656588
0,0462601955718526
-0,000757016352512398
0,0261342323348919
-0,000153037071085668
-0,033811707366417
5,59284274560796E-07
2,5636990864033E-09
-1,15647686533428E-06
1,35237224845185E-08
3,31222614852904E-07
-1,73616920543661E-08
-4,73025283204516E-09
9,87726813843496E-08
-0,00027291771201119
-8,42774599998713E-09
-4,3706005121059E-05
-0,00271677776890786
-0,0253507709825441
1,5042468261144E-05
-0,000692292195986592
0,00111153465399293
7,3321339492845E-05
-0,000203165702944397
-3,97239873146001E-05
0,0115537882388135
1,35577912003203E-05
-2,34244718107921E-05
-0,000811149252453159
-3,83749451169046E-05
-4,53775817159332E-05
-0,000264432434867562
-0,0292272041782519
6,92870727195594E-05
0,000879005848149797
2,32130549628987E-05
-0,00206607481158529
-1,02013671101426E-05
0,00404915297742563
-0,00178463870914757
0,000550716689164004
4,35081837569018E-05
-8,27124891013061E-05
0,000378818083758145
0,000308750334785146
0,0311815511448447
-0,302058278418198
0,017020414364486
0,00599867401903723
-0,00287924404096731
-0,914810126560233
0,00395902744813402
0,208375617631496
-0,00267487768803737
0,132053526388071
-0,0831972722207059
0,0283680770380886
0,00365083881344406
0,000805394702133652
0,00113148526872617
0,00649089338619775
0,00224941914438339
-0,00186497655312024
-0,0013180251673851
8,72486895051939E-05
0,000250978110952038
0,0149353687149509
0,000798134183848268
0,00344639630471517
-0,000499495065539884
2,77497314116094E-12
0,000163105650433905
-2,65977115242858E-10
-2,85499350504353E-08
4,1117945235109E-09
7,37123911846132E-11
-2,24779741553521E-10
8,4717681744387E-09
-6,6132238799783E-06
8,98966512207417E-08
-1,13885274017302E-05
-1,70402746171088E-08
-1,35543075102967E-07
2,39028970884546E-06
-1,39963915481358E-07
9,78601656755187E-07
-0,000582132147486665
6,38091101193941E-07
-7,51584727247613E-06
3,6417003762538E-06
-8,32898376766845E-06
-7,14505033810006E-05
2,94839352766616E-05
4,28603690595536E-05
8,70888964985485E-06
-0,000174764561688316
-2,05631620172847E-06
-0,000587294128932
0,000129630750230333
0,00100167819476284
-3,89878166876494E-05
-0,000184384498161611
-2,49238612916067E-05
-6,91750117515999E-05
-0,00264652360497826
-2,48741100117789E-05
0,000219010568490135
-0,0290718129992263
0,00294570151544852
0,00046635944545495
-0,0054646004343127
0,0039297440538359
-0,997405270036401
-0,0289650271322595
-0,00455220499404765
-9,13129686915444E-05
0,00318475784323121
2,81504957257081E-05
3,54167747830415E-05
0,00518421199634588
0,00113721207667324
-0,0263442873180121
-0,000214834678181682
0,00279117764199447
-0,000491956096286691
0,0153190470513254
-0,0433034048641129
0,00952819158545481
-0,0125997733955594
-0,00410242065713681
-0,0172500110439217
-0,000753662817468931
-3,35977342630949E-05
0,000126313803188712
7,82726138746466E-18
9,51443852559172E-15
-3,03161383548092E-13
3,29069800898938E-13
1,9798371964922E-12
-7,16258825931129E-11
-4,45066557198165E-08
2,24159642772591E-06
-1,14970206045472E-09
1,68032039297485E-09
-3,59503771064645E-08
-1,27738667382544E-06
-1,35101437097877E-05
8,46184306929132E-09
8,13451916072706E-08
3,66110928890842E-08
-2,7521928434044E-06
-8,67096098134677E-08
5,70276658134281E-06
4,02258343043323E-05
1,56610202376102E-07
1,42999006042142E-07
-1,1049157420004E-05
3,11437834345205E-06
3,53749411259371E-05
-2,91383347938966E-05
-0,0187425556125478
6,56725359180294E-07
-0,00131382889547913
-8,03421629165045E-06
0,000430852486997199
2,77408959773056E-08
-3,00043011871369E-05
0,0549443924358337
-0,00231216491705307
-2,7089723236003E-05
2,74066135325993E-05
0,00017097200782946
1,50523567300281E-05
-0,00119628623161568
0,0111263001475177
0,0203557038438867
-7,02155575331913E-05
0,000334755717621863
0,00207636273336767
0,998034341984063
0,00199447560433974
4,55113020072112E-05
0,00084174166732608
-0,000427140221096409
0,000129830098748159
-0,000160216645280374
0,000175359461660885
0,000301466273767153
3,26240780220291E-05
0,000419207628369391
0,000120145034648185
-0,00010828836958887
-1,68768341126938E-05
1,84091662716644E-05
-0,000846562836286006
-0,00013607267478522
7,07928910251991E-06
7,82767884259897E-05
2,41149838335345E-06
9,65884656239204E-09
-0,00644569322645016
0,00016493639906235
1,88348154601725E-05
9,95425858886633E-08
4,34812411717874E-07
8,64740838343734E-08
-0,00116524312885164
-2,88500329813737E-06
-0,000911190237460614
-7,65312859966079E-06
-8,08501720011627E-05
-1,8460375893637E-05
-5,99626907746699E-06
0,00462641008935753
0,000272874976348798
-0,0289960127817834
-7,3202921276473E-05
0,0416261575916136
1,84528674426801E-05
-0,00266415358157514
-6,52661920552639E-05
-0,000108472782059061
-0,000170272124367312
-0,0085023215128014
-0,000185229192663223
0,000368722486826541
5,08223508875968E-05
-6,50470602939064E-05
-0,00214234043062061
-0,00142532236364652
0,100989729927349
-0,000476501963346752
0,00390695524082902
3,03969359049789E-05
2,5475660970753E-05
0,0014394091534476
-7,47106010174501E-05
0,00617223959262404
-0,0339564739867773
0,0152603615524196
0,000872868155645271
-0,00292916971245407
-0,254401119183236
0,00258380930700226
-0,624470883877111
0,0103434513295692
-0,610919607881364
0,395157456252668
-0,0185659083760662
-0,00312263600326743
0,00184756417480913
-0,0167845215818637
0,00236648132670667
-0,0247742314866279
0,0101049649019469
0,00406831255244786
-0,00627280736414887
-0,00440949605549545
-0,00371976825801122
0,00210263775032577
-0,00075297882526474
0,000526438175275002
4,27824765825717E-12
5,84063230012768E-11
-8,48876149566507E-07
6,63787676005562E-08
1,3789430354837E-08
-1,58344201833932E-07
-9,72028677669763E-08
3,77510429768724E-06
-1,06787997668122E-06
-2,45434378658105E-06
-6,84129301479063E-06
-9,66162744760862E-08
-9,89934793657419E-07
2,42714362318057E-06
-6,75421007643418E-07
4,14523183146866E-05
1,54094287287845E-06
-0,000141727365981834
1,397201372299E-06
0,00168317134611717
-1,89527143761021E-06
-2,2898279532911E-05
7,25569422704927E-05
-4,9519530085159E-06
-2,24411581820558E-06
-0,011587258545006
-0,000319277829604347
5,35413168312852E-05
-0,000625193843210452
-3,599203031845E-05
-0,0923839878942598
8,35123694240704E-08
0,000920844261391899
0,0004008739353622
4,24681342532421E-05
-1,14679122990905E-05
3,01055289571126E-05
-0,000968195440495278
-0,000283690094095594
0,0140015035802671
0,0177390129450271
-0,00181890604551918
-0,000996520769666736
-0,00960373137337762
-0,0616776752429944
0,000811251314116067
-0,739099482078373
-0,00870073885550591
0,58579363722606
-0,292471409461916
0,00754286323065329
0,00162724331172395
-0,00555875266977334
0,0416778330202823
0,00167435976700251
0,081628819061996
-0,0390510791834974
-0,0257408414360696
0,0264081794457227
0,0182516842313186
0,00109411835889386
-0,012752907279234
0,000112076079566248
-0,000745518216815108
1,40177126821057E-14
3,0971307612786E-11
-5,26822807057456E-12
7,56267305882445E-07
-1,74263901201334E-10
-9,50973642989775E-07
-1,83192138955532E-05
0,000708961503269207
-4,90062480710496E-09
4,02555825935912E-07
9,51263275419394E-09
-1,07411818726839E-06
-9,18920957787863E-08
0,000504145972449457
4,7285656537067E-08
8,20234591347396E-09
-1,25171864339691E-06
-9,75546825288883E-07
0,000261795699600574
2,90715577536891E-06
-0,000330693044700168
6,92777693496157E-08
-1,17550795059971E-05
-2,86926386470341E-07
-1,39924893242063E-05
1,29544871746877E-06
3,31084348368025E-06
9,69177697548919E-05
8,24501615381462E-05
-5,89280181096201E-07
1,36999331036951E-06
1,79529966364156E-06
-1,67958897469992E-05
-1,60421756893498E-05
0,000547464549480909
0,0553673774179534
3,06008456007011E-07
-0,000206597158994411
2,42703064594743E-05
8,84718371070896E-05
5,17322786032623E-05
3,78160468306002E-05
1,0818345878418E-05
-0,00020825857084732
0,000107384007219454
4,11187595946896E-05
6,34183922339731E-06
-0,968850770372401
-0,0155434369788433
0,00520143697819482
-4,31637626399568E-05
-5,34890875509629E-05
-0,00687659132478443
0,21661643083634
-0,0128488578465261
-0,0996741541103646
-0,0241669364316824
-0,0180729178360397
-0,00297826873102417
-0,00106956542664068
-5,00408299466701E-05
0,00116041793929982
-3,35694521568325E-06
-0,000765699063747675
3,32590126679244E-08
0,00444549809868207
-6,37694791923328E-09
0,00953833148328719
4,7804534337421E-07
1,94058848097416E-08
-6,46055501763124E-08
1,60427767611486E-06
-1,49552318928944E-05
-1,0887042196492E-07
-1,60618355996688E-05
-1,15110433233382E-06
-1,05801803403612E-05
0,000118923473032906
3,05701422699715E-07
7,54189724708418E-07
-0,000244593648855081
-0,00378688180051207
0,0393117746318741
-5,17864726029957E-06
0,000158299947392617
-0,000371644081383567
3,74749822041464E-05
-2,5142787674422E-05
0,000166657531168081
-0,0163841937302223
0,000137933724904226
-0,00215042915734016
0,00229131779051258
-0,000329809294251222
4,8163258118078E-05
-0,000393097049546792
0,0294996972587788
-0,000271711230780736
-0,0138259231373232
-0,00211161053435806
-0,000756677076921292
-0,0673607695449173
0,005937904020395
-0,000171624405237871
0,000612704196264895
0,000517741928309516
0,00517421924877885
0,0235839017899735
0,0067288152538264
-0,000189809731311442
0,0531039517940728
-0,00403973786228458
0,485822705923158
0,829592872836553
-0,00209514722138166
-0,00329377883462033
0,00168638400379543
-0,00698118581212516
0,0352920360184249
-0,0158282704507913
0,00967138069608926
-0,00236389672495455
0,0608492298980033
-0,182298637767338
0,00117493148355112
-0,086887318691635
-0,000778234570337741
-0,136195608991814
1,77327756743428E-13
1,41414771750844E-12
-2,7202399985596E-11
6,94725720630209E-13
1,93486425664652E-11
-1,38327246303406E-12
-1,87477341345533E-12
1,11717774131163E-10
-4,4709257571972E-08
-1,43646070792551E-12
-1,32068718497533E-08
-9,06171028823988E-07
-9,53719273804663E-06
6,14904634322956E-09
-0,000737576965825845
1,18435014769339E-07
3,17878009222654E-08
-1,63146672238704E-07
-2,57112377802463E-08
1,21408128043564E-05
1,01450567932322E-06
2,16073158092275E-08
-9,41085727250947E-05
-7,16275049387368E-08
-7,26606604396268E-08
-6,04478045966559E-07
-7,58328756133764E-05
-9,02761491415448E-06
2,91574423001992E-06
9,15280033381297E-06
-8,4313373941548E-06
-4,05140205136008E-08
1,94066277883809E-05
-1,00559602131132E-05
3,38084531791105E-06
3,46160073421135E-07
-7,23105802588937E-07
3,5310543850701E-06
2,84779487818755E-06
0,000391719598070609
-0,00428652860804335
0,000320940403969845
0,000118657572252128
-6,20433967769324E-05
-0,0229163480996464
0,000164717092478623
0,0120566316825732
-0,000333821240335065
0,0188065782867474
-0,0142624460895134
-0,998364816656655
-0,0437495325428617
-0,000205806596845462
-8,47156515215955E-05
-0,000840052876616009
-0,000116715978551339
0,000183359114504882
5,32063042579051E-05
-2,24191603031325E-05
-2,09215771522855E-05
-0,000817689032708206
-4,32148130532816E-05
0,01025771478269
-2,83724080555917E-05
1,90072990341966E-12
4,31216598938458E-09
-5,32311437452107E-06
1,53450286665605E-07
3,16159698117936E-05
3,42640883117342E-10
2,13267477879133E-09
9,74624073065723E-10
-4,50359146610519E-06
-9,42197937523551E-08
-0,0116016675321068
2,75416829104896E-07
1,16581530025213E-06
5,19770453124717E-07
-6,25185006505759E-09
6,40234066489737E-06
0,000321612536310564
0,000448540719949901
3,68854298180516E-06
-0,000532346839577349
1,09373000936998E-08
0,000354932380308481
4,9906490474196E-07
0,00024808854408701
1,60763239527286E-06
-4,19449712180764E-06
-1,19066018214904E-05
-4,05173580548859E-06
-1,4836478055223E-05
1,01856224262994E-05
-3,19470347149065E-05
-0,0246039072849526
-0,000412540417008997
5,29829608859852E-06
0,000190283317890113
-2,52595569692709E-07
2,97229881568356E-05
-0,000399434256281611
8,2584074022429E-07
0,000229406148646185
-0,00199089089466709
-3,1056406653644E-05
-0,0251288484166189
-0,000786502530834093
0,00132839832951073
0,000114751629450571
-0,000682156954893809
7,39474202797803E-06
-0,000672077448537148
0,00337499282787457
-0,0436287999595498
0,99458231258727
0,0050625387808572
0,000958725375047613
0,0214421007461176
-0,0024558526762659
0,00528225373635058
-0,00117293372107807
0,00203093695418617
0,000426018159621834
-0,0835497735043092
-0,00203318040112514
-0,000153659450681597
0,000790827038960015
1,50167820945573E-10
3,2496869512305E-06
-3,0992944070833E-09
4,33319034387911E-05
5,16542747609239E-07
-7,27240545380096E-07
-0,00042471629370345
-1,83689217806557E-05
-1,41194769684837E-07
-0,000307682201560586
-1,06210897659006E-05
-1,34633395877492E-06
-1,42398089367555E-05
-3,82084113123271E-06
1,19338360496828E-07
-1,24234162236322E-06
-0,000129591269238287
-0,00199856760299053
0,000179723914639258
-1,78778419950652E-05
3,40939194938055E-06
0,0370530264313434
1,66751365740967E-05
-0,00137860811652749
-8,93456871488045E-05
-1,23075351296692E-05
-0,000421620988227679
-0,000112342894330123
-0,0119507821827664
1,97172674782503E-05
0,000231679455839876
0,00488277773585224
8,1392515794291E-05
-0,00197518212346995
-0,000140048236911751
3,77827822137325E-05
0,0698570960836264
-0,00639819910288315
-0,104733821135939
-0,00052394200602628
0,00450529693818014
0,00111112597550017
-0,000190868205414109
-0,00118807195564338
-0,00242662438570983
0,000217039963860566
0,00138499658108546
0,000275173220441686
-0,000231528662587296
0,00176841275247151
1,4453290573617E-05
0,00509716590625325
-0,989638541794463
-0,0451079057332944
-0,00385386900020953
-0,0308146630854439
-0,00850955689356982
0,0052538199351294
0,00327601744298776
0,0014348115818788
-0,00166169717315875
-0,000636694095084593
-1,12349673706622E-05
-3,03454265366879E-05
2,40571222186042E-10
1,14271647163179E-09
-1,57592600801117E-06
6,92144342815501E-05
7,07953189409247E-06
-1,23518955530241E-07
-7,95836497666729E-07
2,95623670060699E-05
-9,69602381603395E-07
-3,71183543839407E-08
-0,00185246217158631
-8,01683719457569E-07
-9,28515574695213E-06
-4,10681704815648E-06
-1,80574025208968E-07
1,47146783889056E-05
0,000140853794479854
-7,46095805551282E-05
5,63798638429241E-06
0,0325460541323174
-1,89379181279321E-06
0,000271684024750453
-1,4568018459074E-05
0,000113822586680782
0,00191057608397719
-0,00471020884256922
0,000313523314905239
-0,000270372857320588
5,17712467132316E-05
1,66891866388286E-05
4,46327781781026E-05
-0,0209840040174454
0,0706793993131202
-0,00324593837103428
-0,0732388086236728
0,000134936688008561
-0,000137084158862956
0,0220043416108347
-0,00156200877034586
-0,000275928118489646
0,00241395858252068
0,00571301300443826
-0,000585193583295728
-0,0029744376949755
0,00913852124966868
-0,000204159197500205
0,00465780088252265
0,000190071200124581
-0,0147095588288191
-0,0359560612592532
0,000203204351291238
-0,0219073597478157
-0,00566682188894585
0,0490052404866142
0,991229693469755
-0,021712857336998
-0,000965270033489171
-0,00322028858300645
-0,00377241471573142
-0,00170104646449164
-0,00125471273158659
0,000744190183335074
8,61711441827847E-05
0,000127333280322335
4,68145705295915E-14
2,81495855353698E-11
-1,96659151766473E-12
2,52123491468577E-06
-5,81675886188476E-10
-3,16335441745674E-06
-5,97757203099243E-09
3,29195320228143E-07
-2,52928117023911E-08
1,24677049100463E-07
3,01625102694004E-08
-3,56374620700487E-06
-3,52526015546338E-07
0,00166692833973112
1,02910987539369E-08
-4,282448609652E-07
2,38073489150466E-08
-1,21922165054848E-06
6,78192425579222E-07
1,10915422413608E-05
-1,03421476700393E-06
-4,00410841588781E-08
6,26094109609218E-08
-5,87457163056248E-08
-5,5342235634733E-06
3,26959847422169E-08
8,85152355736299E-07
6,59483836495778E-06
1,91001209531874E-06
-8,62192817077823E-07
9,16031831101697E-06
2,34070477806859E-07
-1,16524183298275E-06
2,85716201736936E-06
3,53415367431439E-05
0,00133172292642689
1,78610197598316E-06
0,000103024137506871
-3,39411858270471E-05
0,000230854564125172
6,01885027213402E-05
-0,000400081573533267
-6,4695055597359E-06
-1,67284937053971E-05
0,00019432874602337
3,17381378597358E-05
-0,000362217132792262
-0,215783817806413
-0,00128244054730414
-0,00111937851497672
6,21265655525685E-05
7,76766923589234E-05
0,0159056429104563
-0,671267147366939
0,0464226894196346
0,501772920378865
0,191205847919185
0,441966764026743
0,120875890825249
0,043880930723102
0,000545383394382534
-0,0124099695710046
-6,19535729563757E-05
-0,00778837964513502
7,92919497938955E-17
2,86215750711921E-08
-2,14262759560507E-09
1,9864214501902E-09
5,45982440691411E-09
-2,19539155029754E-06
-0,0005209252756419
0,0155259627125987
-7,87188575233699E-06
3,78270037577734E-06
-1,42957985630964E-05
-8,48344755091602E-05
-0,00082086440077665
5,86795163503863E-06
-0,000801320245961462
3,35611727039134E-05
5,0569388510589E-06
-6,88444092482821E-06
-3,26114818572808E-06
0,00386415626414571
-0,000353847044098921
-1,76693433415214E-05
0,0377093855104061
-6,80722110746924E-05
0,00119524012919225
-0,000170448578296892
-2,51918342906921E-05
0,00400000261558515
-0,000308528053169733
-0,00514676636611281
-0,000462384910881701
1,49673842364164E-05
-0,00014083404689747
0,00717147617612755
-0,00328315346319926
-0,000214003708872132
0,000972038540419703
-0,030016938651837
-0,0201165269710497
0,000243134429598332
0,000313079101340019
-0,134108108867702
0,000184205875000118
0,00730125684044035
-0,0028276057785275
0,0028555998689329
-0,0373018912272029
-0,0126421130339225
0,0441690287139414
-0,0422444088997599
0,00106941734799222
-6,48969342452647E-05
0,0490087522934573
-0,403091472558489
0,00579818972382304
-0,753588766544904
-0,308354145182856
0,29879857022871
0,21585324687234
0,0893360535075156
0,00175494020009311
-0,040478060628033
-6,18900876106955E-05
-0,0131291560763267
1,86544912196569E-14
2,96784813824318E-11
-1,33441102113678E-08
1,01381582357289E-06
4,04968077189573E-09
-0,00889503506991941
1,04694925240308E-06
6,15400539499402E-06
-2,26851421106245E-08
0,000139172676679737
-9,11195497254592E-06
-0,000116634546967524
-0,00107308042460364
0,000659777889868933
3,09475861622436E-06
-1,44214585965203E-06
4,18049628996515E-06
-4,94323506129951E-06
-1,77272703348207E-06
0,00239440599140217
-5,25691389179394E-07
6,11051221845051E-06
4,45432560678791E-05
-7,34755828884123E-06
-0,000560044720595875
4,66954155638818E-06
7,42880233059686E-05
2,24899623656782E-05
8,61891344055635E-05
-4,24395610413425E-05
6,19501050430918E-05
9,47299079997753E-06
-8,79516850312918E-05
9,55322433162728E-05
-4,23862829864195E-05
0,000544142076373974
2,28535800329026E-05
-0,000663096560814467
-0,000540829689117381
0,0013020242123072
0,000647225739261171
-0,00555112162004604
-3,1231867915771E-06
0,000365148554005654
0,00208064392150966
0,0002067557456193
-0,00218786664543889
-0,107039790196655
0,00711087527225232
-0,00759295339325111
0,000159880664274863
0,00019729586759352
0,0225524573329811
-0,567431563743022
0,023867812315094
-0,0197147563728881
-0,133656502102204
-0,760926676411846
-0,246415654663167
-0,0815078662321053
-0,00120724084448333
0,023821012382011
8,75483310437115E-05
0,00721151030547262
4,91188197224475E-12
3,29659270212704E-05
-2,35889556375844E-10
-4,67886877331471E-09
3,37994822732346E-09
-2,63047816031978E-11
-6,85094705027811E-10
2,94475244171123E-08
-0,000152412707068835
1,75107318022904E-08
-1,14381264361638E-05
-1,52599366591545E-06
-1,6433191160945E-05
3,99349490853056E-06
-5,97491101899898E-05
3,80411866708597E-06
-0,000941671632146348
-2,94267060856952E-06
-1,03903810302665E-05
7,32482532689032E-06
-4,42240301943315E-05
-2,33643329067733E-05
0,003847525685311
6,35177551481483E-05
1,13704829441918E-05
-0,000258551650523245
-6,14049102521771E-06
0,000562476120842255
0,000145741390696967
0,0762071092565612
-2,01048315837264E-05
1,17684771286883E-05
-1,00748986229547E-05
-5,60702142116154E-05
-0,00285649758153044
-2,37833025804662E-05
0,000177164740794212
-0,0229745762546012
0,00198662433281383
1,76547944326192E-06
-0,000194292205502273
0,000293663667079938
-0,0401121217687243
0,00195497772713882
-0,000358176474339902
-4,09499584026862E-06
-0,00389524289759252
-9,05519429003873E-05
0,00155101854628976
-0,0132240641836654
0,000474358307273387
-0,00506668256560057
0,000994121089979826
-0,0193942767435723
-0,000191291235648729
-0,149327986777718
0,599883621181826
-0,319780015137767
0,63699491211154
0,266876039108919
0,010679623338215
0,103801428844264
-0,000616219249742852
-0,138328671886379
2,94974685633843E-12
8,0409961559469E-09
-6,86229985275367E-10
7,20665022394442E-08
4,96327476256638E-09
-7,95514306149376E-09
-1,15878893127049E-07
4,48365894604424E-06
-7,04676597734107E-06
-2,90793736569453E-06
-1,35172852680158E-05
-4,72125818548195E-06
-4,70158392503054E-07
9,02119509487038E-06
-9,28080857394084E-07
1,95896047331124E-06
-0,000591521670545772
-3,13474346601481E-05
1,43583047997741E-06
0,00166111809255531
-0,000620553510035308
-7,66530550046399E-06
0,000103422253294291
3,5211725711668E-05
2,04244661399416E-05
-0,0402293924275541
0,000114911893268333
-0,000522097955283693
0,000164081129771934
0,000804054494695956
-0,00056947282271226
8,76127808607943E-05
-0,00611261153431776
-6,6324273478261E-05
-0,00391753634023061
-0,000279747495898936
0,000276733575265009
-0,0359030127873876
0,00333629758105821
0,000183103900288502
0,00107454065973953
-0,000306966615704684
-0,0206888644781273
-0,169502063156956
-0,00124088877252082
0,000138315333876336
-0,0428823228623316
-0,0014483867192427
0,0488403192302777
-0,0464894124133897
0,00145890306441084
-0,00358122993223941
0,00706309306670302
-0,0780278698891821
-0,00525830246268415
-0,338849288127812
0,676460688423895
0,128552236140435
-0,473276571570179
-0,270600435181805
0,00472778552116269
-0,161249483144811
0,000939488177719407
0,207629373935671
1,36906785318476E-17
4,09774603806676E-09
-1,99232767353228E-10
1,33881048454114E-11
2,93049620357632E-09
-1,269809416334E-10
-2,55833575150229E-10
9,8056747363318E-10
-4,14507703145677E-09
-1,66964230409869E-09
-5,56709064664149E-06
-3,15822561764805E-07
-3,35569817374319E-06
1,33530160917445E-08
3,33583071233937E-09
2,11336057582437E-07
-4,26701516819777E-06
4,77550923482901E-07
8,11310538549103E-06
1,76262025875473E-05
1,17500663337388E-07
7,66461420776888E-07
-2,62328013022601E-06
4,37124486522871E-06
-3,92149266638924E-08
-6,55434979388425E-05
-0,00186296837414771
-1,45826800478729E-05
-0,00204554453646311
2,66006861250276E-06
-0,00468404077964143
-0,00015808513071572
-2,09829977059749E-05
-0,000891531936249679
2,28424900719356E-05
2,64860566920847E-05
-4,14311314227225E-05
-0,000299029397571587
0,000161497612645874
0,0109546093251893
-0,0827297417181294
-0,000477160764966399
-0,0185006623319206
-0,00050935104726679
0,0406254696013263
0,00175902184344152
-0,00970785733295406
0,000111716152996231
-0,00570596521744457
0,00435911992001419
-0,00526941883463317
0,0824189333303447
-0,00176197204573114
0,000267404224206669
0,00296923696021755
0,00158328181780977
-0,00744399557046076
0,00467431965000573
-0,0130586400762897
-0,00178905199388438
0,9914583783771
0,0260840717455089
0,00196296226693145
-0,0101519604298796
7,16917497506182E-14
5,51351537353354E-07
-1,28291603352862E-09
3,34960113711914E-06
6,00778042242992E-07
-1,1927248424373E-07
-7,94489860657265E-07
2,94717954621986E-05
-7,15938332568792E-08
-8,03318685748528E-08
-6,05139104395295E-06
-6,3313701518441E-06
8,18988408865673E-07
8,34911828161183E-06
-1,37111662612566E-09
-4,33149131896036E-07
1,93270128664262E-06
-0,00101509951529982
0,000206567179022656
4,12036284631317E-05
-1,22197812832908E-06
-9,39016606951774E-05
2,28695485769103E-06
-2,03641872624979E-06
0,00197666785379754
-0,004137420105255
1,37845498204442E-05
-0,000294870858598275
6,00063960615917E-05
5,3864433747357E-06
1,91217541374322E-05
-0,000416455651011323
0,00944179835496503
-0,00278976996387644
-0,0719544663837207
2,40174831822391E-05
-0,000196961303520714
0,0167094620218017
-0,00106618524908086
-7,51142544912509E-06
0,000165809814545596
-0,000561925889347447
-2,88849522955756E-05
-4,46647038335413E-05
0,00166395750350045
-6,1191239410203E-05
0,0135219929147383
-0,00126334872133746
0,126595358140119
0,215775405319871
-0,000537068594730782
-0,000828410733071441
0,0010183621328519
-0,00489897981972167
0,0031455087982179
-0,0159727293661663
0,0180172172632582
0,0167438083103155
-0,22578715571705
0,67620267658944
-0,00497816837248475
0,338441728577882
0,00307538275847432
0,554929676293353
5,45369493562885E-13
3,38718126452635E-10
-6,77685913803074E-12
2,93560291594373E-05
-6,75330643587654E-09
-4,75103412414585E-07
-4,60087070290855E-10
2,79336315206749E-08
-2,97638538355276E-07
3,24617957779387E-08
2,04304438407807E-07
-0,0221833897790304
0,00266071324890909
0,0192669466133825
-1,42651806188594E-06
-4,83270380024251E-06
-5,13421298797736E-07
-1,46009900151703E-05
-1,50662299419156E-07
1,46786053393532E-06
2,30748505515893E-06
-1,00452312081175E-06
6,77249659345807E-06
4,33768349710326E-08
-1,32577582265754E-07
-6,58005868449213E-05
-1,6494437720739E-06
5,95399602461138E-05
-2,70470632322466E-06
-2,23319059472807E-08
8,92705517682127E-05
-8,7555149594264E-07
2,96667296677545E-05
-3,99401265233628E-06
-7,01781714441905E-05
-1,01609827608926E-05
1,02400986618041E-05
0,00137963177745009
-0,000112015212869069
0,00171460400465545
0,000236329265323982
-2,27565403407999E-05
-0,000265765712043968
-0,00204917462223553
-7,38564919240627E-06
3,67154216686583E-07
-0,000404015895485188
0,00165741093484357
0,00559851930709119
0,00655635308358209
2,52916403308945E-05
-0,000166631608189082
0,000271625239629672
0,00107729043616295
-0,00044861413046438
-0,0300881526756832
0,0678282296921487
0,0366589542035182
-0,383859985437949
0,559796310738736
-0,0027484715739331
-0,293701876636743
-0,00362687075035554
-0,66722556230992
3,49214946201154E-17
6,75659416341275E-09
-5,65118948923098E-10
2,28165846001792E-09
5,04786806277014E-09
-8,8205491471411E-05
-0,000261221164008064
0,00778551671279665
2,30655948748107E-08
-0,0140138656351188
-2,31715315357345E-06
-3,04869517910013E-08
-3,50965884947374E-07
-3,37538600276354E-08
-1,90527489544476E-07
2,09986655716912E-07
3,22608981311293E-07
4,70919416346548E-05
-3,38419425080233E-07
0,000693924059341402
-4,22994594764148E-07
-0,000791488167101579
2,9570248704042E-05
-2,16326345329454E-06
-9,26101072038774E-06
-0,000780392801030305
-7,83146562907442E-05
6,40559657043285E-06
-4,68921166625207E-05
-9,38650438702369E-06
-0,00038097190828327
-8,38237386867423E-05
-0,000154007714755877
-0,000583604000350768
0,000121006672992747
-8,62300940640228E-05
7,33256124423617E-06
-0,000473836180708177
-8,23947615574758E-05
0,000588374371868905
-0,00369223025438218
-0,00126954708214313
-0,000286874479899858
-0,00271099063278422
0,00117325380704342
0,000279955267503101
-0,0195647994616945
0,000761076860110701
0,022657877626437
-0,0134628572552384
0,000403614390685466
-0,000290023666757647
0,00215368217834328
-0,0240971452790658
-0,00180734847718106
-0,0792610151725663
0,0657987471816431
0,109725412435599
-0,183215554271493
-0,170592422905267
-0,0298507410189186
0,865956687533417
-0,00166081051793439
-0,40243404319403
3,74186103464809E-14
2,98293109059584E-13
-5,73751902850478E-12
1,46452424199945E-13
4,07828326342744E-12
-2,91447030793873E-13
-3,94804507842791E-13
2,35122030190646E-11
-9,40494417309656E-09
-3,01967790727717E-13
-2,77076029779239E-09
-1,90046787648751E-07
-1,99881051252013E-06
1,28819789927562E-09
-0,000153890904694053
2,46875829624344E-08
6,62191051046407E-09
-3,39011681797857E-08
-5,33768363148615E-09
2,51095309282648E-06
2,09352799036547E-07
4,44336872572494E-09
-1,93211668047114E-05
-1,4623561864562E-08
-1,47386354242011E-08
-1,22210489063221E-07
-1,52402228671417E-05
-1,80182579103538E-06
5,81553791355966E-07
1,79689133802478E-06
-1,65007316424621E-06
-7,89584671591442E-09
3,75019720077935E-06
-1,9129354731204E-06
6,40620397697629E-07
6,37744052088246E-08
-1,3043502514998E-07
6,33468558941752E-07
4,99785588218507E-07
6,67112833598369E-05
-0,000712450176980421
4,97541867208976E-05
1,82285390686383E-05
-9,30391387753819E-06
-0,00328796942711442
1,9655932548934E-05
0,00123902898964615
-2,2561734742658E-05
0,00116788845264292
-0,000789041745286198
-0,0101303985546973
-0,000419928044928685
8,8726117464539E-06
7,03789057558502E-06
9,57625914811695E-05
2,13556084893622E-05
-5,93824263336826E-05
-5,28955643478116E-05
3,48318854521485E-05
4,44828302173706E-05
0,00209569540026193
0,000582062319339865
-0,999925375468537
0,00517875803045673
