0,999983936695484
-1,5408531280089E-05
8,46103200618775E-06
-0,00560422730462365
0,000121426287733794
-1,90661091546702E-05
8,13371181433249E-07
-3,73212127231836E-06
7,13427825565446E-05
-4,91488820772193E-06
3,74052131024182E-05
-3,18728403705009E-05
0,0003978001321927
-0,000451001123144505
2,31155438137375E-05
-2,71783763200943E-05
6,66696199924872E-05
-0,00016539842290162
0,000190993450012718
-6,5361157224358E-05
6,71002596613102E-05
-5,48829314316845E-05
6,25469693525553E-05
-1,38123016195878E-05
1,85359656079307E-06
-3,23956296499997E-05
1,62589318108855E-05
-2,80817269326847E-06
4,88608360292103E-05
-4,31290766253898E-05
4,80950889990955E-05
-1,46435569883285E-05
4,33385335763435E-05
-3,6406785711267E-05
1,13322604773698E-05
-6,43786623993547E-05
3,46166139238588E-05
-1,20153624106257E-05
5,66123433297288E-05
-2,12865672722922E-05
5,40980714349882E-05
-2,61751902139407E-05
-2,82620012190719E-05
-6,22262207086995E-05
0,000105160869259468
-4,47005183341152E-05
2,4151011604117E-05
-5,88513951188388E-05
3,9726539136289E-05
-3,13751779175882E-05
7,95881104111671E-05
-3,2685362706758E-05
8,85297529013654E-05
-1,84338042044619E-06
8,7663516513029E-05
-6,68019861028529E-05
4,87636283687509E-05
-4,59516083770409E-05
0,000117074596686001
-0,00038855411534861
4,0998385692771E-05
-4,64403500911353E-05
2,47024671781186E-06
-2,4537873887979E-06
5,05299383012931E-09
0,997184356676206
9,89743040465526E-05
-0,00684566831145653
-0,000160202228392739
0,000133266727918307
-7,21088238893754E-05
0,000249899851121784
0,00254934382880123
0,00553892676512573
-0,00066045735378284
0,00124497209616159
0,000722714227969075
0,00134772467925245
0,000548728653399596
-0,00662287282972419
-0,00746475899924599
0,00848729859251488
-0,0189948152384598
-0,00159050916108703
-0,00287999580854294
-0,0244337034312234
0,00170868294555056
0,0141794512264976
0,0345350655920614
-0,0175748592149545
-0,0012593397354828
-0,00170190328000549
-0,0048143918845759
0,00127632672586112
-0,00264230709777243
-0,00533586904930841
0,0101177082963593
0,0161345953857149
-0,00980318080699069
0,0035805772810805
-0,00613940182858531
0,000431683509363952
-0,00599014568263924
-0,00810047022888991
-0,0169809672776184
0,00645915139042723
-0,00880896078854656
0,00230312744380894
-0,0058421614085447
-0,00095768392456522
0,00140234065413489
0,00681441128254146
0,00236258586234842
-0,00245039590230238
-0,00147232352180656
-0,000260664049486131
-0,00938566572979843
-0,00397681573117824
0,000256156672556851
-0,000555229085644976
-0,000210676343999275
0,00754905919914216
-0,010486557937518
0,0347036835552535
-0,00136088744406358
0,00501089709394378
-0,00023048872075746
0,00041070171757345
2,18648532311109E-08
6,52424194512265E-05
-0,994264249750805
-0,00302768474400704
-0,0180249046879253
0,00168068316541119
-0,00612096612298783
-0,00227187313464234
0,00320236234649854
0,000663138107246685
-0,0545962232663758
-0,0127054277755727
-0,00100876470242313
-0,000278754003626981
0,00543747289848228
0,0152460376202846
-0,0107962609858963
0,00848376707897935
-0,0087474988874657
0,00315898126499269
-0,00187114141613216
0,00457317348386013
-0,00390091630602034
-0,00534605547216228
0,0151050522734065
-0,00316230224162538
-0,0279072920171153
-0,00168290009963006
0,0234869781690526
0,0112734348616521
0,0227467354442466
0,00284281641592398
-0,0121059981164735
-0,0286465454892491
0,00732670024830637
-0,0337263125064253
0,00292934181028956
0,00947668448689568
0,0104290281304024
0,0240416676814073
-0,0101623257778111
0,000181705770496483
-0,00286631935245309
0,00290504230958705
0,000217155198372497
-3,1240911970353E-05
-0,00436634575408932
0,00896299303548134
0,00317406898658732
-0,00543134507747018
0,000888350283978218
0,00580104640238484
-0,0281031837453338
-0,0226469757578512
0,000255442373085466
0,0068201579336797
-0,0175275302910352
-0,00705747541674554
1,36917865198365E-06
0,000611356467674525
0,0102379833921048
-0,00518368107996251
0,000242887485630808
-0,000726113100970864
0,00566610103573114
0,00265778632683716
-0,0011863964359568
0,988854975688013
-0,0218248886374109
0,00337490008970345
-0,000259364345353297
0,000830217746712623
0,00127487203426064
0,000892533868820548
-0,0104218935270096
0,00718078089331201
-0,0689693619067942
0,0813886332927389
-0,00558699163662161
-0,00530652574612617
-0,0189934897771167
0,0250657714214269
-0,0300627714764106
-0,000350544491753015
-0,0124115857084369
0,00845328935424496
-0,0101882648584109
-0,00220900336074475
-0,00183043495402099
0,0044790505135218
-0,00340136556139684
-0,0014941359679702
-0,00664142139467653
0,00844454360437709
-0,00552135663664197
-2,37659164969411E-05
-0,0087968591527631
0,00679784215449738
-0,00408392715850679
0,00887022997495787
-0,0115577056781933
-6,08424860376392E-05
-0,00549470057477193
0,00378602193591538
-0,00921525657414085
0,00511777671538637
0,00520336132775016
0,0110862044179088
-0,0181512306955661
0,00805145182151208
-0,00392909633878732
0,0117106413107982
-0,00604069233591117
0,00714612356754404
-0,0122098425638049
0,0072310070682731
-0,0158126323799996
-0,000286665499618816
-0,0152648535148119
0,011939828210069
-0,0086128201274491
0,00792234021396039
-0,0207846750376033
0,0694036842570336
-0,00707830607250327
0,00822981778647142
-0,00045143347843774
0,000430688823541649
8,82151146263844E-09
4,97754994292951E-05
-0,00664357041849535
0,0186317880921527
0,982272121724682
0,000300946761907266
0,000101515471977401
0,000387551589393424
0,00809770069950712
0,00597493436946234
-0,12902626876066
-0,0310130522232475
-0,00356617017394929
-0,00111775720066419
0,0174624100426756
0,0221339076629803
-0,0208659481738279
-0,00925794395445009
-0,0640151501065319
-0,00901132212463783
-0,0154172893205916
-0,0267471756733802
0,0108907786027506
0,0133723094780176
0,0113112054525911
0,000193091907999012
0,000650416926366822
-0,000139793695530605
0,0421525645884156
0,00603763798698737
0,0141148310895776
0,00379878203580772
-0,0669882819716044
-0,0392932212653641
0,0274619896139896
0,0143092208771877
0,00299534967032303
-0,0112230023379808
-0,00670816247694088
0,00592951628070828
0,0146968897499789
-0,00461842878584117
0,0109425539265595
0,00241536227429907
-0,00323256111000531
-0,00609419263702655
-0,0154213515660914
0,00674157172913361
-0,00899953129659107
0,000612587143464814
-0,00106479394499416
-0,000536773736944146
0,0085581364602853
0,00243294587869753
-0,00509660845378981
0,00181494720209733
-0,00180336385543986
0,00120795961626886
-0,00153980117966535
-0,00314094751779586
-0,00407104720657466
0,000461347512974333
-1,57877066878189E-05
-0,000161547308402684
1,20605467583652E-10
7,18964074835849E-06
-0,000486133673906346
0,00188559201649782
0,00011139424116232
-0,993688839881385
-0,0127526186451029
0,00429428319484623
0,000113139922317149
0,0597338271099669
0,000661366124408312
0,00260203377390358
-0,0113371586759448
0,0146398232505585
9,33218295156932E-05
0,00129072494678184
-0,00216960531770157
4,57566218631013E-05
0,00326055594143546
0,000611038223948873
0,000647721069639046
0,00119486547223311
-0,00251247439940173
-0,00184844102005176
0,00319300905120089
0,00624545262414796
-0,0201735162810673
0,00790058651834134
0,000585810905792541
-0,00558303204725997
0,0054565175382804
-0,0012162468460889
-0,000184524594738002
0,00175701078629988
0,00614892580727735
-0,00260946196953697
0,0307416235815
-0,0267263997749651
0,0272199787527704
-0,00667264919047805
-0,0314699438745931
-0,0300010810145551
0,0121578760446542
0,0100577007855167
-0,0020792870771536
-0,00758991539637447
-0,000439780999011383
-0,00377979210076438
0,00370712896196929
-0,00628009114435499
0,00850751751978018
-0,00351889865955429
0,00187390271069399
-0,00647816320801576
0,00251076872572024
0,00870457801438664
-0,0135208154405383
0,0254131964394801
0,0386374567862935
0,0050787748974049
-0,00815392681724306
0,00248894801291533
-0,00196168554970375
0,0217124154679735
1,14706334375185E-09
1,11129326410484E-06
-0,00143347400789033
3,0878917716818E-05
-0,000103712251732115
-0,00830316437421087
0,936722333871008
0,333336764279208
-0,000954559036128521
-0,00421307105912461
0,000260791170718181
-0,000112208761558881
0,000339370533341741
-7,59335154352862E-05
-0,0021404392978631
-0,00396006810432696
-0,00177947054342826
0,00205060556438173
0,000763923172283976
-0,00133077205579535
0,00105825890397204
-0,000381682058815179
-0,00210252113888973
0,000154122414038519
0,0132417138819215
0,0185209575357863
-0,0680974373443569
0,0136271598058566
0,0053470649127594
-0,0162219721327542
0,018997432355648
-0,00650093449269588
0,0133951423656121
-0,00926477755148621
0,0163219580596845
-0,0283275945207352
0,00396661184114759
0,00127441473594667
-0,00277749384940513
0,00732907231013388
0,000697586483169004
-0,0129358369968154
-0,00697159903686232
0,00584214265365211
-0,0163424981146682
-0,0037897655139568
0,00249503403415795
0,0114107470555205
0,00268867697579013
-0,0142216424899122
-0,0162633558395878
0,00344130450335136
0,00996557592700881
-0,0314616708224017
0,012147598474481
0,0050659386919586
-0,0304196400579712
-0,0217946233406949
0,00350144200462405
0,00371212144375828
0,00336802984931923
-0,00257957969833518
9,56154274506907E-05
-0,00145438491644096
1,14424754896162E-09
3,39927257538631E-06
-3,87136346906006E-05
0,000101336947979197
6,99601515816208E-07
-0,00453796458898639
0,3260152335689
-0,914844219077336
0,00699332604184016
0,0307268116050522
-0,0102232194089916
0,0185698272210269
0,00686345419932849
0,016410496108329
0,0079758365347219
0,001228531479093
-0,0315938117275578
0,0296015654554136
0,0291683386244078
0,0109018799528397
0,0270511251895521
-0,0142095376877252
-0,0431949355495509
0,0153142453583072
0,0165173595215104
0,0185104189608717
-0,0687155047298985
0,0383453414114947
-0,00370800676312335
-0,0210604314064388
-0,031229020877976
0,00981927534188345
-0,0322935718402406
0,0323900242441432
0,0174268431005355
0,0882135883306214
-0,0155919556273181
-0,00503732251250089
0,066776652384308
0,0363173115772433
-0,00570587504478739
0,0191302252250487
-0,0205545711464495
-0,0443005757705222
0,0736835094814751
0,0123532827736079
-0,00713741793654614
-0,0513907694692414
-0,0203149106126845
0,0213333006502806
0,0312597127317669
0,0279587614303659
0,0218745280749585
-0,0353158313842387
-0,0191368429146093
-0,00732155627917007
-0,00490832214672979
0,0596790750374657
-0,0427071377406962
-0,0111499639235824
0,0544710363171044
-0,0123627183413167
0,00104160492047181
-0,00256030875640283
5,27778424751981E-05
0,00203215549701789
-0,000147429297019326
4,06664497592917E-05
0,000822814031526771
-2,80187090248529E-05
0,000533672889996198
-0,00485700879203721
-0,96270615916698
0,000251778161222367
-0,092859670719432
0,00468658466094006
0,00528573598572258
0,0216564115132636
-0,00902271111509659
-0,132133006769601
-0,0329178758177115
-0,030884755164284
0,0496283666339875
-0,131781365779744
0,0780130845060297
-0,0101093698632663
-0,0337193040869951
0,0113457426241103
0,0149275388333651
0,0348551835110493
0,00343676625219745
-0,0164312265813004
0,000585524286519859
0,0547038858168842
-0,0237344224064187
-0,026402282788214
-0,0333844732663931
0,0275186402440976
-0,0183446259718055
-0,0396139058856891
-0,0095269377160462
-0,0493314600273733
-0,0196327925031596
0,0161528348566408
-0,0075733534466731
0,0250647947102725
-0,00738986088867947
0,0146219938852175
0,0186858340512546
0,00156884284659744
-0,00649514163373643
-0,00691454467686815
0,0407822424598944
-0,00309283147913947
-0,00723724002509573
-0,00203602014854952
0,00440275572394255
0,00719210519336675
-0,0184526270683599
0,0089255207696605
-0,00691875246524751
-0,0154072653455921
0,0114147869782812
-0,00696669927666736
0,00136398379954124
-0,0126994749806705
9,8071289767191E-05
0,000712055576563513
4,22114019944995E-11
0,000474699004731056
-1,36076305288861E-05
0,000337961761322412
0,000956937311237079
-0,0605396185579711
0,0026917109603863
-0,0211430147905858
0,000404835448311708
-0,983843157398494
-0,0145712950986966
-0,00422861336417452
0,004242076673537
-0,00514848631523726
0,000971785647396789
0,0128571892842674
-0,0120897771803915
0,0234941504833412
-0,0418696432218247
-0,026780973572164
-0,000448211511671008
-0,0498478710243292
0,00973362340011773
0,0129239470708782
0,0361661801808771
-0,0200368066151243
0,00693093340690285
0,0110598778055851
-0,00896492409260068
-0,0074450007227485
-0,00695640052071448
-0,00817757407663833
0,0119447258191815
0,0150413058552919
0,00199457153217189
0,00538000102239076
-0,0128952704508056
0,00201077257981078
0,000584064107866455
0,0133343680086191
-0,00255873796988687
-0,0111603426376197
-0,0233597072122947
-0,0223917349574207
0,00783449603952473
0,0149153181702434
0,00228885287407648
0,0181137771561732
-0,000292513697153778
0,0145494176530717
-0,0282282829929586
-0,0197081632814749
0,0280389296823045
-0,018931512961971
-0,0267064724345992
-0,0427237726950444
0,0202521761281265
0,0232949150567217
0,0194045383246353
0,0227333252358013
0,0960686923435229
-0,0265068072630034
0,000667064642725777
0,00637349303502571
2,23306046760346E-07
1,80868825858618E-05
-0,0540441060275277
0,00964683399693944
0,126343906791669
0,000179143635969384
-0,000243871233198849
-0,00144409812433324
-0,0379023732444134
-0,00761379378231902
0,887518366544204
0,220447682356786
0,045257753650933
-0,00119760494599874
-0,0601941410915678
-0,0780216682485298
-0,0813152449888369
0,137081473884736
0,0575550635293708
-0,205812006997783
0,0723239870339237
-0,0641540116629196
-0,0267590385999473
-0,0543354922318199
-0,00692819964249081
-0,00893563558678262
0,0017602696409189
-0,00767170521703278
-0,12445694152755
0,0530099187210167
0,0697071606776258
0,0434395997546312
-0,0566383580336008
-0,0722304068368685
0,0327552642467578
0,0121175026467171
0,00429514421588111
0,0159724811647127
-0,0114060578521979
-0,0220450685629686
-0,0161896458115578
0,00983180835837311
0,0262066007874799
-0,00811433430750222
-0,0147507225060295
0,0462369263025854
0,0747766943065078
-0,0366616798368667
0,0256548247129984
-0,00559057740810402
-0,0109756711094654
-0,00849328798874972
0,00757735562835393
0,00724790512538601
0,000550407515019295
0,00923399690334581
-0,00254422383913813
-0,00896536645496344
0,00340606369975203
0,00601173874196334
0,00224832440014246
-0,000974153697277347
1,72671511824071E-05
-0,000218522341358989
1,94465293332964E-12
5,10982407624307E-07
-6,65913871750123E-08
0,000114603397583095
-2,56850655272099E-06
-4,64345584987297E-05
0,000115325558342633
-0,000690706459920479
-0,00130477709412521
0,000283286993996144
0,0995348504678024
-0,497136707460621
0,579315428171612
0,590824664934092
-0,0685052725989267
0,0302124313071267
0,0365165268907069
-0,0231910122769694
-0,0236193693796559
-0,00248702868699639
-0,00547749827921741
0,0044342092357987
-0,00156797927170624
-0,0275269284586856
0,00753996098392007
0,00246588898724308
0,00427827570664197
0,000534021188129869
0,000307310261117375
-0,007118418457437
0,000645205029825768
0,00434313720404253
0,000820816813868007
-0,000233818627178786
0,00365185335366714
-0,000848603660485503
0,00273951982010003
0,0271891586047234
-0,0351508140771796
0,00714437884204544
0,0333122575912487
-0,000403760498337476
-0,0181766990652206
-0,00387135776458738
0,0327929768781828
0,0195930257996353
0,00853316606985048
0,0297214295654055
0,0232199512240902
-0,130276218297503
0,123836880753024
-0,0941471586081132
0,0219419769184311
-0,0185185744115401
-0,0218486124061618
-0,0127219755352354
-0,0022643890665003
0,0110109140358561
-0,00527609605628869
0,00288917926889848
-0,00196744263908526
0,00184011796957397
3,50330407611805E-05
-0,000600705705979653
1,53697499268351E-08
5,94192124955028E-05
-5,76601822730698E-06
3,53146916105601E-05
4,99150193324784E-05
-0,000303984469555246
0,00203698246699864
-0,00771318825937579
-0,0115103213591978
0,000536024643547182
0,188303498526099
-0,764611066968044
-0,380860031854341
-0,236184775648061
0,200848484680688
-0,0803197486173384
-0,124862424822757
0,101925776853033
0,0914072083438899
-0,0088789070120755
0,00467114056265479
-0,023179748602032
0,00594234971237345
0,160500510425929
-0,0715609902905363
-0,0380964536029128
-0,0157369021237137
-0,0269336011401338
5,97838872310439E-05
0,00962444551317447
0,0406972587309009
-0,0306270292137419
0,00767439133669368
-0,0135095330494
-0,00642873587055393
-0,0282735924455798
-0,144380683792854
-0,0430219158686052
0,152720733583603
-0,0522885626234806
0,0342052012970631
0,0132204008167066
-0,00400155410456302
0,000235367552056947
-0,0419256776934481
-0,0363598245097537
-0,00361267183805455
0,00994919969784008
0,0445954927559016
0,0268214474991571
0,030471661744401
0,0263799763426695
0,044153206203463
-0,00961836080361081
0,00286112054922722
-0,00470501118878916
0,00452511008729639
-0,00380054242931464
0,010116051898192
0,00450188377595911
-0,0101991150019221
0,00389250594018789
-0,000852466376540692
0,00373198310325601
3,3292940539472E-06
0,000322188490395102
-5,7525034224319E-05
0,108004461864264
-0,00275220298738731
-0,0123931503368058
0,000441389801477607
-0,00280031885531619
-0,00329915701900316
0,00553252837144055
-0,0104282456016012
-0,0789037755455826
0,628217844912429
-0,7373968513935
0,0141016051800105
-0,0379688795020664
-0,0171353575343164
-0,0215303875135065
0,0167230647808476
0,0280579849764463
0,0321641323298558
0,00305278990712936
0,00167630115307686
0,00865743737906725
0,0235966632353383
0,0185823110828209
-0,00828292589736573
0,0144845315243405
-0,0016378020592586
0,0161668191532954
-0,0194991619218806
-0,00424905045265256
-0,00619863709504059
0,00336474811435976
-0,0101150535146056
0,0157711418860636
0,0211514441667091
-0,0253320865214078
0,0210523585557887
-0,00724597392407117
-0,0200677085651874
-0,00639242420285922
0,0054512924931057
0,00176306362755386
-0,000118807413720757
0,000860939678112406
0,00421441893896707
0,0160760135040716
0,0249543656246986
-0,104317659487705
0,114968833969345
-0,0849081721069342
0,0217834585793752
-0,0250989070281312
-0,0264335931791995
-0,0173446081771011
-0,00216795682162936
0,0114357381776615
-0,00294197398684859
0,00417028714202177
-0,00288825012500532
0,00196665939084371
-6,6047151997827E-05
-0,000151496163628353
2,2189473320033E-09
5,48967102329858E-05
-3,78119283102825E-07
-2,1769306441826E-06
1,04979760247133E-05
-2,1171481419015E-06
0,000114026716182207
-0,000661476632109134
-0,00327885075809604
0,000110211708064563
0,0119676341653355
-0,0588683027671908
-0,0673322648975576
-0,0615324890660269
-0,744921011372698
0,251598952250059
-0,212991610978965
-0,278534786432531
-0,053553562530836
0,0513125429062724
0,181193682670044
-0,0595481278923044
-0,267046406469625
0,259871330476898
-0,122358138752222
-0,106327440487418
-0,0313257693177158
-0,0275800939180192
-0,00242789390964411
0,0197615908811115
0,059280281694587
-0,0305913093550605
0,00381535959301255
0,00456687358235948
-0,0269272846389362
-0,0330425735831889
-0,0673808959064109
0,02283514579249
0,10526827048559
-0,0490775762907748
0,0278264742791073
0,028587043368897
0,0379285228656949
-0,000179658702736329
-0,0494675339598431
-0,0354761620838706
-0,00156692307014386
0,0120009405936488
0,00121227428058362
-0,0368029946262474
-0,0509697624354608
-0,0322727155307729
-0,00232157275007384
0,0209595473369511
-0,00741564874042155
-0,00467337036255923
0,00952228415052734
0,0168995377767717
0,00736317585198117
-0,00738320553668027
-0,00248200386421973
0,000660300002547323
3,19118483205305E-06
0,00433213718196097
5,26670230623617E-05
0,00137958883523247
-0,000194513490128506
0,000501355053250252
0,0305422527405786
-0,000231692681768402
5,78059347309478E-05
-0,000409037241313693
-0,0353743320675843
0,00107254805671247
-0,0290455442728538
-0,0351815549619727
-0,0263227169022406
-0,0356585545830879
-0,269406069769174
0,0390893902258382
0,637038254158093
0,612368500603361
0,0229038862134658
0,150165996887018
0,226322101082517
0,0219426437598779
-0,0544534217383013
0,0674785158177959
-0,026125449306039
3,26883972419216E-05
0,0203716587166757
0,0774255536420405
-0,00782464950533853
0,0800615620941987
-0,0214403186310174
0,0222670478563467
0,0179824392615555
0,0100034759894064
-0,0420287515260891
-0,106979421846867
-0,0491107422372703
-0,00541867643184986
0,0219448607874534
-0,0533833954148502
0,0139378732503296
-0,0189035648109613
0,00770485123751683
-0,0086789625436986
-0,0563852488640504
-0,0425028835817142
-0,00244943660262881
-0,0797579878339995
0,0193252034264723
0,0475790702712416
0,0527531185602782
-0,0121806080178623
-0,0145592671677254
-0,05643248460727
-0,0232745576275228
-0,0291964921628982
-0,00396957247142456
0,00435112350305343
0,0106043600739913
0,00731498147950254
0,00122162310247142
0,000476058697560725
-0,000617987435001339
0,0047451916706638
0,000105046159775514
6,02622381970995E-05
-0,000658554081248839
0,000200737335173988
0,0040612726491202
-4,52037154546453E-06
0,000979319850611819
-0,00208023629903952
-0,22084519803291
-0,00108438291657413
0,205063038458611
0,0472013593145702
0,00882123600100665
-0,00932304912367639
0,178355818880178
0,501004568275407
-0,0382545733348895
0,0137400384802602
-0,247204895982236
0,572448017193711
-0,208388776197779
0,0851920482309056
0,0471322600783064
0,140823844543416
0,0582910805850692
0,055601647174712
0,0225675185788719
0,0107510245337953
-0,0217973000556129
-0,0599586571374273
-0,10110931987752
0,183951033883969
0,148988520987844
-0,190970839723272
0,0494391454269645
0,0507158304440454
-0,00821676925237764
0,0275960941812309
0,0562995337936024
-0,0257090785436577
-0,00336525564110994
-0,0353286896847057
-0,0823443754301064
-0,0622927691545469
-0,080212428299798
-0,0378096595780772
-0,00370585635428616
-0,014459881780762
0,00846279189914883
-0,0653823408500177
0,011218486949297
0,100804119361014
0,0256411491860747
0,00177312007860039
0,00286152304803296
-0,0304817291076818
0,0282463706936718
0,00663393322631544
0,00368272238705124
-0,0026763736041127
-0,00176818539515434
0,00739647247848118
-0,000248735797163009
0,000677257913879594
8,49587809410738E-07
0,000404165141871317
-0,00149050433088441
0,0270531288999121
0,0826012155213119
-0,000556587596403182
8,51609819430311E-05
-0,000584584746617413
-0,00191404784696834
-0,0405189700868336
0,102795929843605
0,0270899275424854
-0,0166389628972551
0,0277788182396178
-0,0236353175348496
-0,149428498284444
0,145035928555538
-0,279142330561783
0,62233964633032
0,342909780226212
-1,30603936122281E-05
0,243897289085073
-0,0135818809702647
0,00179356026161262
0,320076884682611
-0,315560325063418
-0,0190407072781523
-0,0595360754508841
0,028386607772897
0,0451989407793008
-0,0062996258648081
0,0314943601277129
0,13117868514355
0,0711163009662018
-0,0905317467622262
-0,0954007873556999
-0,00852639802647451
0,0386843080509227
0,0543607891455385
0,0592358801278436
-0,0495283067431668
0,0130651464260329
-0,0532464985166732
0,0152325021321504
0,0125427235164716
0,00718129624129332
-0,00696231844411519
0,024081168449972
0,0210475658784336
-0,00255581319074325
0,0398168885405647
0,024982112777745
-0,145583737151396
-0,0359341007357456
-0,0142760385197336
0,0115197301169185
-0,00624240875433024
0,00562522023273556
0,00502376352758958
-0,0224540846958721
0,0405503862912625
-0,0192596145148424
0,000922668859877154
-1,70153586161336E-05
5,69919906820336E-09
0,000409118065141715
-6,88694891513354E-07
0,00226306388975887
-5,58153906606875E-05
1,22960009374966E-06
0,00102448435012983
-0,00211248512768676
-0,00182872888261815
0,000197023298247877
0,00918812352095205
-0,0128370283845255
-0,0107973036257227
-0,0179828458402611
0,139895542193735
0,427271738009838
0,229944312231942
-0,212645211338003
0,165248861129749
-0,380014959716351
0,334093288408289
0,00161761353654513
0,19824974706654
-0,0384138680851024
-0,0633957734440999
-0,0543884782598368
-0,030896614825735
-0,00474850517649916
0,147881404700264
-0,0588640760594897
-0,0636573928700045
0,10014685271231
0,106026918398226
-0,0746514308747138
0,013271108613714
0,0652894604282229
0,118226397417229
-0,136566148036245
0,1025207049932
-0,0187470516690641
0,121243672325017
0,207500757650724
-0,131473858202325
-0,136660984853418
-0,199056573426445
0,0129214601373283
0,0157465015011298
0,0532139532139146
-0,0550542179380745
-0,0694893053991063
0,0259315083143333
0,131181994191157
-0,0302543848305357
-0,0234762880655884
-0,0577592219437463
0,0208123522805782
-0,0210936075029331
0,0846473340137358
-0,0384381385539768
0,288560921443422
-0,0340756947409778
0,0418313684308933
-0,0021552406114362
0,00238258022891591
4,88572275345412E-09
8,33406434119073E-07
-0,00101897581909898
0,000609138622060554
0,00246612565198869
-0,000392523077723811
0,00260397468157405
-0,010559043564547
-0,00440464732030875
-0,00288457823529528
0,150068774403085
-0,0377202571721365
-0,0561141143142313
-0,0444810487237391
-0,0203579797607594
-0,279149460485905
0,418037733922146
-0,413182994186688
-0,498682927194028
-0,0517317171552381
-0,0511719247346812
0,219359210155199
0,0901555700214425
0,140877506769184
-0,0520939736068334
-0,0284544274814993
-0,082397349688303
0,0791002044939652
0,0518202469798863
0,00347148332663176
0,0192058254028595
0,0879818237739825
-0,0539344534747333
0,013101241635366
-0,0731830359944185
-0,064074763810731
-0,0111142613304883
0,0883850141070229
0,205450391782089
0,17458275813519
-0,0562872450928574
0,00759343401481888
-0,107318165056825
-0,020414039258063
0,200212310974151
0,0153516400800846
-0,0240951806276389
-0,089654486546765
-0,000666486081365795
0,0595832345185446
0,0610721067630677
-0,00580305879913263
-0,062280023228943
0,00690328401031551
-0,00498107802731348
-0,0113752146174447
-0,0107547985448634
-0,085900363200256
0,0381347441787018
0,107781887604258
0,0162295784584516
-0,00353038031098823
-0,000855349219180338
0,00308726186669334
6,23181495847136E-13
2,11892398594914E-05
-1,90144594704741E-08
3,44167052180249E-05
6,91897675685553E-06
-9,08813159529927E-06
0,000201428618485801
-0,00100121420517346
-0,000770954464466233
0,00011946463968041
0,000414655814140132
-0,00332495702863626
0,00241913748781212
-0,0136516302437817
-0,0227625680781265
0,106733376224648
0,126673341145322
0,00336820811906812
0,118782130175185
-0,251742500915907
-0,537578219955528
0,044559207074823
-0,30344854568618
0,236648621612837
0,103130323875792
0,141353889230049
-0,015605927041505
-0,0438255859964394
-0,0386834522191351
0,139837962243881
-0,151547359765026
-0,0439105509684624
-0,0594893712693158
0,00402741507834887
-0,0178173255307644
-0,110019002724501
0,107450462679036
-0,0639992577481233
0,026607547231317
-0,10446867351314
0,0165107824145778
0,145676986933663
-0,0475750906145422
-0,129621598699131
-0,14694485411172
0,239924785747309
0,00989272712735961
-0,00373385834586605
-0,333717679297825
0,115700901117564
0,17022787938645
-0,0738360046808201
-0,021175610873118
-0,0915562358823289
0,162976806279228
-0,058570118968696
0,00629191665696327
-0,060476802462079
0,0990493413093208
-0,0175662072205894
0,017430611181664
0,0365222433069873
-0,000302054063692231
-0,00538264407059762
2,32146779334916E-10
0,0595622510992037
-0,000216601497719517
5,33351546131649E-05
0,00261773261413068
-0,00182027923940965
0,000215090043889295
-0,00107608897048725
0,00124942595250105
-0,0850855153687793
0,0101619113720445
0,00395808397364533
-0,000255006872111743
0,00454004740979487
0,00469497496396086
-0,0372159032964167
0,0280257901172476
-0,087497431048081
0,244652210275523
0,143509222756338
0,0170179069993737
0,444132392881552
-0,139384770141279
-0,148704125709856
-0,533827569011645
0,333610651915971
0,000363937285435914
0,0231066993904787
0,0340293507083784
0,0437776108626391
0,0288896059963364
0,0807267408862412
-0,218790074855242
-0,207709918123494
0,118026087191014
0,0506599268080663
0,0111494117000577
-0,0713262324280487
0,0189531997658833
0,110387230702325
0,179069028586007
-0,0760553571356779
0,177357039659422
0,0238027130358048
-0,0436512073460245
0,041605622068952
-0,0323491270702557
0,0168154718998459
-0,0905135957529346
0,0220017432007008
0,022549420179373
0,00130274937570484
0,0390544999399086
0,042070247676739
-0,144115568429253
0,0908663775036311
-0,0661669594670248
-0,0585652474391661
0,0120589510458463
-0,0352155707175021
-0,0356813393788473
-0,0189286563206268
0,000292312524873743
-0,00370386704171202
5,93109463502018E-09
0,00523996243747785
-8,73026963497686E-07
-8,28551243717931E-05
0,000245377832783373
-4,06359457650643E-05
0,00175179771956693
-0,00713870838338988
-0,0238842430121058
0,000740843856682399
0,0390441780606171
-0,187386387142844
-0,14269560400284
-0,113926843781165
-0,43492925835226
0,112954781802098
-0,0414409731627787
-0,0137131257842179
0,0192793783189591
-0,0280886925287875
-0,177305487198222
0,0853899829219197
0,401766674368954
-0,449895877526952
0,229002966686192
0,216551811513402
0,0677698713478117
0,0428129919443555
-0,0170832196568116
-0,0316938270504731
-0,10936706748398
0,0456338478940925
-0,0352581395494785
-0,0169904017683416
0,0247582619052791
0,0275809384138326
0,00471065951852188
-0,185253862252604
-0,192031439339747
0,0798660533340583
-0,0431235052795646
-0,0973730586226838
-0,151084644334914
0,0022112637427664
0,158821176909817
0,0890432427059527
-0,00713554560425386
-0,123222990143023
-0,0643117926252213
0,0548432297868794
0,116101431930809
0,0790189105847684
-0,00363635235593192
-0,0650350758831236
0,0240348066061437
0,0153161909846957
-0,0312914157737597
-0,0572827421609617
-0,0236995042685528
0,0257496782813133
0,00695106636632373
-0,00174440111865344
0,000696506336922474
-0,0143005550621378
1,10022422082631E-08
1,05024672710125E-06
-0,000743805543229692
0,000302549309811641
0,00434537760622686
4,57770005017003E-06
4,91548572521133E-05
-0,000211911588398514
-0,0158138196624398
-0,0014905085069965
0,179572928077821
0,0457146983086368
0,0119253434399122
-0,00164165016400186
0,0163324749868987
0,0895661372888276
-0,0492891435038995
0,073566375392182
-0,0444811603649065
0,0825004189085831
-0,0414899200985437
0,00190282736030533
-0,0053561844417776
0,0190376653043792
-0,0201186195706059
0,0998506736465395
0,0503659703828516
-0,0585364275953178
0,784778535576458
-0,0600843819460349
-0,0612483675351976
-0,270809758513583
0,0255365693901833
0,369393816820751
-0,103916608122161
-0,0768747135705194
-0,012911259462487
-0,094920375460954
-0,00532128928413795
0,149379923942766
0,100850004936315
-0,0125700176278806
0,102639774946738
0,0676127696771818
0,0497063074634361
-0,00579964327567333
0,045708798932807
0,0374175823223635
-0,0372897704760172
0,0513121889580807
0,00354468349381236
-0,0585717920511243
-0,0204197908584785
-0,00253763737282148
-0,00574742386587922
0,0176809852811608
-0,015145827256792
0,00462737719357103
-0,00566371215939083
-0,0020771847697657
0,00371486685796873
-0,00184987835876095
0,000158656435325971
-0,00030424463798516
1,06079073549212E-09
3,5444702607397E-06
-0,0489263234640908
-0,0001114606871802
-0,000908164569966293
-0,0243922937662903
0,0972438604484901
0,0412852786034045
-3,13281209399808E-05
0,00333483138834997
-0,00253894840921772
-0,000669670122193126
0,00023683680992434
-0,000946645630511616
-0,00232645006020312
-0,00594412930515714
0,0103110992675385
-0,00964943339201107
-0,0103236872698285
-0,0043572466251097
-0,0262836491836485
-0,00384673916942975
0,0272241150928287
0,00625237018671838
-0,118790153556846
-0,173623906135505
0,614303197074755
-0,128366702722331
-0,0250181838707583
0,147757078964046
-0,198752245993604
0,0817871894977134
-0,081288831303045
0,0590704078696282
-0,144402294521924
0,275673612530395
-0,0517803697512342
-0,0101942211736587
0,0406737595586189
-0,0550344979121823
0,0054814031210789
0,100487394998407
0,068381105602447
-0,0667633120278274
0,13460667738545
0,0319718600297198
-0,0227921989083529
-0,110867887352983
-0,038378270084981
0,126046768250049
0,167745384928771
-0,0047886960603713
-0,0890753363485077
0,311106698543477
-0,136951217738762
-0,0488292044671068
0,302493227988908
0,211026422549259
-0,0290307786504819
-0,0398988425907949
-0,0317997168583312
0,02295498775622
-0,000924323524719896
0,0144158839198205
2,40497489327491E-07
6,79137992860426E-05
-0,00035064106485353
0,00766393781313114
0,000513177569701053
2,99252643722499E-05
4,35914436893679E-05
-0,000267801586761719
-0,000869031319281542
-0,0016245087080955
0,0147989305726656
-0,00115151568672925
-0,0120386458910487
0,0047866555251615
-0,00182995044381003
-0,0530105925202404
0,144420415810697
-0,169639535463811
0,16462361354706
0,181723920819206
-0,0581892940099317
-0,622043294670665
0,0454718344196776
-0,0550207031825093
-0,142932595698197
0,325689753784713
-0,00848251354260912
-0,0227976151845379
0,0443467780133584
0,258322128957765
0,0582988641657884
0,0557623041088288
-0,00472689634820871
-0,0756675705068095
-0,161740490699849
0,099954724564745
0,0838848186022446
0,142773095673591
0,169859465388061
0,0233603440711148
0,105052900115247
-0,112246847324931
-0,283794249947093
0,208677010534704
-0,0331235910359476
0,083612764318091
0,0261834983232081
0,0378896821944237
0,0429326254935153
0,0778358331244847
-0,0199752102472384
-0,0826163359578199
-0,110493687410422
-0,0173356830093347
-0,0142307165407933
0,0553584154920804
-0,0133812821704634
0,0238263785983073
-0,0229290254213364
0,0158981771081696
-0,0105599460062052
-0,00835210436197854
0,000178669122857976
0,00053971585272762
1,70246481665982E-09
2,20673310023563E-07
-4,3566044038368E-06
7,00469189494509E-06
2,69983582104228E-05
-1,08433416131199E-05
0,00017454635457386
-0,000836508597773623
-0,000978910183182925
-8,23663236489153E-05
0,0206378286927285
-0,0500912801887791
-0,0393443319566029
-0,0286438085629321
0,0365463186201902
-0,0408231193308591
0,0886737104485216
-0,092716737346371
-0,129226506453111
0,0114796575210735
0,0403007235819465
-0,0428353136555337
-0,424537573718438
-0,372045623966208
0,114609478038513
-0,0732782417963952
0,0546221818710537
0,0947898809790722
0,158248728286058
-0,0223177687665258
-0,118686537662687
0,0469915237161579
0,308442191898138
-0,229491556747347
0,290627389875532
0,081427980953679
-0,0970453498951287
-0,148697840930117
0,0295295166034779
-0,233884829311799
0,0169521320956298
0,18609643978763
0,007077221204045
0,119634030104194
0,121922362401525
0,055950376002078
-0,0508281235472085
0,0236328720055398
0,103407663379711
0,18971289817942
-0,0599441808070759
-0,287761948264757
-0,0178273635257067
-0,0867998276322757
-0,00792063411543863
0,161155254439776
0,000929012163163982
-9,26324797898242E-05
-0,0139986963222221
-0,011281050095741
-0,0134440461132428
-0,00936022652231413
0,000186348994677019
-0,00107172801937799
3,15471958017887E-09
0,00251268225817055
-6,24120523160952E-07
-1,33351730929123E-05
0,000338399504859983
-1,08804481484445E-05
0,000160436440135317
-0,000838833728865415
-0,00726068444207556
0,000293626154705719
0,00077085490068808
-0,0166698114041869
-0,0109049469176907
-0,0233798414444108
-0,104638737311941
0,0852355222038539
0,151582861715853
0,0837496770438092
0,076424398112509
-0,128287566899338
-0,377312799269867
0,0409467891973363
-0,0584903447070708
-0,0504418119604779
0,0745224929717276
0,0429190653681393
-0,00224565137115189
0,0561651625772598
-0,0409988035961439
-0,114676758807921
0,14929350295354
-0,12033621069713
0,00584931787294526
-0,0572860137868357
-0,152911276592857
0,311974676986074
0,0276161707012368
-0,0423883592334074
0,158440519794002
0,303432910478081
-0,0464796679791009
0,366415750049325
0,0509869152044565
0,142270273262474
-0,0567871238023628
-0,196120898314678
-0,0560876791730953
0,0914591037350349
0,343984738055558
-0,207079161338514
-0,210441886338819
0,0185319406548323
0,0683457626012899
0,137934632656309
-0,112351450489567
0,0265399198192629
0,0117178887023567
-0,0380496313164524
0,0766751705868195
-0,0775633906840195
-0,00218955506434427
-0,0603078110702528
0,000411650062290753
0,0111837669332827
3,59916057410046E-05
0,000161320167697944
-1,1839261480598E-05
0,000889397389122522
0,000102039019049546
-0,000113283102208443
0,0141861794859907
-0,0101222056190138
-0,0201388845797227
0,000312807604775968
0,0533120891729939
-0,0643821981093447
-0,0482881327472153
-0,0415283015699744
0,193045840265726
0,429174549737196
0,127946239927783
-0,138270895356016
-0,0332280168229666
0,0790987168366566
0,142562551904595
0,0352805478664099
-0,0449104193991728
-0,0679155084750848
0,0830714606045135
0,0302732521127403
0,0303277698118836
0,0313197798073549
-0,330922329133103
0,098991534479789
0,2062737858475
-0,263755908072827
-0,30144641652494
0,29984053131945
-0,0651375889421254
-0,0861289605047078
0,0669318335996868
-0,00337091764104583
-0,150135600470414
-0,00641585893250616
-0,0269041051435931
0,0926350746929041
0,13288131858913
0,155258152452399
0,211576168559855
0,0963240999927551
-0,0319284893778273
0,0151906089956046
0,0206253267358291
0,160024773513482
-0,0528664873002532
-0,276146132072113
-0,0736465252571531
0,00459858315445331
-0,0269266550918685
0,0957782575106995
-0,0855365887890189
-0,0210024884511157
-0,00825024056857673
0,0019474463615105
0,00677166366397488
-0,0205022945019578
0,000800785679777641
-0,00196696581756425
1,85468340719915E-09
0,00435744048201633
1,23826329884667E-07
-7,65631675108175E-05
6,34946016962903E-06
1,3521256096313E-06
4,47901126962572E-05
-0,000284731991459741
-0,0176765744738691
0,000286347821287174
-0,000462090533002739
-0,0116990775286824
-0,011120022718564
-0,00878478367090223
-0,0553752371669471
0,00601046279528248
-0,00927760528590995
-0,00306508557706245
0,00410676776085441
-0,0165678370453089
-0,0340754833004502
0,0143862008160977
0,119558016828833
-0,160081266996102
0,105054193301098
0,0908157873338903
0,0276635679371829
0,0234613277165221
-0,0213671671155222
-0,00378907908620902
-0,22281845994255
0,0879203541197884
-0,147409085252662
0,221772779971677
0,272479355571723
-0,146020427977241
0,0318598781179592
0,377017831066588
0,329926003527981
-0,11345304123813
0,090710030593779
0,0833283053790167
0,14316069722068
0,000315246019028029
-0,120635748892051
-0,0826829933130981
-0,0136426820984979
0,0810565164183547
0,0644396067465448
-0,0376914762313849
-0,0818939239809703
-0,0367888653786342
0,0019459293441688
0,053234536047498
-0,0839014328241664
0,0366093896603462
-0,0153186004361555
-0,00358676436940142
0,0477098301158477
-0,0875324108738855
0,178514180077058
0,560010454226657
-0,00494323424610565
-0,0198003817862068
4,72382129530537E-13
3,78214722865229E-08
-5,41753697660421E-07
7,08410965529079E-06
6,35791112780157E-05
-0,000177161888208626
2,33754915962669E-05
-0,000126816650691394
-8,75996517897236E-05
-2,87935066468555E-05
0,0010213911755493
-0,00281893603594567
-0,00130036083732016
-0,00432151320668899
-0,00166243866834171
-0,00370000887995755
0,0323410939816343
-0,000983285067550344
-0,0207946408227949
0,0118213562901935
0,0159755730073438
-0,0160497009755694
-0,0538571836251134
-0,0612208491372905
0,011376434624741
0,0347269745848648
-0,0673918087952903
-0,568598297212335
-0,0654482961454173
-0,180581831287443
-0,0284003420928142
-0,0529817003152575
-0,0454103265000026
0,0306174342143483
0,10659314136331
0,0881322204663744
-0,0459478128344642
0,010646281840921
-0,00465456097187246
0,221007717052572
-0,0442865268330143
-0,0947821446449933
-0,147814792740014
-0,320492622389186
-0,164826197374875
-0,0940595951106823
-0,0224301673898759
-0,136292628045034
0,119495418580635
0,199414823894625
-0,0645386365219149
-0,295802287936052
-0,0964801573043034
-0,1670238545491
-0,196862918785449
-0,195761487556891
-0,0318538508547823
-0,00468349310433072
0,0560214588841829
-0,0351248602446433
-0,291778237304692
0,0808020010665089
-0,0058530041391614
0,0237411375046305
9,75125390476725E-10
0,000253041834929744
-0,0426723610440505
0,0019034915484924
0,102550112796177
8,42667571441143E-05
-0,000254746592057146
-0,000147497334965974
0,000217330007519113
-0,00335766581721188
0,0320313061631452
0,00894258236826276
0,00302921536232677
0,000965687293244189
0,00462744766089374
-0,0146758733402836
-0,0306427505961978
-0,0240737399443225
0,0434435242644753
-0,0155470718421999
0,00133728040495109
0,122329849283042
-0,0477424074006636
-0,091897412013243
-0,332770031489616
0,243078818289251
0,00347364813298824
0,0535170216303544
-0,296061648277886
-0,163979027966346
-0,193294832800816
-0,107818289526666
0,600679872584753
0,397011140537879
-0,226736575160386
-0,0497420709755523
-0,0091324030923238
0,068718563811697
0,0244832960727146
-0,0667113021610474
-0,0918718509659511
0,0316621862866336
-0,090059567645751
-0,0220984872014835
0,0375838985773323
0,00464054582764359
0,0804674071899351
-0,0481568407636525
0,0465191705022652
-0,00508313365602172
-0,0163262665363981
-0,00926708626338249
0,0183863877120419
-0,0016040681891268
0,059560591524226
-0,0359572552914182
0,0249696804884312
-0,00645191316778614
0,00794132903777251
0,0407820675448898
0,0067568395671642
0,0109529564143142
-0,000519180143508982
0,00184118266726004
3,59490524240087E-07
7,06116787351612E-05
-0,000320032049172162
0,010712099165638
0,000418123373830674
4,84969306857798E-05
2,241568089425E-05
-0,000174477805547431
-0,000521630032827475
-0,00133715389060686
0,0115855634142999
0,00200572880648736
-0,00907139763335806
0,00816145717810218
-0,00597389960546522
-0,0433945502840578
0,0923427861744187
-0,110882384315007
0,120306173737348
0,108559622355377
-0,022718241513357
-0,294690008957074
0,0686485558437568
0,0547154105642769
-0,0198000328778656
0,183323247520079
0,0610922722430222
0,0530155868403169
-0,00137542538750182
-0,0920727143977707
-0,0202504014093118
-0,212076029360604
0,0344453288850965
-0,175991333096405
0,082269895598882
-0,0313562481746507
-0,0394542280322602
-0,0190015717798238
-0,0459392579011495
-0,0995664111450111
-0,0715542245119523
0,107196400312183
0,447577914012145
-0,46608282724576
0,273366609710461
-0,142093928388568
0,0343018681183889
-0,0314002406236735
0,0551232768457853
-0,086095760904789
0,043406185120328
0,0827944196827102
-0,203073210676171
-0,0199784270701798
0,0191413915892854
-0,0528447282023357
-0,00338369942831129
-0,231990070855469
0,134500722778315
0,188310621376599
0,0662607247919305
-0,0151138639502519
-0,000986950497539789
0,00538857900576746
1,58619546578116E-09
5,11271120218666E-07
-4,08190186181678E-06
1,12766543129171E-05
2,01433470114446E-05
-0,000158618492323715
0,00554349797954909
-0,0200903936657421
-0,000422704883308189
0,000903193061638719
0,00887031858511484
-0,00672258756007921
-0,00831074735852296
-0,00648954130593975
0,0139427124758743
0,00592726174040531
0,0615476114751742
-0,0664149846594544
-0,0830052087699795
0,00429753634249884
0,0125348917423761
0,058186335645099
-0,0436492888815531
-0,0800338911444002
0,0354850471369597
-0,0274862599614226
0,0629747598735254
0,0331804859045505
-0,0630828825843281
0,448532419455181
0,154169812021415
-0,501419894687658
0,204547760179456
0,0569371015624447
0,42717381839231
0,11301288174794
-0,0106350857486366
0,0421954908006073
-0,000446464700596387
0,158732319430616
0,0373992488248594
-0,157804347802526
-0,0980289744735123
-0,0259365862845532
-0,175816878103862
-0,0681504936542479
0,0256252313923845
-0,0591183288543109
-0,0694501266033161
-0,130847230814771
0,0758199041716557
0,228307726156408
0,0223091221696364
-0,00520860258905956
-0,0177277813019006
0,00532089012203857
0,233613539319567
-0,0242469555888272
0,0475237569116852
0,00972533098981333
-0,0466468144639838
0,0246200192847399
-0,00132905941312494
0,00317333943481259
1,72242863276921E-10
6,36266072569711E-05
-0,000265994708527069
0,000862263011935181
-1,61309847393814E-05
-0,0116851972654484
0,0536724731050736
-0,144401100888988
-0,00137862377632758
0,00682284407009454
-9,2760597046435E-05
0,00112376709334364
0,0214605677133687
-0,0246943884795436
-0,00503768160114434
-0,00344821436870424
0,0266741541946211
-0,0152982391267349
0,0151549953925482
-0,00741147285740653
-0,0706921111316883
-0,0573350317241783
0,0297950543967185
0,00972246171300117
-0,155380052367515
-0,1657560248694
0,469730813975164
-0,0505978498754821
-0,0220298679544603
-0,224619284111822
0,0477967665505528
0,0324413478357438
-0,0204977746432397
-0,0266175443665311
0,139436050891116
-0,301077522808083
0,0161087691233603
-0,0220393194261557
-0,135429279782814
0,0452660234589947
0,042710361200803
-0,0553285603910477
-0,157807055666941
0,28378229277701
-0,182535277911947
-0,0117837615938858
-0,00612597772823772
0,087092083639344
0,0472839464088666
-0,0576369616729731
-0,0849226379031458
-0,0544425157468049
-0,0656479707633181
0,0202590849990347
0,0857280671624211
-0,06404107614574
0,0169540585572658
-0,439515612089727
0,277870375160892
0,220511329598365
0,00925745082775245
-0,0152201909364772
-0,00275064683282403
0,00954752294214917
2,20024302013981E-09
0,000166175658259735
-3,95281251367669E-07
0,000902763318769177
-1,96265300413452E-05
-5,50647298420287E-05
0,004944284463827
-0,0177955081011595
-0,000872489482354865
0,000944326086443998
0,00363882731619474
-0,00600762596048238
-0,00272071402233291
-0,013113336019755
0,0550999388082886
0,238853000513873
0,155868311123581
-0,0956126788350455
0,132385194398333
-0,290406263560207
-0,0662879144243233
0,0197239071751496
-0,0442104458424669
0,0994214753981501
0,0203767255288204
0,048615475670964
-0,0490779138633176
-0,0161977168188701
0,0880898540120103
0,049659808999373
-0,211797915761233
0,0790497501917217
0,0379324051293762
-0,08136316828418
0,00376766745844244
0,116049606623972
-0,403165944734793
0,217299678703783
-0,11750535010349
0,0131791496305415
-0,352236533776168
-0,462037437478611
0,193006550816481
0,230571393174298
0,0368862731485549
-0,0940411897476604
0,0003806425626196
0,0317596729983491
0,0653867105943704
-0,0227592626712988
-0,0222995358794053
-0,0500605110310658
-0,00895204962528373
0,0242872837992191
-0,0177979569958364
-0,037953059733503
0,0456760722384772
-0,105748294727028
-0,111756947427723
-0,0133513169020515
0,00397143083349281
0,000349586379826808
-2,56505868062295E-05
0,000145478255959367
2,581137759228E-07
7,96029016610968E-06
-3,99403032753371E-06
0,00704652178168492
-0,000174884128522441
3,32273704371979E-05
2,68499981051152E-05
2,9335868008672E-05
2,44014706793037E-05
-0,000429157281567961
-0,000255872688419255
0,000298218019059383
-0,00330755782718567
0,00415952577913783
-0,000255291245163225
-0,000394795917067932
-0,000970089492569801
0,000790213132690056
0,00128622399129727
0,00301071607641765
-0,00118370032231727
0,0124095406743868
-0,00479680410420798
-0,0052078051544584
-0,0155652220130103
0,0112743325722794
-0,00068376339205544
-0,000523153197663039
0,0229146988920477
0,00733604441056173
0,0141858317086179
-0,0150986199536616
-0,0622479467487628
-0,00287976866406094
0,013592524792365
0,0119624483412202
-0,00364073516857933
0,0366474526527919
-0,0508458445888977
-0,149904541741578
-0,206857164992193
0,139119616971499
-0,268436692855124
-0,0043411372999862
0,0791580625873745
-0,509573550129637
0,474900518301262
0,190607649399009
-0,332001145184706
0,0911980705845366
0,0990861202688268
-0,0189847633112785
0,0505201611550812
0,0571364553320593
-0,316615751095584
0,139998204085955
-0,107205760473804
-0,111390442052441
0,0704687806588629
-0,124911329347017
0,0383749492308284
-0,0731787138472001
0,00188733504186034
-0,00204139076296824
2,27940708703111E-08
0,00178818756707695
-7,53557218882281E-06
0,000864713765706177
0,000294931425351221
-0,000207454844794312
0,000961395235802299
-0,00399846592866646
-0,135836154900214
0,000458723569373603
-0,00671102451222579
-0,0105596313454891
0,0174731194779368
-0,0419516775753155
-0,0639944460286317
0,058011740311674
0,087059227583435
0,0488722597083664
0,020302478843545
0,00173626140982574
-0,244466763976172
-0,0466057765374589
0,114105951964085
-0,228689488395969
-0,225436848767795
-0,350489667388575
-0,0630117209373865
0,056005892006796
0,0217311785053177
-0,301946279079875
0,419811400433504
-0,0953751005637612
0,0755013878394172
-0,0256967325367305
-0,0266430859971899
0,20772600887836
-0,0326984537652803
0,235563457924337
0,12138929647468
-0,0821559863096677
0,0531139124271418
-0,144026255344773
0,138955078338467
-0,0311319982670452
-0,018228843194323
0,0451193252912298
0,0576392658231231
0,0908647794201727
-0,302507528553995
0,141544726603028
0,0822666713364568
-0,0841386807344927
-0,0702361987769821
-0,0712015299289295
0,145625328268118
-0,0272720877646681
0,0174385312108736
0,10683171776916
-0,0941664100315443
0,0660741717995519
-0,00394963353921498
0,0896817865321646
-0,000700809413168737
-0,00660312768762832
6,07379373379958E-12
4,4336532984126E-06
-1,28106031348393E-06
2,81703659427262E-05
2,18176203668763E-05
-9,07320485363088E-06
0,000176922305071569
-0,000502832954928962
-0,00239027194169802
-0,000631694603261254
0,00347964733119016
0,000272806851524563
0,000468436935274818
-0,00178205245326854
-0,0032910324968413
0,00585327402076712
0,00517679137570091
0,00300752514104697
0,00295071096044829
0,0083345157318205
-0,0246771594023068
0,0146937826068568
0,0123305675285272
-0,0368378356873829
-0,0548559385604829
-0,0261399984812962
-0,00527671134302197
-0,00330260235461701
0,162682984881247
-0,0671054562777311
0,140442785194484
-0,117209095722461
-0,0504323297406213
0,0621043307526632
-0,0380710410707364
0,064134505765156
-0,00412048006144691
0,219988713526799
-0,029905455135325
-0,38621804548429
-0,291195807385305
0,0294412305847441
-0,174296370948879
-0,145504748425882
-0,118021895246087
0,34957342502784
-0,320224589849954
-0,182509415948937
0,0776378088829248
-0,0819523623452428
0,0221456516566334
0,137559802753879
0,0812547103005848
0,0776821397145219
-0,397813813823319
0,163464713020279
-0,128516989685911
-0,185373042580265
0,0954087009030401
-0,0754535452335668
0,0333427401154266
-0,114561704182599
0,00200429642146566
-0,00240849558418618
4,51576476463109E-09
7,82106329472143E-06
-1,61861901949681E-05
0,000560114686598221
0,0051132657147271
-0,0103949632203162
-0,000150026765796417
-6,04889473906045E-05
-0,00140704977762288
0,00174471596910706
-0,00479749077938099
-0,00547922840986938
0,0153291615013769
-0,0271788198017712
-0,0381795578638372
0,0013671039980264
0,113841044230137
0,0967408109603961
-0,00970312160594437
0,0358078524839031
0,0573872286792699
0,00128944404864653
-0,0202343951580934
0,00876404589533891
-0,00612420875481023
0,0338690390618864
-0,0601107395747475
-0,455092519733065
-0,0514079856000168
-0,0838722995929599
-0,0334087224539679
-0,050541754043425
0,00391259506830585
0,00135746721279951
0,158287734600392
0,0165571274714515
-0,083640056043027
-0,0519369351772465
0,113088733182369
0,0264020934322447
-0,0599687772076441
-0,0116760157195394
-0,123120898175897
-0,053169165455628
0,328181415473276
0,334589145813088
0,0644243009107723
0,475184401253584
-0,0900900273539642
-0,147417840846333
-0,149696990122652
0,162025444739318
0,0574634973152804
0,278469320137859
0,166672663433781
0,173914204996639
0,0283130657148859
-0,0435825082460921
-0,0590001438356866
-0,014504237379476
0,0138305666825323
-0,00435845853298559
0,00294197777314496
-0,0283074208904639
4,64406527035386E-09
1,33007172604568E-06
-5,73726087974079E-06
6,6471314423899E-05
3,44386312067381E-05
-1,86261092392851E-05
0,000508117793854745
-0,00104627993916672
-0,00205585350473429
-0,000224252533714421
0,0323958203658161
-0,0848193758277442
-0,063394821285093
-0,0454516888784564
0,0778625908327776
0,00513862332178129
0,115755913372992
-0,124226135165558
-0,119863724090413
0,0449355417352327
0,0709952087280426
-0,142595348926619
-0,490662659387525
-0,429810152291603
0,118231909207244
0,00159622145201776
0,042750161779792
-0,0245651421712092
-0,01821777948286
-0,127101429126347
-0,00688113066057155
0,0907854031049728
-0,185091283509122
0,0933469252459021
-0,295119827775981
-0,0999492905098953
0,00246496102780469
0,0213410868060222
-0,066454890795744
0,065459595556408
0,00766284258760125
-0,141625456359505
0,0625674803805464
-0,112450195860208
-0,154075065069703
-0,0512705894255509
0,06387320798055
0,0328976278037931
-0,100821325426087
-0,21975513143865
0,0464543681388623
0,351869121334194
0,0880556713988308
0,0361831502604258
0,00440133116549256
-0,169892746270839
0,0359558398645374
0,0210480661001387
0,00816365460206277
-0,0213603846114699
0,00549562807712038
0,0148686123233976
-0,000293850479087204
1,04460340701655E-05
3,31232545020088E-13
2,62547670797597E-07
-0,000343285763419397
2,42088484751761E-05
1,97531569148716E-06
-0,0142410124837472
0,00395854176263094
-0,00293833708900103
-0,000123838894443206
0,00243073303635165
0,00512570582083832
-0,0024380601809343
-0,00332674730501115
-0,00337901433120091
-0,00368833300439806
-0,0208332011902161
0,0387903608383463
-0,0400701488731267
-0,05298339019228
-0,00656419411911682
-0,0242062119020211
0,0345664557731915
0,0398598835905506
0,00439978868108062
-0,0788099540236293
-0,115382419561535
0,400279866342637
-0,0870744011890502
-0,0100355486875033
0,223777013362898
-0,0841709424439735
-0,0256738058008175
-0,00103682041914757
0,0221453947248856
-0,0915845008378421
0,150150778615389
-0,00922282083050999
0,0483970501149613
0,0422316170443256
0,00667958874803686
-0,00887403202745822
-0,00754117188034023
0,0422863992516552
-0,156737855142133
-0,00239731195870248
-0,0188312484683174
0,0321051538443212
0,0799974696405299
0,0184669628454621
-0,125924685398964
-0,19189102529478
0,0417597518966937
0,182413660101388
-0,49618949898281
0,157436123587545
0,117695915487644
-0,492159703589856
-0,0406986514509151
-0,201610768909272
-0,103539109539582
0,0538936333428102
-0,028668127865543
0,00557640610212811
-0,0530979582056684
2,14642958288246E-10
9,29441207422393E-05
-1,12720048477578E-06
0,00104787228811964
-2,26480251791527E-05
-0,00023390025042445
0,000848051011340111
-0,00320289029063067
-0,00367367750002811
0,000370997240173958
-0,00018276755890819
-0,00458288121527738
0,0273493606338547
-0,0412464735873481
-0,0133430557662765
0,0669942325309796
0,0817802149701238
-0,00300873664813376
0,0727617847280047
-0,135319093744201
-0,33542576985385
-0,0189394731092394
-0,13453463185603
0,0807582662376749
-0,0659037821810965
-0,0718050610220591
0,0404146642175126
-0,0320351867488413
-0,00509974338456385
-0,0228225037839042
0,1287441786971
0,101084916391488
0,0218311345758852
0,114249992325553
0,169408581060873
-0,269816215216815
0,127442652838011
-0,0302381378892238
-0,108882341411371
-0,155317697125158
0,285829498682028
-0,253666361920497
-0,117136936866824
-0,0987678792835364
0,293031363520832
-0,171421475236641
0,0373630263913983
-0,108198245866069
0,277558411797453
-0,0108277654306262
-0,122209080099054
0,171672562442067
-0,0167468076803324
0,0390857122876331
-0,22573172148953
0,128884522840735
-0,059819315455343
0,250363038532366
-0,210570286537567
0,126410786352426
-0,0393825093381503
-0,0208899020313758
0,000277211166330302
0,000638173602753882
5,59348542925351E-05
2,58332109972811E-05
-0,000120536955554146
2,07099155329431E-05
0,000328069516339452
-2,34477489007066E-05
0,000219803103731821
-0,00121343658590505
-0,0287497918017502
2,27534639662702E-05
0,0418973277712925
-0,175657038548287
-0,118615557200638
-0,0820296704427835
-0,0319083882046385
-0,0431338330659456
0,0412876091472469
0,0370338729007449
0,00150960717695344
0,00865086960771966
0,0665067537193291
-0,0221808976177207
-0,107360100656867
0,098489614226027
-0,0353725478252985
-0,0410822689492257
-0,0146888084533951
0,0625253913509303
0,0798535988571845
-0,0629623460398376
-0,149566151476641
0,122014137104344
0,0812279485202352
0,0128745554977242
0,163914817473446
0,212185531761082
0,573781148810149
0,306762442021634
-0,3847045080514
0,203226383037735
-0,118427566694688
-0,00050850742344394
0,0369050520641365
-0,00313388879226725
0,0478533618901246
0,0626660052860626
0,00969873099263485
-0,0291674209258499
-0,157928693712286
-0,179121350019578
-0,171451018235914
-0,109893637489758
-0,191527380866666
0,0532910305440604
-0,00552075863071933
0,0299221302437881
-0,00559346303142646
0,0520919434468001
-0,0293145262008989
-0,0317526746368971
0,0368676540475411
-0,0118697870999568
0,00290703237123025
-0,00436830032271272
2,77750823511454E-09
0,00384942848993901
-2,49127013259213E-06
-5,7753554303255E-05
4,3574522593739E-05
-8,36947967191401E-07
2,7023230063184E-05
-0,000130247558497076
-0,00697978717799494
0,000197564634919014
0,00866992242085252
0,00160394253857851
0,00181333712541381
-0,00369079063675414
0,00166709436458276
0,0393054902939229
0,0108831510969126
0,00914166335635314
-0,0189494057702187
0,0585264335394761
-0,109517249283437
-0,0782615785635343
0,0699459389109428
-0,132057368879458
-0,265406564342032
-0,412655199887898
-0,273041389209632
0,0281706943927699
-0,0527353224018401
0,0264854677060328
-0,537285650744112
-0,375531211425816
-0,184789378204046
-0,201926691075701
-0,117717699121168
-0,096319967874566
0,0666200047285287
-0,0335447007326702
-0,00418855302907719
0,0057946987536259
0,0540374476477151
-0,00964643017440604
-0,0436237287363971
0,0585600429170443
0,00395321394252176
0,10936439942678
0,206584985551042
-0,107218200712206
0,138612408528375
-0,021771377200356
-0,0421768918836963
0,0131109542476504
0,00792664409140731
0,0225206494529882
-0,0506671566594252
0,025961299145349
-0,0131982833352358
-0,0170388492011619
0,0139882824990174
-0,0166482899773664
0,0063685140347358
0,00344470998658231
8,26296538865613E-06
0,000104326163526522
7,83077806656045E-14
1,12525749863806E-09
-1,47595872704009E-08
6,96786937189832E-08
1,96141479361426E-07
-1,06694258017054E-06
4,75871331525481E-05
-0,000227869012699597
-1,50776517412527E-05
1,31758805102004E-05
0,000537001175165409
-0,0010175707777384
-0,00105869743662201
-0,000833541056187127
0,00169386381119284
-0,00109876997133864
0,00582874268393346
-0,00641001280427876
-0,00951613814861266
0,000719038915811879
0,00272532293628557
0,00174980955087601
-0,0288413871201
-0,0317830205438294
0,0116747664120228
-0,00855656115673636
0,0112941325081692
0,012768156246204
0,00862016976344288
0,066589021345825
0,00961773021887081
-0,0838916887803809
0,083626992374385
-0,0262304293008742
0,139040078979848
0,0412982552916215
-0,0262802824023228
-0,0241863336581979
0,00777009681610589
-0,0103232066985864
0,0203991961311645
-0,00392255097923143
-0,0452280397290594
0,0350268079713451
-0,0549844109860939
-0,0182427780690687
-0,0135401443580895
-0,0477568085313878
0,0310022888336858
0,0637793516449302
0,121893655943486
-0,0112515304243997
-0,103624067026459
0,508981204127566
0,093953932872313
-0,449614333132935
-0,650285938173613
0,0564523772034285
-0,0781681946409639
-0,00140656266280189
0,110132065521581
-0,0321266800067418
0,00220090555092222
-0,00431942570521985
2,46712167850866E-05
2,88130915022866E-05
-0,0651902407321087
0,0161238660876663
0,00185704199065389
0,000167771088017045
-0,000286100803337283
-0,000994000462494653
-0,0134175405525378
-0,00361601984826874
0,0810032210649612
0,00797706137220382
-0,0217150463115998
0,00501653988104974
-0,0360055026697961
-0,152484251090637
0,233129896871407
-0,20637089777438
0,0669439480685654
0,121054958090689
-0,00744174905600511
-0,0964992570712186
0,0892783217114011
0,176288895860412
0,0794054243814139
0,0292023448923591
-0,0412706080074001
0,0936750262074176
-0,0560717574331105
-0,218342957002991
-0,127074582230254
-0,0685621844136523
-0,0966840258041151
0,194697550540393
0,117301144562176
0,333998540182696
-0,00351072254064391
-0,194624296320493
-0,198601907886437
-0,269961453087707
0,224005846070747
-0,106232892706291
0,0309837099049907
0,0257060905909848
-0,117775048270989
-0,0613877534753658
-0,0233123491388791
0,00325339312940892
-0,0695313902303012
-0,00323314091711056
-0,12131182940545
-0,0739927242840331
0,48552919139151
0,112720867158368
0,0604318402099763
-0,0529152652349318
0,0301696699305298
-0,0384251647574365
0,0141652809050822
-0,0102058768171967
-0,141065433873298
0,0568970049732678
-0,00275468287129991
-0,000598855567316259
4,41776503226708E-10
2,22048713028659E-07
-8,92877151704237E-05
7,30361265355966E-05
7,91252132636804E-05
-0,000221201099659368
0,000987900603466102
-0,00382231766726939
-0,000299625176615645
-0,00232021847385306
0,00774962247437672
-0,00377127849868395
-0,00448024824213669
-0,00598065633610722
-0,0108212421060182
-0,0335586957574867
0,0740703397416974
-0,0479223920070941
-0,064602659857354
0,0129398435534905
-0,0104091847149944
0,00308755473644792
0,0470477082305533
-0,000578239848561758
-0,0158503594901942
0,0527702527175603
-0,105313510104736
-0,571654890233999
-0,0277448562078826
-0,0339622009821911
0,020022868640636
-0,0214804498166816
0,0667201683754994
-0,0355574986765844
0,0296230967705382
0,0493834348519297
0,0923087309415502
0,0362401865203443
-0,0721542235120347
-0,188875149361547
0,0822642112175982
0,176952084835945
0,224301209115889
0,425021298757234
-0,00526307213288809
-0,13506180046098
-0,0306454092591086
-0,278522807136786
-0,0615544189868624
-0,0497262446066069
0,15573802666455
0,179874819327195
0,0305024186179107
-0,153065945177944
0,0052046236431078
-0,0153482640002009
0,00743885569702347
0,0510871178883714
-0,00530732477116563
0,0533882433397976
0,336209314434928
-0,0937722395033536
0,00418111236535266
-0,000553318157445888
1,40260257295517E-10
1,06757070929388E-06
-2,6778775786296E-07
0,000720279379951476
-2,08111040152674E-05
-0,00102825258518833
0,00172486914920552
-0,00649041048713372
-2,35881917578344E-05
0,000797293832096132
-0,000349101637216642
-0,0030045970718977
0,0286761355916686
-0,0364167714217816
0,00320795734130927
0,00526559476190272
0,00387575346048429
-0,00516145224405071
0,00793571029285556
-0,0103633743183639
0,00118897615778168
0,00241287552347752
-0,0041115815264558
0,0108450062650182
0,00803948610391586
0,0123247076296404
-0,0216281169592846
0,0085978165532455
0,0141679533728631
0,0172342956456569
-0,0412960348739546
0,0144757688516089
0,0067313126293912
-0,0287114700635632
-0,0213123684997842
0,0363651261716243
-0,358813475181039
0,29677462600426
-0,283234399767001
0,0909805484411089
0,187146685185657
0,12948523185048
-0,0600159888486615
-0,000733900396786692
0,0732722832092425
0,0226308427610779
-0,00619206284391638
-0,0305344037509446
-0,0361621276915795
0,02972406224843
-0,0384798188465674
0,118633012253215
0,00578897516814024
-0,0164965776079321
0,104051644099007
0,186681626143029
-0,196204123602603
0,371463340780724
0,601395545577193
0,0793573769006631
-0,123799716962958
0,0221066142231185
-0,00188906416102922
0,00425250190139439
3,32854380034607E-06
0,0444986494666849
-5,07813517187212E-05
0,0930784111238582
-0,00212096751013588
0,000200628691702205
0,000746479720119472
-0,00209961647415627
-0,00124300589189532
0,000547157726959044
-0,000238803128027079
-0,00584161978645052
0,00353203599057416
-0,0168360832960863
0,0569539928677414
0,172670895695662
0,101238953628211
-0,0911212736140874
0,0823268535414103
-0,147705964838426
0,097281529621679
-0,0549827658872274
0,0779768619513656
-0,0194418666156736
-0,0720342523917322
-0,0436674837086313
0,0422619665430473
-0,0107188408832599
0,0739969898539212
-0,071727536443809
0,0923327937707699
0,0365969271014688
0,104137487227273
-0,098489880311626
0,0398346220957672
-0,141021660244585
0,114352257222668
0,0470049900190504
0,068168216429015
0,0305172734343738
0,132465629829145
-0,0612233896344676
-0,0474097911692617
-0,0951034066686525
0,195738869884854
-0,0314527650365981
-0,00449482067778957
-0,171373321777697
0,0468902841397639
0,0317596370442401
0,0116176380085597
0,00329625222988783
0,158439369018971
0,0302607858931905
0,191403548774242
-0,110839916326113
0,0938307021358827
-0,0909212409311291
0,219090220444311
-0,734189910935418
0,077447776557479
-0,0882029176618326
0,00480871201448629
-0,00435137307887605
1,77342920879898E-09
1,84706583084029E-07
-2,82201362728917E-07
8,89527232759853E-08
1,92157288864026E-06
-1,99764912027419E-07
3,64838607552544E-06
-2,69933025747871E-05
-0,000495740835683696
3,05758875504047E-06
0,00146331647440843
-0,00659620008554001
-0,00659622271271748
-0,00551664774190535
-0,0467188193653503
0,0138175786024186
-0,0122925341648027
-0,0176460969690742
-0,00417666785733086
0,00486424649823267
0,0225016700941817
-0,00902243025516861
-0,0424597566230582
0,0459544859514416
-0,0224655668429817
-0,022632536173304
-0,00751048400578691
0,00437639705682786
0,0141481588784888
-0,00818395732182172
-0,0170926802282761
0,0215444623474918
0,0227647327018129
0,00562825321564119
0,0403105691908313
0,0595302520863613
0,236457341656652
0,175062961869585
-0,144196898743343
0,0909952043681376
-0,0619910502530166
0,0302873398320094
0,0871645676047322
-0,00363019713359843
-0,0311345585271539
0,0554322878067142
0,0414463879040026
0,370468850147909
0,406384047681926
0,48021048269678
0,425929933859312
0,249553292655146
0,2404470678848
-0,0917490335162175
0,0154387321233241
-0,0242379377831617
-0,00603690285488506
-0,0663336145483939
0,0177705048214952
0,035379485845353
-0,028769735374077
0,00955525797231292
0,01518530227542
0,000617643654866313
1,92410213228535E-09
9,91759032560102E-06
-0,000545168433065297
0,000191033170962876
0,00311543806119627
5,68276690549255E-06
-4,67132638897739E-06
-9,55944992320067E-05
-0,00445439108741543
-0,000632582978478635
0,0972044065948914
0,0247964318130352
0,00641532503749478
-0,000549696851672006
-0,00580674481698669
0,00459635681301002
-0,0214106805600595
0,0349302961559479
0,00348153778512603
-0,024771094718633
-0,000300352288935363
-0,023345251020606
-0,00275364790949223
-0,041495888454064
-0,0715865890198904
-0,046819731690345
-0,0466020519309434
-0,00150482904483331
-0,0465027333577414
0,0166054985409536
-0,180670504884694
-0,152921934449244
-0,00370603350660427
-0,0705307398611203
-0,0895454677399311
-0,0673654650084151
0,0749641075479608
0,0141777730051031
-0,0143562445381588
-0,0215005847137397
0,0468711137203608
-0,0256011541501127
-0,134856850703028
0,0240851709676387
0,154045001913935
-0,384224973918927
-0,743634841127282
0,296575609177897
-0,212496119477639
0,0304666513729011
0,0454030114774384
0,021672285606292
-0,0320637543643148
-0,0534642215036273
-0,0125709894178628
-0,0659886804755873
0,00292008816670815
0,0266874959655238
-0,00975588414001325
-0,0158604993317352
-0,0348981580878384
0,00350476221992136
-0,000397710163335837
0,00176025854818898
1,5019739800732E-07
0,000327335186745499
-9,76963757090616E-06
0,00427109906668347
0,000429535372051439
-0,000669638073757919
0,0039615609690338
0,00133194361449795
-0,000284544262912353
-0,0310020877488269
0,00661027220039887
0,00119075005459148
-0,0028166989660088
0,00308983655904127
0,00365098854368545
-0,000101988761959806
0,0126091137296853
-0,0289488283634875
0,082447283672589
0,0589465412271098
0,00335648140318757
0,155482632098337
-0,0451325928129138
-0,0575896032690359
-0,164228070618863
0,102818524547121
9,49110404171979E-05
-0,00148655957268222
0,170974713745721
0,0276932390264596
0,0897088452984834
-0,074041887811924
-0,279944211800249
-0,0246716806153312
0,0626971280333726
0,0261753577657982
0,0124439543853592
0,0855761396406556
-0,0976555865809618
-0,287007117108227
-0,312314347190402
0,178253295089048
-0,303657320471214
-0,025300680589797
0,0671643570718792
-0,149542366407506
0,0435712258599017
-0,0633912127468597
0,23369409665514
-0,0844696496976374
-0,0650987779583994
0,00453747514673851
-0,0321309737371336
-0,0736436267576369
0,477581482492308
-0,22740152421054
0,180386863471489
0,164372120867402
-0,0770225222103017
0,0800258262779794
-0,0522654788470362
0,110508691276385
-0,00240757345221794
0,00271216766541595
2,40646422627839E-07
7,98930694077124E-06
-0,000641728373744453
0,00697704589280054
0,00125325502982428
-9,23512966326047E-05
0,000823624638636855
-0,0031997053615142
-0,00164774901679398
-0,000497817225736836
0,0547676082441034
0,00688000847455384
-0,00868570922383576
-0,00127307780442859
-0,014402961781538
-0,0863115507537675
0,128533391473306
-0,12792645647053
-0,0621526305995433
0,0180952485784331
-0,0263305523595059
-0,101376208293093
0,0781186501808231
0,112590048948399
-0,0838438202454829
0,0897982997492374
0,0956870215575893
0,10925195817278
-0,0843385164196167
-0,299553610059106
-0,0527858657149866
-0,109637368464815
-0,0723164931838379
0,0424343630411232
0,191261199844648
-0,0886123233746712
-0,171719958349457
-0,196856711445076
-0,1397598333644
0,0203758964161548
-0,111106280590321
0,0645952174042781
-0,000113257164669624
0,0580926904202574
-0,286681574763409
0,0792111540575564
-0,0141260416016351
0,196828309773702
0,0533023614356893
-0,0318351928032105
0,100429680895915
0,121146150030468
-0,382479416300269
-0,137985275133697
-0,0727360281776932
0,0854318920917965
-0,0102388233725525
0,337793988965555
-0,153643291687314
-0,358074423187631
0,108347517245867
-0,055996923792449
0,005574414995347
-0,00836546062026308
4,68222620172153E-11
2,80728637985332E-07
-7,35947349704364E-08
0,000239140066277134
-6,91563363805477E-06
-0,000336671213997162
2,07827427521319E-06
-4,5486867308013E-05
-2,28107650635463E-05
0,000161906998201386
-9,25281300613713E-05
-0,0010435919714728
0,00947935397452009
-0,0120481317709675
0,000414401189092544
-0,000908634812805451
-0,000280224571668795
-0,000804325199784623
0,000504700038874109
0,000609200671898191
0,00113188283289398
0,000613464803746357
0,000180693134088283
0,00107857619855785
0,00182248501776104
0,00237351079448965
-0,00422168440876868
0,00238716067307253
0,00158083170789548
0,00416926738574334
-0,0034915917645213
0,000670764967964631
0,00149735755762072
-0,00610429602722024
-0,00756345622317983
0,00102596947687483
-0,0807730213331176
0,0747803673960046
-0,0807487453511837
0,0240407178345828
0,0881303773559644
0,0819758353520371
-0,0364368324721125
-0,0216072883347244
0,00754849706870478
0,0190074780097396
-0,000834320611211624
-0,00644855887132014
-0,0223107429163195
0,00837376397051089
-0,00791392292351476
0,0329101738161718
-0,00391321570784456
0,000641530199583755
0,0265515242728477
0,0284852417389283
-0,0116502681772563
-0,0946950492760155
-0,146762084128955
-0,0395863762038836
0,0189769251846773
0,0387140592928618
-0,0817119343224873
0,958983018631182
2,65814517367966E-12
2,92503667424886E-05
-1,56388003089484E-05
2,80117387067866E-05
5,64507377440818E-05
-0,00107492060909421
0,0523973702727516
-0,14905701641744
-0,00115412038142292
0,0031541490699622
0,0255771241520423
-0,0525259572512249
-0,0430655752465931
-0,0321953670674599
-0,0548841745474851
-0,0608484360519481
0,0853188277676485
-0,096664355158689
-0,143841890758507
-0,0156034357683877
-0,0779539869094382
0,133068632822971
0,214151966092936
-0,0991640582944605
0,0251623647429691
0,0463922038765224
-0,0120307832012495
-0,153785500792
0,0654122377664665
0,28517585845986
0,114991957294948
-0,0252951747883051
0,178248741154391
-0,189037639575026
-0,267957511650441
-0,230601581747196
0,107675266866191
0,000785390664874518
-0,235700635147766
-0,254532419774132
0,0163651730813246
-0,0509855561647424
0,208227586740325
-0,110946554812036
-0,265249281996793
-0,00761863919565471
0,0540463666062254
0,309152313958304
0,0854703913038602
-0,0213162193335282
-0,207075713807391
-0,20485303158338
0,016820326630289
0,15962861838126
-0,0566894649943339
-0,0555941909438877
0,0871756795744597
0,154616071118529
0,0640514279574634
-0,0703415559640247
-0,0189711611010042
0,002804860018398
-0,00227539532219733
0,0380852373612257
1,86426508581537E-10
1,32895795095055E-06
-1,35970923579806E-05
0,00106146106529883
-1,72473873400608E-05
-0,0867967493721053
-0,00126973291526598
-0,000174601440052808
-0,000146163395545293
0,0134240100846022
0,00236053991498932
-0,0102762360563799
0,0302686989159434
-0,0471308629284297
0,00375150992680226
-0,00844055409261785
0,00197314983709869
-0,00851593439515354
-0,0036427242198182
0,00178251649604862
0,00292682102425052
0,0114358967941339
0,00609256103491273
0,00820580950045883
0,00923447096385121
0,0190604026721573
-0,0539596651199246
0,0193551808743529
0,0141745407889349
0,024963525654396
0,00732662951005083
0,000865071537631742
0,0175330355634074
-0,0420667291904436
-0,0473754350940388
-0,0340112175037837
-0,324918893906758
0,307094916488677
-0,324210252556932
0,0818595096790745
0,362101921992941
0,323693048568248
-0,128554653244726
-0,0989544719618433
-0,029006160509631
0,0426014044549455
-0,00193744987021861
-0,00825060163598492
-0,0327576700873393
0,093500909863892
-0,0954378341030827
0,0311465433191527
-0,0285474249157595
0,037830553618716
-0,0445420118419966
-0,117593744754807
0,148958964029738
-0,286161537962362
-0,432789113986942
-0,0568224907416693
0,091867532859716
-0,0281314957714475
0,0220252418877368
-0,244143395716018
1,87266780316113E-09
0,00328106277148133
-1,35158112472359E-07
-5,62051114912896E-05
8,62225938787239E-06
5,30249652907847E-07
3,83669007339317E-05
-0,000235998825616051
-0,0144099599173268
0,000214268260034439
0,00044780535301674
-0,00870485038093718
-0,00814934350119701
-0,0071513067585022
-0,0413844413055454
0,0097813976161341
-0,0052106333957996
-0,00167868630534968
0,00110130756061943
-0,005030697831867
-0,0380367676721878
0,00392692750197724
0,0970505003261957
-0,132152337416996
0,0566550763586974
0,0375316672246235
0,00209208952540041
0,0197602827053536
-0,0167637685061006
-0,00252363110584566
-0,173687077462234
0,0694625061557402
-0,112259316300885
0,171289546937667
0,212020366684874
-0,103512008860205
0,0142973713844598
0,285644558610828
0,250556004792094
-0,0843596147808415
0,0583292432697003
0,0669639773670809
0,132396588389652
-0,012692571683527
-0,107493798587624
-0,0451498418891927
0,0186306507036474
0,0646735433722083
-0,0165293366030434
-0,0170494466204716
-0,0343254444855132
-0,0441519238334501
0,00926072398223633
0,00708302045327717
0,0860935241168369
-0,0656038365704749
0,0564393673608395
0,0656750706029717
-0,0318150962822154
0,0545019969421611
-0,242905832432847
-0,740515241653947
0,00602399145617902
0,0407007575188322
2,96454031940043E-09
2,12530125604329E-05
-3,35413100534824E-06
8,59434663916998E-05
3,19277299447882E-05
-1,43330123967104E-05
0,000161102845587727
-0,000663928524734163
-0,00744744243400242
-0,00034683457508708
0,00710856883496316
-0,00021728848757566
0,00179039136999447
-0,00582915365117187
0,000182906460869972
0,0357224284234459
0,0434537889216741
-0,0227681343731156
0,00406451502710778
0,0772141670181678
-0,159246531070708
-0,210521563412427
0,0694382599146162
-0,124038668723785
-0,313362797436629
-0,252510272262648
-0,23985837737116
-0,0348697918741851
0,0255270115278551
0,314235713349094
0,0453137984309522
0,404459077965939
0,0178434592922803
0,354233406186089
0,187664675948642
-0,035736390601284
-0,138693297883342
-0,241798493125989
-0,161674222697019
0,112720693904846
-0,199910611626434
0,195343991128822
0,108958815714076
-0,0865785051764779
-0,0241569312574548
-0,0308132734611474
-0,113610617451774
0,0218068702251913
-0,0134781363177983
-0,0568109158347586
0,0185678927020344
-0,00575559477922939
0,0588971745077609
0,0102928148610231
0,00931407275164887
-0,0361892232042577
0,00673158556606568
-0,0836126309992176
0,0700962238655214
-0,0443970475148158
0,0215635830414592
0,0131762368250939
-0,000155092494101415
-0,000417402408082078
1,37337246846437E-13
9,62329496458168E-07
-2,14416490044755E-07
4,02851548230028E-07
3,27332687514143E-06
-1,26080454446681E-06
4,25441155644329E-06
-1,27234297657197E-05
-4,9427068606081E-05
-5,23925339283709E-06
0,00109545579753838
-0,00170860481791397
-0,00160264123047346
-0,00137347161950429
0,00282195112674302
0,000330365136508226
0,0062479416978966
-0,00510778233797903
-0,0070993669385387
0,00318814198159052
0,00414272921224348
-0,012561443303011
-0,0392620403661054
-0,0430210426821255
0,00657303731629461
-0,00356952154621589
-0,00865499865656065
-0,0731778183149989
-0,014364416538578
-0,0485592091877008
-0,0260811794836061
-0,0105146864928828
-0,0495267868175638
0,01681634310834
-0,0466289599595581
-0,00805468028950962
-0,0067108504915974
0,0101391867852936
-0,0269402246157233
0,118547492862085
-0,00970574054333787
-0,12311401596933
-0,0733761737469131
-0,256048320344099
-0,265118649203386
-0,216136164555975
-0,0956895075381613
-0,139079248031168
0,0994285507374814
0,062170802834787
0,157495773528591
-0,197965254155998
0,0466722020385098
0,285379707887571
0,338697455718927
0,564727555162627
-1,05662091828601E-05
-0,0223861561323955
-0,0795101216146049
0,0721963544408433
0,340442279030614
-0,110006688799945
0,00709904682748093
-0,027596369179155
1,39171380214345E-10
5,6428811724015E-05
-9,38485672141831E-06
0,000653140933340436
0,000594225788139532
-0,000127198273699
0,000759423495789325
-0,00272274199006894
-0,000139516875414025
-0,000907760440852943
0,00610408219499677
0,000786385275776808
-0,000384273786160398
0,000411853631005772
-0,00151472500924614
-0,0180536805024374
0,047465023110815
-0,0628681050439831
0,0882784646551049
0,0608600489993274
-0,0167125724698341
-0,153388068026951
0,0377519083148833
0,0146901571621383
-0,0298147673468665
0,0458305663404736
0,142153616840646
0,00212883580283559
0,00962038156457034
-0,0956604462867552
0,0406057320914051
-0,104767129220927
0,0742262294576488
-0,199730461055928
0,0861858269458383
-0,395718111835499
-0,0130551263407604
0,0912111509669875
-0,00426642552873319
0,270917821692199
-0,314075709728843
0,190801744385621
0,0768559244094055
0,0510698175868347
0,00807023434760076
0,048011576727364
-0,0530532851640135
-0,166543562160197
-0,183969043103971
0,0308711077709801
-0,0159510690637942
-0,05888655904572
0,495795811908996
0,0847762659551001
-0,0695862815623818
0,0198924120572952
-0,0151527149815859
0,265061528060592
-0,220522668894472
0,0827387010443176
-0,122608644446636
0,0762387909400436
-0,00182586360898372
-0,00456423630542715
5,45876460930863E-10
3,38608050574962E-06
-7,11475579054679E-07
0,00279324265975842
-8,06055355789178E-05
-0,000502881966861283
5,00481680779134E-05
-0,000354188489459675
-0,00056553568505333
0,000613473163915083
0,0218123807964564
-0,126925523381565
0,244037542946871
0,00499553514673824
-0,0129658351197194
-0,00288880203000404
0,0043487898410661
-0,0126198815917299
0,000385427382039348
0,0101581787428676
0,0109707376584447
1,42220775268481E-06
0,00127293226643189
-0,0029868546320824
0,0146449089037826
0,0123812578723905
-0,00569361559288071
0,012548365750926
-0,00112001809482515
0,0208384089855647
-0,0240831554772486
1,13438142943889E-06
-0,00719284148824561
0,00810398120045211
-0,0106473076349628
0,0183938514212282
0,0659898627237539
-0,0869597488690938
0,0614388461284393
-0,0013550101633276
-0,155588867543244
-0,00537544998596991
0,0780671410449644
0,0160703221384214
-0,117056854740604
-0,064237969492753
-0,0346708034247308
-0,133731430048289
-0,125265339779805
0,55661775545169
-0,560426594786671
0,400310889328705
-0,120771033495628
0,0873364548575138
0,0957491517055295
0,059215076066779
0,00769641386913402
-0,0472261198958645
0,0182267177316979
-0,0153478390471087
0,0142613809051879
-0,0103295926664306
0,000297500933223976
0,000704198902748561
6,09556145656057E-13
6,88658202766157E-06
-5,81112728120712E-06
2,87151980508906E-05
4,89145325268302E-05
-0,00875311233206359
0,0257146689420151
-0,0740858374354402
0,000537203132171433
-0,131198853434256
-0,000332591369721177
-0,000939427527676344
-0,000990967366912243
-0,00150621940276699
-0,00294061400269873
-0,0112802335748378
0,0139061153713857
-0,00922121059451159
-0,0486419914287092
-0,0117409125794288
-0,00734645757539961
-0,0177700370098431
0,0279049516637478
0,0111929431770927
0,0236421872379309
-0,012314991726634
-0,0262207243451703
-0,0755367154109664
0,00289364074276891
0,0165579816874426
0,0119061641137324
0,0219494454117064
0,059945665412309
-0,00506683370652827
-0,0727720764074944
-0,0479137336600303
0,0623187530171488
0,0172025467076677
-0,0238470031364496
-0,102841497696341
0,014733667191384
0,101934980184165
0,13291966693398
0,14155963588055
-0,047131251080876
-0,0965759875368382
-0,00642189703939906
-0,129480161549115
-0,00148708980013703
-0,0967358564367611
0,193247003913496
0,139965085649924
-0,193504023138643
0,142024887713547
0,181936798642238
0,301963816411073
-0,138583045080557
-0,19023612759248
-0,161530948680273
-0,16372881722979
-0,682801132625272
0,186600185025105
-0,00348711157339724
-0,0601088410050256
3,74218102142048E-11
3,89612390073778E-09
-5,95220865504796E-09
1,87526001873802E-09
4,0504409848838E-08
-4,20918340201649E-09
7,68389533676788E-08
-5,68170810521952E-07
-1,04310161390879E-05
6,42883297663378E-08
3,07297066015673E-05
-0,000138502118069268
-0,000138350913380519
-0,000115662468772888
-0,000977131771850421
0,000288876430125269
-0,000256828431795525
-0,000368550114320335
-8,71272750027916E-05
0,000101419584465432
0,000468386283112689
-0,00018730625589026
-0,000881069171972985
0,000951761410452033
-0,000464523525829302
-0,00046722436872316
-0,00015483288982372
9,00093076117247E-05
0,000289866097630208
-0,000167026389926241
-0,000348295851580412
0,000437391469086839
0,000461759269535916
0,000113676178562055
0,000813589004543015
0,00119664544649079
0,00469516022943852
0,00346522451168054
-0,00284402788712989
0,0017857790758757
-0,00120901595419822
0,000586868745986476
0,00167534073868661
-6,96380045381331E-05
-0,000579934183309812
0,0010218458054895
0,00075250838861144
0,00651368678591764
0,0065315482495967
0,00743819587227237
0,00628657419080268
0,00354963899780355
0,00253047747918328
-0,000793660962641298
5,84192096266183E-05
-1,67328288659609E-05
3,91527548371305E-05
0,00165327710839804
-0,000830376112611188
-0,00374658156642933
0,0086976699703771
-0,0155142521004584
-0,996125047081413
-0,0845172270749736
