0,999963836962568
-5,2818653112513E-05
3,9713590275188E-05
-0,00828907182335377
0,000414512093024195
-9,48745378500182E-05
1,03102830708508E-05
-2,55690085737956E-05
0,000141023724380482
-1,3310264520336E-05
0,000110070331662629
-8,0988630306752E-05
0,00105519360761043
-0,00073891253971217
0,000145581162435807
-0,000327039177884082
0,000205250601141873
-0,000440859862843769
0,000179634429265737
-0,00025330828501465
2,96170367164808E-05
-0,000145301002228262
4,36544857499331E-05
-0,000251129360015953
0,000122326019497532
-3,42702586526284E-05
6,84135430546372E-05
-0,000150230000224687
3,57178330726045E-05
-6,39226310278987E-05
0,000166406230048977
-2,50097235630578E-05
4,00655363751715E-05
-8,85921787609814E-05
4,6021680257911E-05
-0,000166720486981726
7,76216624493235E-05
-0,000175374236520117
0,000190588708683947
-0,000111806309806344
9,10026600208455E-05
-7,73152696775322E-05
0,000175615853092791
-2,15610864834752E-05
4,83410301957314E-05
-7,28775119985073E-05
4,75083813839432E-05
-6,52856331077034E-05
0,000230214888498872
-8,55234337314845E-07
0,000142246616328643
-9,92483502875021E-05
0,000205506364799026
-0,000219189624649645
3,97057081318456E-06
0,000121952970857474
3,33254491657528E-05
-7,27623990493269E-05
0,000735887291110271
-0,000397256147851196
0,000160653216480094
-4,28369083482836E-05
2,08090427883052E-05
-8,22969514241042E-06
2,15220679204391E-08
0,993614276741885
0,000418780131148215
-0,015250236026614
-0,000241102931755331
0,000383179337250866
-0,000510128463746855
0,00144581546666553
0,00656499716781464
0,0121513478238296
-0,00352811919936699
-0,00219189566400217
-0,000868093070173901
0,00670575458412811
0,0132133660168042
0,00451915454658028
-0,0172321375941711
0,009421566662583
-0,00500387497101301
0,0105564630094434
-0,00421785298770907
0,00470723862829282
0,0474463613484829
0,0236500578703983
-0,00147681665432869
-0,00129068497367138
-0,023075116814937
-0,0292097412256177
-0,00375079653079029
-0,00321156260915381
-0,0130799252300329
-0,0194044705288591
-0,00245830197021386
0,00176201712053337
-0,0187461077091546
0,00399385253362433
-0,00634146560163756
-0,0197566348956499
-0,0421431834641772
0,0157037021313039
-0,011276226746615
0,0180562915106365
0,0173397750545867
0,00559792348264826
0,00690876929839725
0,00809324005392712
-0,00765323694816174
-0,00935749080338498
0,00352892261385356
-0,00136233000548289
-0,00270491321512018
0,0127864075727097
-0,0108422469166818
-0,000892775472066209
-0,00624094647226495
-0,00388251126211244
-0,00397649484899688
0,00481667738518353
-0,0422212447989553
0,0245679441020184
-0,00682842754212343
0,00266596428008338
-0,00124033021417092
0,000478249637055546
5,09828196110778E-08
0,000260087407555372
-0,986478651611305
-0,0110227233664782
-0,0415188614553331
0,00373772638711374
-0,0121977439696907
-0,00627834716033299
0,00951793671054244
0,00486344058274896
-0,0261146702157779
0,0850105756025643
-0,0017704516823684
-0,00024741640329796
-0,0240688421662032
-0,00241797618275372
-0,0165602133627658
0,0143853535922342
0,005118498803789
0,023423972513978
-0,00291695022109958
0,00185813190589481
-0,00855719438402812
0,0156108650048606
0,00892297076507226
0,0168267275669649
-0,0242553284216991
-0,0234349177792238
0,0460247382535653
0,0118677004270138
0,0391140718102641
0,000183190442180412
-0,00337583499490403
-0,0147096723862297
0,053927179803681
0,00309371177247435
0,00244168439370279
0,0247988813440257
-0,00255205749951758
-0,011061401315985
0,00509732360451139
-0,00634829469823553
-0,0073285293304314
0,016328755934217
0,00423561949362031
0,0124037643861253
-0,0143131731709251
-0,00136022199930095
0,00040810612316487
-0,00435290069196923
0,0104558584721262
0,0266562799111462
-0,0373975675596893
0,0034303118499377
-0,0127833676660153
-0,0353370128027152
0,0257323222038314
0,0154975067649159
0,00623071937934174
0,00699422348667116
0,013124043875645
-0,00650681208659776
0,000326831103726945
0,000140947396148538
0,00849987102383705
0,00603084115595385
-0,00416694143855042
0,974662296288225
-0,0496431850129419
0,0112000705589906
-0,00170054160080677
0,00426177202965994
0,00459991989306087
0,00161950802171818
-0,0170849200536592
0,0101781091975839
-0,123544108800809
0,0898694876140086
-0,0107808503477018
0,0403550886010364
-0,0270991936610602
0,0510878870147756
-0,0156270155565542
0,027496068763776
0,0109798386742646
0,0215360773169374
-0,0034729943229707
0,0238534354650689
-0,00620601442471888
0,00712040051784803
-0,0064559908275097
0,0157000575136137
-0,00410258608392028
0,00631997967148891
-0,0150407894023638
0,0021837081999969
-0,00363401459958447
0,0154708345659153
-0,00325485625810316
0,0237418197819027
-0,00373221998246037
0,0173982895113854
-0,0238721434410684
0,0131013018465306
-0,0077936955261102
0,0062570304655328
-0,0213942221344493
0,00206540100961544
-0,00618064285000119
0,00894937207389752
-0,00696419100806991
0,00494746679571685
-0,0276148965977482
0,00196151879899794
-0,0155930499015737
0,0100014856868094
-0,0252503105101925
0,0253085132679987
-0,000511147670792336
-0,0151453205010393
-0,00375526667024329
0,0084468918782771
-0,0874549556852715
0,0472776976434331
-0,0189861049213887
0,00507416205625389
-0,00245072718819439
0,000979613223438353
2,99686333630234E-08
0,00017291507472691
-0,0153249100710685
0,0412250616186158
0,959154923883096
0,00080951008222558
0,000130507575818156
0,00363913192640253
0,0251594277507112
0,0240399692719
-0,0521316166972511
0,185604914479789
-0,0154163325901364
-0,00386317486420108
-0,0139112410774551
-0,0433035219326508
-0,0234894055838956
0,0473241327466312
0,0336198965878819
0,0544502842896566
0,012955363452321
-0,0176404985389403
0,0728103527239203
0,053687374142089
-0,0157593855510305
-0,0149133425454806
-0,0219004439115982
-0,0351372936901224
0,0155557026249801
-0,00563143912084839
0,0477780032608969
0,0779690336925253
0,0380440305874258
0,0440415974747896
0,034169509390496
0,000217619496442051
0,00733052321812502
0,0444619289964873
0,046685067805419
-0,00584052173374817
-0,0143966728386763
-0,0111048147128923
-0,0180134941022619
0,0072408972953403
-0,0279701506845312
-0,0100512381611058
0,00298308147730043
0,00159620977310871
-0,00228536087063321
-0,00635790910966901
-0,0108848475044391
-0,00807561544173267
0,0169610313104677
0,00546060824259258
0,00368351873953126
-0,00069698441904733
-0,000182496494540355
0,00121039116433307
-0,00398426544967687
-0,00230043971254319
-0,00419240519429168
0,00153777915953127
-7,50875463295667E-05
-2,55466275720248E-05
6,10974792748885E-10
2,93983866143086E-05
-0,00109941356562909
0,0060298924778676
2,86582151491187E-05
-0,985432222370895
-0,0356966860211713
0,0120116419890747
-8,00612534391887E-05
0,082520748132763
-0,00221715975761318
-0,00963154226169509
-0,0365031579581295
0,0277765297244259
-0,00923801655813896
0,00292414660975423
0,00560419838552242
0,00012367168997336
0,000801226565381706
-8,19877688477624E-05
0,000687246102321926
0,00501703086737837
-0,00622209754733725
-0,00276958947888203
0,00267160431395675
0,00627604939172632
-0,0234964318219024
0,0113646001115957
-3,58848043703556E-06
-0,00685347245091154
0,00969005680359631
-0,00761010672386185
0,0066018616053533
-0,00787054761062414
0,018978698812679
-0,0777219089698807
0,0555604621564893
0,00956226652109687
-0,0150630282170164
-0,0033361528768857
0,00498847188472675
0,0178272199373712
-0,012041592963017
0,015023900346365
0,00395340426054751
-0,000377218513188054
0,00812489732198384
-0,00395992026803186
0,0239726266576066
0,000235998803933961
0,00224829846379318
-0,00321210036668249
0,00114480182145411
0,00070340740463078
0,00673604734589896
-0,0116628407453093
-0,0191564861187002
0,0299640313881642
0,036444147570285
0,0411237245162729
-0,0321969067136298
0,00395274346838339
-0,0207690454671441
0,00751743588253191
5,80776463330423E-09
7,25345781834986E-06
-0,00318017191808735
0,000142394563979855
-0,00050606079503614
-0,0208287793141435
0,857757605946023
0,488537184590431
-0,0175494430220019
-0,0126949453559952
0,00784104874906834
-0,000560945702229986
5,18233014400492E-06
-0,00196307885883483
0,0112084429820417
0,00439189186956302
-0,000729171233376179
0,00256849692815006
-0,00175509370819987
-0,00367250010056514
0,00192392048134288
0,00150551508058752
0,00244097056180152
-0,00402730582826074
0,00666447072673649
0,0263025717967231
-0,0674036323539842
0,0277462181227065
0,00810465746452425
-0,00557756610827191
0,0378388626194236
-0,0240480666830535
0,0127264625440749
-0,0328583137217794
0,0392390621927185
-0,0101500689708822
0,00246664423598159
-0,0137584260020924
0,0138302158350279
-0,0167489047402419
0,00126743605439434
0,0156081633609572
-0,0130708720309907
0,0100725605911679
0,011159421184253
0,0186129721817546
-0,011539181874145
-0,00609305698875073
-0,00263149300018144
-0,0132245813861935
-0,000177751225589983
0,0246756908179692
0,0178371394637752
0,00472362419954512
-0,006465970074157
-0,0753748239599477
0,0598544299267622
0,0231026999676444
0,0078376366556202
0,0126160894274195
0,0171074459293668
-0,00750064310840755
0,000887426174358864
5,7920959786124E-05
5,79422899719406E-09
1,96033966573399E-05
-0,00013197481980892
0,000526467977825154
-1,26749022795632E-05
-0,0158830253409427
0,463604748656657
-0,806754629525251
0,0478684303552454
0,0581194906586831
-0,0817583276627078
0,000264031139484442
0,00396439131368523
0,0604841928148379
-0,0307927548300408
0,0484275375165102
-0,0338756480855878
-0,0806661038463043
-0,0222638478210026
-0,0109732586807008
-0,0610452616075375
0,0731183187331326
0,0116624276920561
-0,0250582190103045
-0,0250826869134321
0,0045854039430013
-0,130076009935972
0,0432646152021291
-0,045755876118261
-0,0314360787134927
-0,00833312567627291
0,0303202864345318
0,0581518771920747
0,0109818903526773
-0,0248162834398495
0,0108347300835093
0,041771531193528
0,0658703771976964
-0,0476515247584555
-0,0324457354847138
0,0763998168929425
-0,109333987834877
0,0831347208379964
0,0174835594358017
0,00655727153366031
-0,0449380107038438
0,0209687841508857
0,0229736624527213
-0,0168368311030776
-0,016440794129701
0,0530747014143921
-0,0603866670134818
0,00965391886953993
-0,0275678223454929
-0,0897738847026062
0,0188559993664077
-0,0841800540406589
0,0631875815725855
-0,00899094506637903
-0,0175461258862158
0,058174188306082
-0,0142259877505089
0,00194102061316028
-0,000471419145246369
0,000118756443369291
0,00460745992561024
-0,00035977561562555
0,000109926274343894
0,00263371733652876
-0,00015371687696755
0,00311163805503169
-0,0376032706918366
-0,904966438887082
0,00271970482420369
-0,128128331744077
0,124306797310054
-0,0277256570965606
0,0707915130716338
0,13557164692241
-0,0509259299453673
-0,0817027737979634
-0,0359014343813292
0,0728796856320249
-0,21589545284908
0,049168879678872
0,0570044897910234
0,0531162459300361
-0,0921176700733997
0,0174560020139173
0,0598157417005429
-0,00310316688770082
-0,00372349609580788
0,0370061028808512
0,0395953539949717
-0,0608863377575462
0,0245104751131925
-0,0228192238087761
0,0851651553823734
0,0832724536796275
0,00521902773189428
0,0115268066602097
-0,0667759416840667
-0,0291652475512553
0,0181910180833591
-0,0512835304945149
-0,0466445753452758
-0,0020431734768717
0,0135460033967989
0,0212665726687367
-0,0331340769915593
0,000761472490404783
0,00812586094404338
0,0056913353966093
0,0565525914952837
-0,00153082401256755
-0,0089160477491426
-0,00795823113978082
0,0426555114090737
-0,000555397785445151
-0,00203473255226908
0,0131268366981952
-0,00667418805579862
0,0148595741261778
0,00273250775916944
0,00375598642466925
-0,0128019350252215
0,000430634711312157
0,00038067853084533
2,29871705303138E-10
0,0010546934838511
-6,07817473899587E-05
0,00124036874507476
0,00301756999005066
-0,0866962184508229
0,00677038345772647
-0,0393341301998777
0,00383213288419409
-0,960058188389128
-0,0157496735082549
0,06270200471517
0,0262729120932726
-0,0158417902823166
-0,0268494186284529
0,0198857461518432
-0,0271711871311486
0,0499508088317117
-0,0104569354385314
0,0117399386454809
-0,006222576577519
0,0149719976262816
0,123320511449589
0,0117516481100461
0,0112573532926414
-0,0296486884016847
-0,00936930826568975
-0,014848872292481
-0,0125449250491384
0,00271966872858198
-0,018447862773769
-0,0220619485329754
0,0120204199466718
-0,00298907068287852
-0,0126108094683814
0,0251008238208875
0,000797935168652695
-0,0118072287212148
-0,0147505489649084
-0,0416783792544601
0,00841641322232722
0,011608274920843
0,0231840564712242
0,000586635053327521
0,0165631322853171
-0,0267660940272899
-0,0497712690025907
-0,000998911350813555
-0,0378791800620774
0,0129004504513732
-0,0386231922513005
0,0225583769417577
0,0490712120709042
-0,0145948635082912
-0,095657532932868
0,0490439248658915
-0,0215553821971492
0,00250709787842539
0,0117989181656766
0,0856171890663821
0,0865918098044082
-0,0324065589170862
-0,000976647119811955
0,00149491163472482
7,35690234162275E-07
9,32149002828817E-05
-0,0838286409165871
0,0235857064090657
0,1876860896265
0,000819567670339703
4,29128223956171E-05
-0,00937360458201759
-0,0739935974583786
-0,0341496176393613
0,206541274519406
-0,79258829460203
0,114872628106484
0,0146542399602484
-0,02196811900056
0,236531433967325
-0,0761013914724418
0,0185283700100975
-0,090886077175238
-0,177391839371956
0,00928129103804569
0,113686086878193
0,109003013940265
-0,151317676151111
0,0937459773753972
0,0420308386601746
0,0268945696519109
-0,0432170467786378
0,0508233504207733
-0,0632665071877101
-0,0510943558614685
-0,10406651317546
-0,0322445898598422
0,106929066479268
0,0949365817498008
0,0249525461463697
-0,00814493240006412
0,161037686149038
0,0543525517752605
0,0587979244959773
0,00827278446305631
0,0616547834033916
-0,0114013398905081
-0,112161346980674
0,0859788817192289
-0,0212260911193266
0,0461032940431309
0,0243067249125333
0,00724176842931106
0,0217863436768732
-0,000556162456748614
0,00456304554927797
0,0157396381691655
0,0155142251231557
0,00882561596187684
-0,0078665534240417
0,00357734959623265
-0,00685872267050599
-0,00263103609759851
0,00590128224729031
0,0013921917752133
-0,00109505083563416
0,000555905915705354
-0,000142248092275173
9,84687907692983E-12
2,70993985663012E-06
-5,25135351524031E-07
0,000343864391886418
-1,8175518485064E-05
-0,000211962081390892
0,000791697769655884
-0,00401939914926518
-0,00602160385963578
0,00268140357305856
0,27417434097551
0,116036868689524
0,42472212875778
0,707580362594176
0,0580181071862161
-0,00751610827941836
0,26838416952474
0,1774194604645
0,062612459663837
0,0288130547147291
-0,0380373734075572
0,0589966564366997
-0,0171064160140024
-0,00166878697632267
0,0252875246061462
-0,00689108153612749
0,0115902267326989
0,00127694035865718
0,000535094299039615
-0,00348685010256462
0,00651061031593561
0,00453126373490703
-0,00254482658597776
-0,0280679211240871
0,00164792079190016
0,0436759366031351
-0,107532759475037
-0,00573496499989535
0,0567801983255108
-0,0189514124637169
0,00625497063769629
-0,00472405988064206
0,0159446067913599
0,0272117991712371
0,0476930631709762
-0,0757403824489563
-0,0626924207747079
-0,00938467035126296
0,2788891716277
-0,0365922007641399
-0,0235224612775447
-0,0155411765604189
0,0116727818826952
-0,00245543571715106
-0,0335352095437839
0,0124418006827252
0,00407856183027547
0,00702847317350992
-0,00795530566713952
-0,00239471250761567
-0,00104678294506886
0,00106695746018248
0,000909085944858853
-0,000369108323581489
5,18882176423811E-08
0,000203716560392223
-2,72670798686674E-05
0,0001820639740462
0,000247874422798004
-0,000915285258254444
0,0100582170177642
-0,0313488627480142
-0,0419514280022705
0,00370604354361315
0,746417824164643
0,229856522873381
-0,112661426804159
-0,00217352923313452
-0,120724785714737
0,0273810018565711
-0,2917173275874
-0,236509318674966
-0,171785676531026
-0,0582444356782247
0,14929681094911
-0,141933011833339
0,058746815969471
0,00662408131906112
-0,108304089505656
0,040427382232144
0,0212591957516297
-0,0170938838692064
-0,0122542169336536
-0,0144809922148572
0,0434125075484344
-0,0569943228051682
0,0209867724202725
0,0936284114831834
0,0374076678133269
0,118597504990208
0,174627411650394
-0,108900051756808
-0,00398380153302979
0,0173284496943135
0,15103993534333
-0,0324145634050809
0,0189672554526544
-0,0523267513482982
-0,0594431267617411
0,0987887280943935
0,0323939971120286
-0,054912529981233
0,0188335915682624
0,0609753087653557
0,0353361368097676
-0,0323071715603162
0,0216992939381485
0,00593787948047637
-0,0214839849056668
-0,0194620557810352
0,00516803247707138
0,0011197560985447
0,0075727099562427
0,00831944841726035
-0,0112917460441258
0,000582693632294506
-0,00440080175815237
0,00182772456801334
7,49268470284848E-06
0,00109020058096359
-0,000305149507766254
0,157509240000392
-0,00941167884702537
-0,0278231104056619
0,00153520451862437
-0,00803948552174146
-0,006137133824819
0,0256751312670844
0,0316910698039538
0,092904387030578
0,749896175954754
-0,506359667313142
0,151824434306734
-0,0360588477890276
-0,120597493646856
-0,135410998367118
0,0435457952146053
-0,0201185731440512
-0,0597378982732372
-0,0363907280028287
-0,0021599630087603
0,00245590468640623
0,00939427705378131
-0,00964633956923059
-0,0461502469608637
0,00585010390661345
-0,00130772854465325
0,0146138281258143
-0,0261228442430275
0,0121714566597666
-0,00164144680546779
0,0210462919251059
-0,0171366671972784
-0,0649410990803202
0,0617515168171823
0,0124375183654864
-0,0277824248074199
0,00329444502889808
-6,45637860191038E-05
0,000231273643443908
0,00476592173004176
0,00174689256729155
0,0115000925635054
-0,0255042021588216
-0,0280543825296866
-0,0171728532578249
0,247645031097191
-0,0233060914757616
-0,0154967548997481
-0,020358755665634
0,011022133511204
-0,00242030548651285
-0,0520336496445395
0,0127117269536402
0,00953305571426359
0,0087615233590521
-0,00733422849816483
4,90709554665984E-05
-0,00372988877544674
0,000993480692355657
0,000170793153614026
-2,90114479883285E-05
1,12370951368035E-08
0,000184062089816643
-1,98330550370135E-06
-1,45979411233885E-05
5,72784223666009E-05
-1,94800649807547E-05
0,00064760525950158
-0,0032462491034549
-0,012924753431732
0,00120295131664815
0,0902397127874532
0,0437218242984476
-0,0686341955867306
-0,14773699996934
0,0152247884110715
0,377800633523978
0,272004440647689
0,0360524099671595
0,566094676805938
0,0548684564443679
-0,173009194414949
0,207220357094591
0,0438419969431915
-0,0603426860083184
-0,441794557180516
0,0912576465868297
0,0342885581455181
-0,0502569611450577
0,0307251912217041
-0,0157536544778163
0,0837532426340203
-0,117287486367401
-0,0624400498472446
0,120624331921456
0,045636247387431
0,0872257236899257
0,100150679203366
-0,114406240446591
-0,0359614756930786
0,0273282902320335
0,139173669181057
-0,0118142762697575
-0,010692493211451
-0,0695155096253161
-0,0731163592113335
0,0783650066743822
0,0551836305686846
0,00803830201196945
0,0257200000756383
-0,0366024665919662
-0,0716113964537617
0,1047530907477
0,0303850518474672
0,0272396934352078
0,0078344285722081
0,0180534212067992
-0,0315144333669796
0,00781044464320643
0,0155586935601566
-0,0080969435493609
-0,00370254624753778
0,00166304947408932
-0,00277198061348611
0,000484141302680083
0,000118509702586236
0,00313671139862372
-0,000537151468747683
0,00156005255197981
0,043489071791133
-0,000487739065726232
0,000555819300241571
-0,00451025883719638
-0,0764349602102104
0,00670633984982026
0,0319301215295659
0,0972419278880332
-0,0461791292891983
-0,119145996009394
0,0650906679313101
0,137328501671493
0,278464099198498
0,19224054907894
-0,568606289178071
-0,0834634142401529
-0,585758114036823
-0,0415054460941809
-0,0789851636514495
-0,0418880129191983
-0,0588945815001655
-0,105101909135542
0,0195500313894803
0,0642536688446247
0,118603003213717
0,0565352734295876
-0,0454829455685122
-0,0289580917232608
-0,156892709439265
0,0118577886614882
0,0591670169704478
0,0550089603483114
0,0512233778981928
-0,128363461351795
-0,00915994874173058
0,0121318346666754
0,0652861397385556
0,0617377505025903
-0,0250340902647466
-0,0348298970003059
-0,0364900543821895
0,0855420556268928
0,118697155675367
0,0127736134144662
0,0286400695679395
0,0411413816215327
0,0463334623147501
-0,0481868196626333
-0,0289358331579375
-0,0361893402316372
-0,102203722043841
0,00854388938399053
0,0273952862059515
0,0200207653177516
0,0114531603876872
0,026213886915999
-0,0180368177220134
0,00151976658648188
-0,00983251022660838
0,00389244356210312
0,000157612729309125
0,000228705314096737
-0,00154509815792942
0,000908073003145063
0,00916775039478267
-5,34412550460872E-05
0,00404507891030664
-0,0160448139577923
-0,319087875257285
-0,0071272296196267
0,0255335502354038
-0,223288025492509
0,0744482715972243
0,00629359565984108
-0,326894285264435
-0,0405387853763962
-0,0550174355520374
0,0219627311080515
0,0606866258269955
0,42499441762209
-0,145236670304669
-0,163944006419766
-0,102571631215159
0,450152065990171
-0,146136875231649
-0,0374093275862846
-0,0157234914081159
0,0461815502596613
-0,0221259479850289
0,041776499151366
-0,0110759040493311
0,0567265072888752
-0,0614308206185369
-0,271003700296371
-0,147673634074892
0,0544848033297483
0,115111671996827
0,0966620021431772
0,146571239836891
-0,0437424343865722
0,0608762939452913
0,138701992680301
0,122304722181424
-0,0453418595691924
-0,00313765133964416
0,131918655824529
-0,0210195419222764
0,00184868167079574
0,00663559836363703
-0,114811830222565
0,165201547470902
0,00445981070381422
0,0802053048465788
0,015298456276929
-0,0101659063626293
0,0108609373578968
-0,00344441029526983
-0,0150379181217315
0,00386631872938022
0,00586966816964588
-0,000401761854533929
0,00322886636488727
-0,000697017783992957
0,000173092237583848
1,91217303842254E-06
0,00094087300071732
-0,00406897266712762
0,0425102447600607
0,121546543915687
-0,00143466897829497
0,000367804621865345
-0,0025588974185303
-0,00257964623245559
-0,0921528953956302
0,0310811110197285
-0,119508079352823
-0,0492983621516596
0,0450082510655712
0,112801249948567
-0,0799150920409186
0,212324842773515
-0,425782950561529
0,0379070535431627
-0,0896908005108988
0,0167786345782047
-0,0575538578181018
-0,495880816976858
-0,0126685489561226
0,0231732637025056
-0,016320375239647
-0,168465974880124
-0,459268021976255
0,0438116499121865
-0,0265123276812941
-0,105362235732665
-0,133586903309114
-0,147005903289396
-0,184210669051294
-0,0792807133627095
-0,00260348157527374
-0,00597481685628512
-0,139102959647613
-0,138872915652502
-0,0349366088794146
0,0232311876142864
-0,0333758592450546
0,0143158902465459
0,0781407237301971
0,0283790367359386
0,0794978475556595
-0,0850671052026997
-0,00450355125385887
0,0199435463048327
-0,00367622613908491
0,0684617815757473
0,0610002705391313
-0,198667515902044
-0,00374592374829751
-0,0424120731959031
0,00910439796903391
-0,00651760960042009
0,00752083092693349
0,0566321138998021
-0,0158607103125899
0,0289573388865315
-0,0154015560921863
0,000811963050965412
4,70261514051986E-05
1,92362798279998E-08
0,00091615693302978
-5,08305686431225E-06
0,004761286650728
-0,000290804150858381
-1,28605595752259E-05
0,00392147015656453
-0,00639309255731604
-0,00533757442237648
0,00162487335884073
0,0231355593802458
-0,0021823782521156
0,0182430228500898
-0,0682098111999195
-0,344917627865378
-0,205465404170608
0,187137413194311
0,0586254885884643
0,12601745384676
-0,234774145789979
-0,0572631471768276
-0,148979584066798
0,0776923539994858
-0,345018493853507
0,106115793659471
-0,00211303764817589
0,0455562809283852
-0,046490875178512
0,0648178043547092
-0,0266987785492992
0,104008124535205
0,099139151136518
0,0211223858598678
-0,0976448018088842
-0,0851981156392146
-0,0655762373913586
0,0709415279837652
-0,0685204031847167
0,117505427555683
-0,0349291443275975
-0,114208032353367
-0,199651330939498
0,167255370645487
-0,295126750819036
-0,0758312083691616
0,198832162102942
-0,127136235879308
-0,0145511393035011
0,0062044839896455
-0,21567344999904
0,109096355193992
-0,0139886621446101
-0,0383044572551218
0,0907090585578168
-0,0518024397274095
-0,0601269176064498
-0,0638980208468292
0,0735651358390493
-0,320804561989699
0,241920733586308
-0,0993114745255138
0,0248042983245104
-0,0101619924502145
0,00410807130704171
1,33541962546789E-08
6,37027025171105E-06
-0,00236504891043397
0,00204290252238051
0,0055177672728691
-0,00142460102125556
0,013477676988415
-0,0390067219968605
-0,014743325664393
-0,0137983550661917
0,230892120025038
-0,164031653030148
-0,106055721081442
-0,153731615325646
0,376283055849917
-0,368553075441124
0,0367337227043711
0,454861115448329
0,138994644097692
0,00612308074726261
0,0822860450195967
-0,149329688873482
-0,0672426555214895
-0,00102547956336772
-0,128693599514761
-0,107210282978831
-0,0712339767638006
0,0513035193694275
0,052840197907354
-0,0120640288710691
0,0836154635413248
0,0628413612848951
-0,120208116609276
-0,0786025682774697
0,076137459796609
0,00398878164585821
0,0102879535006179
0,135090927194032
-0,148924997445111
-0,131450624064289
0,245056964679246
-0,199593331339489
0,19126671483977
0,167582682574689
0,0913892104767469
-0,0178832519580378
0,024886655344624
0,0431341655268992
-0,0282735171639765
0,0694590600874171
0,0130008349996377
-0,0651722526594557
-0,0807169534647073
4,44858631812944E-05
0,0125226295427493
0,0308414767400846
0,0750363284177201
-0,0264041872016319
-0,0545441056657446
0,0858584485300635
-0,0122159074082614
-0,00360022537531628
-0,00444584493787454
0,00237622931201142
3,74363961336859E-12
5,19927862694975E-05
-1,75846001723349E-07
0,000158950357591069
1,28988323667335E-05
-7,27358707532711E-05
0,00104929493152013
-0,00356256707587892
-0,00260668124327392
0,00114424321134695
0,00552950192099274
0,00516724129482333
0,0218325062540993
-0,0645947904079908
-0,0962726952285741
-0,0209844595715979
0,185020584117429
0,0718126668975303
-0,138647493397154
-0,158087959933821
0,303628279081306
0,205773812002931
-0,0197842554159446
0,311367172111913
-0,161923714330436
0,108974510139286
-0,115997510283751
0,0420918773686544
0,00586156043669499
0,143124229614611
-0,114965662926589
0,0128996732102686
-0,0480196971020689
0,0742955269171248
0,0517202547914276
-0,0384168139584286
-0,00724476331207134
0,00237513749099426
-0,0821778133005594
0,0554143159822387
-0,053962945356926
-0,078876951589569
0,0438286170181121
-0,29657781329502
-0,0938001192167376
0,0427034240639468
-0,143630952970699
0,259758474253828
0,0130790759908716
-0,166326298646929
-0,117505284143768
-0,230125186788079
-0,123904331826997
-0,444544428422577
0,0068573099591154
-0,021572284994123
0,165234633369339
-0,059834690368943
0,106575846830251
0,102867058410536
-0,0183209391788403
0,0449203128360386
-0,00081698596449792
-0,000508637368483383
1,05755218287056E-09
0,0886928704734255
-0,000491395481372004
-0,000199753098857068
0,00563603240257096
-0,0037965851385101
0,000508899601660863
-0,00267469312429461
0,00498999843658719
-0,128326995626824
-0,00151196307562975
-0,0130998815584224
0,00113989708123981
0,0159308263256552
0,0136488582002383
-0,024175723154847
0,0237474856322147
-0,140139480009993
0,0242493485030004
-0,0595944000143774
0,0186757560386037
-0,00118429732513938
-0,567226757790141
-0,100294233495979
-0,10958751980534
0,0421994978576832
0,161331810450471
0,366954028481165
0,0162928328725659
0,00748416378675026
0,0605677640505553
0,205442785260988
0,0228107290084398
0,109438769376861
0,134798384445876
0,0377816543357322
0,119662240717429
0,267400828232586
0,335969254297677
-0,0849015137954777
0,0291970264378332
-0,118858726271167
-0,270302987973463
-0,0487074298996157
-0,117262092507269
-0,0694913194529265
0,0286833306036636
0,0787793812705858
-0,00504113341903091
-0,0288031750541329
-0,0740523152944187
-0,111503799062116
-0,022984300011006
0,139172560584817
0,028464288367885
-0,0293581030984514
0,034619083834604
-0,00529989454571306
0,00983033787844774
-0,0276691287080592
-0,0274641938031907
-0,00279569775103598
0,00127346340640198
-0,000271469514479122
3,00384612528812E-08
0,0118132234679701
-3,11971305719618E-06
-0,000397899227864242
0,000834419285633362
-0,000254008280235168
0,0066416159206279
-0,0217965112891448
-0,0656485585265168
0,00530501236769653
0,258011486783601
0,118092757621048
-0,117578863866719
-0,209027255489534
0,0118992887497948
0,433103480875259
0,262252089043571
0,0474346961574551
0,190212389774979
0,0499264990936741
0,0496543903796806
-0,0667244383648839
-0,0488617063623058
0,0831026044767817
0,508829242158915
-0,0818182561465837
-0,0279805037246
0,0624493774087329
-0,0813002467107193
0,00308781982612714
-0,109892841877767
0,158553357412495
0,0369999349764148
-0,0746023317048305
0,00223796360636135
-0,00967201587371158
0,0336446110999524
0,0393867914028809
0,0964579033368587
-0,0302460582791031
-0,200442280744128
-0,011243125145596
0,0894903529403507
0,182016546663171
0,172508317843324
-0,147783463573371
-0,00697102586084546
0,0985757838732323
-0,0444366244246941
0,00599401619171755
0,1153759098398
-0,187057929149621
-0,0651352230639932
-0,0574324358768324
-0,0162312867978646
-0,0389820744203594
0,0698117359015066
-0,0174727876243621
-0,0345999243179869
0,0188668841730083
0,00758314546118007
-0,00379352840134997
0,00585674412897563
-0,00134975530108823
2,80884930442325E-08
6,42961871105196E-06
-0,00172405278588288
0,00108985186012824
0,0094632916320045
2,89953367429352E-05
0,000322585406338745
-0,0023768313956064
-0,036967663283989
-0,00929677626926892
0,0476475380995053
-0,214856430752386
0,0499872073164644
0,00696322849807035
-0,0928410791463062
0,0897934736287633
-0,0503072765438305
0,012913364586037
-0,0377552350551637
0,0707312054123252
-0,0581006748388894
0,010204310587196
-0,0111229652970126
0,150387866890753
-0,00645337857856777
0,0437508741020198
0,0647387312580717
-0,00725072059870042
0,231017132497632
0,0826581070608992
0,297856662899264
0,3647750240034
0,226449663398446
-0,0265614288815165
-0,120623406144872
-0,0909434771364261
-0,0368347778378971
-0,456477710091845
-0,226218791909185
-0,146585942775078
-0,0579036329860501
-0,333119789174727
-0,26548358326767
0,0826576672616665
0,0322661792548399
-0,108892668918855
0,00232956337315216
-0,0633774485377446
-0,0238474562260786
0,056501417485987
-0,165199429176353
-0,0225517567876001
-0,0954845248475443
-0,0164204765736152
-0,0051554764720017
-0,00305108593002625
-0,00552130848403167
0,0188113759340106
0,00244876591407292
-0,00589319586458246
0,00960336535703902
-0,00204984805116611
0,000529241901869141
-0,000202918179634053
3,71190389549698E-09
2,10802979913952E-05
-0,0730853568132042
-0,00064195153863285
-0,00318410832710903
-0,036965030110439
0,12619498401116
0,0880592127849032
-0,0027389007153145
0,00601186703448313
9,22947986213208E-05
0,00528884798283692
-0,00127385546419379
-0,0039702694410816
0,0118060517508668
-0,00390968332187721
0,00923103452773097
0,00989343829936183
-0,00574052161771024
0,00499323875885065
0,0352980336226053
0,000546515556465637
0,00609106280318196
0,0161053646960234
-0,0397295561334522
-0,139196339714329
0,398380248819019
-0,173267016694843
-0,0195214289554345
0,0542290936406638
-0,21620937650221
0,15754629088181
-0,0690476603905363
0,157664708657254
-0,284446295219335
0,0906562602627086
0,0243181951898545
0,0869284641666514
-0,0632674512181913
0,0763905144194487
0,0101197120245492
-0,0858287681985478
0,0663912251861123
-0,0650062098701387
-0,0736568631506589
-0,0995651163503659
0,0695288131891836
0,0370184430073502
0,0148028516315621
0,0517192010643827
0,0347973722713867
-0,174096930300566
-0,105616287769147
-0,0201733870128429
0,0348687046732298
0,503015975731016
-0,39941589496065
-0,159427455579266
-0,0473303711387097
-0,0797628815873156
-0,111735496097332
0,0482353500244671
-0,00598390122261105
-0,000273118368604705
8,12071319402739E-07
0,000178754976100946
-0,00123854322785249
0,017449461148275
0,00142635583994909
0,000257447732648086
0,000331457264678459
-0,00185682350758296
-0,00399392187031891
-0,0107534670194674
0,0353237627205102
-0,0475751825078429
-0,0616547353662228
-0,00516611600336471
0,138441344026296
-0,204553736359938
0,289730528306094
-0,397592335409119
-0,00224368976631891
0,163970281111755
-0,07245518908268
0,0515100960315724
0,311339013298882
0,0898216259815158
0,130170180990744
0,162569551085718
0,0847075970712079
0,230855725462464
0,24528958261673
0,115374136155719
0,0347397898527329
4,80440457988978E-05
-0,0360835472247629
0,237450141702054
-0,152439885112451
-0,114117149368373
-0,0639106804571265
0,0960898569466149
0,176255023200295
-0,0370956256463048
0,18496595322636
-0,00463663092970997
0,0725545778382941
0,084196913080583
0,183524263517129
0,253031924092536
-0,132115857169116
0,0786560167162098
-0,00408227745419647
0,146330311983649
-0,0856431491023282
0,0377499749321394
-0,171336400167337
0,000438676668294454
-0,0234818852330298
-0,0265128599674894
-0,0341982462949782
0,0237632343760012
-0,0154222305005893
-0,0165081853421326
-0,0130422419454735
-0,0026592181766156
-0,00144447020714061
0,000555545913970982
5,75021580433925E-09
1,3491776912127E-06
-2,25316280821834E-05
5,36927500024079E-05
0,000137035975304503
-7,93823796506606E-05
0,00135640058799313
-0,00518402740552201
-0,00488895796975174
-0,00105882813678279
0,106796599554004
0,00257740296254114
-0,0507134125287826
-0,0624051516892792
0,055992464642462
-0,183942595890154
-0,0672495016172918
0,0968784564647279
0,0349422290471936
0,0784153038143356
-0,0922593361957425
0,43508039360302
-0,0989013947349648
-0,0466184095558426
0,0954585535697286
-0,085554583650672
-0,0238551442932049
-0,0735237055649697
0,0906569607654242
0,0799071765446475
-0,0462740476582804
-0,00860131139824476
0,327007267948614
-0,302724728203845
-0,084455674329687
0,0696774939398658
0,176134586146454
-0,0428484343845416
0,224184593545583
0,302530194587755
-0,0634432761200837
0,0385439853272092
0,191242759110037
-0,12249437569269
-0,114800696473117
-0,0340597761973322
0,0439810094884744
0,0397251838862454
0,0350319423911228
0,32757004058254
-0,257178102679794
0,0236976989658718
-0,098620078896225
0,00410598935529735
-0,0732815313162659
-0,129180061429149
-0,0673105899226461
0,00516930641494153
0,0232994106238991
-0,0492915949485002
-0,0110042229534508
-0,00145759425511538
-0,00022661584303169
2,0051538197559E-05
1,06538406811112E-08
0,00379227787108231
-2,11791487716487E-06
1,8148340514893E-05
0,00071229965049414
-8,20955722490921E-05
0,001094243985521
-0,00441388121764894
-0,0184285067214612
0,00217350658101163
0,0248470944914562
0,0220961384355884
0,00462046417028525
-0,0967872103708177
-0,0672347725443432
0,0643651561181354
0,240685962054671
0,100752318775943
-0,19443775619841
-0,073589855421709
0,203792456767098
0,15354665660648
-0,0650025242689907
0,236869937834468
0,0332010005024975
-0,0099864456807632
-0,0895560224418546
0,0505638094151031
-0,0588294313884148
0,0293792895494588
0,0370127236778874
-0,104988844607955
-0,00456860841638024
0,0975168225446748
-0,0970361428964463
0,00089897995935245
0,035124842303337
0,172653010120951
-0,100087505445328
0,034940361006817
-0,196750217124208
-0,394432244011797
0,0847173792064942
-0,01736284331659
-0,0348582305408481
0,167680506600573
-0,0446367657214053
-0,203087308049206
0,0977223186341844
0,142210712607654
0,0534067960379376
0,302710456577182
0,224208468443148
0,406171042870646
0,0915355123455428
0,0561591030023056
-0,03520548464142
-0,0521660134493685
0,136887756061301
-0,0364419679575385
0,028815954697671
-0,0612603489798724
0,003708319980407
0,000101028030828985
8,09865407968574E-05
0,000548656993609197
-4,91875266748505E-05
0,0028946277086496
0,000237366225753938
-0,000716678143679488
0,0346924017967087
-0,0195337262128706
-0,0445048287994045
0,00154584351289601
0,111242329952357
-0,0247859162483061
0,00858259236410772
-0,0719601215840822
-0,474290986936509
-0,272337889549833
0,0692777792472982
0,014030946867898
0,153144755284046
0,0604335360579236
-0,234985572139189
-0,135570536731148
-0,0709475138436261
0,0597888922736778
0,0433806376972378
-0,0879449527981515
-0,0336896795591042
0,0390038676947985
-0,167561785809322
-0,0801444032104498
-0,189319184062181
-0,201863448667094
-0,0347078203352194
0,276641189802491
0,21758589446093
-0,100131302388659
-0,236023448134439
0,011889959880442
-0,153871870876266
0,132145648585964
-0,080476036596056
-0,0857940708302615
-0,0721012067365145
0,0872248083047336
-0,0062070638303694
-0,19179784477686
0,0358276619441754
0,0548049185454982
0,000630401919695566
0,224792617824243
-0,26671383198074
0,0128627912372676
-0,133996369814547
0,010131386893595
0,0184633353709823
-0,0153973926465029
0,00632375145240626
0,0286824409187842
-0,00226650043589086
-0,0126712413445686
0,00174210511498988
-0,00630468690761225
0,00130384880470812
-0,000371025017603076
6,26222517318684E-09
0,00649171213320719
1,80441878719789E-06
-0,00024734545705547
3,5224941301222E-05
1,23656497093717E-06
0,000251476390942882
-0,00174404157796536
-0,0246818579772689
0,0012170484985083
0,0141791342644704
0,0141247662297847
-0,013664054307384
-0,0205776729792943
0,0117909155274615
0,0565447577706305
0,0319783094544516
0,0069660105911403
0,0422120470987053
-0,00502370518658967
0,0178566859907457
-0,00925837680878323
0,00737528417482596
0,0155122786591345
0,199372548949813
-0,024478290922228
-0,0286356571516593
0,0164563499444312
-0,0518414657348944
0,0154892146632802
-0,163991385800166
0,188722292764894
0,0503985036878326
-0,113020954003715
0,113300421607755
-0,063775863765394
-0,17818299299576
0,0197659512441349
-0,0970953373829525
0,00910580306626501
0,362371041074125
0,0168477033474364
-0,0964808753702956
-0,164085499840768
-0,179078044580053
0,131341453612898
0,00721349049523178
-0,0607264187185355
0,0259554921157708
0,000108060667193643
-0,0550743599623873
0,104543802956182
0,0372846883060812
0,109832152510757
-0,00606659206567892
0,0201877129560564
-0,035269070791589
0,0118682126414849
0,0854658710210998
0,0309852317367121
0,208129992142152
0,71245379087639
-0,00797314322645606
-0,0251179285237872
2,34718981407955E-12
2,13713409699159E-07
-2,29898625940164E-06
2,82708923386281E-05
0,000197579197021816
-0,000386665490000496
0,000180855717612468
-0,000731558664420322
-0,000443022910226329
-0,000243794338764881
0,00873019064482769
0,00098748315413527
-0,00356908223867328
-0,0141994634678469
0,0143775583677029
-0,0263366031597909
0,00639499762879931
0,0307762159326922
-0,0194903911547228
0,0186132706257463
-0,0573621405520589
0,0225490806255094
-0,0266428181089005
0,0116933291375124
0,0412213817395729
0,386978430286507
0,111113300925915
-0,111335059763361
-0,219591085183223
-0,0537296293897727
-0,0274517584807984
0,0267085432709026
0,146434225659647
0,000186652192961625
0,0183827749121311
0,0838692497486971
-0,015644646481033
0,0812433641748874
-0,0938596995038564
-0,51066605715879
-0,144120582633614
0,0966639723364101
0,157166806785573
-0,0934742208177757
-0,0407456675900274
0,0750311775887292
0,133996132937091
0,0410625421477286
-0,00817466300876731
0,146097508669631
-0,119157990846389
0,0703467309019025
-0,0226750998244354
0,0283345051564741
-0,284704927305609
0,126415574498115
0,207656935023392
0,107921420949364
0,0326612280006514
-0,123973829222163
-0,378787893974702
0,107023054933778
-0,0514038745254519
0,0158486252319174
3,57869839982665E-09
0,000584131092343738
-0,0659447878070269
0,00625853932871663
0,152769298912693
0,000350322237999468
-0,000782975781888113
-0,000511459016989311
0,00174301325401667
-0,00725420962348325
0,00946475537729332
-0,0528604814756686
0,0151458275653737
0,00979311901093018
-0,00720661430361205
0,0246590927064051
-0,0342106026588712
-0,0298737186683741
0,0377500291742568
-0,0503894956810113
0,0813646017992854
0,0511006730538801
-0,152529089992536
-0,156388078931561
0,0025539886836467
0,0632029352726586
0,221980867569358
0,597624202174093
-0,203867254056474
0,104163830209249
-0,155658760015477
-0,284188417197854
-0,0683393835584374
-0,254041628062508
-0,278412996981043
-0,0465106990720167
-0,0601740288181322
-0,308110242025091
-0,250044977982446
0,00251629833102969
0,0370621509344835
0,0196646941421238
0,116397327008919
0,0178279349312941
0,0793183325199633
0,0233869287498437
0,00179321052182459
-0,0311172077591148
-0,00527393699687973
0,0174100058177009
0,0131923783586882
0,0145841933592795
0,0286643578919734
-0,043478770693323
-7,67064857693576E-05
0,00873140014913599
0,00132808684960731
-0,00601792344908266
-0,0125226163764586
0,020068271959999
0,00420186733002403
0,00256264323573012
-0,000730237519786888
0,000252902915891968
8,09282466832294E-07
0,000174777699995554
-0,000776572143783237
0,0164374167644952
0,00132371842601685
0,000244384879067721
0,000160537716240905
-0,000975656339290635
-0,00158049056913724
-0,00819666139319758
0,0143779208055422
-0,0331433260518021
-0,0386135879913393
0,00826745488512773
0,0874855498515323
-0,105437712222924
0,181043289848412
-0,253037605940834
0,0103666746904144
0,0338355956836699
-0,0385824036573786
-0,0420412459970708
0,141497887967562
0,09330694140679
0,0574146223736485
0,0130716869136859
0,0615380843202644
0,0602579658617815
0,0692341632310238
0,187361018112207
0,114691559461971
-0,104043992294155
0,0628340558570557
-0,072881493656521
0,0608166847300661
0,0447652829435908
0,042777035563197
0,0820749497644701
-0,0831517679897016
-0,00026664147036722
0,0226598517744075
-0,00940728519723711
0,101895597112805
-0,210377853478516
-0,243284029750496
-0,563790834953714
0,322605565681574
-0,205126359355274
0,00774070061661074
-0,115292261335365
0,1591423560275
0,131572538829714
-0,0866880055865919
0,0270176539828918
0,0417749739612418
0,0329280879743248
0,204156079566116
-0,134495121378345
-0,0122405981450565
0,191978384157747
0,0141162475429454
-0,016537787586064
-0,00376330276716353
0,00289134669400888
5,35463907649519E-09
2,80657218470626E-06
-2,0252878643517E-05
6,77775436928262E-05
9,98275598493118E-05
-0,000687282771517796
0,0135571589979202
-0,0319697857697243
-0,0006722335367524
0,00216081546323087
0,0312042338832473
-0,0135753007842461
-0,0195056866252059
-0,0335903735671462
0,0262931555642307
-0,0991794040926704
0,00097374415000729
0,119369205757648
0,0649369841677998
0,0332879130219277
-0,0231738284781196
0,0052947234271938
-0,100084348988059
0,0121346903894429
0,0332939714293705
-0,112952141085112
-0,0033264210497392
-0,023768349826505
0,232321521353186
0,207205200335347
-0,284379921208321
-0,331842836058754
0,587944394721988
0,205036231928582
0,0549434711351374
0,0358482045750214
-0,0198985498025173
-0,0685638572268868
0,0180138241991004
-0,189643381715369
0,0103506692893383
0,0294866014736292
-0,173972925311276
0,0631914232708019
0,0741396751248774
0,148587089974395
0,00290400023329576
-0,0331274761109902
-0,00183926348715474
-0,23588635921638
0,219809652827619
-0,0290023529364744
0,0738817322168846
-0,00349298546288014
0,0020103226407769
0,0155883442169859
-0,0294117445018669
-0,192907080990573
0,00959248623596137
0,0316720892971722
-0,0733586783160074
0,0231712306550264
-0,00310870839107322
0,00071939481624669
8,74082970745785E-10
0,000218691706213812
-0,000623208262313315
0,00284321718962581
-0,000159945899037551
-0,0280640652407677
0,113236864505728
-0,189093883709885
0,00569815214073724
0,0205118687814903
-0,0165878817868276
0,000535206447390621
0,0496408850206939
-0,039384600539947
0,0192188394165047
-0,00552737871603738
0,0476169353909662
-0,0398693977952227
-0,0432223184993264
0,0134582148996901
0,0828457165888334
0,0306055246642357
0,0457101128412473
0,0287360180166416
-0,0767698336418699
-0,196558906240411
0,511873151183441
-0,17249664226106
-0,127799708442657
-0,0512285382455326
-0,0174593406607994
0,0711320442466102
-0,0259441660015835
-0,113174838948707
0,160670580149283
0,0237055619940965
-0,0883818634678582
-0,107843501833661
0,129561224025778
0,0484323664678781
-0,0561800404999039
0,073669495526458
-0,0706009101510592
0,104451525729617
0,0963308927360389
0,202479178589062
-0,0563447928691541
-0,0119267651463462
-0,0113235138340181
0,0851563069624676
-0,106518330947373
0,135236154464234
-0,0103325782523181
0,0409418586036673
0,149298999982999
-0,00955163262408704
0,399860320353478
-0,295182805744144
0,00501791006402497
0,318223808342961
-0,0433534033760771
-0,0164406890304576
-0,00800286534687994
0,00539578253143303
1,11415161896879E-08
0,000562958859181998
-3,99318680157701E-06
0,0029304563479455
-0,000167747916867112
-0,000429660491623335
0,0165157028559871
-0,0379477293160223
-0,00271649510215156
0,00510226268415507
0,0128111976298637
0,00172578043783035
0,0279224150683361
-0,0821998971141402
-0,304225282690922
-0,152643745759201
0,247017143251538
0,0768232584428285
-0,000302783351632406
-0,290538952052698
0,152364166082207
0,0418929626559461
0,0550073177793931
-0,0710968978188615
-0,0416771456327588
0,0939450236549823
-0,118506560485734
0,0131043287959893
0,0601826315291071
0,114420665955218
0,00138947421452943
0,202535313415522
0,0273739069495512
-0,056828387812694
-0,233720579195054
0,247053872541004
0,202647813996634
0,126412600622697
-0,160475322016101
0,0319333630656062
0,121430892288992
0,423709463866289
-0,254997700244665
0,295351419740576
0,0713472484892737
-0,0434319522638958
0,075589457507804
-0,0777539152493256
0,039442959589829
0,066124628789631
-0,0430840793096578
0,0607902062168962
0,006952569036487
0,0244412158525055
0,0123558460632458
0,0201000583761167
0,0890398846637961
-0,0898750236474772
-0,0657484021410218
-0,0711340325509287
0,0315198089430119
-9,84121908170276E-05
-0,000698502899372453
0,000100094895531691
5,8073484063019E-07
2,66970495235031E-05
-2,08005741442993E-05
0,00988455951712256
-0,000566983548335225
0,000158777347560434
2,48336547927197E-05
0,000144297125337837
0,000118176275506926
-0,00137164406587846
-0,000678205776350616
0,000202352189895875
-0,00742008199704051
0,00635296928193811
-0,00108874963668405
0,00273959013571761
-0,00134831120123141
0,00152470978582629
-0,001176957998426
0,00233053562422712
0,000939724844683867
0,00205495210509514
-0,0223916152130368
0,00250231498929329
-0,00410421672042769
0,00190885890105181
0,00342690087164186
0,0113817030377948
0,00886126188237826
-0,000108009854369687
0,0234067118105961
0,0452249809512986
0,0284857060666002
0,0551899723874871
0,034884912577261
-0,00295850391486127
-0,040884024086516
0,00829154128682501
-0,0684670131717762
0,107531856528308
-0,0396173552339988
0,127741048166432
0,241586774513312
-0,00347365259617931
0,121394263794212
0,139524095386094
0,102716052774741
-0,422554369116198
-0,0798240859736135
-0,399318734703224
-0,366009199430357
-0,392576205735951
-0,197345508695282
0,313426155762128
-0,0967618924877066
0,0301407628619335
0,0664924180888116
-0,0222917259364124
0,22904694388521
-0,0475741940683
0,0928189936152571
-0,0643239985241426
0,00620440085745497
-0,000327772532059275
8,04757642817641E-08
0,004135246860176
-3,46925704409488E-05
0,00183563917527195
0,00106005786208004
-0,000765540065316221
0,00379614310445355
-0,0167744387464277
-0,213336391909606
0,00337776740336936
-0,00426475972769451
0,0344947552678922
0,041098283187584
-0,103048139715928
-0,0219298328952311
0,0653481361521814
0,194139666798746
0,0623718653272064
-0,194408793922977
0,294513585370816
0,206142616230454
0,0195743806735725
-0,0920553197172532
-0,184491441235488
0,101064509756777
-0,145274904311554
0,0744267843555421
-0,0737849738335199
-0,142708582267379
-0,263935644775347
0,419824865432238
-0,30642464807787
0,157351831460901
0,0634917171890099
-0,19895066234303
0,00946434349196179
-0,0434004554085529
0,155468089907486
-0,0302329342214082
-0,0260198802728096
0,163888115601905
0,0196293102613275
-0,116135965534358
0,00533810016929789
-0,0904366722286502
-0,00345713361457961
-0,00626094983398166
-0,0857015911963104
-0,0446336881564831
-0,0984733912326056
-0,171291043606152
0,00375822136561516
-0,0813485126553326
-0,250100680240005
0,0153370742900396
-0,0178741707608093
-0,0598344635422482
0,0511590305964897
-0,0889704863987229
-0,0172750044570248
-0,0183478758076521
0,0628208527859293
-0,00106244832420606
-0,0021209713351182
3,26673059175324E-11
2,15684388336173E-05
-4,6830014339308E-06
9,61968305496011E-05
7,94214172886123E-05
-4,98568309746115E-05
0,000562107810335457
-0,00145988692545875
-0,00760277641298931
-0,00202124621485449
0,00181777108203926
-0,00361139087166232
0,00340617250432877
-0,00829175713751816
-0,00384168139558181
0,00811545252779931
0,0177122198221333
0,00622856223993319
-0,0229147416171088
0,0405170286806128
0,0258003296615076
-0,00280637659465508
-0,0530307850039926
-0,0219464215068427
0,019352366874189
-0,0228501637574918
0,0335255034878593
-0,00677607194561792
0,0160776550655697
-0,0729193912037408
0,251205730275192
0,0127797942980096
0,154267398231559
0,123204403991183
-0,0833134659998045
-0,057339274894737
-0,138568174957607
-0,0679713536227838
-0,239657837790102
0,121253288877104
0,0767532778479458
0,261806846433275
0,104584917110405
-0,0852464813386229
-0,168402365635692
-0,0412518846255958
-0,137468507043219
0,547522430634843
0,0362738240175224
0,0510150767237663
0,209134592204668
-0,172972149438382
-0,00432291781645227
0,457034756186173
-0,072851407708522
0,00592651898332439
0,109974819906582
-0,0621421941652896
0,121804975781535
0,0426034218029394
0,0546597816275933
-0,0915810519948691
0,00348572872508925
0,00241573858655149
1,52421824438737E-08
2,7731670527444E-05
-7,97858951633075E-05
0,00143257037570562
0,0108042396962046
-0,0151642626948756
-0,000456005943204732
-0,000704314968306443
-0,00389362350032459
0,00462401606155317
0,00456967966944279
0,0186569441811713
0,0184864369231879
-0,0464959577597276
0,0319236827103665
0,00182601170281569
0,049770498937612
0,0666202546061406
-0,127344355797153
-0,00390845759538538
-0,1772766210918
-0,0553593035820305
-0,0392472023592615
0,0135141262221472
-0,000269650454995448
0,409852634081122
0,120130749542358
-0,10088095563604
-0,165193318847614
-0,0191529604792295
-0,0646963508261554
0,00266340109883908
0,169696784293745
-0,0140262283319162
0,0813956431039657
0,0892999576595342
0,146848952976609
-0,0158425880915976
-0,0206479175963017
-0,00252581249582512
0,180062143442717
-0,00960708860973871
0,142252515663757
-0,0335897658124143
0,121622604420634
-0,276051066418873
-0,522325607590544
-0,0565017225751597
-0,138303187170835
-0,0801444991136551
-0,0652218207325356
0,0374658581576354
-0,00117972767663676
0,0629302270763453
0,385138279294004
-0,0763815119677742
-0,0918090643121904
-0,0922668272395407
-0,0558173144446271
-0,0844494004371209
0,0821911289780059
-0,0087952177667368
0,0400193255763154
-0,0151169969012949
1,57244150276175E-08
7,92977964134534E-06
-3,29335127578699E-05
0,000350483082684226
0,000182718770173312
-0,000126737313430329
0,0028358884186509
-0,00742503654459586
-0,0106149116616252
-0,00181076419437085
0,205739676625606
0,020701773310837
-0,081311247615934
-0,0892772896489971
-0,00716167408500995
-0,299208409574626
-0,093743458186014
0,00215461670839344
0,0292967877277494
0,144742278876393
-0,181304331858836
0,61999630380438
-0,0446101022648558
-0,0236408967104823
0,199198599702703
0,0459919948396653
0,0246732668666072
-0,0320054947731069
-0,116031270638611
-0,0779667872848086
0,0694672161256294
0,0988183824166683
-0,283402365492652
0,0916003053348428
-0,00299467636929681
-0,0241626467610383
-0,0639903376857957
-0,0492606966470598
-0,0720300333806491
-0,0835228505229952
-0,0742454170636623
0,0515593550036644
-0,192926441320509
0,00983452179303867
0,0356560193099034
-0,0306994700949554
-0,0613421903026382
-0,0604984100783597
-0,0310909576306
-0,295440580757624
0,217170531209221
-0,00836474914316419
0,138302977925178
-0,00806252886931155
0,0288648624061432
0,07304005842579
0,0244927165245343
-0,0076853297630078
0,00348379617882849
0,0100710846364537
0,0136045321965591
0,00267160826592632
0,00208706311992319
-0,000904120911386331
1,6159746085955E-12
1,95447908235749E-06
-0,000773857639410202
0,000158852083528505
-2,52301517365701E-05
-0,0311119913395134
0,0091578278773604
-0,00665129955108094
-0,000255120396641132
0,00766988864701602
0,0114704536628807
-0,00717274635000612
-0,00867278073843458
-0,0150350047494252
0,0351301120398925
-0,032595488836356
0,011880026840636
0,0555366239888625
0,0149218743285327
0,0104575862819243
0,0414357721707645
-0,0321577751928928
-0,0207479626572957
0,0214288833047706
-0,0370270560729612
-0,150864636815619
0,381954259690574
-0,160233042948106
0,045717333950359
0,0945475702674574
-0,234049948920912
0,0957041327970092
-0,0409735446089533
0,207581936258949
-0,256691971044127
0,0721322001323978
-0,00616893117054392
0,0776063499510514
-0,0984261633066044
-0,0292061520861285
0,025859836739549
-0,0514946328983445
0,0471104986746515
-0,0632655272855416
-0,0381411023906466
-0,104199477788461
-0,00534847445023696
-0,012434036958093
-0,026253348181064
-0,0910966997895128
0,0288976599613716
0,0749777108861956
0,105746153744929
-0,0160450478732001
-0,152367913418912
-0,523411421539062
0,156448994350728
0,372107447857886
0,0102069041654478
-0,193525195502206
0,189351275287331
-0,045103938497975
0,0335781344972905
-0,011328076094313
1,0885786494707E-09
0,000318480329373118
-7,6917129699485E-06
0,00336510333666822
-0,000192674251708664
-0,00120658334145603
0,00422281304170402
-0,0109598417120337
-0,00920116033238898
0,00350452073139016
0,00514988015328116
0,0111254789697714
0,0838355290718286
-0,113996634874344
-0,0789753628056546
-0,02730534135526
0,181919923574982
0,0427504926747215
-0,147193405411398
-0,0718389463218123
0,318004851698682
0,177130988309343
-0,00367356015647786
0,19068372247271
-0,170037402313287
0,0310501078626172
0,0946674455857554
-0,0359029010357285
0,0155757208385918
-0,0866935159155796
-0,0517659874928243
-0,0469191930997239
-0,0103777392434849
-0,0719989655329726
0,257349944733699
-0,170514674758836
-0,183903762766029
-0,269203660710516
0,270619475037569
-0,101533693831214
0,146773294754127
0,145954675651467
0,0655041603320492
0,0917050178644714
0,0772811737635309
-0,181314038434755
0,146038175565502
-0,0451304160095776
-0,143719679577444
0,0211429646841792
0,134821290425025
-0,0355867665114773
-0,0585502997145116
0,205063660234798
-0,110678651474954
-0,0402321621751669
-0,272170644632748
0,20749918078371
-0,244000545408714
-0,0614148534510101
-0,0255209556845009
-0,00504535923072439
-0,00197507484032307
0,000575256518228768
0,000125871678683734
0,000131289126565422
-0,000282933625927382
8,75045790733563E-05
0,00108491089933614
-0,00011521903095921
0,00173652967371276
-0,00925895195117119
-0,0683870244519798
0,00103541359605881
0,238372830819532
0,0907323539130091
-0,0909910434149446
-0,0779048722596662
0,0230500904331861
0,0809923549514733
-0,0387391555678271
-0,0705278914797618
-0,0852366175941821
-0,103095696044335
-0,11790498283518
0,025868246730146
0,0568991197814668
-0,0950584700877504
-0,323525617852412
-0,0205478707934581
-0,0212686514687647
-0,00415520257229952
0,0831308165818067
0,0442926856785961
-0,0497785347446885
0,0747639936672938
0,149473843816285
-0,297259329206267
-0,171087310411078
-0,303666526560065
-0,418099256899853
0,350530183541039
-0,0163071681655141
-0,0524801972110982
-0,211850784431978
0,0415612528200038
-0,0291259517662732
0,0666156357066039
0,0827503863030483
-0,0976394660792052
-0,036320915380549
0,133060126396639
-0,0122108967694962
-0,211507611696806
-0,120428005120833
0,202603766641002
-0,0432862493543086
0,0128373202684547
0,071742584810786
0,0411281526762118
-0,0595960386661276
0,00818355125185339
-0,00170751485168078
-0,0337295229271685
0,0262149748054577
0,00184638527609699
0,00764426162998777
-0,00396417603477278
9,3852703372577E-09
0,00759623923459211
-1,18614707784481E-05
-0,000233944790836651
0,000228103408154715
-1,31602744914299E-05
0,000240726654360904
-0,00149582595034699
-0,0240737179399202
0,000670706861963692
0,00345716667066966
-0,0195616065504986
0,0158509458044618
-0,0235499568047606
-0,0431199681593746
0,0149966846204991
0,0675353338898489
0,0151443436440347
-0,114020051671775
0,378358201998487
0,148413116861504
-0,0262350937237395
-0,00480490924485156
-0,382257978861502
-0,121592687731884
-0,00753219965034063
-0,168978653477242
-0,131860124006445
-0,287099136638253
0,603528361962264
0,00286280592093566
0,115366651137889
-0,0613681809966497
0,0661895636586205
0,0748748847343255
-0,0495258784865712
-0,0107722993571316
-0,048939766400866
0,0402345807308412
0,015871401222076
-0,00251644487768195
-0,0301667760463629
-0,0536969926949927
-0,153918411754349
0,274409674512257
-0,0305630342730407
0,0615107023701116
0,0492084077339495
0,000597297409074415
0,0765313685941555
0,0295282590482877
-0,0087116057509566
0,00180965063881097
0,0846662983419904
-0,0073468354793018
-0,00111834761446876
0,00602806086750922
-0,00425861412986161
0,0274164515517619
-0,00543294625623453
0,0105516860443335
-0,000297094376247647
0,000478659032981275
-0,000195625600909127
3,96567245857604E-13
9,39610213481554E-09
-1,1041488786252E-07
6,48860194292761E-07
1,40721528567573E-06
-6,82660037950084E-06
0,000171264784939337
-0,000563384052741146
-7,68154921852097E-05
2,89590696436517E-05
0,00291621628364844
-0,000305255319514006
-0,00200647676224838
-0,00318278628522448
0,00287445295283676
-0,0103251958828448
-0,0024132434620189
0,0100322527775903
0,00514743079805428
0,00555345775353217
-0,0059415390584761
0,0239498763668658
-0,0138178612061769
-0,0020716290179169
0,00963006452379429
-0,0173246192426845
-0,00225836737606903
-0,00892009687812369
0,0372698721994531
0,0362502652753576
-0,0452960570687033
-0,0501646448603449
0,141861654552589
-0,00681001270897051
-0,00246231398037621
0,0201444329421266
0,029591292857786
-0,0267234663499319
0,0531047930574131
0,0177219688742162
-0,0136772301572351
0,0255073803356721
-0,0100341655474374
-0,0186124305754774
-0,0100821400639722
0,082244942652012
0,0273017872485812
-0,00131091877762798
0,0362055311803942
0,0468421304908602
0,0399874993100953
-0,0518548898014366
-0,0489617183624083
0,00293743105111453
0,359190964797509
0,486106999752583
0,334567540891075
0,633004887490622
-0,088492480890334
0,0234942928886228
0,237752763280362
-0,0616003125553376
0,00920487269877946
-0,00205744528893648
3,80609760801136E-05
0,000138917314266224
-0,0992023428560105
0,0351459036895926
0,00314372705196893
0,000912359576719063
-0,00030808001176299
-0,00630362606887834
-0,0243995916872989
-0,017692600851776
0,0764322030567195
-0,1542326464798
-0,0785872199491359
-0,0119827618576576
0,24297557667936
-0,16776985394673
0,232512901663937
-0,142311475530848
-0,0016294696401472
-0,0676263224020624
-0,0571863111180893
-0,137251601687893
0,0965336497141086
0,0467527920696227
-0,131478467298976
-0,136104920569493
-0,219508273925694
0,0143498550416749
-0,356882208028996
-0,180196203951353
-0,0946168210680319
0,140648488655081
0,154509958993813
0,113819256735127
-0,22746053502547
-0,0886958007724705
0,00157851329794964
-0,242073709488902
0,193626442611676
0,00997905426424771
-0,0899355399076979
0,0707432344472438
-0,0409476705449161
-0,0459913906464979
-0,103863572391515
-0,0518003883861181
0,0591848345976888
-0,0121382614946112
-0,0174176496644011
-0,0216032424300147
-0,142278063943739
-0,157226313396442
0,435849299298715
-0,00400953678782722
0,0994050281623094
-0,012817281418216
0,0308941442742163
-0,0313276436313676
-0,0188211605285411
-0,0296914334200676
-0,0554753533863782
0,0302163002773301
0,00117325738120001
-0,00130898854378286
1,03451618261396E-09
1,47721108870732E-06
-0,000214637823838428
0,000265856695130328
0,000362670931606074
-0,000911221739985942
0,00501821224579915
-0,0133751839486984
-0,00108953661621171
-0,00780242817549319
0,0279525393785947
-0,0142932558699609
-0,0187243499190668
-0,0388140577217537
0,0907425707017083
-0,0743332756140444
0,0389703843653769
0,125255628570323
0,00449813005987729
0,0334331417101364
-0,0234625789221292
-0,14058470406641
-0,0364411889361175
0,0408893136783298
0,0281315194448789
0,587594233719212
0,137945444652044
-0,120662423552507
-0,146043244250169
-0,0305119557522258
-0,00650673954199365
-0,027540147677108
0,103482556218198
-0,0403782253771047
-0,0755199498089742
-0,0585574004103142
-0,104509419161708
0,0358117141056293
0,0840203219829048
0,405039331919615
-0,0269646427525993
-0,137572407967191
-0,192845675391002
0,125753266596679
-0,0248105618074247
0,122410623700061
0,273160089695899
0,0211375186699223
0,0476002534573001
-0,0513811335962996
0,14249092758369
-0,0464358970362629
0,036746015507195
-0,0778609517005846
-0,211470962590913
0,00212259849146807
-0,0534886769616791
0,0114442951870699
0,0314077323200115
0,180724916662128
0,220107743966441
-0,0778022124613499
0,00156694515080232
0,00229281421064784
7,10383982496023E-10
7,50216631767679E-06
-2,68024618772261E-06
0,00228291599419515
-0,000156256110524316
-0,00348338239683681
0,00347688155702784
-0,00877872763158772
0,000191038753108752
0,00392049844712907
0,00171919366712615
0,00662093364577664
0,0706484342016192
-0,0568192941024807
0,00654739480334798
-0,00932415302691856
-0,00811764234469649
-0,0204718023249435
0,00735356139813832
-0,0201511832508398
-0,00479298273837434
-0,00491753692488652
0,00100369699217089
-0,00721688884222143
-0,00130004878468455
0,011581530818246
-0,0692261421767849
0,0227839695044316
0,0180136375128924
0,0281712119214431
0,014485369527387
0,0384964863126113
-0,00734619169870891
-0,000618262066369788
-0,0966670405301136
0,478385503523799
-0,300022857580069
-0,0162576459784868
0,0625559185940242
0,0212278200487249
0,0024423475404717
-0,00788358339726197
-0,00479185268373198
0,0585494337421307
0,0224462086754583
-0,0421304930761467
0,0132779789850705
0,00534609458962132
-0,121883597234467
0,00478516814319039
0,03460001804224
-0,0223856184669238
-0,0131337692249086
0,0195442612644466
0,203937156410207
-0,146936169537229
-0,222623077069413
0,286015470255274
0,377590016171313
0,419125021916318
-0,334098126912635
0,0417062243048773
-0,0019182860084211
0,000834570621726822
7,4967077854565E-06
0,0668285552824004
-0,000261433365735096
0,135226897764459
-0,00752179287497387
0,000908405379856962
0,00374019814935962
-0,0070321516826264
-0,00229655766320076
0,00416585959558348
0,00715035734897822
0,0115960269686761
0,0333194712955502
-0,0606193803140675
-0,212156786519527
-0,132266508692381
0,12374332542769
0,0226433380674277
0,0546717135940286
-0,12396414166273
0,00641885209861794
-0,0617368100890517
0,0715639627109702
-0,183583310953089
0,0434976476871472
-0,00654493567257028
0,159374248914251
-0,0537675063992952
0,0968693326200934
-0,0265207661265199
0,150397173411652
-0,0426865498730549
-0,00457483693633097
-0,155195758390446
0,0776470032686565
-0,0926160385816326
-0,0313220097163898
-0,072786180951925
0,199150906065516
-0,124964703511362
0,0869708035490866
-0,0927167300483517
0,113280646623651
0,00665813576239749
0,0364600663118063
-0,0413882151985123
0,0673267082156686
0,0443866977303129
-0,0495605860422351
0,0453750213249027
0,135549752664026
-0,0509049426831603
0,189974703868112
-0,186481486048114
0,0567572471859285
0,0971995368299222
0,0137302453091122
-0,0650717346136134
0,619855649412706
-0,332842937334388
0,138054733686513
-0,036438366564997
0,0169465979363454
-0,00682461525368781
8,97895439315225E-09
1,57039863946065E-06
-1,48074324371923E-06
7,33394903070386E-07
1,40607298825437E-05
-2,30528425175283E-06
5,43246086143609E-05
-0,000381339910538325
-0,0026060340204862
0,000103836166009272
0,0163682383805317
0,00720409936343126
-0,0111623132248988
-0,0190688356172982
0,00325523830477449
0,0444747488086942
0,0265654694742407
-0,00252733130947418
0,0676980521912835
-0,00393443936180233
-0,0405992215624034
0,0387358331021294
0,0175692832206312
-0,028908341580635
-0,15997889388886
0,0188476093210534
0,00463691109730642
-0,0156295129614378
0,0330039093231903
0,00747396042803832
0,0178457951121232
-0,0249000822121225
0,0290481764749675
-0,0678031173766739
-0,0576890710675049
-0,117715605910339
-0,209522940375741
0,164255968620251
-0,0514907227398495
-0,0239540391817122
-0,0495924315315629
0,0616238082661509
-0,150857876297209
-0,12806736632432
-0,0914631846525887
-0,00510504025348154
-0,305590728899358
-0,458624865523374
-0,0413577131327821
0,448158343129187
0,304445982518958
-0,428788842559846
0,00640032795116001
-0,0506554760288487
-0,08371143913942
-0,0645479510155009
0,0965894599403658
-0,0170566152963441
-0,0166811127158608
0,041000438414457
-0,0200509827253749
-0,00407614718611696
-0,00824045453111909
-0,00908826682862396
6,53894515002873E-09
4,40515073757741E-05
-0,00126323768105584
0,000683131046212547
0,00678809334526706
3,70733048589535E-05
5,742746320457E-05
-0,00108610249544424
-0,0135362864475303
-0,00425466001768877
0,028578862876369
-0,122412151768927
0,0266703100415947
0,00153945296771956
-0,030278711623919
0,0585940747834928
-0,0182885307607856
0,00842648258168189
-0,0429734553231764
0,037266344679581
0,01624271978673
0,0309401641041294
0,0277677861403597
-0,116452313766108
0,000944657569005929
0,0347498315704107
-0,00580303993218503
-0,00868023745122903
-0,0643889956106643
0,310750573447783
0,0027602176243376
0,0249978332720548
-0,0487045223721863
0,0781705167898106
0,0692121494602328
-0,0658877249005916
-0,0497659765876573
-0,0505200777981161
0,105372957197022
-0,0134114989986282
-0,0512375264631836
0,00117107567664895
0,208690239454928
0,532597947226203
-0,658112037545878
0,0582771173892202
-0,193222113283738
-0,056688281729558
-0,0169460380114423
-0,0929192885624909
-0,011884836365503
0,0112140988500546
-0,0131174749252515
-0,0637413893193316
-0,0219206502619601
0,0194661048512939
0,00911879015953458
0,0168866439713162
-0,0106282624326728
-0,0147046766788582
-0,0340271260515352
0,0072726069761026
-0,00378697273617124
0,0011697912454595
5,06984052884664E-07
0,000743220782234427
-5,51628325941193E-05
0,00927577124825796
0,00124360919417567
-0,00202877748261752
0,00549095059035155
0,00201341097633667
-0,00100521025977657
-0,0700283989037413
0,00289085308039487
-0,0108931129028009
-0,00562358524638607
0,0089288155325354
-0,00839798713352167
-0,00628530759012256
0,0195652197945517
-0,0642336836289372
0,00697215031588974
-0,00926768884358496
-0,00453003674161504
-0,00879092167005975
-0,293998997208179
-0,0133969050959983
-0,0363473742661207
0,00705267702294716
0,0466847684645679
0,0771393656003838
0,0802135583281922
-0,01265125649122
0,192024972054105
0,295461567492986
0,171710776132905
0,25823256126017
0,175132611426349
-0,0569780309921839
-0,144775940660399
-0,00402534563784451
-0,18149652250561
0,241346693851737
-0,0832861080230614
0,221639463559586
0,409060825080847
-0,00833900098941983
0,15250958019262
0,102424729969948
0,0918043719866586
-0,163524446346245
0,049214386313164
0,055354766168508
0,166134687817227
0,195935941598241
0,174962645882392
-0,309519901888802
0,0910408676932618
-0,000417636425417214
-0,0614943432328756
0,00834163703331435
-0,0896795450362973
-0,0353714324647126
-0,0698870413373707
0,0644073241818059
-0,00253632825463818
-0,00146001626835814
8,12494094014706E-07
4,10756824146496E-05
-0,0020967591834134
0,0157985059188142
0,0031575416171224
-0,000168458193860361
0,00289462800179426
-0,00859928477622731
-0,00607115065671102
-0,00557476547291885
0,0497459410638832
-0,103430659024416
-0,0359180345041192
-0,0203646421657902
0,150964184632928
-0,115431869787337
0,124986337767909
-0,0277384162876639
0,0182778412839156
-0,0210680409984507
0,00425283457132849
-0,0843918257433986
0,176079953980936
0,0443997455616808
-0,0916494551684161
-0,171613748541057
0,0716631161265594
0,171137812018188
-0,307780865322916
-0,0611874877271537
0,0564843023951267
0,103642896907191
0,157938493403861
-0,0717047975070667
0,245178755801493
0,173865839658179
0,122012052750279
-0,0305464137618558
-0,087287305419875
0,0644393189009005
-0,263472315113156
0,0823840651949854
-0,179482726421311
-0,0660981366963999
-0,0475554048313065
0,108454927467471
-0,187600883415717
-0,0367068927639582
0,0587043047164921
-0,078238232498252
0,208584754050677
0,18599930441343
-0,4011271313934
-0,0380815318149818
-0,152994501918944
0,008044931393027
-0,196748121510273
0,124518890227146
0,159648643358056
-0,179821568637217
0,0942927533718159
-0,0278335817292012
0,00687085731075027
-0,00300461613947119
1,58057940884673E-10
1,41437539282247E-06
-5,41954754352474E-07
0,000504116709034875
-3,45245369784511E-05
-0,000753572011482412
-6,30292962547105E-06
-0,000117797671969186
-5,91202389368712E-05
0,000673470186119902
0,000601618327696361
0,0014566915680312
0,0154330478134369
-0,0122976843329867
0,00383140022192296
-0,00118059899604241
-0,00361046758564258
-0,00465668270392406
0,00178787193698032
-0,00133697128690037
-0,00221977751702517
-0,00225237062385152
-0,000655216101152079
-0,00026387933243976
0,000658562032866797
0,000883315266869643
-0,0112444603387457
0,00409187841903388
0,00335949899936642
0,00398449828428493
0,00325271251151723
0,00251882128014542
-0,00363072107492817
0,0013950093381937
-0,0122694601984776
0,0923645648215359
-0,0732198429585797
-0,0110871961421674
0,0220104967022428
0,00400788756912967
-0,0093711664217937
-0,0245446479268689
0,0133944142633785
-0,0135363661848594
-0,00210724311275088
-0,000580278715485407
-0,006936207884906
0,00898602301850196
-0,0263050969810155
-0,0099083942725449
0,00618968995053528
-0,00813625942163303
-0,00722046705109778
-0,00124040251047289
0,0474325103351662
-0,0286791506606206
0,00467904127315415
-0,0352587316109567
-0,0379695386778844
-0,0726785266639792
0,103105789919848
-0,01607345464931
-0,922015941915189
0,332373127602876
1,89392661012211E-11
0,000101546947644953
-8,01777448111488E-05
0,000201908523210589
0,000283603266697434
-0,00497720863416647
0,117195000681772
-0,213879629826253
0,00252524098588508
0,00779713108621698
0,121006642603885
-0,000670517059537283
-0,0647113972644608
-0,0809799341218266
0,155153145354759
-0,0510385259703285
0,00585242039355106
0,223298688387585
0,0844922791465504
0,0532406077673915
0,123471535813241
-0,25621446008028
-0,115266316843081
0,0596858049776259
0,154796364157829
0,125106966762297
0,0529469992948219
-0,00289801785437174
0,28042046201612
0,143803678464422
0,0769874490806585
-0,122693773383091
-0,254035245624507
0,0665323130866134
-0,0467865763256541
-0,0862826785744926
-0,0482500223113685
-0,153535011383341
0,109819373126106
0,00851207797925496
-0,265682625899546
0,35662242245902
-0,167200435530524
-0,257711442993208
-0,11703609502314
-0,0573372854603587
-0,159953437343503
-0,0835229938941038
0,00863149892493735
0,0170032495129807
-0,201448020387279
0,177663576542263
0,0792592409035556
0,0298160269820058
0,0202177950680522
0,0910185859817926
-0,120211313651317
0,0322901359675331
0,064774083203126
-0,0355930500733159
-0,015315010981364
0,00636402440539624
-0,0103792843988261
0,00271585110946085
9,44092253625837E-10
9,70042809983163E-06
-4,79802667937365E-05
0,00352200685154375
-0,000194338379966575
-0,126476095936872
-0,00517410635732228
0,000325938298761121
-0,000699579796777006
0,0294224413583872
0,0127705157758682
0,00662487124963376
0,077528299983325
-0,0665863530424994
0,0241599742488314
-0,0107200555711824
-0,0244005487203709
-0,0241413063074488
0,0127651101898155
-0,00904968489327371
-0,00621588284260571
-0,0238179061977381
-0,0149785331617774
-0,00320922123512185
0,00608345401773115
0,0188433392851728
-0,118190740385145
0,0506287802421792
0,0413516844000143
0,0224867375126771
0,0604600367255589
-0,00775449684825193
-0,0357379971098809
-0,00550136241456929
-0,0350917361027828
0,544828957427059
-0,438561646784653
-0,0864149902700219
0,146358534881365
0,0051313577180529
-0,0588190676818571
-0,116388405658943
0,058534452266186
-0,100511090156892
-0,036458126166273
0,055314449720127
-0,00374099227121211
0,0351525842525873
-0,205160480479927
0,00421853662898566
-0,00330067825554904
0,0301075833989539
-0,00619460511110396
-0,0127588799088489
-0,0915659591686986
0,0931456321923363
0,158264488979143
-0,222149602793104
-0,273360054495061
-0,307165218438757
0,240317010176253
-0,0297086381892754
0,15575630245396
-0,0563079394154886
8,14120486271966E-09
0,00733484403742015
1,21246443463415E-06
-0,000274398719954109
5,35538552442428E-05
-1,32606445604425E-06
0,000310989876557298
-0,00212408572387738
-0,0302648676220184
0,0013684805802286
0,0161723022424323
0,0149559924137646
-0,0142381894577046
-0,0253017810449956
0,00987656501700481
0,0643412744035565
0,0418520284741445
0,00870531262571673
0,0402721188572499
0,0195745337260803
0,0298102062367786
-0,0127348016536796
0,00628210965662998
0,000181910812605757
0,21939377942594
-0,0288091518726138
-0,0374624771606212
0,0159108336961413
-0,0619300956544713
0,014246940093774
-0,18450361540623
0,213012150544378
0,0598046326587757
-0,132795474917905
0,123287342771687
-0,066379517655588
-0,196825977955778
0,0307698631575409
-0,115647423489372
0,00984761366440967
0,415161022602763
0,0212058758615087
-0,12218021886002
-0,208556153147762
-0,195892303477336
0,14678223330756
0,0138381653497374
-0,0792376130494102
0,0287396013357808
-0,0351383891919578
-0,0858409520072813
0,120505471499387
0,058842001190492
-0,0454242231847001
0,0290605945974121
0,0301777563680348
-0,0472379478798519
0,00677185982823093
-0,000723691528252763
-0,0747291942754236
-0,186266713038666
-0,623332239457822
0,00193160640230048
0,022984092798138
1,00390511767227E-08
9,75500654964193E-05
-1,7279703715531E-05
0,000309856800358155
0,000163316297773536
-7,61807204306203E-05
0,000776649387558359
-0,00309117122920259
-0,0260852703554365
-0,00121496213144202
0,00701848013521028
-0,015246969440545
0,0129919374454477
-0,0378292453670824
-0,026778198813067
-0,027636591578397
0,142092962344777
-0,0390197527238593
-0,130359563481609
0,441131262844002
0,196777715900872
-0,0126885736094085
0,0676292615401019
-0,317164612357752
-0,128637366768257
0,136447085832112
-0,0588852853947649
0,0980126092700534
0,344627006698664
-0,400873000234606
-0,38543444539947
0,147907565683692
-0,0204822905742736
-0,0653263618753002
0,116066506625168
0,097262005225375
0,0720807677617535
-0,0567454784583907
-0,141564174922374
0,0278285602081816
-0,175749836825545
-0,045603736509404
0,0227848934463344
0,0317493599390845
-0,10688983122983
-0,0574341002015655
-0,0132654200421061
0,00344064796114995
0,0359062828642261
-0,00692401838596691
0,0205143608611161
-0,00668297190800438
0,0556701935702432
0,0252182645825606
0,0146011297305049
0,0140604077587641
0,0586153064963144
-0,0414842094943817
0,0503454655414636
0,0187743571988203
0,014021691456288
0,00206798327526557
0,000755057984295037
-0,000258922921472083
6,97586457232684E-13
2,83562679463551E-06
-7,99056237843939E-07
2,75889427425096E-06
1,21587430000726E-05
-6,47486601151805E-06
3,54935622423301E-05
-0,000135551440498715
-0,000288249299913081
-6,27792099988368E-05
0,00546848133151707
-0,000140551688936872
-0,00257848277221236
-0,00432214141263574
0,000123255273666197
-0,0135067174976433
-0,0034357355508574
0,00283987219551176
-0,00161758057595338
0,014061888770647
-0,0151813021748111
0,0450600928732445
-0,00652109406578161
-0,00756494119065345
0,0223237451706821
0,0673745717456877
0,0185721309600878
-0,0267740222279721
-0,0694323787154316
-0,00077843644549934
0,00400028218530553
0,0270046776533979
-0,0123518218181259
0,0248471260722769
0,0119595198288923
0,0238274399187118
-0,030501771080456
0,021036480023173
-0,06729901438905
-0,431234533928231
-0,150857921186069
0,136915802175264
0,079483783413585
-0,0615683741241902
-0,140971746116864
0,179472418531723
0,276111997548918
0,0364730523086166
0,188641052541835
0,152406682799905
-0,0409240063852648
-0,130853673212454
-0,108968655871874
-0,0353303365686594
0,36936831702216
-0,232693857810847
-0,283617110153765
-0,127271824522578
-0,0432436602675095
0,142183211830806
0,437016856588341
-0,127018974376424
0,0585913816496686
-0,0178725229651203
6,44451129614551E-10
0,000131151925527516
-5,8568009595171E-05
0,00198749616892269
0,00193560969103893
-0,000444389543008515
0,00238489925065749
-0,00570309188992962
-0,000469122977768687
-0,00573060673164524
0,00827863803546521
-0,0202137159968972
-0,0129209180937329
-0,000969943841754097
0,0523765989144552
-0,0722015013825077
0,128903551632675
-0,193823019764741
0,00848592422447808
0,0213755433319643
-0,0124378774257551
-0,0235677487702084
0,077704012519073
0,0637836472851262
0,0497235706146168
-0,0234559541676281
0,199042577189803
-0,0349084766828231
0,088315318768447
0,194312160509076
0,136531621739637
-0,134108381331599
-0,00730016030191166
-0,287736348360771
0,344220310633039
0,163470363311703
0,0406118749298212
0,148435940153306
-0,294442861857468
0,0660738368604222
-0,125454742781614
-0,0448828285605712
-0,0903256332294558
0,0629879946456748
0,0106415391455097
0,0860041959348752
-0,00560421810307709
0,134454384897883
-0,00528256913117925
-0,0336241000313049
-0,174785044899579
-0,286860228476044
0,437288144758725
0,0157718349955902
0,00412234004204193
-0,0245249307054591
-0,177119227610587
0,136364127141187
-0,176665344458587
-0,0942100710176121
-0,0591195077250317
0,0425749065691203
0,000361801364566579
-0,00187343916275651
1,84448132501736E-09
1,73327918578615E-05
-5,67149150070296E-06
0,00590399100759779
-0,000402009246666889
-0,00167362934075687
0,000392890310976989
-0,00223383262243461
-0,00282475557403709
0,00466031654499738
0,104592377533757
0,0585264220538319
0,328230006387086
0,134775789633177
0,0648787045856385
-0,0138824735249864
0,0667250561143829
0,019338323866949
0,0421191473686421
0,00568135605521043
-0,0417172189532161
0,00584063904570608
-0,00742617914707073
-0,00103640141048367
0,0176426046591945
-0,00987300660272345
-0,0317548719795867
0,00676588687321343
0,00548144805334193
0,0148840591258338
-0,0368227984047593
0,0206973435573653
-0,00551318035405813
0,0145020176135998
-0,0237987068951826
-0,168259779772646
0,171279323183629
0,0723470001039749
-0,140023963654345
0,0399262432124544
-0,0967838974752543
0,0298776387202525
-0,0531316130890352
-0,0462232386372375
-0,0988747040014577
0,157218487826602
0,157069378427034
0,055797308843599
-0,808026277319765
0,0729005227511171
0,0495030742265088
0,0626820475788784
-0,0458384200369236
0,00409192811114486
0,110943152714082
-0,0265639605273875
-0,0149001653244744
-0,021565886151223
0,0197148046070458
0,00271652129319745
0,00915115370814888
-0,00350144724231236
-0,000371498160278488
0,000129021588713645
3,93474288033422E-12
2,3897569861472E-05
-3,02439994733823E-05
0,000179598101261962
0,000225567983217623
-0,0196809393521233
0,0554922987283368
-0,102806081955663
0,0058872153300731
-0,18104077544016
-0,00119314684302763
0,00868361565611683
-0,00203127920295259
-0,0100471743746224
0,0284759291187112
-0,010843014186447
-0,0124313001102623
0,0697603745142649
0,00550624262316812
0,0223591804450018
0,00626322286991249
-0,0343558973027274
0,0760361019302996
0,0174680532945272
0,0157983661899037
0,0910529424316374
0,00385672301020219
-0,0292154995777328
0,00873114723438082
0,000246811952576415
0,0167392088986105
-0,0506033495488174
-0,0756157573166511
-0,058138156129345
-0,0518796136171558
-0,0650500616642181
-0,0598128206737754
-0,0485022417306244
-0,00378813823312343
0,185375481561904
-0,0413449510274361
-0,059456691428752
-0,0841252946384064
-0,00745239288450384
-0,0739588936928783
0,116393378724319
0,222863388713518
0,0142376999242459
0,156602378327098
-0,0645877334229608
0,165575231638072
-0,126750292129289
-0,231227440599399
0,0901604655972111
0,455373014808367
-0,22996947317106
0,124260241616213
-0,0345279450763658
-0,0805101723198479
-0,437474272132154
-0,396723753980273
0,151191013355807
0,0186817310327288
-0,0121396063473114
1,26312241405903E-10
2,20836791996762E-08
-2,08214167344307E-08
1,03079164437534E-08
1,97598627744037E-07
-3,23849508261524E-08
7,62856892539134E-07
-5,3518140144656E-06
-3,65672490330892E-05
1,45583794715833E-06
0,00022938869911524
0,000100937051928877
-0,00015623362133237
-0,000266708648184926
4,55139297848808E-05
0,000621697045436165
0,000371140307524571
-3,52810149911936E-05
0,000944424422714846
-5,48678162716482E-05
-0,00056588972099925
0,000539397395517472
0,000244316989757015
-0,000401688775398971
-0,00222116797183905
0,00026138973536647
6,42582879773742E-05
-0,000216367145778492
0,000455954346395124
0,000103085391376137
0,000245887170898853
-0,000342736487882692
0,000398772954713656
-0,000928682686909517
-0,000788870862480867
-0,00160424135871332
-0,0028459301592844
0,00222651151149084
-0,000697108836864499
-0,000321392140797671
-0,000665367774180331
0,000818107008782482
-0,00198938641495185
-0,00167766651890065
-0,0011933696042125
-6,58116867804419E-05
-0,00392307117418791
-0,00573808495751958
-0,000499313129624232
0,00525003662812648
0,00335753210222655
-0,00435502209571556
6,00365552875059E-05
-0,000331589621996305
-0,000274688606255067
-0,000121661804842968
-0,000558266212159091
0,000380550924802589
0,000700824106638812
-0,00268120612129439
0,00335193646296177
0,035490331218888
0,338807329267599
0,940100551494905
