0,999935658853316
-0,000127615127161499
0,000126515181026328
-0,0108298689584161
0,000936639708660557
-0,000286283386408883
5,07082181524978E-05
-0,000115590279097122
0,000207036505081036
-0,000162703370894393
1,46971097591482E-05
-0,000196916901439632
0,00149219344237835
-0,000593204101899833
0,00112370191701639
-0,00108837623216402
0,000159763889718739
-0,000813374713573195
0,000583375742526828
-0,000417693287212828
0,000385009641961203
-4,00280651476354E-05
0,000198455601032707
-9,77161557420664E-05
0,000232391067388833
-0,000309985443221956
0,000378225740439785
-0,000160235217658608
0,000128905165274879
-0,000415762894603048
0,000255201666361908
-2,47416894755477E-06
9,33353401209803E-05
-5,25889095815886E-05
0,000492673321007889
-3,1012944098255E-05
0,000102038131430129
-0,000528089097372266
8,6044450194363E-05
-0,00020396474493062
0,00013464503586453
-0,000200596636179777
0,000210509223266754
-0,000128076444167064
0,000145001956287414
-0,000135415554091068
4,60529541970599E-05
-0,000292883006808736
0,000393350945426544
-0,000223309628433577
0,000284526561039547
-0,000362088191843651
0,000448611800781771
-0,000286189532576977
0,000140893834872825
-0,000241068969169951
0,000237314351423128
-0,000945311690120426
0,000488889937432418
-0,00065260915031083
0,000205119546289765
-3,27909635157479E-05
2,81167064755434E-05
3,30759271975481E-06
6,16307893733621E-08
0,988520649655536
0,00128598380051045
-0,0267085197529846
4,0404636803059E-05
0,000767621272067429
-0,00203169781392858
-0,0135318917821222
0,00328940519493077
0,00349080430489015
-0,0169161258469574
-0,0132844157451296
-0,0156946084237843
-0,0193053355656225
0,00403327237595476
0,0187044050349024
1,62159609700144E-05
0,00831561433342815
0,00480950967075616
0,0068857236247267
-0,00899840019778089
-0,0109031528061586
0,00942055581085748
0,064627721448188
-0,0221640021581976
0,00834665035875219
-0,025901099587898
-0,0167012576336669
0,00176227415939867
-0,0093741046772008
0,00244994121178436
0,0340458623581858
-0,0146315311211469
-0,012091723683231
-0,0171102590306306
-0,00688306975401903
-0,00618592351109378
0,0513661162362274
-0,0254591395421575
-0,0593870827327788
-0,0068951777818321
-0,0125674167825883
-0,00201833435592616
0,0305246738984397
-0,00472093856781427
-0,0125252751813732
0,0124552552382117
-0,00580595053268639
0,00400213974010552
-0,000475318407797339
-0,00507212594048836
0,0247008603234196
-0,0110906770150569
0,000689124679633175
-0,00617497975616987
0,0140755777568645
-0,00646142591283544
0,0394848746568391
-0,0210598985181391
0,0299541532491894
-0,00794596750657141
0,00136652457059843
-0,00124702712491745
-0,000123906612711861
9,50790412025245E-08
0,000747551865813929
-0,974289803366777
-0,027851609752228
-0,0752158358496994
0,00641184346001508
-0,0185638575119126
-0,0098308070357298
0,0179895130841562
0,0277938328375177
-0,0368164110092568
0,112488385707063
-0,00181755550080952
0,0277727096125727
0,0172858411686398
0,0235616725711982
-0,019187670109284
0,0311649297875155
0,00682710356383116
-0,0241121369398712
-0,00512499519222087
0,00317658083837506
-0,0367016001397402
0,000859381705921068
-0,0174052320543718
0,0237997711697465
-0,0319030188920917
-0,064807151010837
-0,018124073331754
-0,00517498501273649
0,0292223066665421
-0,0143611552986795
0,0164072099074936
0,0585207768076952
0,0199974712618031
0,0183894022148029
-0,0114694158044805
0,00566910110312605
0,0131197270266926
0,0334164687392944
0,0042419752437787
0,00142055627591739
-0,00315918775551221
-0,000261666479304542
-0,0159178366800975
-0,0182237047554193
0,0162178418436641
0,0088868495804209
0,000336325543618612
-0,000874724476469897
0,0191930901729087
0,0515475608845963
-0,0314442439167597
0,0303546185928074
0,0115098847185256
0,0518039762912813
0,0138692770516237
-0,0338693937381581
-0,0108054254143974
0,0124747195503594
0,0049286606387965
0,00206835396967767
0,00412951614297027
-0,00181319693919138
0,011334504455113
0,010846292072435
-0,010400537993305
0,954467803551718
-0,0841500408875837
0,0253786723055561
-0,00597111684580957
-0,0152124427659437
-0,00587042511706008
0,0160871390374988
-0,000761635618925257
0,0154445578766927
-0,133192113135092
0,0460103101628108
-0,0985274332133682
0,0957500898498559
-0,0151266659887972
0,0784447262775275
-0,0523616676464452
0,0373462920571665
-0,0290371576713044
0,0215107518184637
-0,0222847272447117
0,0119783106151913
-0,0208928756545696
0,0176417017379154
-0,0300537621296293
0,0129458496470234
-0,00794236505196495
0,0323229735320683
-0,0169865600121871
0,000501236347440624
-0,00324505591938118
0,0029192843960533
-0,0443193636758603
0,00819091371305217
-0,0153888321612962
0,0441497301157996
-0,00996516555005245
0,0177037716304434
-0,00876195420242759
0,0173487238279521
-0,0189879347057687
0,00801617494932368
-0,0110169891178331
0,0111256025554707
-0,00172953199504917
0,0233089400101817
-0,0358737750832927
0,0217709451290294
-0,0245944237254934
0,0312038461732391
-0,0415167313991266
0,0250765836789098
-0,0113128594055375
0,0221107806534032
-0,020994273526672
0,0842323033054963
-0,043422624148481
0,0581550154678181
-0,0181469561843222
0,00289469258617096
-0,0024994522384475
-0,000294739764868375
7,15037802970763E-08
0,000427298515278141
-0,0280948313620676
0,0671052369013236
0,92616863342933
0,000906058017805165
-0,00109969311937519
-0,0481355577457271
0,0127855544625161
0,0392539133112694
-0,0975645845375568
0,206678484545282
-0,0488615862024363
0,0531321253255223
0,0878745207212286
0,0268760152016233
-0,0272624550661611
0,0505831696443959
-0,0228478561915825
-0,0620121483580094
0,000915077687094998
0,00421497685178389
0,0269014201104432
0,12880641007067
-0,0292318252692142
0,0787980714161045
-0,0614894873418318
-0,026371901315139
0,0367186157092139
-0,0436026029909216
0,0131912274403896
-0,0737898159617461
0,0935657434616183
-0,00862980103736814
0,0283387506425338
0,0271442404418263
-0,00604975274762423
-0,0168259183547452
0,0269632879871394
0,0807594446127857
-0,027743920202441
-0,00736007705860297
-0,0162704087642623
-0,0136921207889174
0,00362981622864643
0,00951551841856649
-0,0206809028319257
-0,00952587823207751
-0,00920563215426195
-0,000236575893044798
-0,0252005748191778
-0,0195050111675173
0,0206371461171125
0,00927993450922543
-0,00319230617597926
-0,00151389166833513
-0,00320930066761724
0,0091393231200553
-0,00529712729108181
0,00286697374758559
-0,00165954455588766
-4,02973575842762E-05
-0,00102264194185067
0,000309933699697644
1,9325657516711E-09
8,71963209051426E-05
-0,00197052406175656
0,0130140322796031
-0,00102740161655468
-0,972125829761619
-0,0804040528815852
-0,00948782935526942
-0,0190651012582826
0,000597283943560771
-0,0853983923538277
-0,0461691547366699
-0,0513807104643459
0,0432675366216729
-0,0351223374999939
0,0220369128396823
0,021489304809542
0,0165084121226249
-0,0275237468848426
0,00594430282587336
-0,0108045269587713
0,00974831338547407
-0,00403407627591888
-0,0120117890757065
0,000385713466840451
-0,0131393149644943
-0,021963263253261
0,0024562950177438
-0,00642924069635031
0,00592043273250627
0,0138728676141478
0,0106727270563473
-0,00494422338112069
0,0168868628379563
0,110617942327076
-0,0447016036755813
-0,0540103394967104
-0,00600577701064156
0,0062035771529342
-0,00219156806942225
0,00416631915081488
0,0051868111531523
-0,00464229866590195
0,0106171812486509
-0,0252413455470495
-0,000936721175279886
-0,00601251414990936
-0,0209053697561404
0,0288568112256253
-0,00140314471001031
0,000468440176264289
-0,0036469797234474
-0,00130575867179224
0,00408260735183172
0,00974393739928205
-0,0115759301157007
-0,0425050014923532
-0,0454522898893507
0,000133181887362029
0,0328974884054788
-0,0634086700037196
0,0174578085784894
-0,00815040368336722
-0,00256071276802405
1,83578998375608E-08
2,93829442844089E-05
-0,00552960233792991
0,000407769185182182
-0,00153228682329836
-0,0426543240908204
0,753585210947995
-0,293710019897276
-0,545236944956772
-0,0625137807552241
0,0259753472573411
-0,0012923588584671
-0,00836596347240495
-0,0203573393248983
0,00894910921416155
-0,00951521644665926
-0,0139728478118498
-0,00202032858170485
-0,00907089765290151
0,00502051251587745
0,00333684112247128
0,0013557336454147
0,00262531401693725
-0,000861250859839414
-0,00587017550150554
-0,0436309729359456
-0,0616409699051872
-0,00997764276955002
-0,0164927865349996
0,0226257361092358
0,0427425397410306
0,0178753262340872
0,0157170376819624
0,0519188300532601
0,0410299945109194
0,00901156115082421
0,00920215307234902
-0,0321807436176235
0,0154817709127837
-0,0105318620843129
0,00819646676994757
0,01649286275462
-0,00399313750592787
0,00806917863717153
-0,0220969770605134
-0,0159285826032368
0,0205221293822772
0,0058088218232137
-0,00316979497644842
-0,00378465846690194
-0,0140547995559637
0,0171105640719979
0,0114294464956598
0,086071066583894
0,0257182743013455
0,10202687801834
0,0277793743411327
-0,0585850215473979
-0,0186311583057092
0,0270609697781957
0,0106558127071392
0,00280407564706585
0,00644037331787774
-0,00274042672930229
1,83180961576452E-08
6,9681314936235E-05
-0,000317232986973389
0,0016408622933945
-0,000129624775459581
-0,0398672400508686
0,56012511194385
0,256849230891418
0,60003105532727
0,209027294472181
-0,0760581785721035
0,00255453081756651
-0,0121910223758055
0,00629064069846935
-0,0925141831653251
0,0669458697121053
0,132929670060919
-0,0043620004470944
0,113739786224863
0,0661259333426168
-0,101315203739794
-0,0317686481650167
0,0635432207408569
-0,0177281677561035
0,0248824953774282
-0,0847015994269792
-0,146479927133922
0,0403754428726652
0,0179744739306888
-0,00927600955698414
0,000211749215922432
0,0368092725944537
0,0665491157006767
0,0156424597773859
-0,00672676506873113
-0,0484099539327513
-0,0672301396458458
0,0439460903620306
0,00271039865070398
0,0700510113217127
0,116510638419556
-0,136224951064794
0,0594954684109961
-0,0799018355518636
0,019714115561527
-0,0201137106022029
-0,00665135265704282
0,00629239015558567
-0,0208205202340032
-0,0413590383956464
0,0537780806605257
-0,0652307689737991
0,0174667455459869
-0,162529441872271
-0,0505527168129185
0,0417855238729501
-0,0612888682215915
-0,0370332552005681
-0,0654209522683844
0,00137323650050757
0,0394554786957929
0,00251392440106869
0,00516561523986846
-0,00185295634857539
0,000211138235672357
0,00825585612701982
-0,000694053120153306
0,000174269152854128
0,00575843839604213
-0,000613717477317299
0,0113684692593341
0,713320509598559
-0,387957386475529
0,200894925820915
-0,0133443742637604
0,116645818730947
-0,15908198721214
-0,0480300978058593
0,158145736935081
0,186307844870924
0,0615848834265645
-0,215108398985058
-0,0286436095305784
0,0528140112793629
0,0716710554227716
0,13684990811078
0,0972046210137861
-0,0298016600351887
-0,0666894531953271
-0,162912078629204
0,0344632059632594
-0,0666974265212921
-0,0187034344173592
-0,0396799540003811
-0,0840659807352869
-0,0357571259637594
-0,0299312186080759
-0,00619569798806833
0,0520578840442695
0,168496367896157
-0,0576312860185917
0,0284913626580569
-0,0548760225710951
-0,035548866099463
-0,0425064062564473
-0,0298558972204188
0,0319156232358499
-0,0663582738763043
-0,00119013265503247
-0,0192453752678311
-0,0618509823310064
-0,0115047724811733
-0,00133437635389082
0,086608931239847
0,00587757859870727
-0,0119170072001659
-0,0459355229846604
0,0173883961313226
-0,0242428928502955
-0,00495767160110863
0,00948702509860344
-0,0115494083497947
0,0153745581102012
0,00183726582872886
0,00247666378673573
0,00125360657743922
0,0101883334804033
-0,00342546237555616
7,7771189912404E-10
0,00184268199314466
-0,000189657394792127
0,00303006328157989
0,00642998142863181
-0,108507035875901
0,00920705864828506
0,0177230516614281
0,0521898644689012
-0,00285368456114199
0,869214503744732
0,32505611051872
0,0868517992599187
-0,0140415927532038
-0,0126538149469659
0,0136499733490734
-0,0707500068299657
0,00896417542568656
0,00149936957744218
0,0183601790571362
-0,0364720336656463
-0,0222023651569469
0,0683505379503525
0,175526495386477
-0,0123020784526585
-0,0112254104626487
0,0279288876649073
-0,0158105231576333
-0,0159306386500455
0,0181860298573867
-0,00732386789824336
0,0438618729715461
0,00715353893948091
-0,0132919369746903
-0,0405817819976024
0,0190027865433575
-0,0154108279076879
0,000418757740219786
0,0333448227598065
-0,0244756606000782
0,0455776604381549
-0,00334341325143015
0,00589026706934412
0,0313633820006823
0,0301984678996743
-0,0758694899978307
-0,0165656985097179
0,0242004060600334
-0,0556893115204532
0,0415890887687338
-0,0271252352712371
0,0264568341610616
0,0905435221999135
-0,0977686567023754
-0,105751456485206
0,0329119583373257
0,0270909081626916
-0,0301228985986969
0,0226974570837197
0,120767100499103
0,0301919071368997
0,00448169619938724
0,0182508130753447
-0,00668211521608649
1,72357957610462E-06
0,000313647606378091
-0,117046461667443
0,0431814778256347
0,244239079518411
0,00234851311317946
0,00240563883208436
0,0949445947686875
-0,0271504488589949
-0,0943056391904579
0,181936125663858
-0,634989850466553
0,223600725969206
-0,183736335386818
-0,309027753443014
0,0297191200728141
-0,0642586276444655
-0,106898055068953
0,0396316283575953
0,185346426618685
-0,0537103376025806
-0,0212923512519139
0,0216357592603648
0,0200719787983332
-0,0192452844957286
-0,170920951801887
0,115429685116262
-0,0947059374572443
-0,0964222471387225
-0,129278329607822
0,0486216363297355
0,107561148641447
-0,0864486643122879
-0,0118653367115013
0,0208570790563876
0,146735700702249
-0,0590045307314654
0,0739236583632852
-0,0139906992308748
0,18418102536013
-0,011624932042346
0,128551584015149
0,16497111546641
0,103923549450135
0,0412000960974226
0,094760643234428
-0,0456544833625342
0,0129066220694058
0,0142151988211448
0,0100398557404982
0,0107977785967696
-0,0195229209616103
0,0169628616015008
0,0240138054908353
-0,00603841732980698
0,00314163876129483
-0,00656633154433933
0,00940132953744065
0,00601761347949892
0,00584579808461746
0,00113400759066542
-0,000683085036502312
0,000793117255213711
-5,96542540883762E-05
3,11301190894918E-11
8,91962773890231E-06
-2,43990123482566E-06
0,000696925536348352
-6,36811998590578E-05
-0,000639667991483082
0,00301371012030095
0,0206905039242098
0,00602372135220832
-0,168973379795154
-0,0342105980389123
0,0856835709283693
0,24060850503107
-0,227507269764712
0,0187292854701851
0,201969342284654
0,460332855746142
0,141434483908756
-0,521467932155339
-0,0158299749362189
-0,300043564629758
0,0955998836953788
-0,0104593703746252
-0,0272643001226832
-0,00268432315708782
0,00923771915924973
0,0257065836143778
-0,00812135780569324
-0,017972808358248
0,00893284738019389
0,0148101145855805
-0,0153933591966941
-0,00204875358271354
0,0441686187554921
-0,0926311989415089
0,066901020283295
0,186863910769075
-0,0263993176309375
0,0296877364922858
0,0342777063224876
0,0437112332695131
-0,00860698562446406
0,0351499439760541
0,0411330524379264
-0,0282011346527908
-0,150274450499825
-0,118237446516427
-0,140363243888554
0,292978392933615
-0,0499124296664134
-0,029969012849268
0,00107781462129159
0,013713418752184
-0,0213319493960614
-0,0230226236526176
0,0114583304746453
0,0207624360924784
0,0108031318528848
-0,0111742162558953
-0,00290354031403098
0,0032971050009139
-0,00168470250479603
-0,000316938600906255
0,000537713838990335
1,23044896917244E-07
0,000492300091215079
-8,75267820853205E-05
0,000582822470106015
0,000756918452606325
-0,00283969856172761
0,0323782568782427
0,136736798538786
0,0371437949817839
-0,663616410907226
-0,0784617936329063
0,189730951279127
0,0768608044754743
0,0381875651359018
-0,171444772046593
0,191137116171826
0,14772017716519
0,057503305985838
0,134394505454631
0,114393520803124
0,428957671627917
-0,0909159063116234
-0,00270048977799754
0,0593203550744935
-0,0467626683383773
0,0140253203174065
-0,00754229970377899
0,0300309817468397
0,0530118070302245
-0,0124312001877754
0,0470239947688759
0,064305344125048
0,0664748777158483
-0,0381544228837687
-0,0428728669683995
0,124343886898258
-0,180605421638448
-0,112435933118527
-0,0956880370867372
-0,0618731774888022
0,150403042186716
-0,0249940771894905
-0,03078833016572
-0,0596882486351308
0,0498130543200665
0,14364365526165
0,120873529707343
-0,0328079823565545
0,0512647423707679
0,0545543094164621
0,0356995433445403
-0,0265241050135595
-0,0158083785119017
-0,00536344275113095
-0,015309366250096
0,038458890141048
-0,00214713645170857
-0,0168235049522333
0,00178656393539364
0,0015178512939863
-0,0207049937805361
0,00556543645749669
-0,000563203490283413
-0,00156799313372298
1,33247463632734E-05
0,00259295128998531
-0,0010235563284947
0,201835667736314
-0,0213648801127613
-0,0483021482257044
0,00191617605157806
0,0133218582876327
0,0074152721242643
0,00465226842532504
-0,106891525224413
0,133303279975261
0,517392071392212
-0,431946433955462
0,341448231990961
-0,203769946256813
-0,128596504098742
-0,19398194865126
0,327211092372968
-0,106767109275087
0,0643569177512923
-0,0737070755514909
0,021320874385101
0,00811529944866905
0,042137125864014
-0,0274469629169972
-0,0457740715910618
-0,000243505162119335
0,0107259418593116
-0,00737030607244536
-0,0391199964297509
-0,000611386789508631
-0,0154161439738548
-0,0472421741381945
0,0893854789704743
-0,0693961026850646
-0,103619141984781
0,0177085872159444
-0,00780223416290055
-0,00760772949374651
0,0100485787134894
-0,00479434662952402
0,00795713445457723
0,00836074667645017
-0,00388052899049598
-0,0588427214176361
-0,0562923540392774
-0,1257422566071
0,264544071229961
-0,0386909835725514
-0,0193608116969374
0,000467958696315247
0,00826713620252503
-0,0312602321901417
-0,0370288327569554
0,0294771296089561
0,0316533438476666
0,00852314737878539
-0,0135856623850821
-0,00334915516590612
-0,00278192852003664
-0,000469498012819663
-0,000376329354293925
0,000132775743177168
3,55279167026426E-08
0,000432872525351067
-6,40300591199013E-06
-5,33738151959151E-05
0,000190426998644848
-0,000115611998412167
0,00241141874373853
0,0328897619020145
-0,00644553023223421
-0,0879172909886377
-0,0215595752231537
0,0680111196153942
-0,0585542803971576
-0,0578706985560193
-0,251696047741174
-0,218627185157448
-0,0615944975389201
-0,142462556044965
0,0594369327691304
-0,324189004170194
-0,353410969081678
0,248732362886594
0,320718686391447
-0,177053444047988
-0,318979290710489
0,220567790269838
-0,0367957984881962
0,0194905772900942
0,066344845889744
0,0277119779715721
0,19678036432617
0,0167274927921624
-0,0855805135297703
-0,0479279508616622
-0,040217165821024
0,207150966821737
-0,175506560306735
-0,070839559728712
-0,110804595534663
-0,10635712112044
0,143392145033914
0,000966212178795469
-0,0450245013966571
-0,0625080579602253
0,0181282553643396
0,166933576727833
0,0354357127517967
0,063328753641902
0,0727637749165963
-0,0453466957186899
-0,0725015543288919
0,132597920151557
0,0859536674643911
0,0230831715987194
-0,0455788265020299
-0,0298532715742656
-0,052443635628885
-0,0165575494631941
0,00195142590999314
-0,0213778485967103
0,0060324562520675
-0,000652732254754098
-0,0017674769404885
0,00125413401114429
0,00021070606653823
0,00565863679520148
-0,00113988687692962
0,00310007758513611
0,0539866374818639
-0,000934668105730154
0,00288289725062736
0,112453957147256
-0,0544458883020838
-0,0281065188932165
-0,0473952751238843
0,138799362002874
-0,105130508776667
-0,0305171327962167
-0,043400342603602
-0,213514911437548
-0,057427196046105
-0,0717384723382054
-0,109294325183661
0,265045150221715
-0,311591139177125
-0,642721690896664
-0,0535733803807091
-0,114927713782366
0,19929028139682
0,0955636713721766
0,0496237021999716
-0,0619026540823667
-0,187630377722102
0,108219005121223
-0,0301899753869764
-0,112843392412798
-0,191030074053717
0,0361999018998767
-0,0445539172591076
0,0930394055591211
-0,058821034371856
-0,083274563891104
-0,0509058819929924
-0,131293055537914
0,073464126597718
0,0507120830722038
-0,0435561607559682
-0,000171812310522829
-0,0571829994686122
0,200034072319757
0,0602289903556462
-0,011439345757626
0,0565590799854548
0,0117820269046715
0,0753196853936114
-0,0215929671490631
-0,0192586365774798
-0,0857089143463688
-0,030750643641499
0,069157718940165
0,0550208726822764
-0,0286915613364571
-0,0164679396392247
0,0214511837999929
-0,0610522562698731
0,0142521348552358
-0,00682931244088106
-0,00246062867662787
0,000210231587280578
0,000604493031865617
-0,00289941850824376
0,00237694492255198
0,0160884462054569
-0,000345880548110455
0,0119537165964412
0,34145420322313
-0,17991563805275
0,0766573413473895
0,0551581045142017
-0,197769538560758
0,222575699729802
0,12357092401627
-0,0732445640844115
0,112210535814286
-0,0208996069055489
0,173617831430218
0,0803907283674585
-0,228412190567609
-0,0324047086792051
-0,0843152111721547
-0,197586889638694
0,112402018276523
-0,102328383513352
0,388360234599639
-0,193205670724346
0,0967064926106792
0,00119408403651644
0,146238767442767
-0,0502093163176041
-0,0644545217515087
-0,00624181586131978
0,0675547338326039
-0,156314243353272
-0,307116834900947
0,00736792542490689
-0,219578779183986
0,0899050845376536
-0,0129215309629402
0,0486896075854209
0,0154937656423654
0,0106704496262555
0,194348222956493
0,033164939660349
0,0266663757122564
0,162778155696181
0,0722403952384725
0,0398554417216437
-0,211393287443497
0,120861369474072
-0,108602089538611
0,0562586759916563
0,0355820980854072
-0,0522099916914192
0,0279498180731028
-0,00611433356004797
-0,00902596129603786
0,00237272801370064
0,00959477157986404
-0,00220833620518075
0,00176167060111221
0,000145035394599226
-0,000559747015211642
3,40099436920732E-06
0,00173508252051366
-0,00866024143967564
0,059471449906556
0,15673243575097
-0,00243549374032705
0,00071277175280144
0,00219024501356052
0,00647503803475843
-0,0277708494536559
0,180759802194762
-0,0816546662759908
-0,0740521423003175
0,0240456387992945
0,0364417123405309
-0,138335253128851
0,272833403724538
-0,0803414360904062
0,077492055914971
-0,0474856481896152
0,120154649398524
0,0878979148435314
-0,195610243917593
-0,420005513564924
0,136838248942056
0,0555760231393173
-0,14050860674802
-0,227328343789776
0,157336368747726
-0,31749090484789
-0,0382859011604643
0,186074552063897
-0,304806825539677
0,0864118298933329
-0,090682079192079
-0,159499584735195
0,032882112751419
-0,0133340666352508
-0,027748374432787
-0,220573223258737
0,0239856380160858
-0,0295708704601104
-0,0894936032569322
-0,0546591564067165
-0,0704105052550519
-0,13524908562568
0,109632922518161
0,0494585956031509
0,0511139110786696
-0,0215602461108396
0,129048150346157
0,164727428201398
-0,170480578248758
-0,0628833671837575
0,00430646742313663
-0,00198772063163369
0,0172390811345858
-0,078886466671473
0,0264892264361696
-0,046239571528421
0,00839379933618348
0,00101492423286694
0,00643870432363834
-0,00203201173317963
4,56020257646751E-08
0,00161798704730429
-2,14084547395722E-05
0,00772108373884989
-0,000863369149976327
-0,000176950661841263
0,00962572034209233
0,0142816744208026
0,00579690209039262
-0,0118083176787206
-0,0103941601036728
0,00244386496248307
0,176783982396441
0,298184229893346
0,0183934026962324
-0,0631279185900582
-0,0167195215642357
-0,132186175249489
-0,137586933771074
-0,132075009694434
0,0148575664786023
-0,0528484734272806
0,130651628416203
-0,0573739324954086
0,0780211837085487
-0,207299865032349
0,191566229507505
-0,104833778528228
-0,0275203343347844
-0,120227313204364
0,0932217172449863
-0,0885745936916683
0,0729014633644604
-0,0274304814102944
0,0427597172487077
-0,0482466713768726
0,0501692911217598
-0,151391377978992
0,0346794545185691
-0,0752840714976044
-0,132010073415095
-0,0123007528502477
0,091696438971607
-0,195283037107746
0,347077614484769
-0,0328816296699491
0,213145084120841
0,0793472934940729
0,0716367814019485
-0,288476850142808
-0,0305601987103073
0,00191919512411951
-0,150761724167066
0,0253264619065808
-0,108879652914732
0,157826316952566
-0,144481673787448
0,281926352194505
-0,214092104093339
0,280471308363756
-0,120132061799198
0,0112699371773408
-0,0100795667181261
-0,00170378013746388
2,81789749346528E-08
2,78403171892971E-05
-0,00438815535918958
0,0047022602848897
0,00954158791869854
-0,00456602882997447
0,0433248578149802
0,0871046830332957
0,0795241238393434
-0,320898625641142
0,0699155843576594
-0,237400107977345
-0,163823342577956
-0,0761624852721441
0,379145077238202
0,00124371613594788
-0,370596604181525
-0,000211657834178994
-0,285542651376861
-0,109342911649607
0,0242036679270546
0,0561047985401019
0,12088525662295
-0,0439865399727803
0,0967460486026641
0,0976288601208205
-0,0479723661156943
-0,0345404393164045
-0,0409331938829273
0,0291335777486159
0,0717255456856585
-0,128813461373152
-0,0511355753178703
0,16182708083182
-0,017481685773132
-0,103173347503244
-0,0448982629342813
0,130028028326398
0,0618040020966392
0,110736057096002
0,332512557979516
-0,306198635727764
0,114251474356834
-0,0738985433739409
-0,0728778108700005
-0,0567464846984756
0,0619380240599833
0,0581009242755027
-0,0186035781592614
0,0717952668605075
0,0236280144014398
-0,026898937113434
-0,09948759057618
0,0105127862854959
0,00877805936676041
-0,0243774276072133
0,0719305383824343
0,0526840452047636
-0,0127639757726905
0,0760329947176672
-0,0307983052679782
0,00578390699585982
0,000892833742761089
-0,00241258540823526
1,36950603898173E-11
0,000103121395457152
-9,71135573163141E-07
0,000442270439652699
-7,99498317755597E-06
-0,000325877764128724
0,00315097647069563
0,00867207244953649
0,00420586335585403
-1,1917539917777E-05
-0,00858899332261195
0,0119360366852233
0,0792253340940535
0,0813452648842347
0,00430322581159138
-0,150430091564705
-0,0330780611049783
-0,0535910892093667
-0,136146167493884
0,274006287274275
0,064108414336796
0,165294101429493
-0,0621401977584189
0,0308364160354881
-0,158618801483803
0,101449460804831
-0,228075026859784
-0,00445275134992877
0,0152040598738427
0,129357259066032
-0,111222618858102
0,00571715999616646
-0,0615933325361752
-0,0115599547846685
-0,000799433140244633
0,0303888043295065
-0,0577776311036585
0,124254644651805
-0,027822928590612
0,0101401966949553
-0,0695404912382599
0,0477980719351332
0,0113614593755589
-0,128700946690725
0,280146761962049
0,0137319415943286
-0,059624164020408
0,252688253348443
0,145225311531085
-0,143810193931377
-0,0820698848661647
-0,03092215558743
0,0309384891773493
-0,284279527376042
0,468554841887046
0,051895406377483
0,331442784102755
-0,0382907833006844
0,107375513659429
0,129461403068267
-0,152022583835152
-1,29361162535759E-05
-0,0519215109254554
0,0130418662560604
3,16872057804848E-09
0,117019962527351
-0,000854129185781729
-0,000911973642933804
0,00938454833549587
-0,00604091520091561
0,000350899064395249
-0,00965509518736485
0,0104081468877522
0,000936342714360884
0,165269348408892
0,0314974087987725
0,0171796994863609
0,00333578838601043
0,0123094768184483
0,0121672626464684
0,0501634536635379
-0,0333709120238268
0,0402906354454886
0,011631900294373
0,0764107940186779
0,0685062233825339
-0,092903055657628
-0,538861706457473
0,118203240097891
0,0561533842724679
-0,00681151096162355
0,25477961614552
-0,0144897731899772
0,120856181875665
-0,060143093481908
-0,243668338117987
0,0928055724520346
0,0129269498457976
0,0319601230614106
0,0572450671619857
-0,0992423599868948
-0,274039574913767
0,149164485954456
0,49398988942183
-0,0263773313320953
0,149968709684504
-0,0727615718357768
-0,167351642811433
0,00248549245695773
0,105944526939786
-0,146861636096801
0,0242063833127335
0,00613637177012111
0,0222008580235126
-0,0959557612958949
-0,0703647369402006
-0,0875106513893355
0,0676901778882786
-0,0137221018821605
-0,0075400548482602
-0,00369762512605735
0,00816459500588851
-0,00265329411052476
-0,0274069926956296
-0,00800105039529188
-0,000558325952357322
0,000461977045281599
-1,65940418662588E-05
9,49857119659862E-08
0,0210550811513862
-1,38898866037351E-06
-0,00118777540932413
0,00202159701354656
-0,00114597065837455
0,0183927952062532
0,144064579216688
-0,0216862749053244
-0,249706111378249
-0,0636679875271695
0,173073893918434
-0,100472017461867
-0,10697009538006
-0,400028206743603
-0,361567704618581
-0,107758808191094
-0,0812481581467662
-0,00244226608549252
-0,226177292628289
-0,128215137394523
0,184779347841588
-0,266143537448869
0,154340133201765
0,196734259012322
-0,190255267382331
0,0255288419628302
0,0472826888962233
0,000957404372683315
-0,0494557371501969
-0,193191084719025
-0,0777263123083211
0,0522280985349847
0,0524956961982184
0,00502562987807742
-0,0749336205727974
0,0304969191299624
-0,0899765629242641
0,0505283230274095
0,052102177728785
-0,158437100398329
-0,141484632398729
0,145057981343421
0,0642744122567583
-0,130426301022265
-0,163393241898146
-0,118425475346232
0,017238823847733
-0,0769009570629734
0,013536125665263
0,0861657103479508
-0,17424425460542
-0,121735264364714
-0,0357007291434724
0,0730207156828445
0,0489250745757399
0,0864312846966541
0,0273235312392333
-0,00323667134069721
0,0362177140650844
-0,0112138826720178
0,00143122117016419
0,00306475282578072
-0,00199540096233393
5,59728873591411E-08
2,43350847647201E-05
-0,00318631352425962
0,00257023920640526
0,0158811956445343
9,75293375139258E-05
0,00136806711111576
0,051979004787183
-0,0246814031353525
-0,00860722757511057
0,0571899608182582
-0,193665699553611
0,126195725963283
-0,0349078836490368
-0,140862940647403
0,0408919544858764
-0,0322398563819482
0,0192854843308072
0,0567047173129813
0,0200392113132536
-0,055618210624527
-0,0622770636342163
-0,150354630743491
0,0206088377958244
-0,0846232140217025
0,157427838107946
-0,0414591559849435
-0,129863558137012
-0,101101762856823
-0,00707649562200354
0,0602602847393385
-0,278472025027094
0,364160111094856
-0,0732384006697629
0,0827694514536682
-0,0678100077250447
0,0921359100727507
-0,022809782184919
-0,0182500799161295
-0,330612574641374
0,0208587131716886
0,00500699327563527
-0,0746745422893045
-0,532627848702406
-0,129870005118716
-0,154964080854486
-0,131323534642277
-0,106651546083657
-0,0810865007426216
0,203789698049643
-0,166035842707773
0,138304240930604
-0,10002328796515
-0,0723515856394536
0,0398734247924084
-0,0219141784984357
0,0114137896045456
-0,014866440322535
-0,00211582615015105
-0,00363718632141297
0,0107447177487498
-0,00148841846778636
0,000266021493993951
0,000418207538048474
9,23535990314246E-09
8,04437890915512E-05
-0,0967249707989128
-0,00228354296362269
-0,00784624801296554
-0,0504029844530921
0,134949151936098
-0,0682157050180424
-0,125523525074293
-0,0138086945011179
-0,00884059108941389
0,00476480168988771
-0,010723264702806
-0,00757106159940768
0,0105576203130915
-0,0115639831371318
-0,00748208387200588
0,00822056394498943
-0,0140345412655244
0,0260560896189877
0,0196691394108551
0,0355857362912825
-0,00196024981004802
0,0108366178302697
-0,00737157817684668
0,161347882521484
0,271335416897672
-0,00903137663391372
0,0498820259613272
-0,0963041998195003
-0,173343182132192
-0,0877140348595018
-0,0312442856069522
-0,250607894846585
-0,232815730876095
-0,0857299475620158
-0,0712541785779652
0,0865567850883834
-0,050969180698314
0,0421447909430531
-0,0173026640767581
-0,0556164811219601
0,00424525456914411
-0,0385160678765904
0,0854494799173915
0,0715812536224098
-0,0743998887093753
-0,0240066255700163
0,0128911447495799
-0,0261299290397799
0,0882245184437436
-0,110976905057185
-0,0548844016843777
-0,438219822059861
-0,145857420244539
-0,507000991377288
-0,142605020339402
0,291533529632162
0,0979056560916887
-0,13205944306491
-0,0539355865132749
-0,0135501948671171
-0,0313753810712699
0,0133105408973525
1,92612282002548E-06
0,000386810778787884
-0,00311931747961234
0,0312028973220831
0,00265645288775657
0,00115047742612642
0,00163376308367404
0,0149063974088059
0,00276169672389027
-0,0694863389949217
0,0665129594076408
-0,116106580432301
-0,151650450147146
0,0942403795802899
0,219046565168141
-0,286502862174289
0,404485184277088
0,00716321445520167
0,167753548562281
-0,0961865189216205
-0,0300086338982572
-0,0157377717057287
-0,103696757116767
0,160103616084217
-0,168920424622636
-0,0731380409455287
0,0282063512584912
-0,0687108018193406
-0,241375142342582
0,206896761662339
0,0385553959581029
-0,102059852361015
0,0431731881002852
-0,368305452472876
0,113934367766824
0,0533524672505282
0,0971336112500822
-0,0286380745041504
0,0362833862654577
0,189655802719659
0,119448498166758
-0,00686350193254206
0,140244841928687
0,104522994050838
-0,0390428928595079
-0,0456838330585733
0,213252032613563
0,185808806591602
0,117156036163615
0,194019863255688
0,0278242105102116
0,136692462876266
-0,131281120784795
-0,0527195103264859
0,0198987577263656
0,0162795835602558
-0,0292591067964096
-0,0021388442458649
-0,0186462517195859
-0,0302870245217086
-0,010082541486668
0,00252679255906679
-0,000125862167913537
-0,000618975618137533
1,36429237361379E-08
5,21387079612208E-06
-7,46151353883338E-05
0,000221318613327297
0,00042366081550186
-0,000432217230382054
0,00632212700555659
0,0258610505600626
0,0135236928855288
-0,157011765078732
0,00338953314236083
-0,0265489640171634
-0,0363466811704649
0,0772480933315162
0,191941898281082
0,0755413835468339
-0,116793327454394
0,0496506641448227
0,133357273036201
0,14209023845241
-0,318807637862792
0,160092102897445
0,00743336443299502
-0,0758781600208728
0,0867098506553193
0,0140096502493665
-0,00392169012797329
-0,119924581379026
-0,0433301750950231
-0,030180011043751
-0,131054856797865
0,224573074466416
0,279260394626486
0,10237534476543
-0,0430180658625101
-0,19461920764801
0,0694237958599343
-0,281158891518116
-0,181708583863073
-0,0340630085997542
-0,187473955914764
-0,112996241981487
0,0300786161176787
0,184785801195491
0,290450944527281
0,231193606039754
-0,094610653003391
0,0057028744209311
0,1000609169707
0,328929233745225
-0,0664624099382227
0,122769681420303
-0,039986314273398
-0,0715487500623399
0,010981804900183
0,096206735502228
-0,0834467222053853
-0,0333453351327057
0,0194985721676503
-0,0773044829668497
-0,00238730296624788
0,000478918695773346
-0,00114479383072858
0,000390405291274351
2,52741247062074E-08
0,00510752809502554
-4,45137761874312E-06
0,000199226934743015
0,00114298279058755
-0,0004180799958353
0,00418575904497339
0,0354228597488633
-0,00690551836674614
-0,015931172094396
-0,0185769038062206
0,039813212787741
0,0614537095554738
0,0603293841323947
-0,0470321528027798
-0,246950103705677
-0,0606163180823061
-0,0200998761723862
-0,156263396503025
0,2947032559373
-0,0093201808620066
0,110793670055089
-0,163372362604906
0,0504306803927572
-0,0137685434758641
0,0772852055623953
-0,193421665404804
0,0340534389047849
0,0164280516923363
0,137292501339529
-0,000308170161489161
0,061908323464038
-0,0690400797739339
-0,0493758851268508
-0,0516142720777523
-0,0188349494248774
-0,0927715498744025
0,152434335130961
-0,00779860304404605
0,1043919067267
-0,207512824619568
-0,144223053551912
0,10072852539121
-0,262342965081653
0,208417855405467
-0,100301466781698
0,212882581122323
-0,107619367590356
0,101256410065505
0,0914477643286037
0,04573769074734
0,0447119329795175
0,115245143288068
0,353794194255876
-0,376182002198596
-0,152511474613824
-0,150975426301533
-0,118979821036621
0,120800355207704
-0,0720833803838844
0,0936151455984971
-0,00788117591616211
0,0574036989327593
-0,0134484725533707
0,000143989576707319
0,0013131558440536
-0,000143881104528752
0,00650458685071745
0,000217712050938521
-0,0029401433682915
0,0651423321921702
0,0761269996854147
-0,0126714100992286
-0,0861215969099029
-0,00977004794236216
-0,0277338987294437
0,303738683269133
0,491067259966511
0,01228785086769
0,0419653698216412
0,000205085611332275
-0,0642325006135012
-0,00528898827224861
-0,326738436641931
-0,0702597531353324
-0,176398538869284
-0,0386021136195626
0,0183449054288389
0,14977792760688
0,0814283424941832
-0,0354078218742889
0,197887309534655
0,0656475348608492
0,0362686956091375
-0,124913897632742
0,158496403823853
-0,21613847129823
0,0244419722924844
0,12150820805145
0,207445196620409
0,082491951784347
0,302884423016115
-0,0847469930908177
0,0828983905067301
-0,067713830248754
-0,0579734648805011
-0,0156444140253436
-0,0277556619711698
-0,0211027447565806
0,0128271529155752
-0,20736649411175
-0,0252759497742039
-0,0108465127081332
0,26698460362898
-0,116429477180976
0,126652456737975
-0,0688146486352072
-0,0232366149585297
0,0399811479970536
-0,0477809302448955
0,00421382351980547
0,011877771872003
-0,00183922714004944
-0,0169513130089683
0,00186757990256683
-0,00248916099532687
-0,000192342228053472
0,000820021555769813
1,48523852425051E-08
0,00857226607232611
9,45255433978514E-06
-0,000552137740293456
0,000115249286146841
-2,20272503311951E-05
0,000887290722537062
0,0271999045481234
-0,0122323960072256
-0,0108673744721006
-0,00705331956075496
0,0190793221785216
-0,021548236092555
-0,0184416228466995
-0,0407276816897009
-0,0346908560687794
-0,0109959118980902
-0,0265012746644396
-0,00188660404280905
-0,0419261692592505
-0,0236843169993252
0,0584836852164887
-0,064283811730637
0,0691823402533104
0,0520073144018876
-0,105328472486601
0,00727203993152557
-0,00110921334971886
-0,00176394192980598
-0,0513780913697484
-0,185531343593611
-0,0624291637191563
0,0373209260640207
0,0970154047476732
0,044253640564398
-0,0615469495665383
0,135937816077866
0,115973270693734
0,00127655405679909
0,0411567275458382
0,246841156154733
0,154676591760447
-0,161059681986516
-0,0519123695501626
0,106757519541894
0,136979391581571
0,0931733732661064
0,0025467997321423
0,0499242902506889
-0,0181195788391962
-0,0316025119270611
0,0726591949131823
0,0511352713164076
0,0380131160201411
-0,0938579471256193
-0,0182304929252587
-0,0519965304930434
-0,0828302251013137
0,043606995484399
0,0390292964857227
0,11961123628158
-0,170584263953452
-0,754699671726753
0,271581248121169
7,35870923014902E-12
7,59739903241202E-07
-7,07348816787666E-06
7,63907959009359E-05
0,000417682035792988
-0,000679893523298525
0,000762395816887384
0,00265221440118198
0,00190700154073615
-0,0141034881765171
0,000479822477817054
-0,000970816165416664
-0,00735291271965581
0,00449979600007927
0,0339559504367741
-0,0031955497535529
-0,0247227958415019
0,00795528188613056
-0,00600645387465894
-0,000365061306783488
-0,0591773838999191
-0,0812803542909842
-0,133760463000788
-0,066505702938693
-0,250097909749141
-0,122196379401132
0,0536537697826423
0,0925636943437757
0,163787755249708
-0,0837569111494554
-0,054474863425773
0,0886010568104493
0,105302404787906
0,0249827038531607
-0,0671046249138272
0,0691602388758098
-0,0682124720955466
0,0908831379477305
0,604957588598738
-0,151514892803877
-0,0173905685331637
-0,0920390861625581
0,0671308005870293
0,0269426637442232
0,0491112517119106
0,106038442340041
0,00138167160459415
0,0283830709947992
0,00361948306085666
0,097834311100704
-0,033733128738093
0,0743435615129838
0,03835295569434
-0,00353776162240859
-0,184052519583638
0,0422677941809407
0,221467655157451
-0,00610441200241835
-0,189930611600726
-0,272863735330793
-0,395639027575852
0,0531144436205767
-0,0897445662903304
0,0101959554480298
9,36425502011645E-09
0,00108866581700219
-0,0916085806735227
0,0132632336940323
0,200515436339462
0,000845021851101802
-0,00183102641501341
-0,00597847180096588
0,00427114944848722
-0,000531187306001799
0,0179661844458131
-0,050670931652309
0,0449111641519729
-0,0266930004883056
-0,0504731313203172
0,0348308173696553
-0,0119525384468039
-0,0180432523978863
0,0328826037487716
0,0385936099836918
0,057190756699523
0,148201882031748
0,0391581900653229
-0,238337814598205
0,0205038397442712
-0,244920463290207
0,251326664017664
0,396536604888811
-0,15217830997451
0,547109163328929
-0,0626973130899782
0,123105493201949
-0,0888532434662884
-0,0273377141173763
-0,074343695707167
-0,19166512700352
0,0961048668014903
0,0515674933864864
-0,0737896479694304
-0,376764961179493
0,0826801031371492
-0,0863753658593484
-0,00646172076989099
-0,00732949886592945
-0,0184021880611148
-0,0562160881000852
0,0581745447005938
-0,00803884003641344
-0,00924462075948254
0,00501212360663795
0,0079567912412331
0,00103668883619699
0,0205741437353382
-0,0176366444865044
0,00906651444658913
0,00117154092809152
0,00775736496611555
0,00322253402007561
0,000124706466854508
0,0136776835111045
0,00049433441052804
0,000216039353477901
-0,000579905728401514
6,57916830764045E-05
1,43980624783044E-06
0,000343553419063251
-0,0015459498799395
0,0225835238346392
0,00292192034777371
0,000781616988157346
0,000652163180671097
0,00496913911766507
0,00188928272719609
-0,0251145901997242
0,0437257742292701
-0,0656349185128779
-0,0900833582643999
0,0437301794991787
0,102735857292215
-0,16891862154665
0,254478543730925
-0,0468387220449051
0,0682943254973322
-0,0830115326176642
0,0459147315341887
-0,00898386789946181
-0,102001558779725
0,0453875346612415
-0,0436475153363007
0,0296300569551036
0,0577158432605687
-0,172150473733475
-0,0732429993676817
0,172787659338542
0,0576773695507864
0,0716612264455555
0,052998496141296
0,0900238754037362
-0,0249632714177345
-0,0386271074188394
-0,0577168316530431
0,048007074351679
0,0107404729059484
0,00540994010376063
0,0993188695116055
-0,13759244759564
0,0261232840573987
-0,0199006560747497
0,216406403083386
0,246125761376822
-0,437158450561373
-0,410851630260846
-0,255145927042961
-0,281220475072014
0,114960332205891
0,0877819094079869
0,0114201732981209
0,155310345658345
-0,0367395916635115
-0,028090133234853
0,159576778189859
0,0440527069271376
0,108639601262694
0,151936271325789
-0,0315763024273005
0,00255861848707872
0,00897065354727119
-0,00416486024272773
1,26964135008563E-08
9,70487740307981E-06
-6,54658410850696E-05
0,000241559436500501
0,00029920580419775
-0,002209765021771
0,0265267773411917
0,0271602947856379
0,0416655298105249
-0,0490626859859412
0,00161332357816331
-0,0343605011018839
-0,0208913818707608
0,0287549163232309
0,101861371270201
0,0226480196961275
-0,111800235542417
0,0127605637073836
-0,0644559983071901
-0,0821013351668252
-0,0729742046457132
0,0492988928928198
-0,00434712506127645
-0,0856462820313096
0,160321774114649
0,127764835738995
-0,0305097415446992
-0,160336546116118
-0,156991591429859
0,0998177052630241
-0,303859785754336
0,516481720150494
0,314539586948297
-0,221609375306331
0,0616856971545333
0,268863985274586
-0,0497505574488995
-0,0232008226076562
0,0951965647698408
-0,0252730831562506
0,0281519121573576
0,177563977851743
-0,0440447358372738
-0,120532239277712
-0,229831076766798
-0,0786994743405297
0,14430532587636
-0,0111978030035739
-0,0284599391802465
-0,252472337605756
0,0711500280123684
-0,10217675231397
0,0256981095473629
0,0538761024905459
-0,0114313058499626
0,00336497501901279
0,0158524935259613
0,084433593441203
0,141111377273661
0,00127602257973445
-0,0577016499734207
-0,000732145659579136
-0,007285906275772
0,00177116971133516
2,77028460132308E-09
0,000531899705534052
-0,00117292065401323
0,00649886526829768
-0,00072807297455496
-0,0547075732059385
0,178985386671025
0,0863318703224319
0,179908942592415
0,0667947138277476
-0,0407702647760894
-0,000252956981397102
0,0383062475432262
-0,0461822783695888
0,02974196108808
-0,0820228616663504
0,0410649981633644
-0,00115833221493234
0,0484612942102626
0,105415304771045
0,0472218409471318
0,0649209221048203
0,0106885811685537
0,0554640110475763
-0,0190160523268955
0,295895969638404
0,467897178281156
0,0799066692543021
0,133520682458718
-0,128947624094064
-0,104228180019472
-0,068307089882795
-0,0142213522251573
0,0996929234816107
-0,0288532788036666
0,0683156503512032
0,155373106470398
-0,0967626038655053
-0,0340567303694795
-0,0330121766176864
-0,054798982876056
0,0454771403999766
0,00224305278232685
0,0757730773139878
-0,0882203614965576
0,00140231178349811
0,156364506178558
0,064513277504061
0,0126885256816404
0,14782775540914
-0,0748089622949107
0,12556372472939
-0,0209497699863841
0,334599727383635
0,0131130163831009
-0,0617341601808501
0,316321586439397
0,121414512746985
0,256691420980634
0,261478036574972
-0,109875414122502
0,00624682688168512
0,0133198987445339
-0,00761397893095482
3,5224585738673E-08
0,00134145299553304
-2,1427992183301E-05
0,006571092963258
-0,000709942926654138
-0,00197261644358304
0,0372490408721807
0,0357961672068554
0,0491768324031349
0,008405306038294
-0,0237696427744036
0,0123035615897172
0,232029518380317
0,351662576745911
0,00930388413610317
-0,180767061233987
-0,0234965023105447
-0,185790030813844
-0,238201258811345
0,13385346194608
0,0531756159747131
0,0938382518129314
0,119519023897899
-0,0466111373427766
-0,0667493901821023
-0,204494807106778
-0,102084070812105
-0,144356973112627
-0,0119711881241302
-0,0140098024604607
-0,00301576096574824
-0,153266293872744
0,184049438088346
-0,106839386979948
-0,263748221845789
-0,218249925749883
-0,259982449748305
0,00437238131952756
-0,0232342084392349
-0,0356693155131036
0,0843222214021911
0,161948071480933
-0,156413309592064
0,29073572538363
-0,335419336980052
0,0315511046353501
-0,0480206681415197
-0,0975580938363519
-0,00774859707822358
0,0962021573264648
-0,0265907389717092
0,0546405392299414
0,00608003519470278
0,096551689314012
-0,00387287648235341
-0,00476206812268532
0,100886903161264
0,0790287301662469
0,0382489557497634
-0,0430115188123962
0,0539345531464223
0,00253701432284723
-0,000221694945477166
-2,42435838335031E-05
1,03236480368712E-06
6,27146624041109E-05
-6,80235964322205E-05
0,0120334374235456
-0,00119844458053164
0,000452632482875135
-6,21946877710263E-05
-0,000501005439982518
-0,00024208697876609
0,000614707216538511
0,00291691344282879
0,00134655706738829
-0,00776688361342212
0,00352002044674914
-0,00734968620168827
0,00680114332557045
-4,69836400799315E-05
0,00645168377210676
-0,00364991693393636
0,00358167758202405
-0,00182245810690556
0,00372265761289029
-0,0116018658023452
-0,0218706690726089
0,00453379457499169
0,0110802497039891
-0,0117853000596045
0,00645249200608803
0,00242675903921348
-0,00145998565411492
-0,00396014986199907
-0,0406219699918419
0,046311132324642
-0,00307196115271405
0,0191929215397174
0,0417732151476593
0,00610845888591553
0,0926161357456843
-0,052075431090094
-0,0408515578119135
-0,0279848261983812
-0,0476694813832827
0,103083641162878
0,191797857852809
0,0181760524844693
0,0751965177095191
0,197585091159857
-0,142897479566939
-0,0853166210057093
-0,256206262493572
-0,605955013704229
-0,115225225482475
-0,451905769441704
-0,137151902229384
-0,204393829388898
-0,025555841552153
0,11956866205015
-0,306736376883473
0,156907941927315
-0,0699981068449199
0,0717527262443953
0,00024371273828285
0,0419915806208762
-0,0120088274458581
1,99190859150758E-07
0,00760138070207374
-0,000106528168681043
0,00301034617113303
0,00263235279197908
-0,00210356906545563
0,0111608800600379
0,265970050434035
-0,127481066455185
0,0539639776104923
-0,0211654136524345
0,0580862244645488
0,0432971305873611
-0,0279552030782164
0,000346953465838392
-0,273811039964192
-0,0627365501238105
0,362014874014634
-0,0354073045929249
0,0849443320052901
-0,00269775222340672
0,0304378365986061
-0,0917315766590726
-0,0305548820657517
0,246358012939952
-0,00980979271596129
0,144064964892117
0,125800220674105
0,145693080954802
-0,0662991206474701
0,523433709319152
0,261642039162663
0,126527375085359
-0,126948391545407
-0,0278831403457309
-0,0737404959092361
0,0142358635256098
0,0834138576311175
0,0349178685765127
0,137225795521193
0,0827575773265176
0,0317095728629924
-0,100780355646511
-0,00545213296358204
-0,0120558876547644
0,00860540402214581
0,0609448172286011
-0,0883469644084819
-0,0606412935806012
-0,0197092395490335
-0,15089604565329
0,158241562265611
0,069645391162152
-0,115300700842988
0,181380570243472
-0,00448045175027578
-0,028211506075651
0,0632770954022604
-0,0633292044276509
-0,0165921892087103
-0,00578002348166876
-0,00761126060622896
-0,0402780482386628
0,0141842492758365
1,10363014476857E-10
6,72832734470939E-05
-1,25035865855981E-05
0,000220436145983864
0,000201115250409308
-0,00017428237164177
0,00137098486568266
0,0150211641574267
-0,00573835703408458
0,00231248227463807
0,0040304774913362
0,000116631627557759
0,00739145479714971
-0,00462235544263069
-0,00490074044154707
-0,0295718152396766
-0,00990482252842556
0,0505979617114651
-0,00398463616044123
0,0112090670715586
0,00225258735432208
0,00449967910182509
-0,0507566856452377
-0,0445676747530767
0,0661440969293827
0,0249780299119318
0,0262940421220592
0,0278656907722926
0,037364888999833
-0,0336073453992109
0,226468014271765
-0,00027977224533225
0,209912422073094
-0,112422468521051
0,0746653731851656
0,0126142385720746
0,0707227676616168
0,240518827211775
-0,0695262109806692
-0,134905945804684
0,0667221129427566
0,0317979053549229
-0,234646493033975
0,0923805335930478
0,0926046267334237
0,0643227839331813
-0,340216029009506
0,481170066028066
0,179498439956843
-0,0217689276691756
0,212580864820883
-0,278193519698481
-0,226962487959228
0,143072669770796
-0,305522714353478
0,035076967599158
0,0656881873404892
-0,108198619063833
0,0940133627799068
0,0516879489820824
0,0151971601029992
0,0117420781612487
0,0594529129478445
-0,0211310103935172
3,61345167390285E-08
6,93458426816775E-05
-0,000251926533538526
0,00282810967465273
0,017586868375069
-0,019472433103387
-0,000788385362140109
0,00745267922446024
-0,000943245179845717
-0,00733930619419721
-0,0153864989632261
0,0264155030572662
-0,0104952973872093
-0,0245885051910214
0,0456944636227891
-0,0496709564487327
-0,0507887283525013
-0,0129279243901407
-0,053318545114886
0,00841413717565453
-0,0939220965189683
-0,291981023011119
-0,190021830590161
-0,114353632130762
-0,307263222986516
-0,112332368618226
0,0634020007561721
0,0910391377896938
0,146485926673675
-0,0687874045448897
-0,109344699258211
0,114177019294557
0,133109265047484
0,0550772037057585
-0,025382931580973
0,0726927932894368
-0,163551834657596
-0,0996927877015954
-0,0980385208013539
-0,0193385733661537
0,284442257774251
0,02382381266405
0,0257950633820001
0,136675776649461
0,296054072471286
-0,434393134231576
-0,084965980938351
0,0966211266800922
-0,136685961585835
-0,0102472770755284
-0,0970828018040827
-0,001162752007486
-0,0919598250373564
0,188676878650095
0,196423154746399
-0,154783516851582
-0,140732129259434
0,0859740371582166
0,0595451837221869
-0,0573566681996587
0,187644160676042
-0,0434388655261644
0,0221313741123985
0,00669350101102095
3,74407002128961E-08
2,93911164467939E-05
-0,000120383856268185
0,00113758743953893
0,000586712042956674
-0,000676504566606978
0,011865475255999
0,051017765439594
0,0173298935951019
-0,316476253048251
-0,0020679005263447
-0,0147879250856223
-0,00965979603232441
0,222091666085879
0,273073307329303
0,124156024870152
-0,0364649854162886
0,0923170119144511
0,358688821232459
0,23294408605556
-0,437325083605847
0,17436684866616
-0,116397692271923
0,0283613581302284
-0,0395985455660783
-0,128732549987091
0,0408643730486007
0,0665540791399803
0,0813251170252872
-0,0663054804233935
0,084735672575585
-0,2020787556294
-0,196363393241315
-0,0203336504578331
-0,00395837037855625
0,0500225157886879
-0,00061502906263813
0,073739504472156
0,030342964513139
-0,0417790794295159
-0,0644163819934934
0,183596705859595
-0,0695788130828834
-0,0676836410146835
-0,124022884259828
-0,160615007222453
-0,017191404199582
-0,0442750889877429
-0,0908133432084614
-0,27123572413483
0,033011710227108
-0,0984241083879534
0,0844002863955026
0,0407211671667834
-0,0156732164308039
-0,0383229673908491
0,0291279260360077
0,00393958362022077
-0,00205044200465321
0,025163924747371
0,0147045700465464
-0,00284996491760756
0,000804034584792972
0,000599766129090963
5,33554599089613E-12
8,45172893032861E-06
-0,00137484866453646
0,000560655609859635
-0,000176381605565586
-0,0532216320329054
0,0149782566296722
0,00576957407261199
0,00937901784506417
-0,0127526239449508
-0,0130832854285897
-0,0183554801695638
-0,0204138474862614
-0,00771896802784481
0,0324153150880197
-0,00916547547795327
-0,0332117364079773
0,00987279629675172
-0,0423695880923084
0,000658543179869463
0,0285591270399948
0,0456721311954516
-0,00353483204492835
-0,00361259757703589
0,024100384031437
0,232903585982913
0,340067356574399
-0,0240764773008052
0,0355391503741504
-0,0964019968953917
-0,246648823443203
-0,0783083957277318
-0,0552525440843892
-0,353476332907909
-0,265081633905055
-0,0460822569672374
-0,0899100862554808
0,172320323267532
-0,0154959009329741
0,0409584145308459
0,0188696146525814
-0,0536795402282336
0,0131138326365766
-0,0619221617218871
0,0876421310704425
-0,0157174612879461
-0,102877157671343
-0,0202634240328716
-0,042724511097686
-0,0646143934640542
-0,0155269712396314
0,00317484549555341
0,0559677642253771
0,095464142537162
0,107808598149944
0,472499026838346
-0,0754018433680446
-0,29069386095182
-0,279312149509475
-0,120155589493847
0,192487184557992
-0,0109081948536988
0,0243515398169741
-0,00280721031794318
3,44819478036738E-09
0,00077049240161969
-3,36334770106055E-05
0,00744147145070282
-0,000803972120316547
-0,00392347385260677
0,0123334506621944
0,0265266978417762
0,0117509293721161
0,00951250648942269
-0,0238004612125453
0,0282581186467013
0,168289751890334
0,0509495712986634
0,0591149558298793
-0,252258135841755
-0,0551169708156143
-0,0240087491304905
-0,105155651552796
0,335130500719465
0,124041449601187
0,210575623912976
-0,0391387934294284
0,0364087751793891
-0,189616405548595
0,225524227368662
-0,0273964571708198
0,0696669484753228
0,00921748555036906
-0,00654373996636776
-0,0802248766176045
0,0567941877674162
-0,0951149577052804
0,126650290435085
0,250076742189604
0,186012851828439
0,287641398924268
-0,164564123462319
0,0316259755048676
-0,0803287789275058
0,169711467469994
-0,00223805954349539
0,0108457496966144
0,120685081854579
-0,139110874741559
0,0670007055787778
-0,131971305710257
-0,0241934199147245
-0,216035640839596
-0,0327589317508766
0,0539343898237234
-0,055090592015367
-0,151204758027016
-0,124889425159463
-0,119855993992758
0,09981710487956
-0,28557783845683
0,101605492740992
-0,267961471828729
-0,0383292272554214
0,0340240701782394
0,00598529066701246
0,000309226246528366
-0,000987984485603272
0,000223817306926397
0,000416366729146539
-0,000532533355425295
0,000233236992132142
0,00249002270335784
-0,000506583690926264
0,00786102964532797
0,125104775251187
-0,034539520105084
-0,241556489819911
-0,0373833520869823
0,117075435964404
-0,0746015785969812
-0,0184652862036642
-0,134434644403401
-0,0232068235072478
0,0212044085983188
-0,138403361113413
0,107157423568473
0,113386611460964
0,0374594939918789
-0,207507031772487
0,354765949671551
-0,174087406315006
-0,140932549200234
0,146113083632995
-0,00576702577784514
-0,0984752467076984
-0,0831596071181811
0,0368159267028106
-0,0322062483091346
0,0812384488772427
0,0942616635424213
0,0298121855146001
0,0782289237686208
-0,351620545896918
0,341566303786293
0,243564611150101
0,187505170522508
0,176031746982841
-0,178389278250245
0,0288231211670953
0,0470374639134817
0,0763252462060648
-0,0647304188620835
-0,169110077027856
-0,121174718411982
0,118079078139338
-0,0315734321293421
-0,166775131254524
-0,0998808343543734
0,165271330273003
0,0810354019900291
0,0442555237374762
0,0103884832367715
-0,0860119773068511
-0,0619034413668091
0,0179847105593731
-0,00136790210220946
-0,0271435080063643
0,0520817741525809
-0,0125599278098654
-0,00120725940051656
0,00471049076363823
2,22856268012537E-08
0,0125143692856599
-3,34229727527037E-05
-0,000618735047697191
0,000736365322882186
-9,02886583093022E-05
0,00124314658140376
0,0487554277082903
-0,0250102352570843
0,0133985982287545
0,00320227679346259
-0,0284547638470909
0,0567169695332344
0,00470507936974303
-0,0189421270531579
-0,136822423261948
-0,0215889468939365
0,468614345233159
0,0388503900073671
-0,031661683380243
0,0327344295572158
-0,0543425866341174
0,251276108822525
-0,0922518696411339
0,0370151534543687
-0,144179029607676
-0,0104826670968477
-0,336392303659265
0,493405336304396
0,299034619495241
-0,206435470010429
-0,118253960213292
-0,050177322215339
0,00665304519409995
0,0501411985995302
0,0301368432898144
0,0226316178711544
-0,0170490137781917
-0,0324879998048693
-0,0493272906503549
0,0273276443760854
0,172186768012502
0,287074413724301
-0,0696640528490743
-0,0205381232035885
0,0271302373322826
-0,076759784963111
0,036876469550725
0,00697922161321124
0,0671167723565232
0,0353466460826769
-0,041659897979393
-0,0451312323354014
0,0234560173941356
-0,0512092401882634
-0,001261468788037
0,00035224523767823
-0,0294124566213752
0,017186713438589
-0,00812840309066568
0,00698684684927545
-0,000771474641398291
0,0004218490003636
0,000112392147109238
1,25385692274271E-12
4,38239376401864E-08
-4,71481270337347E-07
3,03922571916242E-06
5,36056166016632E-06
-2,892531951303E-05
0,000445418777751385
0,000907148445017644
0,00102176327535309
-0,00435221283298994
0,000114858199565171
-0,00158216384638588
-0,00173932493754176
0,00341978321638222
0,00997503996748451
0,00337536157088089
-0,0086492161230092
0,00250777619235444
0,0021100988680821
0,00181983842968735
-0,020285422800317
0,0111048000048585
0,00011977425985896
-0,0114915020395862
0,018572809833132
0,0118263502434369
-0,00306008697493948
-0,0253354484731881
-0,0191474376132462
0,00818906238892588
-0,0487786461715839
0,0916007315458805
0,0786215886261271
-0,0225926460015597
0,00484331960728197
0,0211855483541526
0,00116338702871236
-0,0542664992145791
-0,0130583726357582
-0,0145150994671835
-0,0383058073383121
0,0347292153244643
-0,00846922016970513
0,012978629935094
0,0013661134432771
0,0639883776739621
0,0489653809474919
-0,00596042540803409
0,0501652385680493
0,0164378850765225
0,0479434558693405
-0,0151431386898127
-0,0368727801847293
0,071682877991205
0,0405115999922816
-0,512233698506796
0,294322010509911
-0,250670346102993
-0,65286984959621
0,248958300335519
0,228702856697637
0,0013021547290976
0,0305946483344162
-0,00777134483170124
5,27174134776539E-05
0,000445524849002965
-0,13496024462331
0,0593427584196821
0,0025212340397382
0,00323786398761633
0,00146910793320164
0,0441037174177851
0,000950656966137781
-0,0996964164218084
0,10124908141995
-0,244406870201185
-0,1766689134224
-0,0316935837093817
0,136665310082045
-0,201070080985264
0,196592006365078
-0,135855785558631
-0,0891912429774788
-0,0097815074867842
0,0260628892388314
-0,129161074659463
0,229658077028154
0,123681177181839
0,135261076246362
-0,0113055148366137
-0,216146282569513
0,305658367872371
0,267930746980614
-0,143342651008713
-0,0849212925242773
0,0139260484131415
0,0219439395937618
-0,227595948645242
0,055753884638255
-0,0622861226779717
0,123477200241483
-0,197172709882821
-0,00384402175259468
-0,183570472367239
-0,0638810273012509
-0,0102730856679985
-0,0989802308923137
-0,0425215186367385
0,0390290708040011
0,0513223898836214
-0,0721071729201653
-0,0550940973811745
-0,0170618094171385
0,0156581961325487
-0,228312482705554
-0,301787142695205
0,259031226504988
0,0877482461570332
0,0192464898411252
-0,0234057546410547
-0,000312233893018422
0,0342634978367027
0,00555552631482982
-0,0106091910597207
0,00117365464668244
-0,00548077622550694
-0,00866187652523836
0,00405817492555724
1,9418968085818E-09
6,14545532845291E-06
-0,000419836413895666
0,000684247207538037
0,00101786018937383
-0,00277759632831451
0,0155902948585034
0,0204491166552946
0,0288535049761032
-0,0504260988328821
0,0225532372480514
-0,0309725899519461
-0,0574816403302145
-0,0381512244362921
0,11781957570657
-0,03340817316167
-0,124465118100361
0,019040741936244
-0,155052750122985
-0,122397289415782
0,0222630663083394
-0,174623663545391
-0,244789074056031
-0,12529272994255
-0,48812535646158
-0,187272555743801
0,0598504168508341
0,0995024280481027
0,177370171656126
-0,069767083178101
-0,0182990467831976
0,116124581300145
0,0801923774818397
-0,0255848170997178
-0,00294652199383773
-0,095406251757883
0,158441636658103
0,0378359942689445
-0,300541511622155
0,164096931354138
-0,199350197105365
0,00285893276049295
-0,0203453428614637
-0,129447295737565
-0,241943519073651
0,202581108375421
0,0644756731370853
-0,0687129047372859
0,0330230814882873
-0,0460354636487511
0,100889550578836
-0,0168824087086185
0,0986433354161273
-0,185065653335974
-0,123045042180713
0,132167012740305
0,0274527231883679
-0,0831081733997176
0,0505764123258098
0,215950432485213
0,0496698581271678
0,0112273352515333
0,0323068052874009
-0,0128782417366996
2,24635144581258E-09
3,02031344718256E-05
-1,46398320072424E-05
0,00495944175683283
-0,000610844629894965
-0,00805845128837398
0,0048911915679592
0,00465500791940061
0,00874597722726188
0,0031441658985258
-0,0162483637695432
0,0131683771273994
0,0781449137546519
-0,054171255122117
0,0529925339923686
-0,0386291145126605
-0,0199022311251172
-0,0498253928734797
0,0664837891306676
-0,0222170275927662
0,0235608910292748
-0,0189718939787763
0,0214007982282881
-0,0102005596549788
0,0232525749579342
-0,0610157642513495
-0,103054176599505
-0,0220430415901895
-0,00816949891307254
0,017804413810281
0,0240466370440853
-0,0396423987487489
0,0672744319757812
-0,00740155588805441
-0,461825861776765
0,166457560951626
0,219416631642427
0,0202270054604867
-0,0216691014327259
0,0249813977446374
0,00628530262024371
-0,0109502644006695
-0,00873604064198129
0,0279703011741073
-0,0392213153260398
-0,00672860569735549
-0,0255000766258564
0,0264303798295216
-0,126746820975097
0,0268188415280767
-0,000964586241943428
-0,0400865199940027
-0,0510503000098555
0,0998854198321855
0,160460384007768
-0,153658583542459
-0,392214954996975
-0,353631421309288
0,0192032402661242
0,251668237818271
-0,48547224129168
-0,0254838715538752
-0,018564891013138
0,00730515281005972
1,33461092472558E-05
0,089249883236922
-0,000849882824578288
0,172270395005932
-0,0172740722171551
0,00226718451874215
0,0107459502284907
0,00838329605473032
0,0108599414423621
0,00554921927136944
-0,025260029274512
0,0281292891105644
0,175010606766741
0,233178198474978
0,041828538813978
-0,0673889198134446
-0,0286049518300363
-0,092387090488599
-0,0898508616882194
-0,0625725404736246
0,042612955477525
-0,00633098770505772
0,0761376717226041
-0,0341865915805256
-0,00337032824656294
-0,0651763558868333
0,284909952204649
-0,117288434090278
-0,0698796916051288
-0,0761039861191942
0,154946641451568
-0,0182502380117735
0,0326814726477615
0,0854855481992077
0,133089965904515
0,0236843446114304
0,160729082572939
-0,24548823698822
0,0891880778238525
-0,00334774133959623
0,0709412322503122
-0,0943046879488636
0,0974419933724179
-0,0949021048905879
0,0417966686005178
-0,0134090837409422
0,0445101103590739
0,0401405292411416
-0,0571775097073366
-0,0380003514016959
0,179005235380895
-0,183592791667233
0,245908326361457
-0,105096423570528
0,100888481851771
-0,148688273044278
0,0795432186534926
-0,454170897848833
0,239827324296549
-0,302088618952801
0,0996549838714859
-0,0146469743133372
0,0134712438993044
0,00141132864362064
2,83822154939824E-08
7,26975051343995E-06
-4,90206447035001E-06
2,93355166398439E-06
5,57515126421056E-05
-1,80485854801041E-05
0,000378021872606953
0,0078551237742763
-0,00206958094113194
-0,0221363737434476
-0,00433565847176327
0,0146597885550193
-0,013316121807967
-0,00894039974705336
-0,0458664813494611
-0,0316251335098469
-0,00619577522597398
-0,0404150704353242
0,0243632749493796
-0,0460954629296405
-0,0692541954471185
0,0179678898167536
0,162209615611109
-0,0898835546945791
-0,127135373295706
0,105806550535465
-0,0141032725917795
-0,0224480462219434
-7,01686485097392E-05
0,0243448558730542
0,0830488904100089
0,0454459698698855
-0,00658633246509597
-0,0181909926285256
0,0196492609974134
-0,0711952566553272
0,106396593475707
0,158260728000169
0,0727510591088055
0,0742964329765016
0,00214677723616639
0,260029020993557
-0,176324180392092
0,0329718420048254
0,262571443529948
-0,164604044792332
0,220349622354223
-0,420038404862919
-0,117555519605892
0,336542589995454
0,244610659103043
-0,400582075690269
-0,218033399808663
-0,0765112801187489
0,0483628460395116
0,12314086639948
0,126413431986065
0,00262780368407254
-0,0010341100673799
0,0519267151307252
-0,0571414287998689
0,0151126827286182
0,00608299925131306
0,00338109763667484
1,56088986158347E-08
0,000129452791298477
-0,00233561863237255
0,00159876367616476
0,01143194810774
0,00012866911938837
0,000482257698929865
0,0233698608740042
-0,0102742080853794
-0,00857558368607129
0,0309845638598725
-0,118399339574198
0,0717954702463374
-0,0335869202767783
-0,0873151425078552
-0,00148337781235377
-0,0234681180149747
0,0714237262661461
0,0340314529621366
0,0398701692559021
-0,0216009285803724
-0,0328407363594147
0,0415876939394138
-0,0201015032820188
-0,0319661292850346
-0,0859487485361567
0,0542703617478572
-0,226008377012544
0,144654943173256
0,186065436127789
-0,109579271808607
-0,103529623408756
-0,0161791938599791
-0,0497617897731091
0,108935698911967
0,166743710784144
0,0352726939708356
-0,0618458390202473
0,0214607172463126
0,130697527543446
-0,117876693883649
-0,498328314726267
-0,660704340880041
0,125612505134551
0,0196693494138818
-0,107263712812619
0,11760500210716
-0,0236976100989678
-0,0105330482938238
-0,0754234200517921
-0,0156337696485297
0,034283890711111
0,0331951277574053
-0,0208424125959867
0,0284538226567968
-0,00184764386187688
0,0143895412802367
0,0158695717783649
-0,0250245403272695
-0,0160427989701207
-0,0259940636392673
0,00342140226081301
-0,00509531472200413
0,000472367451075104
1,20192174844848E-06
0,00133785290099445
-0,000202640312101408
0,0156427864312169
0,00248455908647429
-0,00412101906994277
0,00640949143791483
-8,39988940328647E-05
-0,00245077915439434
-0,00354028003728674
0,11985317375168
0,0220110505071934
0,0101994562827673
0,0136331101571014
-0,0168319883627716
-0,00037660960999421
0,0271703361852038
-0,00313907217369451
0,0203920299226451
-0,00412850068728085
0,0232620617771139
0,022558311145857
-0,121014309246468
-0,314538077217602
0,0978959734539866
0,102972484364611
-0,0786206916325337
0,0434147881472617
0,0400684012874502
-0,0745252982260346
-0,00217430711431229
-0,31535013929158
0,326175100516423
-0,0244949099806774
0,190332305300767
0,20483990665794
0,0586074473385492
0,327516732766879
-0,170429118945077
-0,171567891701473
-0,0649562629961773
-0,136216276582528
0,242854927092562
0,316867345014418
0,0471129245535847
0,0728729006782535
0,193540054439374
-0,136324778306363
0,0198821412670632
-0,0768862792602087
0,14243745786817
-0,025898036356249
0,250675518364824
0,0380532573189728
0,152103198897417
-0,0225351191264739
-0,0512782609575672
0,0938630163869511
-0,0490381915623354
-0,050594374742267
-0,0272481579271927
-0,00563763379068053
-0,0315134915140761
0,0109054551309352
1,92694330286104E-06
0,000134857635684574
-0,00499063581460407
0,0281413352294582
0,00570720741665132
4,79771689951168E-05
0,00724889776293117
0,0223110936247908
0,0118093207172242
-0,065326137768452
0,0545604178577165
-0,168304943215976
-0,0925570804625945
-0,0301582302909052
0,104817367033277
-0,12951325344282
0,0941974019889475
-0,077813185289356
-0,0663438746272397
-0,013850884192145
0,0274897352517211
-0,0454535674663078
0,185201502168399
0,199197588939731
0,0876444199531703
0,0610400979456063
0,0763640065308389
0,278937701796402
0,154249598332974
0,0943552734346839
-0,0256719777520431
-0,0739122645061106
0,250475003980846
0,327309113181597
-0,0534697304373094
0,125056181858424
-0,186183283865808
0,0295280982946119
-0,014837071720068
-0,0197658810478139
-0,244261057878064
0,193022738406403
-0,102529771241867
0,00277567155030036
0,0083962157473709
-0,124359260202556
0,0479495913598203
-0,0185340928075469
0,0351541682007948
-0,143553916633363
0,293502999255421
0,324487858250934
-0,203620485269793
-0,187658741376179
-0,0140728100926646
0,0256937887089702
-0,0744470320707447
-0,168762119473119
-0,00447404722255693
-0,133237541864947
0,0515018288681555
-0,00110083628576241
0,00826461058686253
-0,00124871231560112
3,74764853996197E-10
4,43801832189266E-06
-2,30896206333914E-06
0,000819474593759724
-0,000100941786688085
-0,00129377375139006
-6,92690930763935E-05
0,000182217909666584
0,000125625626861876
-3,97039421028545E-05
-0,00240889317281139
0,00213398990594207
0,0119237737312311
-0,0108191525664361
0,00911447144681287
-0,00569088281080977
-0,00373901143120273
-0,0070344430028037
0,0120461376257833
-0,00510579588028563
0,00408894093930607
-0,00372726077217365
0,001847190782552
-0,00105017827776373
0,00435487869968998
-0,00699290127676964
-0,0143792577111523
-0,00211938386585516
-0,00136384117284362
0,00322588539065126
0,00398655340629783
-0,00429716151173367
0,00646571013062278
0,000814981546134356
-0,068779481758232
0,0332293860923087
0,0436443888359249
0,00220483560885315
-0,00277055930608489
0,00339744389767629
-0,00584021122698652
-0,0046541182725182
0,00445508313238561
-0,00897766892246407
0,014681391586771
-0,0021968068338102
0,000505678403029986
0,0131158674518671
-0,0160741638959617
-0,00602903962152308
-0,0030847842627406
-0,00610093427256261
-0,0114243514626376
0,0206135919448704
0,0339936121054703
-0,0216372371278182
-0,0341597670647219
0,00575825348225365
0,0386918272641795
0,00280409051102951
0,121818059086289
0,939464690538299
-0,25039241009336
-0,159080050815236
7,77313086493616E-11
0,000250841566738435
-0,000261001241421089
0,000807983569787245
0,00085295452008138
-0,0162927544675225
0,203711058197389
0,138269332355738
0,239298484148051
-0,136665046513578
-0,0112204325889303
-0,0305966135952604
-0,120300418535357
-0,104509757668344
0,0881406005496341
-0,00216726321241892
-0,219973727382463
0,0550691928068958
-0,197003992653259
-0,208209919094923
0,201634676672445
0,0311952607448921
-0,197288177575879
-0,0465348582466131
-0,0159202069984203
0,00523765004050207
0,000504151667112826
-0,158064656310574
-0,154506625320952
0,111513562430835
0,105289875578737
-0,120938639442871
-0,207616664346991
-0,134948057197733
0,0726012146576612
0,0936088781041615
0,0422450449440447
-0,0892308279866181
0,0881246769848176
-0,186302588933631
-0,278227575065046
0,357051757019473
-0,136190534033287
0,210208982501184
0,192628023154341
-0,0525998565726011
-0,130553028277781
-0,0323619585009249
-0,00998485393667972
0,0291638042161562
-0,115750561225327
0,13306426337145
0,135885137968061
-0,0251831086297746
-0,0470520723195271
-0,0803142712497976
-0,0904155304818413
-0,0378785939250988
0,00361354303480245
-0,0505544262342354
0,0129877047227971
-0,00197115488018981
-0,004202877445961
0,00249041511848286
2,98512555594099E-09
4,01573166380123E-05
-0,000124001675786744
0,00793494794057434
-0,000910113804851522
-0,162020812096805
-0,0149028176915873
0,00139657656696247
-0,00176430899758814
-0,0100445221620817
-0,0531171255166722
-0,000761661495978567
0,0753276646579154
-0,0724939823238421
0,0629285890632329
-0,0338852228062165
-0,0254196690214187
-0,0492346176314875
0,0826711342534086
-0,0457510477436189
0,0443455383059227
-0,0258749592082042
0,00986343601952888
-0,0260962708456163
0,0437373504027201
-0,0844843810200654
-0,180737722979783
-0,0244587111804116
-0,030878580157086
0,0514974276159613
0,0856220789633592
-0,0328589634476079
0,0507841067702746
0,062644341138565
-0,499326474954242
0,29198235369741
0,365186241854586
-0,0130573270639691
0,00295782955908862
0,0133119886367052
-0,0520869806452122
-0,0107961872475115
0,0201698128546443
-0,0685018453642217
0,0903494564506185
0,056182595349476
0,0770233514378561
0,138413477519899
-0,206452386539574
0,00881039832760275
0,0167277267104032
0,0243782582301364
0,022140434899006
-0,037927443893074
-0,0750418749963913
0,084391474001027
0,261817545383571
0,257426442137655
-0,0036867358068819
-0,186363343111454
0,35471204817636
-0,0983279449102537
0,0458254823611235
0,0143676253446394
2,42585643654159E-08
0,0129189507524616
1,21043769177787E-05
-0,000819987514123053
0,000207494743831581
-4,33721993438458E-05
0,00143660315082993
0,0444111605609645
-0,0201693849333211
-0,0154105271383948
-0,0104607270142188
0,0278254857076217
-0,0294274747564112
-0,0269129059934181
-0,0615573441865953
-0,0601705134946388
-0,0174885520911027
-0,0167292779633469
-0,00141757882736187
-0,0652034846127582
-0,0337259267231527
0,0864969662532798
-0,0895657457763637
0,100107041851645
0,0805605741703817
-0,160440404279964
0,0102188376999332
-0,000828982028478656
0,000945791125466372
-0,0792326580461187
-0,276245459860914
-0,0911366341768057
0,0582424319391976
0,148355592330167
0,0609499445610911
-0,10128661687841
0,202054149514723
0,175164058648906
0,00389891965786956
0,063861847785544
0,377596047102836
0,250102503182714
-0,232629263674409
-0,0804775966859766
0,164546321174328
0,212683692333584
0,1463864829479
-0,00628543785235901
0,0710884408966323
-0,0547281923031459
-0,0764880482258692
0,132471594504188
0,140685159270937
0,00604986140689327
-0,00338328969172366
-0,0529944566100376
-0,0574608295151853
-0,0110258295023419
-0,0108767270958233
-0,0968397409375869
-0,0601101693175857
0,109741660696295
0,494279697986571
-0,176442313918575
2,38873172020384E-08
0,000294817147969127
-5,77438243911534E-05
0,000763285202389759
0,000524190509675874
-0,000295487952996536
0,00280198752072888
0,0562136019319319
-0,0247099284592865
0,00747347565593127
0,00805534912839171
-0,0255075884536768
0,0484127282419134
0,0289117742884656
0,037549363576885
-0,231563745382564
0,0283479212582059
0,550330736175967
0,0431522330675135
-0,0452493178699975
0,0827924215147875
-0,0148544059957753
0,247265301343183
-0,0987289437981573
-0,150357101159978
-0,106333017432077
-0,0618879078829022
0,167914549314741
-0,502196067016454
-0,336216995389122
-0,208690088551099
-0,0463531155765306
-0,0371538486113146
0,120265440134972
-0,043166228592939
0,0646227207056045
-0,0933509539770411
0,0384877417497842
-0,0259242966215413
-0,0673049767008525
-0,100317703884144
-0,0799234557287302
-0,0813568633957081
-0,0365788947906536
0,0259136832566943
-0,0273399932978838
-0,0518154790713754
-0,0231215109105814
0,0130237122799054
-0,00685415407307278
0,00852821254728258
-0,0392412932028967
0,0152813832677137
0,0416827173374233
-0,0246908997448975
-0,0124218219696584
0,0413969613985942
-0,0176087447074543
0,0405430369019588
0,0159346111581173
-7,27251569996226E-05
-0,00134448396948557
-7,01800439002831E-05
0,000263596164393647
2,21456068309924E-12
6,20255963737548E-06
-2,18418556657573E-06
1,05605781734966E-05
3,13693717843058E-05
-2,31855024614314E-05
0,000187721996047972
0,00127572676122812
0,000290551994782833
-0,00846092064409295
0,000149182372400113
-0,00126975093301379
-6,83594705213073E-05
0,00852573755147542
0,012747257182142
0,003873252779863
-0,00416077578848159
0,00967308783765915
0,018274432375441
0,0139840005037052
-0,0362574441508191
-0,00108106018083458
-0,0283469923771771
-0,0112572940926563
-0,0503290652432384
-0,0398201613663229
0,0164711622647243
0,0182505697368207
0,0601817530841002
-0,0196719547576966
-0,0120756434671561
-0,0077937441406304
0,00348998140682076
0,00495950364213559
-0,0270678504204491
0,05817273096645
-0,0370903760846604
0,0778752009050737
0,534719979093333
-0,155033206408105
-0,0674545967124753
-0,0807088379424944
-0,0121273271369226
0,00698208027551482
-0,0442101092806216
0,272883288739997
0,0334261063448302
-0,0464678505075522
0,174268392445925
0,0726786943169744
0,0317879915395445
-0,0481988627756492
-0,119839410489768
-0,0201435641004464
0,253435934639469
-0,0301670066072979
-0,290941781118953
0,00594263770573759
0,227098021920201
0,310978558862482
0,45686357379339
-0,0606105520405509
0,104571088235548
-0,0122550416227587
2,02379602713242E-09
0,000245089386327771
-0,000226437758594587
0,00453811567701015
0,00432164062461493
-0,00105276336389477
0,00502230836935955
0,00609899302262312
0,00804194211163464
-0,014884908758796
0,032000472999721
-0,0456723401825686
-0,0515671677335339
0,0301145991153113
0,0873536358488554
-0,144217478192369
0,208018319098818
-0,0433080739027984
0,0707509977993529
-0,0667670308679717
0,0562373844236158
0,0156520360405062
-0,117548114903595
0,0144587365092612
-0,0392127918127046
0,0963591492702743
0,208794944381476
-0,217451907592785
-0,0592845561709229
0,152493642749075
0,05886199917808
0,0759310796844274
0,0684026630283676
0,4787215108158
-0,111604932618422
0,0174677831859869
-0,181929908608131
0,173191088683973
-0,039590002276311
-0,00388943944763538
-0,113152771408602
0,0579173381473976
-0,0625557645767793
-0,0600410477012829
-0,101003146699884
-0,0262983563006016
0,0314444240031305
0,130905095012796
0,0831053859052071
0,102427913010585
-0,304617393002272
-0,397359178513582
0,232491917404601
-0,0406082651652323
-0,00265808544744792
0,0345662937362005
-0,158828072836589
0,101466508956808
-0,167873113600349
-0,03670874837222
0,0196260624305219
-0,00323054315846275
-0,0172745183156368
0,00642118622483067
4,37922875224237E-09
5,5319001167921E-05
-2,534756059707E-05
0,0096230412519488
-0,00116908407358186
-0,00382686269251546
0,00161401822946394
0,0117883717846107
0,00385954121601623
-0,0831539821638493
-0,0365068041489272
0,0693120685869362
0,253354514290351
-0,237509310406995
0,107356764867811
0,0457951606450629
0,209223329239894
0,0104581300567351
-0,166327252565078
-0,0588401857756781
-0,145405323049846
0,0196658487402841
0,00786661635168647
-0,0128671895456003
0,0269063479461597
-0,0149268665130875
-0,0190219377832705
-0,00788173670115798
-0,0100430265345612
-0,00325143591520356
-0,0429884304475896
-0,0142484829897651
-0,0325995443189596
-0,0446500284747433
0,165307491579345
-0,17150302661862
-0,205657949778597
0,103900565021712
-0,000965829501683993
-0,0279555873610257
-0,16023422682928
0,0297762423980478
-0,0513760049950971
-0,0487623617403925
0,0295379798239612
0,225789036102751
0,177128271656257
0,309134763358407
-0,639044452603866
0,0773779206315327
0,045872460716668
0,0117970492496854
-0,0216069150080288
0,0501409617168792
0,0592433219019086
-0,0460583701077585
-0,0451858643689543
-0,0152086548956807
0,0240718251788277
0,00569408674203628
0,00365067022633671
0,000810296050202193
0,0010112217469749
-0,000369751262203098
1,53849660757004E-11
5,92232434785095E-05
-9,90412884875457E-05
0,000638064953631127
0,00060343657721685
-0,0355410037904128
0,0903816079478746
0,0489097004935387
0,110590053726038
0,00882669586886499
0,203938320271466
0,0693716116689006
-0,00750577399036792
-0,0316993894915393
0,0227259362202534
0,0152338668120747
-0,0639396958958166
0,0230867157158689
-0,0412375255856237
-0,0272348696590212
-0,00765899637366283
-0,0349038698533727
2,89441448926286E-05
0,112751996912747
-0,116472805867799
-0,049296782546501
0,0233098409021757
-0,0185598402922598
-0,0163855035366625
0,0267256496149087
0,0588856378657829
0,028142863569217
-0,0752081985596361
0,0029592186362331
0,0094351751852441
-0,0810036907521265
0,105774705434264
0,0257004540619341
-0,125911008180601
-0,0169754534707144
-0,140614611234236
-0,00593836926887993
-0,038906092517971
-0,137742953038251
-0,0908588031062949
0,260521202539664
0,0302210315527181
-0,0604222928829138
0,168809099500842
-0,138132669622782
0,0557363322551897
-0,11906057426493
-0,347198628564403
0,366326350601807
0,369123458527887
-0,112492361030092
-0,0667862996932046
0,14272010224938
-0,0824153145426085
-0,461837323663585
-0,0691725115324711
-0,0278278967571846
-0,0595659446639635
0,0255416053624048
2,99452010422467E-10
7,66735489546678E-08
-5,16981180225515E-08
3,0925413165342E-08
5,87654009446329E-07
-1,90179263898751E-07
3,98197671644819E-06
8,2697831397346E-05
-2,17870426681111E-05
-0,000232891114676726
-4,56058440267467E-05
0,000154169843855079
-0,000139938310908842
-9,39226720392725E-05
-0,000481776512244652
-0,00033212789533582
-6,50570382868193E-05
-0,00042409744610479
0,000255594350228373
-0,000483169124070867
-0,000725575607589022
0,000188233296785882
0,0016969959013679
-0,000939957855694555
-0,00132917331591096
0,00110566468584898
-0,000147281912108236
-0,000234222388003355
-7,32053639545118E-07
0,000253752198050225
0,000864582402458715
0,000472485311114657
-6,83675784347191E-05
-0,000188509923225161
0,000203275405520848
-0,000735774993622758
0,00109796070506702
0,00163012513454318
0,000746115501742659
0,000760704214285455
2,18952639597303E-05
0,00263000266879759
-0,0017789795668285
0,000331017478797455
0,00262013320511011
-0,00163320773142763
0,00216480712123338
-0,00406300942507999
-0,00113035226771864
0,00310589452864637
0,00211963317958573
-0,00330940004692953
-0,00169779164261716
-0,000387814370546621
0,000221085072822874
-4,25839177988756E-05
-0,000277273533397499
-5,68116172858098E-05
3,37593746227334E-05
-0,00198900069767326
0,00869313139242335
-0,233531828278251
-0,28047186744128
-0,930931495381529
