0,99989936382691
-0,000255078417488649
0,000321218036606348
-0,0131838413296518
0,00164168366087919
-0,000654392250600169
0,000137410026900568
-0,000171945852087802
0,000418292203367056
-6,70872658553733E-06
0,000156505075543843
-0,000562009650714812
0,00148042644871102
-5,1053937230217E-05
0,00115517472703412
-0,00202178819805219
0,00132046604545082
-0,00165146981884534
0,000561483329902529
-0,00119235604477016
9,90412065754931E-05
-0,000540161449625452
0,000415068109828106
-0,000421528857563418
3,18430594835295E-05
-8,21543376165741E-05
0,000498477672722333
-0,000483061740487359
1,0065428957353E-05
-0,000658591367383447
0,000804536759184391
-0,00010322963448684
0,000115140200440545
-0,000426242732176297
0,00096980921438958
-9,78246931273782E-05
0,000482277244262514
-0,000540695855551662
0,000151878293094726
-0,000488334400276453
0,000103544054072991
-0,000181193058859322
0,000217100500056536
-5,84475033626696E-05
0,000253594925042975
-0,000559483396933794
7,79598701780563E-05
-0,000838626383129234
0,000140733326052188
-0,00048235505778924
0,000258888208387517
-0,00090686937420234
0,000621745284624913
-2,55341646239891E-05
0,000204265014540852
-9,40670329907876E-05
0,000808618566345944
-0,00089990295420889
0,000841526284769091
-0,000790363201359762
0,000213288833015209
-4,04465825783293E-05
1,43091084774528E-05
6,4218539420928E-06
1,41162068542633E-07
0,981799293693636
0,00330859700989697
-0,0409060251861079
0,000904123973217684
0,00147758101309294
-0,00577760766650522
-0,0232013260572364
0,00234748488246492
0,00399219232135606
0,00591623584283478
-0,0294227889144932
-0,0341505516858422
0,0123890239557186
-0,0105390281780996
-3,7840246452921E-05
0,0159486093042562
0,014923018429373
0,00161358565938664
0,00997667371482459
0,0182339406435279
0,0111682811524238
-0,00481323199081668
-0,020601826238049
0,0413201529540068
0,0439405895249982
-0,0459947935064196
0,0205456885131131
0,0185234088078809
0,0177098005146704
0,00377008854291125
-0,0420835040702122
0,0177832192081934
-0,00156116830463902
-0,0237753786246312
0,0139770849931769
-0,044758277857982
0,0728780177906899
-0,0231230283633332
-0,0652124669900217
-0,0120397900412031
-0,0309666135611898
-0,0172374761581054
0,0266140157663202
-0,0308997713544754
0,00106164311572866
0,00510985622156876
-0,00652944948822452
0,00189573885504532
0,00194250578623872
0,00249828847752999
0,0373467798709674
-0,0123339324543046
0,00905060975737899
-0,00765746024332909
-0,0057511524180889
-0,0252323873507631
0,031697718990371
-0,0291100362818253
0,0276950644930381
-0,00702486832974147
0,00130676232032339
-0,000507485836629289
-0,00020365598450697
1,5748793018237E-07
0,0017990867678605
-0,956102045993243
-0,0567163295763386
-0,118691511437299
0,00947284766607926
-0,0244774656221147
-0,0175527143472572
0,00533119350297971
-0,0402572706131908
-0,127081947316192
0,0590254661961131
0,00991340427975688
-0,00593821322580504
-0,0751456074167403
-0,0259579231940874
-0,0173837517604827
0,0371612597496208
-0,013670468008638
-0,0361458853113007
-0,0284062042746353
-0,00110331202359472
-0,0342943643277793
0,0210362723279083
-0,0311593976630854
0,0266910097642881
-0,077702752961851
0,0255618260815948
0,0206454065783576
0,0033695022990579
0,0283781472214594
0,00581678869448606
-0,0371417667992875
0,0578224314654196
0,0311365651308527
-0,00687889971168291
0,0149963791004801
0,00438448924648882
0,00299700808027841
0,0443375912060733
0,00632898556478796
0,00661530437125802
0,0128177866331828
0,00882160997505721
-0,0215061834775579
-0,0127792976515854
0,010541702297535
0,00978198821275151
0,00818150026532627
0,00417517356918943
0,0396461668346553
0,0637700071134003
-0,0374607490130972
-0,0465236649686998
-0,00905002679367825
-0,0576007707111274
-0,0200475515078872
-0,0443585479267668
0,0142127344273325
0,0127560443258506
-0,00438316962763963
0,00251652639219299
0,00181099534886697
-0,00139545372313923
0,0141702892757551
0,0172054148772004
-0,021564280282415
0,928755168544571
-0,118118607115113
0,0465864548560147
-0,0135676256548755
-0,0204555089999801
-0,0204843156811102
0,000903723928404365
-0,00825633763210531
0,0375381395178792
-0,10778991634968
0,00846755501746896
-0,075292149683946
0,133916182860366
-0,0991444882362061
0,124149100952178
-0,0378254714391765
0,087996445436622
-0,0277416875941797
0,0413638437490996
-0,032705366262727
0,0281671985134405
0,00701241695791558
0,00329275439084522
-0,0345676590928488
0,0292035668087332
-0,00405930922855753
0,0438668277587961
-0,0476757659600999
0,00281858912480019
-0,0145920310363847
0,0266779477579147
-0,0685371744384763
0,00641837364897037
-0,0268336580257845
0,0390808081683143
-0,0151665414276602
0,034717562217494
-0,00423733212437895
0,0120356474595161
-0,0152648276132354
0,00287043747519766
-0,0148275866052517
0,0373790452932253
-0,00211082251434302
0,0581046541288401
-0,0115916166291736
0,0364867969435996
-0,0187315655740947
0,0641837240283937
-0,0462024427163026
0,00173393180826934
-0,0132886573201753
0,00576634497465118
-0,0575763502322522
0,0640673995257401
-0,0600103829714215
0,0562055346382891
-0,015040919128179
0,00286010848771092
-0,00101786538766168
-0,000456371981436829
1,40573577327913E-07
0,00088625135121825
-0,0453685658347268
0,0889628930332793
0,884618197674183
-0,000672311705086013
-0,00671777104197785
-0,0703720139998152
-0,0181253449457988
-0,0237329714586628
-0,227551009530769
0,060457695616059
-0,0355511976042655
-0,061056031750164
-0,16831098014305
-0,0807243196838823
-0,0332007328505841
0,0295978337447136
-0,0720464215537106
-0,0364685788910624
-0,00293099977770084
0,0245528078628583
0,0456218645780703
-0,0634356020666421
0,0657781133917011
0,169072013385759
-0,118561893578523
0,0595652543843339
-0,0591267164282233
-0,024126347405047
0,0305117294667549
0,0413249818390619
-0,112398875251347
-0,0427653441490339
0,0441335773926903
-0,0109845569018404
0,0221182019239065
-0,0181057779087982
0,0174918007679007
0,101054680396904
-0,0242528285687573
-0,00658492041691431
0,0145191657269555
-0,00738520878473116
0,0193069021516472
0,00983693282502109
-0,0126603897412962
-0,00273684356860792
-0,026912856360814
0,00830806415405749
-0,0420459513909117
-0,0147208638423549
0,0317668505409877
-0,00749072030833596
-0,0130541773254669
0,00603401919016689
-0,00989052643528132
0,0101991559468069
-0,0102753207727957
0,0104045953617387
-0,000715880690214248
0,000172038980910205
-0,000562923776587636
0,000204898791424061
4,72275487916516E-09
0,000215637105965241
-0,00311660696144153
0,0223227378374201
-0,00417709664358942
-0,948379809079207
-0,161184476739185
0,00257585164359511
-0,0176095498013396
0,0237103468159943
-0,00384235463311354
-0,092894817239148
-0,0430320108825239
-0,0590456583494782
-0,0284517007538931
0,0800812226632968
-0,0383716096449983
0,0458347281321505
-0,0439807679720593
0,037152535655073
-0,0155099056371563
0,0269193645257091
-0,00550239040541858
0,0222327661497452
-0,00297280930535733
-0,0269657783403388
-0,0115764725753967
0,0109240259582305
0,00039721542240894
0,0211774160567912
0,00614791874656381
-0,00606419423835085
0,0231800621154782
0,0232987337759814
0,132106565859197
0,0770459236171287
0,032244671130132
0,00131013596682495
0,00590297814978905
-0,00344456663233212
0,00279114502944901
0,00147034148841588
0,00147795909577492
-0,00655366603485337
-0,0309200999381518
0,00571764482148283
-0,0113872920764282
-0,0442209406426666
0,00378413841069045
-0,00203193882045344
-0,00249997405859403
-0,000735788003180276
-0,00299028723027618
-0,00287207394689988
0,0235398790187403
0,0467067096235804
-0,0313486902060488
-0,0706844478639449
-0,0239383325486049
0,00647938273107519
-0,0623211237979114
0,0109362314948536
-0,00587350328780119
-0,000458548859874595
4,48254404829554E-08
8,97518160603661E-05
-0,00835806501707434
0,000850001426380681
-0,00356882982230742
-0,0796069155147063
0,628691245107108
-0,195127211722725
-0,585005698092427
0,387614821426179
0,0414614015012266
0,0193697996071821
-0,0152834842446789
0,0334382182791462
0,00761963269770868
-0,039567047872008
-0,0266455460821104
-0,039043856004107
-0,0067233316117975
0,0103025985366895
-0,00127448631095342
-0,00438409356815199
0,000489922923499988
-0,000762494985711046
0,0307861440803288
-0,0553507692318045
-0,048498946256074
0,0136338865574403
0,0105101281415283
0,0422183251685333
0,0223062023726287
-0,0221804670820477
-0,0180238219382806
0,0383135257356769
0,0637835026759735
-0,0194758982154916
0,0257944612362058
-0,027568747795511
0,015970783832475
-0,0144056040922205
0,0104367685781129
0,0137537225959859
-0,00305212468748992
0,000500892839875641
-0,0294678445120635
-0,0110159766034503
0,0135592003026905
0,0083141988550276
0,00697340583893073
0,0107401416709819
-0,0222369310530186
0,0464282966860282
-0,00547617269843685
-0,118120301991569
-0,0352014686482956
-0,112471490821737
-0,0488279282879339
-0,0829781984171834
0,0192222605171151
0,02864035860077
-0,00349704184738264
0,00403239557489899
0,0030366615806341
-0,0022611298361699
4,47372419471413E-08
0,000189312620317684
-0,000630606751858557
0,0037904268579365
-0,000592640443344566
-0,085353259315937
0,596211936744967
-0,0169921832933508
0,310778006640955
-0,461148717519505
-0,0548133307493299
-0,029109572440565
-0,0523521169385356
-0,0956946612935413
0,0252144344074647
0,133682447928894
0,16070432891607
0,17272082469688
0,125128106067958
0,0349558374026962
0,11726730516493
0,103757347738151
0,0419816957065903
-0,0170185484462004
0,0500969392649602
-0,15299601870069
-0,07415041182453
0,0634954362734125
-0,0558192512121913
0,00405747960743473
-0,0017021762340422
-0,0792890635310081
-0,0566150635014601
0,028091484030276
0,0144210503548851
0,0989211372831261
-0,0140616284179894
0,0149421427604906
-0,0108118294957675
0,075019825168137
0,145327807338688
-0,126827871209805
0,0953996634007165
-0,0564365123507754
0,0534387032875515
-0,0899103644406574
0,018789771859345
0,0148541715822793
-0,0170470147253957
-0,0409774225195377
0,0545870000546588
-0,108094615131008
0,0515047004375917
0,181833460470666
0,0457513035453167
-0,0482700000227669
-0,0627187280556155
-0,0353785409763977
0,0505268686817209
0,0598172806217454
0,0139692130554235
0,00479066935229198
0,00100231644668896
-0,00104698106162523
0,000329934957468582
0,0130057777003076
-0,00116691109680494
6,46042256098209E-05
0,0101436161040925
-0,00235781406949147
0,031477429624491
0,652355401728129
-0,288749081311266
-0,164800338278962
-0,000357283697879361
0,0733255512034577
-0,14496155304855
0,0266091502664625
-0,323104211103968
0,0715122159877783
0,255777802014813
-0,162763705882785
-0,0242295725713861
0,0954126632409027
-0,108078102278852
-0,0840034396030995
0,108512285784515
0,102047069794937
0,175358547594105
-0,111931571793983
-0,0135400009144566
-0,100316648302926
0,0650401233553715
-0,152677371925599
-0,0134496786467502
0,0317327890309167
0,0314082393105046
0,0156975463554847
0,0416634175981814
-0,102334022838477
0,119448498928761
0,128888272305293
-0,124604244199223
-0,00343646211298808
-0,0464569339223023
-0,0394214012945194
0,0614020043288097
-0,051300449593026
0,067946668121937
-0,0269438396947152
-0,0823056160501586
-0,0103313690357356
-0,0281681598332487
0,111599018528452
0,00449212655875744
0,000937223652334106
-0,0650944686749944
0,00985642173163733
-0,0230658477978561
0,00586966273702315
0,0190736225361471
-0,0104346261538968
-0,00730634426119505
-0,0148811268007324
0,0059619934502226
3,61537618614545E-05
0,00833018939609797
-0,00369153838381838
2,0239374399505E-09
0,00281683797037687
-0,000480572267086316
0,00575830133134197
0,0109090371455005
-0,124954896820908
0,00375759557871451
-0,00374194034644147
0,0540439546702357
-0,036387385586387
0,2950134831987
0,794717126730724
0,232857720357003
0,161858304075538
0,0187263303629792
-0,03675299521641
-0,0439368735878327
-0,0346025072574761
0,0446176374671433
0,0146066943759344
0,0616250674961712
0,0496226126156113
0,058996817417001
-0,100396883041194
0,122869717900036
0,128879938824628
-0,0153440928687098
-0,0387014425903775
0,111778568301762
0,0512902186773748
-0,018583320773334
-0,0569926906748384
-0,0183795555421653
-0,0274640014707828
-0,0587168046999901
-0,0121051456395395
0,0371482430941103
0,0298075720572989
0,0168388888238135
-0,0220192697115118
0,073424620909246
-0,00547974896664314
-0,00881018911755986
0,088720872804131
-0,00679666511961035
-0,0548528779691495
-0,0225325215268205
0,0686834439440941
-0,0343641617171078
0,0741408526683417
0,0349567135073753
0,00386053894652257
0,141060241465261
0,11478926731335
-0,10629335827367
-0,0581810274727699
-0,00672026239040123
-0,0588189472112882
-0,107732806752191
0,0361137085457371
0,0177071160966371
0,00187196487533186
0,0104119112417771
-0,00496104121853231
3,34467137321614E-06
0,0008421575508183
-0,15489696119586
0,0646969510354312
0,292579220102839
0,00475662962113439
0,00850574484752955
0,0941152482156181
0,0266165432760631
0,03685084951719
0,415982520360125
-0,26914528584777
0,0928805906145861
0,270452082183233
0,37423214847136
0,230309769381405
0,0186297677660914
-0,0522330844156181
0,17203854295128
0,104662349709125
0,0797711069823985
0,0213755890892088
-0,0773996435135081
0,0172990072357858
0,0172310461822606
-0,0664395542188808
0,0518839951078413
-0,0247692286323964
0,212402790455634
-0,0904602056541616
0,160752692983327
-0,125389718561936
0,135416382142718
0,036156729482001
-0,0129935457909493
-0,0623620708436386
0,0823073241324093
0,118176836459104
-0,0965472416694983
0,136927262022817
0,0205146430451922
0,168314990237395
0,208026282536678
0,111732070422558
0,0485578990027664
0,177201427274213
-0,0220493604267834
-0,00404666409196249
0,0190881130215998
-0,0156545892486015
0,000454923746062641
-0,0417385416034209
0,0114608385645369
-0,0245615215519428
-0,0141791040546251
0,00506811628825703
-0,0205224571790678
0,0100591122859353
-0,0106115143826919
-0,00095872757338216
0,00234400590532232
-0,000478431119610556
0,000577957285354935
-0,000131221991959583
7,60298337822485E-11
2,25434641433791E-05
-8,36155158508094E-06
0,00112842456052257
-0,000144027130610886
-0,00165217903435489
0,00807933144204927
0,0312856921531514
0,0497829550438258
0,0948909581754217
-0,0876793426555546
0,0209399665866875
0,0713114192695259
0,0959499290772367
0,156355735610513
-0,061631017327697
0,312862036196671
0,105735525150969
-0,455411837686313
0,250012337039739
-0,0514263222524075
0,434324385782332
0,0387562304100087
0,165993412757382
-0,0496796505717871
0,00393796601592407
0,00832840514673927
-0,00360618938222517
0,0306202980039274
0,0295329900550355
0,020916113804302
0,0341036849492557
-0,0186308560828358
0,0582541295826344
-0,109784413358781
-0,266993756756414
-0,0921239629929805
-0,0968129927884106
0,0567704919868305
0,031403408749312
0,096361446291859
0,00524213678445078
0,0476521430253464
0,0825748274852734
-0,114664485447276
-0,108629780875881
-0,209381534409887
-0,3532388807312
0,0506387041208619
-0,0576196815139653
-0,0260450246626926
0,0163866978675266
0,027336333471123
0,0232889287536183
-0,0259578466136773
-0,023129040586447
0,011467220899611
0,0279808999317861
0,0042397103447909
0,00942017830940806
0,00721338584113355
-0,0017569109417233
-1,85820836512201E-05
0,00043869966320618
2,40449010250877E-07
0,000983925980780383
-0,000227299715429687
0,00142413095898905
0,00176296198479292
-0,00956237630302153
0,0816019772721967
0,217529157292017
0,29280226988992
0,464006663181396
-0,241212086765002
0,0824797169461668
0,104318237439532
0,0291295072544248
0,13466174286866
0,159193241732804
0,157853671504135
0,236575857442328
-0,146095923863051
0,110755563729469
-0,0193385772343637
-0,41018245695158
-0,103432577076356
-0,168583273516768
0,0683343288651253
0,0303873393987106
-0,00288372423678897
-0,00299022532493238
-0,0676072320288128
0,00295724039954578
0,00639221210637008
-0,13745341338746
-0,0924386249306955
-0,0604447683337305
-0,0371899208260215
0,015768428614012
0,19014360892996
0,00650598986508439
-0,135867344045161
-0,0807333841955011
0,128866363901571
-0,0676887673776193
-0,0336263041266618
-0,124563730902125
0,105880405701536
0,110777061667681
0,132641923241727
-0,062817639062538
0,0843939743703032
0,0401674029803501
0,0430004426315049
-0,0172267968391701
-0,0345194320222208
0,0158489964537234
-0,0095725281420539
-0,0322241168691059
-0,0231113126351896
-0,0231039384848941
0,00852984686004458
-0,00837626390228386
-0,0279474332547097
0,00476483406294904
-0,000590630207687096
-0,00118056322207702
2,08288048384586E-05
0,00508585354860242
-0,0026720294948528
0,23981246446026
-0,0378294475852276
-0,0722375125673812
-0,00370419809774463
0,00878127666450751
-0,00736024354314371
-0,0452555024578002
-0,240492511079568
-0,0519325609919467
0,157440982108311
0,287603538286639
0,18562858549596
-0,45943034684718
0,30734092080195
-0,257168794534461
0,251196016946275
-0,291102218580309
0,0762525316664671
-0,108609469013664
0,0411254466045133
-0,101458901148841
0,0237447785366724
-0,0271009530750966
-0,0127634983848424
0,00412116667772626
-0,014422060839573
-0,0410323443901266
-0,0307747485727294
0,00260986107597543
0,044995918969345
-0,0553866684720011
0,0970649168873937
0,189300924442611
0,0464669340413428
0,050698995367746
-0,0238791324839815
-0,0123557221107745
0,0156049875941351
-0,0105177297755989
0,00677077532669886
0,0121237124854726
-0,0347061442164672
-0,037859441633457
-0,107779410418263
-0,303237005352993
0,0725508410966381
-0,050717254572533
-0,00691049849348742
0,0184874410334126
0,0178823156753164
0,0378642347589898
-0,0413156360754719
-0,048071233942286
0,00892746965023481
0,029782871281031
0,00969014373922337
0,00855635839249714
-0,00194164011642469
-0,000526480470334467
-0,000161711977545885
6,98899411732364E-05
8,67739166083672E-08
0,000838245551697324
-1,5350199694953E-05
-0,000141761154138
0,000478680659413183
-0,000564754961124653
0,00711019630109734
0,0572689640032794
0,0189747718053776
0,0580297335520467
-0,0825974048466906
0,0667720517881425
-0,0879833153408081
-0,0711344618366279
0,207595802418999
0,11177700564688
-0,100988762845982
-0,0846530402914342
0,143495188907327
-0,245200116562117
-0,00442331262333441
0,185954450731498
0,276587586118552
0,497730741289727
0,0503437085074518
0,186339189545582
-0,0409248634640275
0,0258967016711084
-0,239228839276092
0,191743840294707
0,164285422660775
0,0365149247539543
0,0488509189210416
0,0116918143810908
-0,0831536705670813
-0,067482715380916
0,261650668424415
0,0849161309371525
-0,187467415434209
-0,133259808054169
0,114807730301806
-0,0572655345364576
-0,0399476002726547
-0,167340335763163
0,0682818073174399
0,131522059615076
-0,0047043062937885
0,0197163588550588
0,145405961381618
-0,075002580503199
0,0252504824432292
0,155936915774706
0,149476455560046
-0,000547126553229522
-0,020640079592288
0,0719322263073542
-0,0385866141289286
-0,0122760820289341
0,035980668192293
-0,0155341172919485
0,0241004241936692
-0,00331598715803092
-0,0008044692936374
0,00192040644340574
0,000329272719933985
0,00900886262468215
-0,00207060323331805
0,00453531667288482
0,0618848784919828
-0,00215066311803499
0,0104731133360866
0,162185905722413
-0,0433812703579589
0,00785547856286314
-0,136905386355841
0,0958894522519745
-0,1344625256045
-0,121787674421566
0,0078120825331067
-0,0266812833262426
-0,0789223851039718
-0,156982749364516
0,0238823862408383
0,104492006689372
0,539203486274628
0,154266930802912
-0,152396044886848
-0,155334908041821
-0,389728833520654
-0,0696237263674448
0,0413839450223514
0,0772304871691102
0,257440508137292
0,0838770101619983
-0,0803955492244429
0,239460392093734
0,126099471910007
0,0972771814981527
-0,0963434449667311
-0,0408845710809195
0,119249211421348
-0,017563021715666
-0,0484092018464936
-0,163424612109979
0,0578651456798556
0,0262478661942069
-0,0765432734458377
-0,155991868782333
-0,0263459635479482
0,190363495454891
0,0817630741293866
-0,0490906593522724
0,0702449448483747
-0,0199854946001656
0,0977626492233421
-0,0498221673149734
-0,0155981144132487
0,0679005015337823
-0,0203111531249648
-0,0896389188522484
0,00374215808656051
-0,0314460222646674
-0,00467455112614816
0,0153362122386518
-0,0892668215731308
0,0132484917510419
-0,00788920561769938
-0,000756621713983127
0,000262920289657133
0,00130849210455278
-0,0048242051764584
0,00452380402097668
0,0243231988894923
-0,00176165393095147
0,0288808714889126
0,379411159425791
-0,171132681240334
-0,115056157106791
0,169562244131827
-0,129697544134333
0,210636667339033
0,13737182863211
-0,0164780401900372
0,0808223243736533
0,0233696095737236
0,150381198259062
-0,0446064990383711
-0,182841726698965
-0,0557044806391668
0,00656172909278798
-0,147036280365524
0,0253833713650599
-0,0443924673523965
0,272073613234703
-0,13868666783633
0,225430538308731
-0,12500436764022
0,177400818527851
-0,166320571820596
0,0789094895462849
-0,0789786554655715
0,017979919334524
-0,140635672897826
0,206066007565125
-0,0405002538243196
-0,299677126763019
0,178331275826534
-0,129322123453723
0,0447516723130516
0,0134545993303115
-0,0476949551118529
0,132057234171762
-0,11315413657058
0,0420619472379992
0,137123444300934
0,033935409345939
0,114831440742596
-0,259495895145167
0,0282070920474498
-0,165818951947174
0,00151246455708954
-0,0303395502531833
-0,0706042360294842
-0,0284885999226578
-0,0587620349990068
-0,0272624419426332
0,0116021898293063
0,0153927129988687
-0,00951049721456326
0,00353719099391281
0,000269546999498999
-0,000946525345876991
5,3174235336188E-06
0,00282690470512246
-0,0160205716374263
0,0766399608329715
0,187161858453949
-0,0031500593951468
8,90001318996946E-05
-0,00660973515981636
0,0233644721351644
0,024783768198112
0,201921383381398
0,150843329001796
0,0135199383721012
-0,187361689138024
0,0672920555114507
-0,042036318296903
0,127434292038102
-0,000696974885554664
-0,0162036649796191
-0,0633076246069352
-0,172674299226523
-0,104791467116941
-0,0701436073818842
0,113160169244396
-0,294000240533904
-0,210103146650651
-0,121555953630623
0,0389768989662453
-0,173969047860478
-0,317709087487223
0,137020613388771
-0,171561502913852
0,355398696402785
0,175737355639036
-0,113492897422404
0,0872473883777745
-0,0690445636319736
-0,0696361294310978
0,0353950818797614
-0,201217438509391
-0,0363930652462761
-0,038417314086674
-0,163498820305015
-0,0550402175352883
-0,127768408376591
-0,194065928809941
0,0405410518863504
0,00336678763750343
0,0956556484915116
-0,0323326861605631
0,210557615646297
0,141135381531091
-0,171875215749414
0,0599473022261334
0,0607331216772995
-0,0160371677639858
0,0671088584973667
-0,0642782452370596
0,0794815841061888
-0,0587795680134693
-0,000383533123720799
-0,000245695842887353
0,00249486891527938
-0,000966240150933525
8,9078802627929E-08
0,0025067968307649
-6,57174784781106E-05
0,0107648690137861
-0,00184414485594873
-0,00101773810902049
0,0174880356579933
0,0125444138312226
0,00558057972854726
-0,0137795265370571
-0,033990170361699
-0,037216595092982
0,247545713246332
-0,110795429384617
-0,0304723082995652
0,0728263621206854
-0,076873013876123
-0,114496496903019
-0,11676529752756
-0,093557240275956
0,0354597708058683
0,017535779517398
0,0890642984402643
-0,00340043660185166
-0,00102112534713864
-0,0743089053478128
0,0953374283368898
-0,145563848602634
0,118899642852113
-0,116794084001457
0,19603951155361
0,0464407050855367
-0,0511713685841649
-0,0768885199073082
0,0628947308586967
-0,0627133632615895
0,0443062119627806
-0,107771847796861
0,047332735511012
-0,0951448514570946
-0,129443211284469
0,0582830158944171
0,00351048592711877
0,025656413464994
0,329148075045565
-0,214395654925955
0,158260609683163
-0,00911765784002672
0,128905721393187
-0,306626944120346
-0,104286652005138
0,144554302144393
-0,183452554012003
0,16267836596109
-0,0731577663845989
-0,0602399080712502
-0,360181940909472
0,174488527142378
-0,216925038227657
0,297176096622947
-0,11427717115994
0,00979107848763005
-0,00382335778993646
-0,00284468235225137
5,13479403304289E-08
9,00252509995322E-05
-0,00723128239513472
0,00866467870426998
0,0141388421614013
-0,0146356040047141
0,105933219243229
0,123090346147496
0,305966270634458
0,250146156687877
0,210942041672499
-0,137781487274051
-0,0869046887819295
0,224428039269033
-0,232905083257974
-0,20380832450062
-0,240616586695365
-0,265506486370057
-0,134376701197783
-0,0169413136503879
-0,0562961063078311
0,0151026850933947
0,1966470674699
0,0121904617677243
-0,0987691346638086
0,0103375109143763
-0,0409568495458565
0,0108569550036773
0,0194847237006498
0,0241571805144656
0,0757534608868312
0,133026134166082
-0,0216911398904894
0,175072960067509
-0,0129593668984177
0,129333746132526
-0,118816578053367
0,0266619640520259
0,0751590850290873
0,108632451571352
0,362538779899598
-0,278309448564545
0,165602170881232
-0,0701130820371987
-0,0170623088284838
-0,098382499646859
0,0686889705643822
0,0689120997803074
0,0644883421560558
0,0616758035073794
-0,0066232224538404
-0,00151301972582872
-0,116838444006443
-0,00628071203643783
-0,0239282364313751
-0,00111169672509159
0,0481206240221597
0,0290452034056514
-0,0717173873088343
0,0475893935923566
-0,0297018906064459
0,00450222116371531
0,000170272087683917
-0,00174418406689823
3,79917259244738E-11
0,000182417895053714
-3,91113331425182E-06
0,000920084310541069
-0,000105515368592236
-0,00108825289226511
0,00655596493465206
0,00930208832317854
0,00405597571851273
-0,0169315605781271
-0,0270997895511386
-0,0106147779139648
0,093101554048872
-0,0680680146717371
0,0550365308460819
-0,0432008402273052
-0,0775786594516158
-0,13466100174172
0,0285111659093936
0,253477014553122
-0,0800878760876345
-0,0480158698927523
-0,0602056824730495
0,0734287462716822
0,0651337771831583
0,00825190485014328
-0,175949906055365
0,0920772144989129
-0,068430937571953
0,0839842156573028
-0,15438328895929
0,0109251694785234
0,0404548272347184
0,0357061665034236
-0,0459361206391385
0,0452210871139645
-0,0225458011561206
0,115365256912065
-0,0379713169909286
0,0539982046702684
-0,065329436203217
0,0519690139953956
-0,0172012954546495
0,0258239285370605
0,271367011975442
-0,0913696886273569
-0,114040273683938
0,0471896084323736
0,218661010731066
-0,180559585588899
-0,0352265121220838
-0,0106106148733784
0,138148300036644
-0,0420172945664721
0,385181208507296
-0,340285339101814
0,380943105363831
-0,00231160713638636
-0,276628645037774
-0,0155221101307209
-0,266824905072018
0,00477829276045685
-0,0591059822802481
0,0190647635140371
7,50727742055606E-09
0,144239430597044
-0,00121421810603314
-0,00236563404266057
0,0134327755571778
-0,00802574087426478
-0,00191785785194421
-0,0246074663809284
0,0125521680064261
-0,00352169108754203
0,0922885903903694
0,164017128020583
0,0682268857098456
0,030897676543015
-0,00408223046810352
-0,00305041167323176
0,0475968029526514
-0,000383509053085254
0,0181906913750612
0,0124156703546111
-0,0602894243950603
-0,114750032841469
0,0156942747724168
0,149142071695404
-0,253667813987102
-0,296796630960539
0,213424890217091
0,0737950458235351
-0,27692800641828
-0,00439130166300226
-0,135972661904094
0,251125684261559
-0,0989362752500964
-0,00840541724909866
0,00924954618276239
0,0538598820016494
0,282324338346674
-0,319770005848486
0,0683628637915406
0,474373866072662
0,00949367326687395
0,192941423906834
0,0411276301246645
-0,125710322248821
0,113141892187178
0,102100167500916
-0,110580069395896
0,00341523046316984
-0,0183159372705681
0,0280719233206738
-0,109381719182135
-4,69774577685029E-05
-0,0637444905486836
-0,01998959776655
-0,0123494612112501
0,0198458085011718
-0,00466161790350261
0,0153417785058598
0,0144203569926299
-0,00462408357624865
-0,0022156122535034
-0,000300386028156057
0,000136567012775044
-1,01958745039938E-05
2,32044806872697E-07
0,0329943581178095
3,45624706220791E-05
-0,00274315214842647
0,00408960219978706
-0,00445371527499383
0,0433363334328043
0,230640221638379
0,0628923156749461
0,1489080575784
-0,223479032543973
0,149618614150593
-0,198439836040104
-0,127620003942547
0,407855856128135
0,137995717711557
-0,239875676964974
-0,113426581538472
0,115164793077503
-0,234762176122139
-0,277157472820896
0,272431841158356
-0,0953092421121838
-0,155591953548363
0,0868439828281797
-0,0622670530098217
0,0482032569300389
-0,0101917225337621
0,0548153587927111
-0,169142016275669
-0,121476488547266
0,0608177485352489
-0,0489743802982198
0,0154035412675757
0,0179311325966013
0,0305682911530805
0,00139812851887723
-0,137091543865297
0,0670952203211636
0,024392126127102
-0,130458566015961
-0,108221710899217
0,190079380744873
0,0736797595382367
-0,119129802077554
-0,104212925290454
-0,100224775697929
0,0554667525484736
-0,100683788837574
0,0362127686676469
-0,032661193587788
-0,160786976135789
-0,162093196225516
-0,00126857818140115
0,0266795508055778
-0,0942298065482859
0,0508653402746894
0,0160313987561491
-0,0483112526927753
0,0208311225871924
-0,0336359073927348
0,00469063289219388
0,00114270212052623
-0,00251573272457651
9,70839189991045E-08
7,07189844715786E-05
-0,0052083463998944
0,00459728181227138
0,022808859616701
0,000145477186106039
0,00406357478644933
0,0630561151421467
-0,0198736665219113
-0,0112750295457851
0,137452150869299
-0,0901015195260661
0,0818179279754837
0,131327035798017
0,13650529114536
0,104572707161287
0,00883463647886136
0,0380505864485315
0,0779610957318367
-0,0218546301648314
0,0281350510095007
0,0135617442991702
-0,18654918282926
0,0609909191717787
-0,128766222276613
0,116053027697654
-0,141639278447256
0,146451287447738
0,0790193706385068
-0,0164416178621006
0,0589408187786801
0,176907294994139
-0,324019668240572
-0,183071535526909
0,147328959751292
-0,0316528868515228
-0,0961324946863231
-0,0187500257814187
0,0574227296027575
-0,179858906106402
-0,011790403595244
0,0251153186261359
-0,0891663167228101
-0,424450044634821
0,111644335007587
-0,31872571102166
-0,153354630690493
-0,0154447043014005
-0,167891511466544
0,322180887486789
-0,038487131343393
0,254839309674654
-0,0266828895292581
0,0950350453368911
0,0728787352266775
0,00779205965253823
0,0814339962253914
-0,00920724408916869
-0,0074270728544842
-0,0163604332413938
0,0160340277324729
-0,00363795801152738
0,000107414053833014
0,000883276876418784
1,91349303043902E-08
0,000241287683378987
-0,119370671809209
-0,00610667891025076
-0,0158334527190165
-0,0656219477366081
0,121564387733744
-0,0509936103577418
-0,158678167839852
0,108483605219739
-0,00593243415258856
-0,00264137781110523
-0,0168611045899326
0,0020586762332761
-0,00675166312546509
-0,0240053484023765
-0,0182905879633414
-0,0123295092289766
-5,27220450680779E-05
0,045539538629497
-0,0425256310809958
-0,0253068312384339
-0,00311078148261609
0,0409495968008062
-0,0725358149887025
0,166535456042084
0,117110345061652
-0,0725032147277396
0,0194721698203197
-0,148489239623567
-0,0297172783077145
0,0639347866660077
0,00246615858609584
-0,185468909664044
-0,269001992439391
0,114192344269735
-0,0511342223252418
0,0460034384636094
-0,0388405212038584
0,03414759514965
-0,0182428043748319
-0,0318115903995001
-0,0042737890885899
-0,0208414727803388
0,0749544192436859
0,030074319161276
-0,0294136193706953
-0,0254673903325489
-0,0262150114313879
-0,0847087934208242
0,0939431699707863
-0,219168130579145
0,0214266813514572
0,499757352689228
0,133788651222133
0,452169332258837
0,18829743212073
0,331520584004403
-0,0783981511157319
-0,115500922325502
0,0126744702257652
-0,0157186244646925
-0,0118476613399459
0,0088067585631803
3,76488238534817E-06
0,000756252323967019
-0,00655987021289435
0,0485390674702779
0,00393896196498591
0,00349926346545563
0,00632154528398749
0,0308149493754577
0,0521977801309235
0,0903911397165425
0,232071958865787
-0,0107535197178379
-0,0452779786649245
-0,468813919948484
0,0192136572161646
-0,216240121717168
0,214027842951129
0,0384544764954217
0,0141511757262212
-0,147003275358266
-0,0496765136802155
-0,000297972728922058
-0,126387473330344
0,0665718968125315
0,100072126296073
0,019512383884236
-0,0614017485824988
0,0223269725875519
0,205667713694969
0,201802210823062
-0,0532697807924463
0,142991597895093
0,0359010634518574
-0,413129033335075
0,0970075286785909
-0,0893050348761187
-0,0156997768169159
-0,00521540597987112
0,00697446078660339
0,145775353444527
0,121078083325523
0,023289273003584
0,190585069339549
0,140571402774593
-0,0493795349679449
0,03641792142207
0,112908103560331
0,0373547989041363
0,280140360549443
0,156389217440208
0,125164068929446
0,106781989603684
-0,105367719077115
0,0549649202500122
0,0611429600422502
-0,00460035637507382
-0,00544422587092171
0,00317746905768908
0,0371939867309593
-0,0120846729223102
-0,0151120691164031
0,00229018385270342
-0,000433150291156031
-0,00043460629081667
2,6676049703583E-08
1,57834300458434E-05
-0,000194245733445846
0,000637279887903068
0,000985541151289899
-0,00209951389881037
0,0213518797892865
0,0516854386314669
0,108390540928621
0,15674541156332
0,0212018701731948
-0,0394419939761105
0,0565576899341012
0,0342895166323503
-0,21518516868495
-0,0837639489215112
-0,0328395973344789
0,0356555017574999
0,26774090292909
0,0759195481006554
-0,0252943090599122
0,242419931732171
0,102647897625178
0,0999882420914976
-0,134167976065254
-0,0432405748682312
-0,0487646638908698
0,0115529579148751
0,0726528688033169
-0,10162913280132
-0,112171712214542
-0,293836425830667
-0,187114600742116
-0,00270703576758555
0,0453409841196509
0,030238200964726
-0,0762903906540108
-0,333763714965454
-0,0246176856177537
-0,140923793598486
-0,211636404831072
-0,144775215044751
-0,0414818324924645
0,223296021505796
0,301606928379901
0,315828496420854
-0,0805381062990769
-0,0945580576569958
0,0940933686064951
0,232845515270641
0,0784601192420358
0,0859079901214824
0,0254966659228688
0,0780008473844308
0,0680364179200367
-0,038934272529439
-0,0680582932788616
-0,01719328897911
0,0737167325100304
-0,0718660243540724
-0,00604082701355402
0,000112676289015821
-0,000886282760780691
0,000467619022116716
4,94143067118209E-08
0,00648260388863977
-5,9185048015975E-06
0,000655862040222892
0,00152909502610209
-0,00165600666617119
0,0110208154018243
0,0500145753908615
-0,00207876933420636
-0,0162516243514983
-0,0612362962459866
0,00766965433727806
0,0796618813691189
-0,109152998957464
0,122683781680447
-0,0709337854714139
-0,155331408509148
-0,172802119138499
0,0564392632748849
0,304471284424419
-0,0846180898300083
0,0358928992632899
-0,133756088141642
-0,0184467083286285
-0,010997475966945
-0,0262045518801244
-0,158087789011757
0,113741354927866
-0,0656371516474991
0,165742184174899
-0,138289925513784
-0,00394242975151555
0,0739749652791759
0,0406954033122544
-0,103515553541503
0,089833693227591
-0,0312763021513536
0,131009053138139
-0,0377443981230111
0,115694330738586
-0,175797537401429
-0,0438017002294382
0,0862088475673456
0,00518426898153406
0,312598640807815
-0,269411900212901
0,153958258025432
-0,156627230640745
0,105328660403587
0,0472126324790677
0,0350439436635764
-0,0112743901468428
0,0141643135522289
-0,109268205807604
-0,390103343728003
0,305664595448401
-0,111158829135823
-0,138728584860743
0,111482884216984
-0,124915585478818
0,188575018649569
-0,0180564480600566
0,0530057870656033
-0,0159471019604874
0,0002250108285439
0,00259438722799209
-0,000347375231368189
0,0118305123869752
-0,000314798337366031
-0,00984934070375578
0,103386253654595
0,0861220917286199
-0,000811037642306419
0,0324365508526166
-0,0350506782352096
-0,0926092503568766
0,513345859297221
-0,155701754220286
-0,105017327583717
0,198520734116355
-0,0614706278848482
-0,0124727915255778
-0,16449078961518
-0,357246514888573
0,0910155378952396
0,095881384034575
0,0396665807146234
-0,159146281827863
-0,0776164111439432
0,05187157144417
0,127150863060108
0,0669464618010274
-0,13234631243105
0,045250369689436
-0,229073009066579
-0,0336973910370463
0,254888955903851
0,144279140692053
0,0413056803717529
-0,110686398390492
-0,131640069795307
0,237610826312575
-0,0923940178142049
0,143675351431227
-0,0452937851301941
-0,0579177929624662
0,0213503200887974
0,00835486410731509
0,0466064131987286
0,075179627702362
-0,163197908668122
-0,0157933105368978
-0,0528102091083153
0,230448750980525
-0,005564548467476
0,129364531370167
-0,0102489181441263
0,0180983479778212
0,0470601260060078
0,0530491309947364
0,0607655376658199
0,0362320122083735
-0,00980862913959727
-0,0194079870968566
0,00931942927397965
-0,00407703143763556
-0,000330987290860714
0,00111076548655954
2,90297829601437E-08
0,0105804203502714
3,40972766519642E-05
-0,00100217500657703
0,000275260403335896
-0,000155097322517982
0,00240332566599049
0,0311641358327882
-0,00534294720811807
0,00507385987277304
-0,0183461165493928
0,0148881703512952
-0,031361430880458
-0,0119588295980484
0,0294429883131837
0,020511849591603
-0,0140052137634486
-0,0238095805237223
0,0181430177006006
-0,0358780065203623
-0,0744034293139729
0,0606723270256661
-0,0115496486458022
-0,0388243269487562
0,0754156415440312
-0,028170714341382
-0,00165562550123861
-0,0175594597225308
0,048232354451765
-0,138021906834718
-0,0822225537027643
0,0292855418757443
-0,0254357722728301
0,0440890167708328
0,0525355251059593
-0,0165104135873323
-0,140029288809556
0,0164031824947435
0,0375580060425703
0,0640940735156563
0,189349209011252
0,138250942099675
-0,184226436820563
-0,0530443653118858
0,0786350621089689
0,0745013182840034
0,07856999494892
-0,0238923090770116
0,0663794563465384
-0,0387105066470949
0,0209477535321498
0,0482280379601719
0,0646626728069984
0,00688840464641468
-0,0565122589970868
0,043570214180936
-0,0402271137445979
-0,0643145800716603
0,0116446296955149
-0,0240893825996281
0,108836255071514
-0,175361645734989
-0,771582002249391
0,37847847904966
1,79029154258644E-11
2,10244327771009E-06
-1,80442840912163E-05
0,000159976969198463
0,000708042862704025
-0,00113820381908642
0,00224686079670716
0,004601632990357
0,0107778832687629
0,0126524061428222
0,00124085602304573
-0,00152707562407047
0,00027606570824232
0,00445326347842741
-0,0299096710504906
-0,0247200893415971
-0,0156346818342708
-0,013653818208155
-0,00402183114096634
-0,0248093629252737
0,0960132820811501
0,0420741199311095
-0,209051666077538
0,120709434342591
0,109399741294239
-0,028623608287488
0,0706479610279766
-0,0542415411632004
-0,11309490823468
-0,0916986905806262
-0,0192649542929669
-0,119440012377048
-0,0657112931172523
0,00852115439931649
-0,0631689449714884
-0,0445073405900379
0,183268975079865
0,257548200080848
0,59361849388392
-0,0367544735052398
-0,00587701523580215
-0,0765739499713069
0,0491220388481054
0,0133488362848437
0,0662998009973887
0,0524598560180793
0,0034752830055776
0,0151005517881881
0,0185909238506567
0,0668213214472458
0,00985238283115503
0,0546130143925153
0,0483549211774202
0,0166423826609377
-0,203210257274347
0,0144275640587905
0,0941466546257795
0,132780448387435
0,303037246948491
0,0380314901936635
-0,46027741452962
0,0529546129006194
-0,0691008439650641
0,0133605056375096
2,04032180295785E-08
0,00184263836487872
-0,120462873210988
0,0207149279487311
0,243677325529258
0,00132812944437744
-0,00436805396425529
-0,017728400617403
0,00270191888821037
-0,00653414385623027
0,0183953429138415
-0,0274356647279117
0,0334164155615471
0,0758848739897697
0,0578423386436103
0,0483478437359222
0,0106135403811974
0,0183083495891255
0,0698472001896828
0,0393714097601664
-0,128728687802974
-0,0770991946503279
0,0626549555152813
0,144253413106357
0,0747732984675671
-0,350548853190806
0,44059408399428
-0,235747473229333
0,0716684784771947
0,408346552799
-0,342348906287391
0,0489221727974255
0,00162215206095739
-0,034542448957091
-0,0426140950703101
0,0465365239585656
-0,173512914583373
0,0132547132275876
0,0343841597749137
-0,32717136702705
0,0465013208882228
-0,122833848728975
-0,112692860024317
-0,0410805864139509
-0,0374593044604532
-0,0961981451780786
0,0346509584511812
0,00693896252853084
0,00359215227081786
0,0116149508805234
0,00498728370763365
0,00380793931996421
0,00667920539504297
0,00996130887484174
0,00821393466614676
-0,00886831423889874
0,0089831139132851
-0,0037117820674753
-0,00690731162028613
0,00382905357001404
0,000254245379581114
7,99115002407027E-05
-0,000222482480032547
4,98635041082675E-05
2,25195173061383E-06
0,00059803249762654
-0,00280308694219136
0,0292329356139193
0,00529551768000159
0,00194638599690777
0,00202114820001751
0,00814142100945231
0,0197315700671869
0,0316675663090028
0,130325315290206
0,0101601292661059
-0,0330491806756631
-0,270398807038509
0,0344581257341619
-0,100337686490946
0,141437285643857
-0,0135215765461919
-0,0362071938398011
-0,114764236881258
-0,0975300702014465
-0,0602849706666637
-0,101273780554249
0,0618922932714521
-0,0999480376056153
0,0189579405081169
-0,0954743796469138
-0,0750467702635798
0,154721347838324
0,111055352435151
-0,00617723463969985
-0,0761674228033336
-0,0453122560632425
0,0686649069900401
-0,0144318288489254
0,0608488819687032
-0,023533762637459
0,0131804914747008
0,0194073570089075
-0,0110552374403089
0,125785435825818
-0,148831265157954
0,0187565273014441
-0,0513956064446423
0,278071520434904
0,211689511420341
-0,164601403231494
-0,0859615251495455
-0,604299020216963
-0,319680266505954
0,0618873357453027
0,035030480820465
0,0207828568593074
-0,146752195757609
-0,170996888314028
0,002428885843571
0,0693929295706282
0,00254696270521556
-0,166491198202967
-0,0141613660703378
-0,00839044059198768
-0,00212437850221521
0,00498387186144518
-0,00235869974568287
2,48074323219301E-08
2,62460130960746E-05
-0,000167315273160513
0,000632450546336429
0,000667719852076432
-0,00639557663623329
0,0460171988795511
0,0241060588204423
0,0820801782840422
0,0237082482296978
0,0282299464879892
-0,0398129654900867
0,00487323987349521
0,0541679276233519
-0,109561655320536
-0,0440616411555512
-0,0842336029496467
-0,0581750065170431
-0,0226421921903007
-0,0639721203421278
-0,0750008063622281
0,108378183971811
0,152795715257485
0,0359767028001755
-0,266993252724689
-0,0280951620591171
-0,0825199473054628
0,0739587966612953
0,126679938122465
-0,0366017410842237
-0,371042557061009
-0,480683817350841
-0,091990873627038
-0,300931598510815
0,0398391051990334
-0,166574943899847
0,223083123509817
0,144826925551634
-0,0395122521474541
0,0319805416287168
0,00632177136879208
0,201485554791872
-0,00433343966332654
-0,205373724811479
-0,223456493612715
-0,148095389947884
0,117202003248977
0,0249455703707747
-0,0297836217511552
-0,191426812106846
-0,0446340780235161
-0,0736410525415732
-0,0298174541320661
-0,066729844928731
-0,0532277687598246
0,00451576975485765
-0,0101618732649517
0,0411771852376917
-0,0767468621491016
-0,102065943121217
-0,0334250637211974
-0,00139986587927375
-0,00113997080230426
4,91053393643633E-05
6,78501881225881E-09
0,00107430214423776
-0,00197262157778526
0,0120423139256771
-0,00221372762407715
-0,0966997572746045
0,229750764920856
0,00192146713990678
0,108326023220464
-0,182308834137058
-0,0380123667574875
-0,037717599684724
-0,0224113456581599
-0,0448165179240969
0,0664208444450854
-0,0751008260151192
0,0828991547609667
0,000844931809578276
0,117926249036722
0,113799006751711
-0,0479923788979538
-0,0845198884488902
-0,013591639586019
0,0329968930314385
-0,126374090565006
0,399177904781119
0,316135569766818
-0,145403550796372
-0,0451373948813121
-0,195237902093595
-0,0355070371161314
0,0555392042767251
-0,0135537828968742
0,0401510558670409
-0,0515785178594899
-0,160701979071264
-0,0530931784037455
-0,104822234526929
0,00566222307217008
-0,0603448409046022
-0,0457796806610744
0,0184967368563075
-0,00483166047411195
0,0369060576362464
-0,0685819073590628
0,058516317426409
0,117776728943401
0,0523617968094153
0,117189396278211
0,125763944604468
-0,0432908809710229
0,175157753495417
-0,0941903147614879
-0,296916436716079
-0,271330084656183
0,0301627119921509
0,194996012694142
0,0450769845938149
-0,359332940928974
-0,0937054996614639
-0,0622291641282619
-0,00308729019611673
0,00969465671765455
-0,00572390342559575
8,60341038517831E-08
0,0026375754710075
-8,05776492151599E-05
0,0119447938412852
-0,00202209813235955
-0,0069892398246288
0,0649756731377378
0,0211735657546282
0,0407711312797248
-0,0841318608977581
-0,0744965038659424
-0,0593584626086092
0,385499226681303
-0,223577643468714
0,0283002023826533
0,0649156596134931
-0,147497911344948
-0,263239784440722
-0,0867111260161303
0,186933098524037
-0,00730403447151875
-0,00206569204262668
0,0769731334142023
0,086884581410218
0,127971356061022
-0,218019991797477
-0,167840099082504
-0,0771482159291782
0,0736052747851017
-0,0931345540990905
0,151431313474971
0,0581011158799799
-0,248787353825686
-0,164209286416325
-0,210552129419628
0,299807415386756
0,0444573250431286
-0,00496289663193023
-0,0164863265187999
-0,0670483308477661
0,0421159353947772
0,0682403867388714
-0,113799846413625
0,0277447693214441
-0,361162634024566
0,219815091543694
-0,0386097767341779
-0,0414016598243407
-0,0558330590542872
0,105881113429818
-0,0158416911224668
0,0678868825453208
-0,0212805212550179
-0,120346991211885
-0,0715090256382637
-0,0149275295927529
0,0712648522498688
0,088104066505547
-0,0100528072567889
-0,0444832940134466
0,0431252648000038
0,00529852434240737
-0,000124297012109846
-4,67226836249352E-06
1,6129640502078E-06
0,000121124377944318
-0,000172025440238104
0,0134524634127465
-0,00193991922242527
0,000965414496997559
-0,000278504059745537
-0,000714333513410277
-0,000799347077884402
9,63037271838152E-05
0,00158308889099733
0,00622585227647377
-0,00436984681422
0,00115441062451849
-0,00428110059615974
0,00922139360979978
-0,00673002278588575
0,00947940506912789
-0,00264608734705287
0,0079603809565829
-0,00567595599173678
0,00261982346222746
-0,00686856673118324
0,00805882761222125
-0,0179029714823039
-0,0110354697525107
-0,00481767438041337
0,014326066377805
-0,0209850906252406
-0,00984871020195498
-0,00823933931774707
0,0293904940439331
-0,0422877362098332
-0,00318620283194275
0,0177265693442895
-0,023810710873807
-0,0430887950076665
0,0791933463840023
-0,0375011523840062
-0,0356333936399547
-0,0181707946391278
-0,0345739099762398
0,0661147496362311
0,110571963291115
-0,0386702650269136
0,139590543687995
0,168195387448771
-0,0103711090050511
-0,0424206087407064
-0,189787144629213
-0,559550347488056
0,248275196290646
-0,205844982688989
0,428751171568238
-0,130974176124503
-0,101853706943266
0,268400611169109
-0,348899036982155
0,126057650316237
-0,187155491332172
0,0659741178558931
-0,00562243806491354
0,0267775592689903
-0,00970732067773213
4,05580061655072E-07
0,0123484955901064
-0,000256142721200529
0,00418683426202119
0,00533769016071653
-0,00536022040436806
0,0281218114290217
0,345572875654798
-0,137587576381395
-0,105622509331964
-0,0371145140290687
0,018830458081059
-0,00695905800187069
-0,0439447072411824
0,106909076879171
-0,287171801317639
-0,227777894013714
0,153071267389373
0,0104249405109257
0,0875026721703445
-0,0784267293770912
0,101440925347441
-0,061489938032786
-0,218317518184908
-0,195523093464335
-0,054793468582023
0,216650331704905
-0,0881917184196353
-0,183502569418736
0,252886492574195
0,393097329009433
-0,278448531126012
-0,0279475662252818
-0,115862242166829
0,0134694227657218
0,0248878548390222
-0,0659388465231302
0,0348874981631314
0,0156708065830167
0,151122397164044
0,0607636520006262
0,0125705313634088
-0,0594615529991561
0,0142977486615036
-0,0271043750184197
-0,000239859542461194
0,11786985565217
-0,0335516371007383
-0,0828833954665903
0,0308725734623676
-0,050652240462578
0,18766279348973
0,150504363634165
0,00181044395330195
0,180896026040539
0,00624530065478754
0,0131886560737145
0,0735908875934482
0,00406323598439868
0,0269708223023701
-0,00436586937224974
-0,00508019519649757
-0,0265780522177174
0,0128623490872529
2,88687397381365E-10
0,000163986324727073
-2,83919471824045E-05
0,000396604893570357
0,000418457239915992
-0,000507095545674826
0,00298168004718652
0,0240391627003971
-0,00846025705601371
-0,0090631258167436
0,00292571655828252
0,00559687903485005
0,00244604324284078
0,00154397835588704
0,0186333796013276
-0,0340172923352871
-0,033282074946377
0,023589229239521
0,00287626949364368
0,0133327651216127
-0,0240566190732082
0,0184785449748127
-0,034707326612452
-0,0471497565121917
-0,100600671686301
-0,027400994335731
0,0566932346622416
0,00105866402863472
-0,0899651516160452
0,0775768671655625
0,184715712747613
-0,0579684426805758
-0,1385406800327
-0,137843846450268
0,125814922952348
-0,0507235053167015
-0,163311452478716
0,197312844942623
-0,0325912993091895
0,0229318230122053
0,0391043866974929
-0,0178709157494974
-0,267590550535266
-0,0288151823916582
0,0569293019887106
0,112738344966293
-0,509718468457272
0,237433500501709
0,297834218252185
-0,120490790952869
0,0825301237825266
-0,291985971284537
-0,294276274853031
0,0458514268707361
-0,297745321692095
-0,0434718461281028
-0,0128641884457562
-0,131635903167226
-0,0213192502296579
-0,0340489187116755
0,00455137637149933
0,00831726562445327
0,039016636129908
-0,0191567757662406
7,0587571239634E-08
0,000143580514806737
-0,00061913424093081
0,00462084237434403
0,024606283226464
-0,0233223243368004
-0,000823850371435295
0,0109552622748028
0,00594312549788079
0,00377544256143711
-0,0329481271509294
0,008499744184929
-0,0298939478166679
0,00315244529954057
-0,0374522254649115
-0,0639205413651722
-0,041762601058396
-0,0777974217801229
-0,0676671985778187
-0,0617093034904033
0,29201192694854
0,0630748664121419
-0,378851991718881
0,151283739601469
0,0739733644137439
-0,0324903139363224
0,0929124933269319
-0,0358557766211746
-0,106992227402673
-0,116334918960748
-0,0955413714323499
-0,147146335279594
-0,113499090803078
0,0133692952524354
-0,0135635391790005
0,0367589923982426
0,191973922237599
-0,0268809022885976
-0,163025566040849
-0,11139236833504
0,340127970224072
0,0201169925834138
-0,0742090645698149
0,378653761092561
0,117591877916228
-0,245182457862066
-0,122985839524753
0,16545887889284
-0,0339935066929252
-0,00182343101155015
-0,148395259266762
0,0580384046794549
-0,13506598727358
-0,156783625385831
0,170501135859723
0,136247416705819
0,00985849142455928
0,0709557973423108
0,0156420759651613
-0,0534627229435833
0,218558649829878
-0,0327197605033853
0,0197761960662048
0,00141911340443168
7,35484337936185E-08
8,40630816333236E-05
-0,000343999220203004
0,00279630508509428
0,00141874520089661
-0,00341792916082056
0,0397429419149649
0,110836945560162
0,200097244933354
0,336137677066949
-0,00208956322193122
-0,0450979018648106
0,195521050370912
-0,0776431377914039
-0,31874979408315
-0,0894349591503685
0,0817147078362616
0,216184165111604
0,481506197840383
0,101997751317041
-0,00273036405339921
0,261682992151235
-0,127297786026089
0,0337196655958242
0,123631831516785
-0,0228912355069917
0,0535115012439478
-0,0370956635954719
-0,049928620025942
-0,0123054419384401
0,124819608872026
0,216678921948173
0,120070850708931
0,0525451427297595
-0,0359319080104597
-0,026768754008867
0,0233484105279439
0,089841981459959
-0,0216796563989362
0,00413689198582246
-0,0754332145483447
0,188407790597473
-0,0656970890581387
-0,0592323966496287
-0,16548728225373
-0,176780688424252
-0,0300239935671318
0,0404893115016619
-0,139922545531754
-0,185605891665439
-0,0674966436329148
-0,0745914277246333
0,0492755116779961
-0,0453040569045875
-0,0382512832444878
0,0152392616461586
0,0165939030699973
0,000416621823000654
-0,0212060328116752
0,0249143155121863
0,0179542733828522
-0,00217080158984171
0,000716873135507644
0,000378734358511529
1,41983639500035E-11
2,71601157382824E-05
-0,00213665631583799
0,0013773714217509
-0,000665311980616263
-0,0793383011958385
0,0167217781125302
0,00245975805587139
0,0146636893995089
0,00320091965829781
0,0042246206208347
-0,0320621965408296
-0,0253651596224626
0,00171259060242127
-0,0181612602289352
-0,0166389436999314
-0,0257993234613563
-0,0160629630634661
-0,0130262791060136
0,0436212815202568
-0,0679813430442429
-0,0277580321487189
0,023435126734293
0,0511116661769649
-0,157286731470662
0,264015853806445
0,202333704917004
-0,0996350159814461
0,0251791976440041
-0,225021893248665
-0,101130761992379
0,0987709999407121
0,0581915908853408
-0,301372302101181
-0,405997665715284
0,1351999238174
-0,0861350436640858
0,169768182020991
-0,0589955293621358
0,0782351812234493
0,00461260679905355
-0,0425524023788109
0,0137714930358641
-0,00554908309826433
0,113937837488723
-0,0416066426433204
-0,0930153949840887
0,00421884583753889
-0,0849694495389007
-0,0216032808468252
-0,0173036105013401
0,0147394914603211
0,0627506819030922
-0,0998859326394106
0,100518717456071
-0,371821384278578
-0,23585082795482
-0,187001114755673
0,349286190208389
0,144055996052853
0,101527129386276
0,00190017174492745
0,00650628639286809
-0,00111522358759254
8,44125731835301E-09
0,00154321337971809
-0,000113213253648597
0,0133076893028161
-0,00224429881797003
-0,0101131700456918
0,0252314553867199
0,0285948962309092
0,00803256391130206
-0,055851703147727
-0,0740181552314989
-0,0299120692020518
0,175131419235272
-0,0785930192586168
0,130223368640014
-0,190102367405939
-0,0900189979590178
-0,217677372965928
0,110852080693704
0,362977768283014
-0,13012562844639
-0,160677159121356
-0,0705739033809516
0,115605010025619
0,0454070199719774
0,206203359495913
-0,0277410181573345
0,104529923687415
-0,0990633033619474
0,0157396388450148
-0,165928391976622
-0,0288627914890363
0,1447555842656
0,107636321163648
0,237973832995545
-0,296309094261084
-0,0099000028106145
-0,0939503567256109
0,0436515298061253
-0,0655854771867452
0,149502594096722
-0,0176386043047034
0,00369313175221143
-0,0362846827863117
-0,155383784038881
0,147025277904286
-0,0673116489503233
0,161625626359296
-0,198573995228333
-0,00187083797285039
0,00317210714159949
-0,0315989410978328
-0,107631339784927
0,234550796186517
0,11606182006991
0,000780086285986063
-0,274507009860523
0,0744161573633861
0,139854732984912
0,172118389026634
0,0152935632471159
0,0098303051145399
-0,000505039333205699
-0,000953451917035108
0,000349805802481324
0,00101929450385465
-0,000891751345633963
0,000434670813915311
0,00466644297028924
-0,00225867449955468
0,0256794093579038
0,197010194251271
0,0605234489960662
0,179822994685272
-0,145898852670556
0,105403912256904
-0,0903386129443192
-0,0702463546130345
0,0929348734817261
0,160896005588671
0,0601536085600797
-0,0558312488136632
0,0749682470440729
0,0323814059410213
0,374268852577731
-0,264285340004087
0,219058064619564
0,248945456948141
-0,118504721666052
0,0364456557161456
-0,044667548841963
0,00180745914582842
0,0690512375327104
0,0373030918208642
-0,0127972016184119
-0,107617955978182
-0,0147870040139247
-0,0311098619347166
0,106924088273759
0,0774174416710966
-0,408405291581211
-0,0320657825577792
0,253955964587823
0,193397358797116
-0,128752232143386
0,0844276258826804
0,0572836214705951
0,15883273540859
-0,123691751996618
-0,135204527808685
-0,127238522520418
0,108058458613318
-0,0196312148878936
-0,135760701067262
-0,0453165291400697
0,132767611353146
0,127508435575499
-0,0457459203148066
0,0208330492701423
0,0998490147969973
-0,0108607911727845
0,028635274398636
0,0198586778725625
-0,00183564141510195
0,0720778764117
-0,0113498024989654
8,25037850985013E-05
0,00381819797130942
4,36300520766345E-08
0,0185551506557017
-6,44241964352667E-05
-0,00129721316889946
0,00180068924039295
-0,000455907679868188
0,00469776586997665
0,08658870235057
-0,0419060408398451
-0,036945056538341
0,035510619415843
-0,0400699263253921
0,0463552460174105
0,00508579894808674
0,12290802314038
-0,232434127857798
-0,22273456133616
0,348404957715764
-0,0504536635459395
-0,0135047848915735
0,154666023344276
-0,0354541400083517
0,136369390432136
0,0103872609930068
-0,0314210667834157
-0,0402421583763175
-0,349682793073152
-0,575574218620265
-0,159910964408705
-0,0863831368738695
-0,196471001746404
0,113099127338902
0,0459090225594505
0,0289162795438453
0,0238083035984852
-0,00860640083229413
-0,0213513763359062
-0,0123717242320011
-0,00943955821000157
-0,135371754737987
0,0405220797569861
0,211951570266009
0,237958611719585
-0,0621481275018015
0,0684025428904321
0,0208303761690577
-0,0930870306950208
0,023417902380108
0,012720348855249
0,0569674873937724
0,0175306488555393
-0,0469341860801293
-0,0593031648140835
0,0139505039342523
-0,0396096874505636
0,002364588759471
0,0057017120749905
-0,0304267157499067
0,0122557860044314
-0,017350002193833
0,00567332351631971
-0,000829304660899921
0,000155811014173948
0,000162303620993688
3,06263403910873E-12
1,49477457723832E-07
-1,47716138612281E-06
9,48988587130959E-06
1,41516645919271E-05
-0,000104924376151281
0,000977436068556058
0,00127441942809295
0,00366177802288
0,00361399389736745
0,00122552469254836
-0,00213978166343717
0,0016040764640544
0,00287957209830122
-0,0103662186689249
-0,00413797355687994
-0,00435682911267186
-0,00121893101537801
0,00928961758025318
-0,000172121170858107
-0,00568322989705022
0,0186579950343858
0,0153843633797774
0,00813447518047698
-0,028160213997574
-0,00486583408618438
-0,00995813704547672
0,00690912211204076
0,0162447068341688
-0,0116606291480279
-0,0476356305936188
-0,0832532445266699
-0,0320248591813785
-0,0423869331400356
0,0119496924075756
-0,024086758634187
0,0293684725226493
-0,0231785352965612
-0,0125355122944
-0,020754736737411
-0,0460862183651501
0,0283648160903275
-0,013499659677558
-0,0128648911642806
0,00914045232704266
0,0607605857860752
0,0336704123789878
-0,0379810473855285
0,0439059640201101
-0,00745380136299886
0,0411421697586289
-0,0164584696833494
-0,0419187340556781
-0,0594291518998302
-0,0244284205340178
0,212810433084898
0,448988470840289
-0,166934963109401
0,0940247639152482
0,804146717133113
0,182010855823831
0,00610875052121339
0,00862103430915663
-0,00197312862348942
6,90655852865892E-05
0,00114791937522383
-0,173047215870845
0,0856428690366324
-0,00223188443539442
0,00849903337275287
0,0084128305355853
0,0602657049038745
0,0721359168643635
0,09375001418313
0,324577589857321
-0,0837286562456398
-0,130763812096896
-0,222291844007055
0,0898921493389051
-0,0466835460278533
0,0872912500427243
-0,166083915680863
-0,0982188611246223
0,0650670222988463
0,216435715714026
0,058844164282186
0,21708933752857
-0,257981164061838
0,17421440352068
-0,0050045615129853
0,0425037062570343
0,0756727360113574
-0,341593638271569
-0,102572333003481
-0,0461636967879058
-0,0197530102557015
0,117016027079572
-0,211480047552893
0,0526084344603192
-0,02751737129984
-0,00239464010276471
-0,158639814278744
0,0616629666314006
-0,188214086067161
-0,0702016038308746
-0,0642143487971171
-0,159376526043433
-0,096188783233086
0,0632485741330305
-0,0155798290116865
-0,0484386390612576
-0,0425344908523533
-0,0474479479711537
0,042280580486914
-0,319738750812892
-0,20108808536492
0,203114342637794
-0,0756428167705063
-0,0391760132000113
0,019042256421306
-0,00762630126199535
0,0206487710469524
-0,0168054615357067
0,00600077875467786
0,0157525575359469
-0,00348656798970207
-0,00261991521232004
0,00210318302006239
3,24463727887587E-09
1,95167028045093E-05
-0,000743227356299286
0,00143434330799923
0,00215150422483304
-0,00765484440954665
0,0362197735198984
0,023698424976718
0,0804693576201387
0,0266647277318455
0,0491878380837811
-0,00446620340327228
-0,0586613474137409
0,0746589010032729
-0,0827589233118403
-0,111428999347864
-0,124323230037794
-0,135079017379612
-0,190863265522195
-0,128227292318774
0,169985464764062
0,00028721799216742
-0,440530699729364
0,290488777270699
0,236818241484358
-0,0479375183399526
0,0972777201527985
-0,0876832861579117
-0,161125632842693
-0,0649137858115634
-0,00376518533801935
-0,152853825751145
-0,0214612947460982
-0,0379096340885685
0,0101031604381043
-0,0153747603980889
-0,238573951475688
-0,107926670729451
-0,198057763671021
0,134484274158629
-0,238873003659918
0,0114036972384284
0,0710400024192149
-0,253360362230445
-0,118938445573842
0,100377732122518
0,103152740239877
-0,0777565966817568
-0,01617450645305
-0,0117002149366544
0,139319805071933
-0,0652694903423771
0,138524237432799
0,150236374914186
-0,10588028588442
-0,141477256590676
-0,0485918672784427
-0,12936415609923
-0,154848850231488
0,0354644939760956
0,00293580585101672
0,00703295428635021
0,0137506268208846
-0,00790138308824766
5,48761378234977E-09
8,91403713914541E-05
-5,63547380778882E-05
0,00867850116772506
-0,00162754370402294
-0,0149088203443521
0,0043255657866087
0,00128878861966438
0,0046511061165324
-0,0131218102328428
-0,0369416634042058
-0,0172311195954647
0,0341654781312232
0,0432302391591754
0,0380736418838755
-0,0856546043597479
0,0667279143379232
-0,0643437424328016
0,0719425178381067
-0,0949489118356484
0,0347179469143764
-0,0501070864209653
0,0317952764774395
-0,0604747367361906
0,0377282987588246
-0,119526486453543
-0,0898562311386162
0,0332956231190852
-0,0268778331004542
0,00785527208500959
0,0296636372212652
0,00260098231962682
-0,124486373786398
-0,0191169617245412
-0,398332183140749
-0,259153079048668
-0,110338274838928
-0,0288635929937993
-0,00764182875732083
0,0207403475346911
0,00830430780241661
-0,0114151590658315
-0,00568263836028322
0,0174422214394706
-0,0250614948125885
0,0217777208771006
-0,0145272653993847
0,0926827899196765
-0,0683985877915513
0,0387913672963683
-0,0565573723519649
-0,0117938888754844
-0,0730503742181847
-0,0857206926566004
0,233921000503558
0,377819254719213
-0,208089887814375
-0,475658489149304
-0,157192434147461
0,029028631877556
-0,379496675286375
-0,0617089426997553
-0,00393181818684753
0,00508711695214619
2,08907428066082E-05
0,111784181562622
-0,00213863060418905
0,203041143390667
-0,0306124883367158
0,00349350654897864
0,0211727392562564
-0,00168566512052065
0,00163623576749931
-0,0387916163371377
-0,086349743870038
-0,0384875306630533
0,272332846652283
-0,0858509237035618
-0,0447192108121908
0,0223348769554282
-0,0718433115109028
-0,12073419777166
-0,0737838377246036
-0,0589250014526273
-0,0101276444397482
-0,0592091599620209
0,0438884556846195
0,0667645556289993
-0,0518253271749875
0,0647258788239543
0,158946012504521
-0,166031762406609
0,188173382622932
-0,0521748703296989
0,229836333143166
0,00249174553507262
-0,0258809699224354
-0,00420778022801397
0,179981709655668
-0,194559029627438
0,0878286461277536
-0,229350328323151
0,102673838423927
-0,049638480988215
0,0483082838195595
-0,0361612587289845
0,0907381937077407
-0,0519039792963934
0,104094096334236
-0,148882835735978
0,0894933467723467
0,0640540495171169
0,00460811589826333
-0,0694613639971598
0,11695445985901
-0,333460442910268
0,206876066145615
-0,0577712999755326
0,0980477576174076
0,0233204409424318
0,236577722217343
-0,30355833969858
0,243656112360211
-0,243207458262665
0,0658948537751872
-0,0113681801138677
0,00441755680211551
0,00184194906735846
6,93059609731593E-08
2,39819370803215E-05
-1,26071037126524E-05
6,53811277311893E-06
0,000157042712178471
-0,000119380957744543
0,0016718963648245
0,0165256237926208
0,00581416573295067
0,0196120008291629
-0,0218568486521757
0,0184833371413988
-0,0210591785184033
-0,0186425386277862
0,0432513689213696
0,0374057458125411
-0,00876292452995592
-0,0224727054557192
0,0427362340529439
-0,0513079757339888
0,0791812278299958
-0,00712182791832289
0,135822384387742
0,228116607204555
-0,0158976458618831
0,0802041548084343
-0,0306047149473418
0,0111087484858565
-0,0805978687525393
0,114002442491033
0,0843556279251767
-0,0322411950710246
0,0294731758353785
-0,0114755013505113
0,0025366633221083
-0,00678628066796667
-0,0913755842481029
0,0917265228251875
0,0314527197955693
0,0777427580614794
0,0652378400889344
0,241763737843908
-0,266343679968548
0,191777423720816
0,125576342252057
-0,0763845479438319
0,306900641454524
-0,259372160030624
-0,265011779030677
0,315513414252953
0,0169527357859296
-0,381513334663122
-0,355733810200447
0,0496805005754016
0,00509208219653394
-0,189599387830607
0,0586753647686613
-0,0131076386899426
-0,0634328843251541
0,0207330389263885
-0,0994274734353617
0,0162982456706872
0,0042047248840059
0,00134758972252399
3,0703978574729E-08
0,000301748631001505
-0,00382114933191677
0,00282259591935724
0,0165250016994177
0,000257761947940455
0,00188904855419738
0,0332669626784415
-0,00898979848658547
-0,00535023495624414
0,0843690078444806
-0,0656213197845587
0,0450776483699851
0,0803978411800958
0,115289326647305
0,0270496136440895
-0,0349079630567796
0,0761283486256657
0,0496913019292163
0,00798212605918078
0,0752584870993829
-0,00426727465796142
-0,0461258884563728
0,0460840148409478
-0,0420021360053656
-0,000528769424233359
-0,201740736302726
-0,283780110362672
0,0663014382984879
-0,0460009965613242
-0,103438607351102
0,133145194976596
0,00814555469393719
-0,0629821429826711
0,0920249817391938
-0,156479353990425
0,153649413661571
-0,00247311568265757
-0,0565272850128948
0,345957470589824
-0,136215555986685
-0,540319803450526
-0,489167728122337
0,102461676092628
-0,124204214241311
-0,07144390599278
0,114335454737322
-0,0171031151593066
-0,00323433700041799
-0,0676481462344503
-0,00865326527339379
0,0263188580688506
0,0412975197925565
-0,0144534113057706
0,0219782784000122
0,00193580938851909
0,00462195456791873
0,0273212564051223
0,0114506626852725
0,0137632898709659
-0,024506721899383
0,00297016395675071
-0,00313452254423314
0,000463059186248979
2,34789942133509E-06
0,00212339621594789
-0,000577616204112747
0,0228004737418813
0,00411840608974531
-0,00655550541341535
0,00590944516262613
-0,00143263374293526
-0,00151294259712926
0,00260570323958763
0,078584143528958
0,153804852210963
0,0548184034335466
0,0193634533737934
0,0159228769156044
0,015330958428016
0,00233237394273795
0,0150101840209816
0,0124738455947792
-0,00496601664266442
-0,049390681715167
-0,032339794076364
-0,0502186023851301
0,0691279369411939
-0,265186567026627
-0,156589953991254
0,002724592160738
0,127338404864013
-0,24384328093985
-0,186644040117311
0,00600615011563441
0,257594565620776
-0,30230468534774
-0,0734805479015115
0,243881120564544
-0,155083047213211
-0,190017287460478
0,347093498010182
-0,148142272213213
-0,200466610776856
-0,0540429181603288
-0,12099063747817
0,199422879132346
0,195530877536811
-0,0370636125212234
0,12902351169047
0,215608499218882
-0,119361712200378
-0,00700990717716878
-0,125399762261222
0,0201772097611793
-0,152300507679645
0,129752706313695
-0,164265731176311
0,0915761774149545
0,0494862100661999
-0,0564430683328429
0,10135004227874
0,0290874842427745
0,0204059933277588
-0,0169902702479694
-0,00148549805466946
-0,016559330405884
0,00755067259578732
3,76614493756813E-06
0,000348948996717878
-0,00997455069538646
0,0435190444955934
0,0083378389288985
0,000951885188524669
0,0152466738622109
0,0302955702544733
0,0570921325305832
0,0571991826303951
0,210274807295769
-0,0824834800531855
-0,0750526733457
-0,127592190928725
0,0675839815637464
-0,0550481925565343
0,0546392382782753
-0,123030759522488
-0,053579071271042
0,0387044498396233
0,0984526538102216
0,0270264603051662
0,173447068615011
-0,195009818469845
0,113320138216162
0,151957009085678
0,165911707954736
-0,0723487343601639
-0,143309705008876
0,0609678726781172
-0,104693032675187
0,0293015371722581
-0,425914297154976
0,289334703452537
0,00884140836252397
0,0187349698996106
0,138724049255801
0,0975205015639545
-0,0625240380984534
0,0445991598313419
-0,204502343010519
0,159944872391556
-0,0697232252968344
0,0725618229141743
-0,0783135498243722
-0,101492918126051
0,00777426048026004
-0,0341576493954336
-0,0533889485919882
-0,160254282594591
0,406297696686694
0,180089484054497
-0,13636244995066
0,126564750141686
0,101998024804872
-0,0280002862894734
0,0218540084650667
-0,100896941481123
0,147284694500402
-0,0636053441912951
0,017183780807064
-0,000360332033625602
0,00231230546338456
-0,000328133888055047
7,32236707872678E-10
1,07310584499859E-05
-7,2456700669896E-06
0,0011447046554608
-0,000214534620091101
-0,00188714849935898
-0,000293613836811678
0,000153924613002235
-3,12113713536529E-05
-0,000606631699373777
-0,00457575839312756
-0,00202758365942024
0,00333897308912025
0,00688522328295236
0,00487326176987521
-0,0120600752779137
0,0089834682030324
-0,00795570058786267
0,00951251934068307
-0,0138292571787457
0,00407963348370273
-0,00714999129209001
0,00344327903575358
-0,00856906665986028
0,00364685593060179
-0,0130211146508856
-0,00990474177449946
0,0046642104548648
-0,0038498933228227
0,00199336151581456
0,00224571768624598
0,000362329642362019
-0,0122373288681086
-0,000378804203370766
-0,0488523625841086
-0,0405999472684828
-0,0150593197004781
-0,00389170280216502
-0,00044728797010126
0,00296656990484084
-0,00336012671836258
-0,00054034565223095
0,000811169706978305
0,00290563616128057
0,0131104469697304
-0,00590483354420481
-0,000295196293084195
0,0134975935277491
-0,0021783350950906
-0,00464047408704275
-0,0103073141990704
0,00170443199803113
-0,0112834637524194
-0,0126696761555557
0,0316274122657575
0,0410568709302492
-0,0147111031836227
-0,0357139411931561
-0,0359461019717037
-0,0308426186868623
0,091537434655605
0,960031220933454
-0,231530645662486
-0,0591684400073582
2,34772607103882E-10
0,000517982271641475
-0,000663132726226332
0,00228197893141068
0,00187214556596454
-0,0450215882051255
0,304437919570741
0,07965613684169
0,317819070889202
-0,0307191134802363
0,0112758993867363
-0,0219559855780295
-0,166044773011666
0,160032506250864
-0,0587670926386894
-0,0752297498606991
-0,164474112310303
-0,0865220326533241
-0,226080525466787
-0,132073129091747
-0,195566455817819
-0,145771808663901
-0,0938657098588169
0,00778592305799313
-0,0647539464530644
-0,0343721078604669
-0,0861444653183773
0,0216584024699501
0,102195627322561
0,12650556671799
0,0542409621337178
0,208473025303946
0,168289386852682
-0,0868054932119163
0,0372884066105295
-0,104638124451617
0,141620048787414
0,0417698175445309
0,0606842774312023
-0,157199161856883
-0,268888434600971
0,298124575644259
-0,225054537338775
0,278850991459
0,0277039137753998
0,067065245984326
-0,156457972494111
-0,0201901540108992
-0,077177954379893
0,0231543204119657
-0,00606040448861735
0,0820953218842804
0,174287709179417
0,0388177317224021
0,0190007867099967
0,0899301165791706
-0,0189821019558088
-0,0154925885348409
0,0497615982645514
-0,02184265535729
0,034421091790616
-0,00519155779816319
-0,00132239788890738
0,00259646196524953
7,29192903113007E-09
0,000121359788218383
-0,000277609867403035
0,0142506390902284
-0,0027053258639416
-0,191438553145428
-0,0354430645262007
0,00522730533756182
0,00113128764472796
0,00767755531249194
-0,0517868804631574
-0,063440041962036
0,0149026827276442
0,0504656800840344
0,037330640956
-0,0911924603378979
0,0755231363569934
-0,0623333710822115
0,0680142831888845
-0,132779060602248
0,0279754111690677
-0,0746591840917752
0,0352919321269147
-0,0863580858188109
0,0405217092610902
-0,203721524053692
-0,150914516923499
0,0783186409248993
-0,0492366233771595
0,073794784241106
0,0501537765620411
0,00142580936164607
-0,129425423763335
0,064549021815628
-0,39973687508562
-0,459847853317958
-0,124924630249865
-0,06889997259126
0,0255065216643176
0,0194456256373268
-0,0453261443298978
0,0158657654318225
0,00201313047590088
-0,0129658627332115
0,105870336311479
0,000469804394822309
0,117753819004724
0,271594964961234
-0,0259770704714627
0,0140401296457931
0,0377750079868077
-0,0081269668823615
0,028894846667603
0,0210769085125964
-0,128119562892123
-0,233606096672039
0,147270441712911
0,328565267411756
0,110554125369378
-0,0282465606034666
0,279214127427113
-0,0494304467963212
0,026407981981356
0,00205135860074087
5,75874975353211E-08
0,0199393370241543
5,96229799910548E-05
-0,00186594550489262
0,000585652038267215
-0,000325837034244768
0,0048133861586045
0,0633857412487723
-0,0122770369000844
0,00761160312597523
-0,033348160754424
0,0268374142845395
-0,0568268091070739
-0,0231194442710806
0,0597921920424035
0,0282215496558513
-0,0355333997133941
-0,0315353480321404
0,0316601808621836
-0,0681853229318266
-0,137014986023585
0,112975839010179
-0,0174837573802949
-0,0731787061247545
0,141066369966029
-0,0546731334116534
-0,0025377970742252
-0,0349692136626127
0,0872273448255343
-0,259122211753577
-0,151948210154613
0,0516834109639386
-0,0497093411826061
0,0844508056106076
0,095562935232029
-0,0247655149041943
-0,266934028182751
0,0270592039334662
0,0745612313835751
0,117258138127745
0,361970463304496
0,275765449568651
-0,340880559656238
-0,100048694330563
0,150021452531415
0,14251079075246
0,159640934751924
-0,0487118151102609
0,118169860137185
-0,0936120733337124
0,0240492899574524
0,114990314104898
0,197115620620018
-0,0163898624450379
0,0183740993464741
0,0815002494051233
-0,0171615402792342
-0,012249410787735
0,0800841885238616
-0,0309686764251766
-0,0176646235296002
0,086853746684954
0,40517947149897
-0,196402949120881
4,68559321750771E-08
0,000705549965208274
-0,000151894857757021
0,00149279760910141
0,00129945834250369
-0,0010438919155068
0,00849718670799002
0,101861592734492
-0,0392368076044391
-0,037208796379631
0,0461497589649104
-0,0320360407924429
0,0596964352573255
-0,0811221681637393
0,137356708865375
-0,358326967476115
-0,262240655567112
0,398912678417216
-0,0928912092321608
-0,0185299942948987
0,114271030168928
-0,132658849548125
0,200535866580617
0,193392189061084
0,208312161332768
-0,105590257034481
0,203220163910449
0,448951947721004
0,272911852483723
-0,230750323865838
-0,037276739079613
0,041416994363212
-0,0151347069972835
0,107435642174744
-0,033908277733828
-0,00568503702696675
0,0630192594898778
0,0644604927717937
-0,0441577613358386
-0,0058202141020991
-0,0799376930788504
-0,086886935945901
-0,0696155069084909
-0,0176133736115923
0,023442248264821
-0,0360265297686524
-0,0472731721740349
-0,0195616046658855
-0,0188166654820556
-0,00347725789814137
-0,0110649122439745
-0,0311202542746808
-0,010888118183084
-0,0233903470052876
-0,0489038170817441
0,000438408541058167
0,024166370839699
-0,0144607851914466
-0,0222612887180283
-0,0156872564744123
0,00214610436863727
-0,00143845608992009
0,000105780826957432
0,000173491566024272
5,43688253100479E-12
1,14705015010386E-05
-5,10829665810297E-06
2,8595356914206E-05
6,49449263184987E-05
-8,1968603178553E-05
0,000707933199040496
0,00274952066059655
0,00471922724855277
0,00872668711546607
0,000647570287443915
-0,00207120962928684
0,00686001148192911
-0,00174032815807013
-0,0133499577904811
-0,00713969619390417
-0,00013642041050632
0,0105837051667555
0,023911472266126
0,0019301496632155
0,0189300250834968
0,0244510720473367
-0,0481981208076817
0,0284723426587691
0,0338056194045333
-0,00923412326928578
0,0135966665339622
-0,0312318318489855
-0,0368997366067645
-0,032819605783035
0,00249437565779019
-0,00867310310169272
-0,00818571167242379
0,0123043252186211
-0,0395141090452835
-0,0430649794951056
0,145192130390972
0,223823880593788
0,537771984949377
-0,0232461440762892
-0,0675982969475356
-0,0835915538804337
0,00799446994355238
-0,109874180854681
0,0195987720172735
0,174572456872411
0,0295469174464019
-0,121194109397518
0,0892180476420788
0,00706882067842058
0,0245615474486232
-0,0398805933643665
-0,0965756466295767
0,000507551724374991
0,27525558498096
-0,0247588033787272
-0,12172908435054
-0,158993135738939
-0,350287746482269
-0,0555271380554175
0,531978330244893
-0,0610412928803163
0,080564456996722
-0,0158013430978888
5,08275246135194E-09
0,000411083838716044
-0,000666768288769589
0,00862606629908873
0,00777212833136237
-0,00196708295766822
0,00832954048099045
0,0059830955516577
0,0205333553343376
0,0162310853017531
0,103216334805566
0,0086383892042344
-0,0161558540901915
-0,232697798853581
0,0410219416617928
-0,10372662453678
0,140183636671267
-0,0198930654810207
-0,0166447724274656
-0,111790880599497
-0,125000686590867
-0,086746712473118
-0,109138395887701
0,0863093220180177
-0,171524009448116
0,10168645015132
-0,0218552332451586
-0,15014159811325
0,197818881586415
0,0707981058574002
0,00770132057987727
-0,107256003297894
-0,239567054196963
0,446693764481363
-0,0725340198908362
0,0893992356507852
0,0302437783919585
0,119883276529341
-0,0599585843210861
0,0239217625180376
-0,107097552685543
0,0638448381366941
-0,058810987828748
-0,0872471798136004
-0,0733370908786885
-0,0345395877775821
-0,0347772841548583
0,021768549280842
0,191961176921646
0,184978140692377
-0,420820323620038
-0,251883989863328
0,203489995008708
0,052024768801909
0,0499520430156619
0,0107788973422477
-0,148362059381373
0,088277365700501
0,0400496105956531
0,11453471894307
0,0154042632328594
0,00191194164700831
-0,00755472709374368
0,00344123103051661
8,5710778494695E-09
0,000136164947891599
-8,23461836499473E-05
0,0134808604204103
-0,0024570314632668
-0,00717765279418342
0,00453557823810579
0,020727604178559
0,0301018296403975
0,0526844669394246
-0,102765415555803
0,00245941269737959
0,0845821899958275
0,139779963726593
0,159564739621169
-0,173651763018811
0,311034519441321
-0,00573056629421101
-0,23913371575184
0,0607029058805795
-0,00174470009224488
0,291817847036153
0,0573592577986142
0,0792052065218017
-0,027519120822893
-0,0171069020988681
-0,00104204635910208
0,0027817885359408
0,0235403314571939
-0,0181145854684239
-0,0162174681936062
0,0480392984303504
0,0654448889490346
-0,0209995428582848
0,130417455170109
0,275144489424859
0,000761030418083681
0,106753240980988
0,00410738634884038
0,00212291092403625
-0,198421103469089
0,0287216908502075
-0,0505146193507789
-0,0590974412167292
0,119595641491211
0,11069921411168
0,260351868160523
0,601891028532971
-0,128300330510059
0,0757269788179608
0,0217586064200121
-0,0192097200964505
-0,0292036022230169
-0,0494398723801708
0,0511681863179246
0,0584392697347826
-0,00815266891854308
-0,0377156488114867
-0,0121435986416652
-0,0124170516707417
0,00196612862917043
0,000611136182655255
0,000348344305320426
-0,000157518253646355
4,54181020829253E-11
0,000123448292662927
-0,000252026444245996
0,00161971208158852
0,00114334644468603
-0,0584320907403101
0,121196657141753
0,00492921061472954
0,101615315276142
-0,0777603035518557
0,0863527266320053
0,211972061416195
0,0144268503530447
0,0829508670985545
-0,0224235376419766
-0,0286616955766751
-0,0387265620162733
-0,016687934335828
-0,0238943676720957
-0,0173913200499161
0,0535666573187959
0,0280874300290317
-0,0457596300364749
0,0017802749255758
0,160636834744899
0,0915443185656079
-0,0152640810704097
-0,0438754244290636
0,100187996188865
0,107162739487013
0,0417771517187204
-0,0256717341131331
0,0574704541802977
0,012713553947601
0,00486503167210532
-0,0140288390575343
-0,149217660590808
-0,0507238110998104
-0,0350876558098997
0,0124574822402646
-0,187095914965133
-0,00852273943108042
-0,011271128995958
-0,280772889824515
0,0613429993997423
0,152154454231232
0,0183842894412596
-0,144144625627529
0,0797960820084023
-0,189008016386155
-0,168448095962031
-0,00745345066770003
-0,428103073522979
-0,333827799936467
0,286570428880839
0,144461950585977
0,0415869527154104
0,225817835028533
0,331632301280119
-0,109363715462104
-0,0106793888084889
-0,0128283661909796
-0,02574371060437
0,0144641183321845
5,8498067238524E-10
2,02350552039121E-07
-1,06366843415604E-07
5,51435492003853E-08
1,32435354589146E-06
-1,00644707682173E-06
1,40917848199424E-05
0,000139237601012649
4,8977645267742E-05
0,000165170162339177
-0,000184027703708576
0,000155583222309562
-0,000177232717229212
-0,000156847596092894
0,000363842281213591
0,000314654248759705
-7,36985158496517E-05
-0,000188972546577406
0,000359127812246865
-0,000430976687112757
0,000664716874977383
-5,97758893537346E-05
0,00113961584189447
0,00191320859442065
-0,000133272365446575
0,000672219446313359
-0,000256409822194017
9,3061195165474E-05
-0,000674898371824719
0,000953681659129974
0,000705391653245519
-0,000269295734740787
0,000245824395452592
-9,56510392790487E-05
2,11119730198741E-05
-5,6420594164281E-05
-0,000758894727099447
0,000761251553808454
0,000260536509231156
0,000641500748638634
0,000537149945860237
0,00198262833342607
-0,00217905912807303
0,00155380542118117
0,00101492831108263
-0,000614104413594031
0,00245675774096615
-0,00205934491533165
-0,00207240750233788
0,00239270531493857
0,000123013265741885
-0,00264316897010508
-0,00237405204886304
0,000285151397889457
1,90746512689249E-05
4,6600750296792E-05
-0,000149848811293545
9,19464424610632E-05
0,00139858772037251
-0,000826658122152478
0,0171535570325186
-0,15463386713822
-0,404140339754815
-0,901335613806387
