0,999802213326126
-0,000745554824906867
0,00135618212216783
-0,0172793287741573
0,00291616164458483
-0,00202067976133959
0,000475258335837877
-0,000572368081005263
0,000427299569044378
-0,000265764323903267
0,00280892955932436
-0,000439160587598964
0,00144081809365016
-0,00134480908200988
0,00182283360355129
-0,000315298920112567
0,0020336773734933
-0,00446346487029903
0,00079288979126207
-0,00119944499183961
0,00191880557936754
-0,000492757324250327
0,000964704029470925
-0,000487976331215933
0,00101982232419407
-0,00172776838202262
0,000302590228703725
-0,000762084664385555
0,000397377128154165
-0,000163301731258128
0,00184897386305844
-6,81762782030977E-05
0,00150653168947542
-0,00103810353272311
0,00169539614670969
-0,00163307640458073
0,000392426946720123
-0,000540529450679723
0,00033067180836181
-0,00113944551959276
0,00020681341559733
-0,000477916290357728
0,000242746764675174
-0,000288124453128199
0,000118330220892649
-6,4836204562166E-05
0,00103759722107524
0,00218295113879215
0,000136610952415313
-0,000295578306635575
0,00108173797107741
-0,0013843753775839
0,00118914417845635
-0,000600467965670675
1,14515245704671E-07
-0,000763905542106795
0,000116818401486938
-0,00166339085166022
0,00033465919263474
-0,000843340502044993
0,000290446516810781
-3,47645788550614E-05
6,21843616326834E-06
1,02861828261124E-05
5,019986665385E-07
0,962768337661892
0,0160216379417502
-0,0760431557531447
0,00274426874514379
0,0121647789076751
0,0182015650440156
-0,041458731641655
0,0301839729302511
-0,0307248418664525
-0,0214176487445078
-0,00218667915234349
-0,0369582175880491
0,00585249144233151
0,0462504028726439
-0,0172600264787298
0,0241234094514753
0,0232259033396056
-0,000593918036698884
0,0226902069919925
-0,00549364414869753
-0,0267769878121928
-0,00106849517770652
0,00456176886009553
0,00683240525937585
0,0241576798749028
-0,0622970794463265
-0,00131539858009789
-0,0112498243668306
-0,0535401925558604
-0,0490925598707047
-0,0501865085896397
0,01718286644378
0,0339280638578992
0,00526925586506768
0,130164926763238
-0,0509912741799527
-0,0523315200769288
0,0420176654603836
-0,0365157801969995
0,00585833174925483
-0,0770422307418078
-0,0236310787326888
0,0288184402560608
0,0331443968542554
-0,0256105970737431
0,0143182957212799
-0,0348725931245172
-0,000663138827229278
0,00810841823816721
-0,00819799533622859
0,0413512852240297
-0,0293824937501901
0,0290990851701971
0,00894059553926715
0,020392912249397
-0,019096136300561
0,0384071128513879
-0,00891623515081576
0,0206867269913358
-0,00706486868309184
0,00077215439209809
-0,00015049099794333
-0,000242119854786079
3,55408720294404E-07
0,00780984419079057
-0,891432509716212
-0,152370248929082
-0,230344931479466
0,0207562184169279
0,0266221388714603
-0,0019842320291197
-0,02677161535107
0,146363145199793
-0,018231793018536
-0,0457696303915177
0,0264933379983239
-0,0920340815069978
-0,0960844124621769
-0,10825173618109
-0,0264014194943028
0,0633366353568065
0,0593634785792278
-0,0473298725624976
-0,0199000582379361
0,0441684038004533
-0,0283439653402943
0,0547268349919167
0,00276950583562778
0,0184447836132824
-0,0902715174239717
0,0316837106131038
-0,0125000234578822
-0,0354713015463336
0,00335118504444703
-0,0209900251736802
-0,0805898517875869
0,0283078978848647
0,0316699757448952
-0,0260532929882881
0,000513443484639738
0,00576805448358082
-0,00815448399261477
0,0466430040088766
-0,00307827091083028
0,0213889862135404
0,0357706448583669
0,0394458881593907
0,00579702088585313
0,0119447897945629
0,00641782419172382
-0,0157722213337926
-0,00426322777333054
-0,0139286990563677
-0,00490193058509201
0,141741006252035
0,0302247360029769
-0,0284927644843757
0,0165543178590592
-0,0818620953370701
-0,0170785332178525
0,00330068628831957
0,0266519851482798
0,000473970287894874
-0,0113592989041233
0,00145055223666971
0,000276282947676191
-0,000434147531566545
0,0198464654741367
0,0353066697518374
-0,0661544076698381
0,867669904510731
-0,150969463027485
0,107953708786537
-0,0116342987697633
-0,00768843421418672
-0,00786070094961611
0,00779053777499495
-0,141855572113919
0,0102482201092777
-0,0832353691184782
0,0453465603802972
-0,0893135476999761
0,0321042713985415
-0,102935314970904
0,224753989911958
-0,0499466202454396
0,0429818168547641
-0,115820087388473
0,021768844420477
-0,0510373123048538
0,0218762917045583
-0,0534459986277642
0,0905470837138151
-0,0153076685803009
0,0336632075975251
-0,0325945730977008
0,00743553255242669
-0,0840156541561522
-0,00744558156812322
-0,0757772986612868
0,0431182440914017
-0,0835667534053316
0,0786995994106717
-0,0189697179352254
0,0285145606647235
-0,011787180891273
0,0580053209026549
-0,0136349827147137
0,0226934369698543
-0,0103711996986437
0,0139184970556293
-0,00726838404287311
0,00829977222161681
-0,0515262398736484
-0,107256738463223
-0,00624850077921201
0,0160474910645062
-0,0579254001238602
0,0709595376641576
-0,0616966395102817
0,0296936071991475
-0,000499113739808879
0,0375310400020408
-0,00686472498193148
0,0845770469752073
-0,0172516181362221
0,0428171333728939
-0,0146390133768547
0,00176228427075462
-0,000314853929011883
-0,000522154052118153
3,90827941908761E-07
0,00299636405270973
-0,0929245262911636
0,0922452360960756
0,788459152110406
0,000449095996982717
0,0458808527909035
-0,0756648303185241
-0,0397329570181561
0,203222741267779
-0,062170773547315
0,0129870231832352
-0,000330740423764934
-0,1539367790683
0,00042248504295818
-0,202277885806166
-0,1314647645108
0,108633990249292
0,104108660596178
0,0536157439428862
-0,0514742981781766
-0,0513505154203899
0,108952075178432
0,0600644559866678
0,0590396604897957
-0,059647291913023
-0,295539808596149
-0,0627971063120302
-0,125728550143943
-0,0286970875800956
0,0180518904131855
-0,00648042156567053
-0,0870237661251145
-0,130835037079127
0,0557732043299378
-0,0279844756416831
0,0107684006945061
-0,00543436608953988
-0,0659503762375879
0,114247781879177
0,0170325752700263
0,00301522416249075
0,0461995367997943
-0,0146409844714849
-0,0422755290469293
0,0108179145483931
0,00299008647743214
-0,000886378073954581
0,0273274722619833
0,0309287406091514
-0,0468542888030034
-0,0486861746353297
0,0402604426036143
0,0212135826289451
0,0363371576149274
0,0228649840602749
0,0115632266862513
0,0380239951607496
-0,0058456806809815
0,0208471855965572
-0,00228117253843624
0,00057009305304491
-0,000281695320367464
-8,36365699900499E-05
1,818637317736E-08
0,000942271431689776
-0,0063382970832516
0,0439786070809115
-0,0188746669733671
-0,690498888534819
0,598540339332849
0,112177931740562
0,101129460783157
-0,0508543833184669
0,0248345920165952
0,0459683360570936
-0,00881019646714709
0,0731828430620662
0,0758967869030885
0,0401852202949132
-0,100415533350833
0,150769024329447
0,0231773789845712
0,0403273259625027
-0,0862392035980628
0,025296923702171
-0,0145049058785321
0,0167451053931115
-0,0585063938599957
0,0605428844004479
0,0203425264724977
0,0297256287039064
-0,0249033967180341
-0,0307736202792374
-0,0257127505550506
0,0124209389528484
-0,0109286794867618
0,0618791174073274
0,118694834771355
-0,107358097205965
0,0431556324996569
-0,100522798533453
0,0114858217997589
-0,010996257535792
0,00938181948229408
-0,00356315551192805
0,0106165634270464
-0,0167479836546756
0,0252041888040313
-0,0375599338867411
0,04948625072375
0,00339999680033375
0,00187335579152866
0,00818511218001376
0,00187947370898589
0,00436429954611912
-0,00768630145715698
0,00888017351179432
-0,0380558349125379
-0,0525813654572956
0,118245121129622
0,0311369621346569
-0,00235956195483175
0,000248177236792251
-0,0343421817904479
0,00249987664040565
-0,00288580988619377
-0,00101295289133001
1,72253143434417E-07
0,000510986238997334
-0,0145589376428431
0,00211387282207173
-0,0121724027772325
-0,245425174783567
-0,248856011449161
-0,247716391854921
-0,330975062884241
-0,0660504839042031
-0,0758153033276672
0,597944903000204
-0,397442345919919
-0,0155280024665844
0,0194239190433279
0,0323686744300114
-0,150260884930999
-0,231143208807377
-0,0106600531103476
0,016071066743234
-0,0123646117643062
0,0158184587095026
-0,000955875077579614
-0,0125977336481968
0,0276702496249009
0,0911602690842002
0,0137013939485923
0,00498142700553008
-0,0217362531643323
-0,0429603152361727
-0,0104015091632782
-0,0336525512262597
-0,0163382867069138
0,00430526098894484
0,0691405252588177
-0,0642983558520729
0,00737034533418754
0,00897356043728593
-0,00413624486778586
-0,0268942086773933
-0,00677219060470582
0,0100034537133462
0,00160328007152824
0,00775167540427305
0,0206322951300202
0,00407368015627138
-0,00258245648482614
-0,0065012781100916
-0,0207103661929437
0,060666601943714
-0,0466007837891914
0,140740793264713
0,128712570964264
-0,0538368502802892
0,0683804594732537
-0,15245851117465
-0,0292036740516386
0,0340959873927066
0,0520461132944928
0,0137099168205556
-0,0182044444635469
0,00293433913585394
0,000352798087863961
-0,000737495955301885
1,72003045606006E-07
0,000878413237587153
-0,00179520254203084
0,0117829026640686
-0,00403440923876085
-0,320402331809081
-0,336363724876869
-0,252567839955038
-0,252077632511578
-0,0387552095340654
-0,0386070366507541
-0,148032729823773
0,240732826538349
-0,0132443698270348
0,0191247278377422
-0,0386612059821332
0,288090276252841
0,353212246197062
-0,111818119244582
0,0181430102413525
0,126436151817438
-0,190393246036334
0,076514294029421
0,00441391240721175
-0,0386013465231675
0,19901815342478
0,0262941370798095
0,138775216710651
-0,0467262141240548
0,0450515458137415
-0,00528604321709253
-0,111750270908778
-0,0370041684612448
0,0515029788229157
0,0074130233426243
-0,0158226931826391
0,0788946172123966
-0,117963331218525
-0,028054743047371
0,0460636366074964
-0,198583168888707
-0,0648993374837769
0,167277433975957
-0,0258985807737279
0,0246685146149447
0,0609498881162407
-0,0471419190978634
0,139965867333798
0,0233728672600452
-0,148983886814444
0,0448716010685954
-0,180837124023717
-0,0610722033976035
0,0683442309222698
0,000970894947811149
-0,122460933952414
-0,0456606797490491
0,0274232339228338
0,0652924480836683
0,036483744655435
-0,014975742351392
0,004017258605543
-0,000635288795694343
-0,000682339571374457
0,000646836790207521
0,0259319398925382
-0,00236047857841384
-0,00240311784721757
0,0220837756676885
-0,0378424486980714
-0,0923640502662065
0,466591817674558
-0,227729282859643
-0,0523326564149243
-0,10220142622075
0,040100578090772
0,0283869215394554
0,298648487707063
-0,0677814994453831
-0,432444189698304
0,106108319273051
-0,0284719654293515
-0,00115230320296326
0,128680886156784
-0,0660907788943287
0,120497612619223
0,040246003448631
-0,136498333160568
-0,0361668747696548
0,224697408044532
0,00163912607619585
-0,283320792706974
0,0581854469548387
0,141893169037152
0,134300560732181
-0,00201546611607068
0,0331280584558445
0,0538695439137144
0,0798197846700323
-0,0434017475989217
-0,0752816767258514
0,0798358886500069
0,226981856942334
0,0601954518925817
0,0499811343351908
-0,0966705414585788
0,129003720992595
-0,0644024812115395
-0,165173222452842
-0,0513772966581599
-0,0464542284038863
0,0592914539014236
0,00324641506078223
-0,0430664076214323
-0,136991653648156
0,0407146343998101
-0,0768646102347834
-0,0480512334364084
0,0230753000176888
0,0173017173141275
0,0161114637761323
-0,028711979623518
-0,0301826571672843
-0,0132633946558449
0,0165526301785549
-0,000731466277411509
0,0073740303705587
0,000125080367059026
8,74022267510661E-09
0,00522730054816483
-0,00204082546426811
0,0126076694836563
0,0214005904066457
-0,117608388616897
0,0734352559522639
-0,00931741164469743
0,0310793842475801
-0,131391377563205
-0,00654355174269072
0,0208355845630562
0,167687124819296
-0,0139072266956217
-0,729174169693822
0,107830390217148
-0,0120899651673069
-0,224088149551259
-0,119227646876995
0,02917197527333
0,0659959341438884
-0,133218210088214
0,123547436343254
-0,0154564555640545
0,0429861583999974
-0,0630333926716692
-0,0543646681682679
-0,19778995979062
0,0773646094401413
-0,169199233483201
-0,119502601989502
-0,0936026380453216
0,00639111594865201
-0,102557406167142
-0,0807394850877705
0,0230243252223702
-0,0636425997086205
-0,00274980372661406
0,0602356520616104
-0,0318802292364679
-0,119123922589982
0,00475748175176948
-0,0104060405236194
0,148390962257632
-0,00252937035095094
-0,00549075716747468
-0,0594422779167944
-0,012229231950299
0,00807808485643454
-0,169672639800609
-0,0910216234454231
-0,0601421397971316
0,0709822541853343
0,0962341294022992
0,201630468550861
-0,00623377320149745
0,0407780313470413
0,0910147016251372
-0,0791784783582791
0,0500807069084399
0,0155152859633167
0,000600412202658326
0,00517758159232392
3,29743671616869E-05
9,12571927154079E-06
0,00430785590086828
-0,2469759760119
0,0849300431486424
0,355165537117954
0,00420963552477722
-0,0215590155905951
0,0335159775125183
0,0236327743892001
-0,179505510975147
0,0923166098079401
-0,0819127647068446
-0,121124838733008
0,296942937548284
0,135633697477682
0,349767789524663
0,187724979333157
-0,119729812140306
-0,187193053958969
-0,0345290298129175
0,0799399020635239
-0,0421252641849341
-0,123588443678977
-0,038036066942049
-0,0489560250150177
0,0157353593666211
0,0662290548957512
0,107542581606026
0,189056509929745
-0,180911414184794
0,102923255036958
-0,125791004576648
0,185581611914561
0,166117269330601
-0,0316113587229389
-0,0231572609226833
-0,0455532246829454
0,0368809093373787
0,176296457853809
0,0480658034409037
0,0465286021292079
0,202210254352043
0,203072124519657
0,0776679728433314
-0,222030817404826
0,0421282705746975
0,102498424408207
-0,158391599890316
-0,0192942932337059
0,00754365710509753
0,0584624718844184
-0,053809491560271
0,0282026936762988
-0,0358546179246563
0,00276531137474837
0,00992558780668606
-0,00169297334960308
0,0429217247219938
0,00782084642310371
0,0044521044539754
-0,00259809530855215
0,000500358324271152
0,000138206683421654
-9,75804033384361E-05
2,92369136571766E-10
9,12363886161532E-05
-5,44312962464216E-05
0,00203283065877072
-0,000253398692197041
-0,0126349011624775
-0,0205832203802357
0,0223785870028452
0,0432543032046852
0,0688216362990965
0,00478605759505223
0,0300354937322238
-0,013732666397277
-0,047291634153817
-0,00830276317653565
0,0886957455670207
0,205883538202529
-0,0914297065148659
0,190345643661666
0,189427042477607
-0,252017205858661
-0,112444638357536
0,128129798707273
0,131565897113661
-0,366046912669015
0,0866035561945988
0,0342978882574521
0,0189461149058082
-0,0429728145175087
-0,0466216471413401
0,0114175302380917
0,0388271799381346
-0,0448705407694872
0,0432666730232046
-0,00753717385229693
0,0659438003485322
-0,0923258780113321
0,398989776575809
-0,135093912606057
-0,0282283391034901
-0,18876169612773
0,0935573902787449
0,115839031561327
0,0741236089346739
0,0686416232063199
-0,422807783063826
0,329037899133914
0,182574761830055
0,0401576611870254
0,0643913186184267
0,0243802963995468
-0,0073463307652043
0,00782780616432313
0,0412394544286621
0,0479808464442981
0,0423356765582448
-0,0600174284066778
-0,00508988023879495
-0,00140692869406326
0,0138564696815169
0,00859691511199843
-0,000703438333966836
8,87723949609586E-05
0,000304426545184604
6,60722407806778E-07
0,00286249751171009
-0,00104121813838502
0,00515595341698142
0,00617732411982909
-0,127542204141291
-0,229768902731532
0,183169351277369
0,339549200072031
0,285094378602103
0,0203578419197212
0,181880996792715
-0,0119889608257787
-0,0619259221675599
-0,0667921089407705
0,265397901907753
0,235946288126535
0,0772476645272143
0,182290204631635
0,221491568455248
-0,253795941971859
0,0934458218361128
-0,11625138847764
-0,0889436552717737
0,306247234328664
-0,0462625023537079
-0,0198369074288955
0,0247278861618591
0,00799437201219614
0,0937768331502958
-0,0591484144349423
-0,246824652039237
0,0274751890393912
-0,154102487474869
-0,0120797665097232
-0,0327347502639373
0,0294225480594702
-0,0120241187302051
0,142440651361424
-0,0474937412199992
-0,123499597591579
-0,100835842533942
-0,00317592672713612
-0,223893530921981
-0,0775903524748089
0,128170054074506
0,0722724266252944
-0,0284517099013832
-0,113149393439931
-0,0725779603252301
0,038675334636688
0,0385256161221662
-0,0337528938924605
-0,0305667319103313
0,00835479744091799
-0,0418708144745167
-0,00343615630308757
0,00570267560639903
0,014510056206359
-0,0239109310494083
-0,0239368928014472
0,00138737078000387
-0,000349543193987325
-0,000762985478693874
4,08710563121281E-05
0,0141254750073624
-0,0114822424484442
0,296859568646699
-0,0713498081826335
-0,0954770530489608
0,0894589830896953
0,0188346218299717
-0,063008627983488
0,272831838213632
0,00246717775768814
-0,129700212666685
-0,0986638314018138
-0,182914898515185
0,0913501260066433
-0,142504022715346
0,324430756015086
-0,436705168323787
0,0462574754492757
-0,189226851908089
0,279854666483328
-0,0724550246593605
0,0730724399245255
-0,0462476196347234
0,132482837415887
-0,0633449557756256
-0,0285403632680999
-0,041407820487488
0,0493988754692915
0,0250542958881861
0,00463795053469857
0,0237386389275374
0,05886159644964
-0,0322334820886398
0,00915148548745338
-0,0618677373484314
0,0849463062572537
-0,327534307913178
0,0996966931637907
0,00146001525121712
0,0132337196361531
-0,0359957358117365
0,00981403943598153
-0,0590483127801241
-0,00330426819172336
-0,194350203927849
0,246743064483118
0,112283032855831
-0,0145133443106402
0,0250418848822678
0,0530777715937279
0,0192289794511192
-0,0109062636513279
0,0357624010509575
0,0722656803338115
0,0357970268070925
-0,0893810730613697
-0,00606776268321172
0,0061999311216062
0,00448162962004977
-0,00191120515811468
-0,000243298177188578
-4,04317232698522E-05
-1,44505261789784E-05
3,33669044253366E-07
0,00225981253131906
-3,69145941850157E-05
-0,000629896954154712
0,00186862146975336
-0,0112055893264866
-0,025397807439151
0,0727346156535123
0,0104677750082144
0,0663994249342515
-0,115803358062843
0,0775999673437552
0,11059658766673
0,0101562902265218
0,0312242352365936
0,157320674271864
-0,048333296390838
-0,00192128277616832
-0,0276743668294672
-0,0943763037544972
0,337505605917144
0,108849461921023
-0,053119627488142
0,0688853405180615
-0,292496760098535
-0,0791549912332113
-0,0631235865630954
-0,0724044404804014
-0,524526574389364
-0,0874222197471683
0,0326306532358437
0,0588467176997781
-0,0605465890721494
0,0132074306056801
-0,0796829900520348
-0,0809802346947501
-0,0735963073443682
0,117961623497693
0,319643189193483
-0,109588917968597
-0,0876785728149552
-0,120821473254595
0,0358048719448105
-0,238934068789847
-0,0865131542419525
-0,0464530128948569
-0,0827057101497253
-0,0628732645142416
-0,139462215080834
-0,061151906719554
0,165722206227638
0,0977281597198527
0,144553229231287
0,228604017971927
-0,0505478202879533
0,0523808385094059
0,0354655212422099
0,00913494313294981
0,061613801899779
-0,00964874681898693
0,0546028031551612
-0,00306993039887951
-0,000137659411114372
0,00208322738041213
0,000645606953687406
0,0185430436787756
-0,00489209496134716
0,00351686315206473
0,0719499932455973
-0,0228810719074592
-0,0440193928524806
0,200953651419327
-0,0692034949141316
0,0842328318724324
-0,165276521539516
0,0753728929645626
0,129394531520516
-0,00462659918420402
0,0285470981563269
-0,16662469687464
-0,149318469130006
-0,0186443057101671
-0,018194990705693
0,196080026756929
0,12755209713278
-0,185814200868507
0,0588333693009879
0,168905321384603
0,0711684080708612
-0,079109970414059
0,106676664840618
0,339753463698471
0,393568456720978
-0,198033586414707
-0,100671705573683
0,30578630720564
-0,103158393490975
0,0951992598722145
-0,161562004756112
-0,0437749022425168
-0,0390070329320834
0,094350480827749
0,112042944953376
-0,187717838162577
-0,0563039321802464
0,0244084321996893
-0,108473030701945
-0,258672560035049
0,0863665980591108
0,022874654417615
0,0704687869734518
-0,134638809119832
-0,0727712671889599
-0,12972947938785
0,140215888271216
-0,00977130475931844
-0,020319585717533
-0,0424112571714348
0,0442806506961557
-0,0802204531783079
-0,0117423255378805
0,0106477026960298
0,00799664817376053
-0,0114412557069452
-0,093769193748083
0,0050473169962196
-0,00759660631719558
-0,00269502825570074
0,000368577861881913
0,00436132117728177
-0,0106815613663138
0,00796033869518109
0,0426465117634043
-0,0319152079234345
-0,0740454323066136
0,336117549915551
-0,228484047726778
-0,146797049272022
0,216473354639216
-0,0861089751815387
-0,171518552437342
0,231810939533773
-0,0770750127836372
-0,0284464960552824
0,171281426819933
0,0189654453781915
0,0958909420832544
-0,115588244599509
-0,0629574114604787
0,0525344566982662
-0,154401124189165
-0,00366846476056652
-0,0343238838277457
-0,057350543727572
-0,280392411746789
0,05084867146293
-0,17100307201254
-0,0267587972705552
-0,198286234066774
0,0210754395937047
-0,147476859792732
-0,138421338332873
-0,205006850256147
-0,0472241360419806
0,126610639380673
-0,0736543269996519
-0,23772054206984
-0,230480781851877
-0,0250010781525316
0,00950132110831732
-0,114114746367083
0,104011244931582
0,189832623005324
0,0278557266141352
0,017715966421797
-0,0741762762366727
-0,0413463628660116
0,0753725522930875
0,293625657415332
-0,111581873743201
0,0399851002546252
-0,107337391130625
0,0574384366702072
-0,072455499198673
-0,00588176001899494
0,067103623341735
0,0744465458980411
0,0176761797715521
-0,0278977523172825
0,00377400452787623
-0,000738254139581514
-0,000955042188567182
1,04416050916924E-05
0,00624997056425622
-0,0419941700556845
0,100430884840774
0,234937070115549
0,00165670275181536
0,00906423203358648
-0,0242414951792635
0,0431664626742316
-0,172604032839254
0,0301088408987273
0,112006229631756
0,176382952477404
-0,102831777601727
-0,198307551550998
-0,0226699505688472
0,0507228955741186
-0,0858109661495564
0,0580364318827404
-0,108690612980255
-0,0441873454411963
0,175462940692549
-0,0352637578746046
0,0889791856776014
0,00442479841864105
0,0738976244374959
-0,0263471114969834
0,167808685056569
-0,0258962038409388
0,208099517102295
0,224447435590101
-0,115003031774259
0,279201382068107
0,367126769847784
-0,137719935614965
-0,0441952435347008
0,0578197207285402
0,0030717890273091
-0,0109690724268755
-0,124029558592093
0,0777737370506075
-0,0892509272620629
-0,175209561472499
0,0287853861140861
0,290865463872598
-0,0726621258551024
-0,0495884245361439
0,144840086566235
-0,0566055079416098
-0,137491458776108
0,106795041256161
0,244961452984756
-0,169570408888821
-0,0310885875857379
-0,122004089603775
-0,0747704849363284
-0,0219232910579276
-0,181883848348932
0,0280508194301662
-0,0846441077076332
0,00833438757104919
-0,0024072166599709
0,000895841689434556
0,000366588121872808
2,44522545336937E-07
0,00480416801075955
-0,000336255119136072
0,0160979910900651
-0,00447442932148901
-0,0124722784528488
-0,0202643024520242
-0,00802679230236802
-0,0373400291106992
0,0701926238154125
0,167253166261369
0,00716421521667986
0,0846363325284169
0,064222108646323
0,00122774048763256
0,031294410605284
-0,102314259947609
-0,00439933693344238
0,0986371346544832
-0,0159640111471835
0,0300092125887415
0,00833457197886447
0,0490933361278946
0,00763833613184608
-0,00925550132846943
-0,0274178401035911
0,081449586749357
-0,0619707000568537
0,0639574053704003
-0,0694919189700613
0,193754485640766
0,0118097416992986
0,0531986482458196
-0,0965820948090492
0,0724419170972039
-0,0626828594865911
-0,0227506235491028
0,104899983418894
-0,0121933859472602
-0,0874812679505534
0,118943076171202
0,0289900000153448
-0,0919015309033199
0,0290857338322654
-0,102077808957256
0,181847921432778
-0,031219724647061
0,262268680392644
-0,0167204036127781
0,202036961739217
0,206591098177503
0,140664476024499
-0,419995022910684
0,286319443457551
0,121996968685495
-0,0920420362638155
-0,137898690488011
0,46099174598743
0,0711349498500067
0,233104505244432
-0,127264889841563
0,00337270524596975
-0,00203164244284927
-0,00319864204786995
1,31655083551605E-07
0,000578873673196358
-0,0160240775026182
0,0191966621506497
0,0234343831774361
-0,171837633711429
-0,275515861372428
0,0440603658769402
0,376505505555592
-0,0937640042573292
0,00720201473746459
-0,250891103217986
-0,194485520114911
0,108658915227866
0,0418522458083195
-0,0858602362453953
-0,279576460774694
-0,228487420078882
0,0310475585270175
-0,0173959369237437
0,0325751320003439
0,158810383812126
0,174602164585178
0,0586710923614721
-0,0271399317368474
-0,00608219675770321
-0,00296986242897111
-0,0237225168315531
-0,0131422126360705
-0,0691391545030752
0,146481745841468
0,0855634045485614
-0,121054664292995
0,152703513735233
-0,0516290291185139
0,0585144794586388
0,0533735680570122
-0,140411681210782
-0,166183176569995
0,0322635474609055
-0,425142342742765
-0,0943644503903068
0,222702380465807
-0,0109113063682349
0,053810745051177
0,0910133518021967
-0,0929377213703866
0,0424179242877512
-0,105391839576439
0,0460616044715874
-0,0197808586294987
0,0719297528421353
-0,0818744097507431
-0,0634163032611741
0,0238342534394357
0,0239017950733476
0,0187715303392169
-0,00130631105311047
-0,0487543010366889
0,0440714904929413
-0,0249164011176993
0,00190205413856681
-3,61747139130359E-05
-0,00093367518193587
1,81064839884494E-10
0,000466130423291948
-3,24221049160587E-05
0,00239561109870439
-0,000682460124412908
-0,00751602477292295
-0,0077270184909296
0,00252334202898072
-0,0221337213172044
0,0352322384043858
0,0649696115200944
-0,0195025736978228
0,0770292888628533
-0,023607319680425
0,0413107519823375
0,0219719346154654
-0,0674375256851912
-0,108596120176067
-0,129110755254778
0,0861372113270497
-0,0910976173269835
0,0364917191578672
-0,0625221104408408
0,00619199135162084
0,00694447680693164
0,122368716742781
-0,0771664591505521
0,0182555283010296
-0,0657852365064989
0,0370802493912036
-0,138698055057446
0,0202582635384281
-0,0489360756169211
0,0616199189347638
-0,0631572617839619
0,0591456162606615
-0,0200641829353487
-0,0421918876819211
0,0307632543542739
0,079064425012798
0,0575715683394191
0,0258289136342011
-0,0367823478212257
0,0492205616029041
-0,175087039396222
-0,00549776771984183
-0,0660694233348407
0,215629294237084
-0,099291604633917
0,0391930784337493
0,186597767385955
-0,0369429368447609
0,175450884621433
0,0810121499028137
-0,119101331332676
-0,146135505294084
-0,188760902632467
-0,115417804333577
-0,609502194183444
-0,0200865317229637
-0,473629652767504
-0,00359346694599703
-0,0779007699484514
-0,0103320907782831
2,80620414286651E-08
0,193987173731759
-0,000674248820112633
-0,00907306144581989
0,0204770805877169
-0,00220928593311782
0,0205151871655013
-0,0511662165905997
0,0252795243238527
-0,0483593730052334
0,0294264001269808
0,00869861169309802
0,0257271618671565
0,00761450081385973
-0,218164752264786
0,00300034481909242
0,0510460897973318
-0,0806102577890634
-0,0248735068870107
0,0570982088255977
0,0372361780750323
0,0997138818267765
0,00278938587656466
-0,0904695460494201
-0,00357565768330852
-0,0371166395513729
0,211142734315325
0,196413860339008
-0,117801057175904
0,32651178479548
0,0517020980811702
0,234381361207415
-0,135100133041097
-0,112395845017575
-0,200629561598886
-0,480775736920269
0,248587207092308
0,0874529464949357
-0,129806144354789
0,286352539440873
0,0123776978935195
0,289614263710345
0,0682818935844605
-0,128786454813436
-0,162269227773915
-0,00632229045242336
-0,00331349342312564
-0,0416028228731194
0,00490450083804936
0,067873220515325
-0,0417278828213639
-0,00598066367360199
-0,025302898629874
-0,0121874453757172
0,000381415990976459
0,013754966083558
0,00379854468774549
0,00107540922619194
0,00792140869981099
-0,000652705828135195
-0,000787994954953647
3,32658662829981E-05
6,84014400463632E-06
-1,47647353499113E-05
8,92842016420364E-07
0,0650171490375998
0,000788009576289055
-0,00971262381793711
0,0122607845666827
-0,0619140487366885
-0,121186746742088
0,290961961183584
0,00362468701304447
0,169398374146932
-0,322255154663338
0,140998984624215
0,248428910441569
-0,0601728479502415
0,0928781465052825
0,346159902453851
-0,148648746894678
-0,0177129879225378
-0,0739672528260912
-0,491476917796664
-0,0778764532763606
-0,148456854429023
0,0395090888315476
-0,0535724973731569
-0,0947497352646569
0,012985220565355
-0,07428068219116
-0,074706644195586
0,126765563363367
0,0909482943765976
0,0353159693535163
0,053375404303128
-0,0372778779335738
-0,0480527073345754
-0,0396025310027057
-0,110088063515663
0,0871035297696032
0,018425076179321
-0,142873763368674
-0,0444473961452788
0,099128494832893
-0,0961078266830532
0,180502320392761
0,109354018419597
0,0205240497574513
-0,073791314277416
-0,0713438679102505
0,0114976331402168
0,0719564117117316
0,053498720667307
-0,0853865588544285
-0,0648171436393429
-0,106067693270214
-0,174808143369924
0,0433255831377329
-0,0478002568946406
-0,0329067655706306
-0,00865850953645311
-0,0590114763191625
0,00900681064484986
-0,0533216822060522
0,00301034503696521
0,000131209823327279
-0,00195526302283422
2,29290800308983E-07
0,000385019716463373
-0,0111120736869237
0,00770439017774936
0,0353010465053035
-0,00339144156510091
-0,0114905222071882
0,0530220910488585
-0,0321635087956573
-0,0722510234320084
0,0700145482729863
-0,0382137989645917
-0,0743633592069144
0,144952701069507
-0,013449709644675
0,133799778537706
0,128507676193724
-0,0460365313662757
-0,0544319532085598
-0,0792506795933984
0,0251854234442668
0,00925669810579932
-0,201703053643975
0,0879180004931626
-0,0399110805025
-0,00601552238080584
-0,208752595640375
0,259596193642445
0,0865719046845167
-0,114952856564091
0,0570693815648524
0,115443887916362
-0,136021533271009
-0,263278129286356
0,201992938568276
0,0866190708783858
-0,0232350411203359
-0,035056027575902
-0,104003535334585
-0,051035366300513
0,00510988260554986
0,0779466853750528
-0,0658303331876927
-0,293973899784172
0,00978122952395753
-0,100212352182616
-0,204455105908798
0,299104685225917
0,0595671979890301
-0,154101721755876
-0,421751083614334
0,21285996311265
-0,101009768305853
0,180007515003941
-0,0220229740270054
0,0354163524256171
0,0161676092733221
-0,122093400407341
-0,0967866338859391
-0,0274955200375825
0,041922937942635
-0,00505686056795863
0,00136901456925019
0,00134305115690529
6,05489172968611E-08
0,00146094008629489
-0,158015021069407
-0,0246686586743254
-0,0449008166593852
-0,0969760158240332
-0,0104631966866971
-0,056407141420384
-0,0891554402785812
-8,53952125327543E-05
-0,0315153362629014
0,199473831571897
-0,141441428855419
-0,0252121431762773
0,015696585961658
-0,0103734569858837
-0,0793242380016814
-0,0723027895119865
-0,0240096127990224
0,0270364934670547
-0,0574899911035332
0,0732776054525681
-0,041164179957558
0,0344330104163032
-0,0558122577365893
-0,0863755769331983
-0,0192141172344334
-0,0423267971312773
0,0464601865718359
0,0323526258831017
0,106966666729776
0,0118134756980547
0,0402393741843264
-0,14670610038959
-0,218369838366736
0,123984799231735
0,00170216709316353
-0,0425011087166549
0,0166593162254804
0,0382872396810092
0,00165424241344246
-0,0113982182319226
0,00594549081997854
-0,0379386498798052
0,0147058928392594
-0,00935534061965982
-0,00498992578521863
0,0146214350161016
0,0691699911779958
-0,194416429586548
0,170558079783312
-0,460958528816024
-0,40227113363631
0,16290063699616
-0,196065836119558
0,440377955552297
0,0851250955795851
-0,092634200907553
-0,145965343947461
-0,0390235431443997
0,0505748853479052
-0,00818553376724423
-0,000984393734112297
0,00205306386902554
1,03514702051136E-05
0,00246539747939611
-0,0212390268894625
0,0896918770046113
0,00708064260041668
0,00471001425886136
-0,045715560122196
0,0397093027481259
0,136936091840697
-0,345461459242641
0,128932722837641
0,231417551073002
0,253138376549129
-0,24090480856505
0,132318135167199
-0,176476379774146
0,0768837466619237
-0,00702656133180182
0,130114897273306
-0,117869938385239
0,013228628413937
0,0291478903080796
-0,106351504679999
-0,0376522062222833
-0,0263303075522146
0,100318750458171
0,000501688825754481
-0,0327197229220237
-0,0180989297878884
-0,145604332595358
-0,170126004874711
0,281010227441921
0,198422251415854
-0,317568516631057
0,111323150430365
0,0503154753130285
-0,0231285587787152
-0,0184491802210245
-0,0341337251134516
0,0616903493987211
-0,093649279172311
0,0812404762486599
0,202075698586795
0,172412659489211
-0,0919188389420204
0,0898653466553686
0,119430593456027
-0,103968748370482
-0,275181585656939
-0,144223186703132
0,0197157800356426
0,109957243152468
-0,103058010197983
-0,0129889125875593
-0,0698738841775091
-0,0264280398296216
-0,0182343266569649
-0,0354543675445669
0,0181745065567396
-0,0304229177835703
-0,0132811167412224
0,00035182111825079
-0,000135222021126409
-0,000371184364592593
7,34029971224907E-08
9,75508803616659E-05
-0,000867846353772349
0,00273861546706431
0,00329564757761362
-0,0453351473031894
-0,0887582036638649
0,0478466208375861
0,191770793156345
0,0378861374121783
0,115851249739785
0,0184144115729017
-0,131399263214565
-0,0175137538799244
-0,0291064728342956
-0,164870535430504
-0,0628394300009934
0,0298019080173147
-0,250419723455493
-0,0947454648418116
0,124748593434503
0,000535193091196651
0,146491559449959
0,139919335687244
-0,262073233520048
0,0558069028476489
-0,00246565771736623
0,0816241830043167
0,0913035581861543
0,101072869569101
-0,0750171879264211
-0,266009262091728
-0,000303465398071591
-0,0740644082595912
0,0729851864222231
-0,0327525224095582
0,181392816822523
0,116648827330758
-0,246848005236747
-0,129900780576544
0,132086913752174
-0,222660370915267
-0,266695733240545
0,0222413994302433
-0,425126707809199
-0,0137519665190063
0,20871140089496
-0,127196892205011
-0,0869457327135539
-0,19743043470288
-0,0537567556462861
-0,00819582183431073
-0,0141603631864725
0,0570049772077548
-0,0493138017029346
-0,0457737256952822
-0,0364303969799816
-0,00551751589115758
0,0481153798949033
-0,0836508689633441
0,000278908538054148
-0,0011553889033516
-0,000152163065351865
0,000174297514763185
1,35972560895113E-07
0,00955623329807477
2,50988379947459E-05
0,00267903914859787
0,00173917009713738
-0,0170355222276424
-0,0228017634193295
0,0476493842289785
-0,0520356911831133
0,0664414831681554
0,0730532292737002
-0,0253563152661061
0,146449336409976
-0,0666188457839094
0,0787014009579435
0,0553048725266084
-0,147706845076081
-0,18234311180076
-0,235468142907927
0,0876791675368421
-0,180389364172508
-0,00311393945942304
-0,0728306777006242
0,0389781112279236
0,0243354450910936
0,157887276426938
-0,0633400736572778
0,117946720192192
-0,0750822021234234
0,00141571585092251
-0,245088363970507
0,0626643955991015
-0,0817252173214822
0,119517802941614
-0,162308685899895
0,0959490132798448
-0,0284385958483874
-0,0598920332250388
0,0378732810774698
0,114842493319409
0,127706418801629
-0,0351178247985138
-0,0047132752504046
0,0575358533140763
-0,1853323466911
0,170565844220949
0,0833634088420199
0,452527175793359
-0,121533351507357
0,0116189051077993
0,0796226889064354
0,0453794893795347
0,0380669237847003
-0,100440905969737
0,181318352923455
0,155181425495633
0,25435044977473
0,00333192637179248
0,229547139317152
-0,0407996313122557
0,304686173490955
-0,00932077031280097
0,0500929766416272
0,00754005773523942
0,000441162793287306
0,00731762436754578
-0,00140865936526725
0,0269256433672235
-0,00396565202240772
-0,0850925100575091
-0,127168540150942
0,00679227964041125
-0,119678257083248
0,149876957132914
0,479447877611201
0,126968435896464
0,0956736865210603
0,226994334014107
-0,0541722200467819
0,0865581262659924
-0,126502840211576
0,109683085188548
0,351369768364712
-0,1681837588744
0,106844743829546
-0,110512857833714
0,150747997518384
-0,0156941767211645
0,032555501097915
-0,240514169672496
-0,0067394280171351
0,00539207092029727
0,0269494294473593
0,162106698783357
-0,254258393829122
0,136704385805358
0,0298602354150109
0,310515789057257
0,00459984163360057
0,139883875218341
-0,0540445157613739
-0,0141272663436772
0,0332277942405912
0,166760858534611
0,00221483923020614
-0,0274941026798817
0,00933330418012671
0,00104261608286276
-0,130834040878355
-0,0823164283351906
0,0216506001514406
-0,0638315658987885
0,00376738668705402
-0,0495321557576884
-0,149656831141202
0,0515804963969493
-0,0280350645370955
0,0415309629185535
-0,0470755814801559
0,0947139706923973
0,0191275110672426
-0,0504809945297597
-0,0556407004078441
-0,0144939828119491
0,0220231095066586
-0,00319421683359972
0,000564441313958464
0,000798897763331679
7,98108170302004E-08
0,0142987595283509
0,000252862074547766
-0,00233183830630059
0,000859302988980442
-0,00294396862347266
-0,00700561159980249
0,0266782118009345
-0,00502100600830616
0,00816967800122473
-0,0322920160880842
0,0131320790859584
0,0206497241420981
0,0089429506612964
0,0112919261138084
0,0142093820608903
-0,00920157406084574
-0,000775650558757883
-0,0111198488828287
-0,0721250985596909
-0,0223899922877614
-0,0245654056523717
0,0132332887347896
-0,0320202939665277
-0,0303219095116588
0,0463642373143324
-0,0464375386525417
-0,0797211126361194
0,0623652056926355
0,0586100482920947
0,0362229663699128
-0,000638099727949694
-0,00468412327302195
0,0236155537011493
0,0562590136798987
0,0403582809622507
-0,00420993948560182
-0,0123724868769725
-0,015309092455853
0,0646732595069445
-0,114901806391633
0,15983030399616
-0,146708130443021
-0,0581380099011325
0,0141014432890233
0,0563246450073754
0,0355943268945633
-0,00367257602236279
-0,0331404045638537
-0,0199547136764657
0,0628694592617847
0,00354904663994614
0,0429143567703813
0,0412422350088359
0,00497395661551433
-0,00107177144874059
0,0293225924705139
0,0100239949502367
0,0478579228635616
-0,00851839587671968
0,120264997778279
-0,166510061247173
-0,912999295972337
0,050673904869614
6,87516006924245E-11
1,06953548645283E-05
-7,96113489339293E-05
0,000414159914587448
0,00140305100202657
-0,00516838979981005
-0,00659953722059203
0,00308191364028142
0,0146520700876503
0,00232418456909626
0,00393877011460394
-0,00588180554369793
-0,00925871779397362
-0,00694846981714706
-0,00569408369445966
-0,0332424687535727
-0,0330970150887901
-0,0129017256841247
0,0266738322989824
0,00855861696163212
0,0269302930954406
-0,141322628415166
-0,166754534323824
-0,019630450297756
-0,0582275880370608
-0,00100783817224134
0,0379724578377455
0,00488089437492635
-0,0122633402878589
0,111783346124012
0,0306646882289309
-0,103328446866102
0,0137236417671495
-0,00520131417956589
-0,0842576555771567
-0,222049061005646
-0,610779278766722
-0,162083388475917
-0,227470694016768
-0,012274899239438
-0,0272166433234589
-0,0338149202790138
0,00586172939902726
-0,00210113098532654
-0,0582976370253751
0,0212481060453352
0,00247682877593202
-0,00383301430326461
-0,0172288206519074
-0,0264952979135104
-0,0422101136476448
0,0299428649092889
0,0117465562346231
0,0365409657301739
0,110608991789293
0,201689865289644
0,0729363233951516
-0,147079306967573
0,311164805072693
-0,0152990786328431
-0,468293859376011
0,0230045255062913
-0,0514849507645987
-0,0117187384622306
7,08485835006044E-08
0,00495282601503562
-0,188986780951417
0,0171169855490953
0,308433243939138
0,00603702907140002
0,0232772115862428
-0,040272772733708
-0,0119131752150224
0,0620043964728767
0,0153332405122143
-0,0353403979032423
-0,0483639345826851
0,0235796601766676
0,00413515563231046
0,0846890354533578
0,0707696088482348
0,00396805770765792
-0,0769277183613494
-0,0628161815216644
0,0135274688730298
0,132149627494057
-0,0487611240135405
-0,218061786037045
-0,0967867321585651
0,0991612583844449
0,630961528630543
-0,195755817696928
0,0196823963251949
0,124365236019307
-0,284853295171784
0,166890761689395
-0,126921784063024
-0,100768458064082
0,0306577912794371
0,16433466597146
-0,0294423889111197
-0,0486897003718905
-0,0564201910560099
-0,199123567987795
-0,0822659188463189
-0,157074032159067
-0,155649575479506
-0,0418868631002558
0,135068218568221
-0,0217364979515293
-0,0650330970768668
0,0778066594038911
-0,00492358305783226
-0,00213357324043781
-0,0235271950258726
0,0143823638007821
-0,0093193655009182
0,0120229053282726
-0,00187671952652848
-0,00889233816523814
-0,00349450186435314
-0,0152849536720158
-0,00902504505058394
0,000294937761324225
0,00219397503280009
-0,000261153679620511
-1,42607944677303E-05
5,76064459124384E-05
4,4264939696542E-06
0,00151332831815765
-0,00789678999021464
0,0433099637747941
0,0129661634707086
0,00483106424398573
-0,0129247378489006
0,00696882366468493
0,0496166295530834
-0,186849861294719
0,051945625176053
0,123120326006619
0,178393685752937
-0,130499324431756
0,0477200979263941
-0,103357162105359
0,0572478379035504
-0,0441471879491671
0,139524198897586
-0,134740918025609
-0,0298332951039484
0,168770287428739
-0,109427677139793
0,0958418251199048
-0,0172950811215691
0,0596544224731667
0,0502070084451331
0,0392347879063609
0,0626727240665151
-0,0881185273598062
-0,0484529905847349
-0,0857433440278148
-0,0127026742643921
0,0572307270281303
-0,0335674760878952
0,015336884814841
0,0190562843734465
-0,0424770101688721
-0,048707607896946
-0,0283989512079479
-0,162450912448279
-0,0802763738889209
-0,0242804974013758
-0,200638487827522
-0,248829055642975
0,0271141405426859
-0,0389085513858124
-0,0324633145484041
0,704148029530072
0,090132458122085
0,150515398952372
0,0420309668095689
0,148136725298291
-0,0348468768576912
0,159577973603243
0,103982564645787
0,067062210794162
0,0805863414625368
-0,0935883514057798
0,0338666168066249
0,0127336635935508
-0,00132130138377812
0,00181802280422928
0,000285041460089901
6,81428739744716E-08
0,000130248936779294
-0,000720750245814952
0,00243388367829496
0,00196338126374044
-0,0558290897838007
-0,0809246565716484
-0,00722783786456734
0,0720522800763807
-0,0107410240369581
0,0191228094227704
-0,0966962945658385
-0,0504643902738217
0,0415734631670948
0,00135334144338432
-0,070954322646427
-0,111975198722492
-0,0227093231157002
0,00137630796340893
-0,106453634722726
0,06411862959774
0,155838457008852
0,23776784517343
0,174732750559087
-0,214637014224012
0,0374338725267549
-0,0263620536506485
0,161800925886958
0,145629433520981
0,233746034348
-0,370719073791773
-0,269300734664724
0,196923200613576
-0,306627611009753
0,0562841047329547
-0,0536064150420551
-0,155032867104424
0,0469417511082012
0,276717198324617
0,0651711224971498
0,101254809907888
0,185782177259797
0,145699379646466
-0,104888422249791
0,300277745939436
0,0324175147140882
-0,0852017579178208
0,0534069790424977
0,043875184045697
0,137250795154144
0,0768928664814617
0,0168202029735326
0,0142570785935578
-0,0572198418031789
0,0386503085962239
0,0376491172829254
0,0220671922222162
0,0467701392755183
-0,0346333546984635
-0,0662205917405346
-0,0103779187183988
-0,00145960714282416
0,000266409800924914
-0,000219240549032666
2,62629356985982E-08
0,00323171884948833
-0,00465896210310237
0,0284132150904867
-0,00984004307275185
-0,258991800003298
-0,110248695560014
-0,114394927618178
-0,141752871280246
-0,0189332917294528
-0,039942564186775
-0,0918287856827235
0,115610942876679
-0,0981082797207418
0,0965364569250907
-0,0668977972509708
0,196792058998433
0,051866363766717
-0,194061539197886
0,0617675725402117
-0,0300724264951934
0,0714199531265629
-0,106240830458639
0,0292522587628351
-0,0894936190532097
-0,459158761618677
-0,036520395001791
-0,13365127409421
0,114527068261606
0,140366876344422
0,106619237074133
0,0186978624801135
0,0196699138100037
-0,0157261200662638
-0,0244889264762451
0,0681553112138794
-0,0133790313530525
0,188603920865001
-0,0837876362250306
-0,0735986203421758
0,0160474768262322
-0,00582678694089597
-0,0532691734294377
0,0279748048601085
0,0188744455085172
0,0972919037230784
0,00359898011480619
-0,115293242631862
-0,16146347158719
0,13440266736136
-0,0112554581511758
0,30047436394048
0,0455831768248429
-0,137476589855517
0,2047582885914
0,268063559501427
0,168177813968721
0,0478965157061934
-0,272993047906638
-0,0169165369328714
0,00349774686602731
-0,00524480743027983
0,00532559338356675
-2,23622798025677E-05
3,30876741457278E-07
0,00736170226183446
-0,000580314152503473
0,027398289853196
-0,00786635727186885
-0,0583757737686877
-0,0746985214129811
-0,0383694294097094
-0,122740864893214
0,162639550897743
0,372356335853791
-0,0443607914126294
0,311953925219612
0,0729054261204774
0,0733587344000384
0,082271747718046
-0,220527877773688
-0,095201248191622
-0,0647249651452152
0,127249841987779
-0,0453313579067793
-0,00129564196725178
0,0277974618775807
0,030812487424617
-0,0161439951867656
0,362577029046577
0,0575839495171455
-0,0139924870918889
-0,0319161342116066
-0,0717988225797753
0,314740123475479
-0,0900058082462473
-0,0569397803363227
-0,289408204999506
-0,166300788752762
0,0404570014638975
0,0513002138949175
-0,161068892164888
0,0407075173384083
-0,0552206355525697
0,0300154798515599
0,0192288538110214
-0,0766217045425448
-0,0270375732351682
0,14356467219874
-0,139653360004858
0,0894176110422477
-0,310479115179639
0,000207060659173671
0,0642392203630572
-0,0879249584027729
0,124619293117752
0,069699875001886
-0,0756857874195511
0,0307369747455698
0,121708183580543
-0,0328328740774063
-0,0370647523070816
-0,0427434946276653
-0,0255662810209329
0,0261272608523873
0,00568948804021936
-3,26087629623637E-05
-7,00421847318791E-06
3,16085461073489E-06
0,000324567527857538
-0,000684177670877108
0,0144622741833269
-0,00285906298590214
0,00258640868785112
-0,000247449986966779
-0,000337092857382195
-0,000232473261077306
-0,000857341075567669
-0,0061746340474364
0,00119117881073599
-0,00293574202782198
0,00256197466045029
-0,013038186444964
0,00375353113291813
-0,00602974831042802
0,0116839648156131
-0,0052604558142581
0,00238867817855605
-0,0099466255487584
0,00367396622258357
-0,00511729280003715
0,00508178075338368
-0,00552504742202807
0,00969865271360034
-0,00447093317641621
0,0227952780622243
-0,00619859113683888
0,0276490621945591
0,00770196824318211
0,0196084937082971
-0,0338579474045883
0,00293557455113769
0,0310329028883735
0,0579813657595971
-0,0241355428113258
-0,000844406103047328
0,0125977471260629
-0,00458514255598058
0,00987528561125167
-0,026578080140966
0,0385784867560196
0,0253583358236317
-0,0261431536289012
0,0870558689923571
0,0661276347795342
-0,17566320880199
0,0161388169067604
0,326347610762492
0,0548465160145409
-0,0791734535635674
-0,245140974186819
0,384063633992411
0,429875407768337
-0,310201668064941
0,116131023465839
-0,516880732472454
-0,0615974639654539
-0,206279192747376
0,111930673082113
-0,0101155236452394
0,0170417438994463
0,00281653787177868
1,2042680939187E-06
0,0265263456128772
-0,000821817396289219
0,00489041677500741
0,0159772372822965
-0,0461703106559917
-0,0842413157069166
0,414091805213688
-0,255115759431377
-0,0850614632371304
0,0207451327489678
-0,114470076671202
-0,08084535212307
-0,254529244550914
-0,0224391857093172
-0,0154169793477368
-0,0971029743155336
-0,00830049194279493
-0,0895630915682851
-0,0957459124229533
-0,215567833989583
-0,113490163963579
0,124057390222346
0,0757128870931315
0,102500449841377
-0,230751461888902
0,362238853331421
0,217520203783266
-0,265511144717123
-0,155872634262538
0,0710489350756654
-0,183230136010437
0,13079064977435
-0,0272631807354329
0,0661400125077117
0,0410308301205719
-0,00812029512998461
-0,0240097119046734
-0,00820152803723561
0,146411789677799
-0,0537080529841704
0,02438118344147
-0,0129820908702313
0,0382077942370757
0,0548741064863761
0,127902156691649
0,101953961799352
-0,00678778512506345
0,0538576780970576
0,0236399880523215
-0,121918565060611
0,0543258632665874
0,0876132219290056
0,206878804747836
-0,13789301030119
0,0474848847932587
-0,0417141180975664
-0,0190246863149143
-0,0338792907567903
0,00669803513532898
0,0014426741087326
-0,00343852950261042
-0,0155866418410299
0,000987197595734855
1,27540758925254E-09
0,000636377102194611
-0,000104733955272845
0,000761463739766557
0,00135236535343658
-0,00457443519264096
-0,00796826701594888
0,0355034213759558
-0,0235596703229193
-0,0132638353006517
0,00277256276695819
-0,0167477651525456
-0,0114541123804289
-0,0339032881102538
-0,016510237300874
0,00462883566306466
-0,0132679923567756
-0,00708213434363363
-0,0209889070043453
-0,0291789450658192
-0,0560625968805971
-0,0244128611681689
0,0223726316428379
0,0344185297558434
0,0352801628215458
-0,0818137697492474
0,118749916097183
0,138896589532457
-0,115433753452885
-0,0425472930105797
0,0839259920892627
-0,0504223019124472
0,0381849708429659
-0,0756694609687389
0,232886267190933
0,149938618026425
-0,0728185094126629
-0,0589400835431934
0,0163961581670506
0,248368864018495
-0,0614347345407568
0,0375074618431377
-0,201805046560091
-0,0386077702167236
-0,187632883888147
-0,456875661831806
-0,380388387737053
-0,0750191229940577
-0,15707444797331
-0,0628523407715013
0,28917783104473
-0,0756408984708512
-0,162049308278618
-0,324468750994346
0,247413732847847
-0,0936206526551116
0,0628240919791509
0,0293204220779546
0,0426355943829345
-0,00881400296232404
-0,00532037476828456
0,00529332958803016
0,022805972584221
-0,0015787510456119
1,93783315833591E-07
0,000453373564904622
-0,00234022957059305
0,00767441992582344
0,037179516981457
-0,0290952120362315
0,00849634109862231
0,011192922059865
0,00818817214779882
0,0251003578770936
-0,037610620254129
-0,0305049979073083
0,00135637772904819
-0,0229723043886254
0,00429842709682689
-0,106792676201316
-0,130229721629312
-0,0577557201897684
0,144903898336181
0,0738606383187063
0,0764335620286615
-0,340263690882265
-0,34327770690898
0,0109857664663051
-0,0941991815084439
-0,0404644290698099
0,0264715277631542
0,103620984255895
0,065835739946285
0,174392718656328
-0,0296771096351158
-0,147751831895833
-0,0397335173948384
-0,090169874085212
-0,0211367940243716
-0,105536662384734
0,0751075687915587
-0,0129080792352183
0,263689108829751
-0,191001344983719
-0,337085420865254
0,0372043004707131
-0,12892902283471
0,360361058476974
-0,175203266129532
-0,0300517667296245
-0,175075874877597
0,0755105818766549
0,0209294521556024
0,23660095382563
-0,0622221199793253
0,0530757078585407
-0,0646186735345784
-0,0404484670280844
-0,210366325173433
0,0393763386216381
-0,066587150641545
-0,0766053258954021
-0,023168272921842
-0,0184299700784863
0,167371400384863
-0,00987335205773099
0,01344532489799
0,00474688055919141
2,04912865692804E-07
0,000447762604338709
-0,00181336730939961
0,0100998889163546
0,0053470155096552
-0,0849087229823758
-0,177477255964688
0,124955026330454
0,393765122847121
0,121910107815679
0,316319175073224
0,220791583293823
-0,163663381729763
-0,133561468323979
-0,0756144780028807
-0,227307487539993
0,107792340971815
0,201249206963704
-0,372003524467803
-0,101569515605918
0,0445078287429701
-0,23068371858122
-0,110180554801361
-0,0575367998923173
-0,034100715012324
0,0160184115869773
0,0112109531738863
-0,058748762213696
-0,0588430383508163
-0,0830485309599626
0,113040417802159
0,171578468062475
-0,0332257345827593
0,102163635739443
-0,0371426808244642
-0,00798472440085312
-0,0526547455277957
0,027808169055208
0,135843768120353
0,0248686889009322
0,144219042911006
0,145580035697286
-0,000321160781889194
0,0461854722085652
0,212316922573884
-0,0785970606215332
-0,107730657633934
0,0749287348471699
0,155493550803649
0,116474759485372
0,0192276542099037
-0,0576145209739205
0,0574917600086105
0,00078308801828047
0,0292244277404536
0,0184794764977356
0,0105730060732298
0,0117398701854061
-0,00886544447658357
0,0337488290436026
0,0128032480771669
-0,000183259783950984
0,000166307527015731
0,000357823782520414
6,88617059246759E-11
0,000170288003931971
-0,00402643678441382
0,00441472083048814
-0,00389700457976556
-0,12084077313266
0,0520341326713943
-0,00111344274828227
0,00742716811265433
-0,0188377020810512
-0,0101379851572274
-0,0071387543827837
-0,00844736231693325
0,00402041369721547
0,0496086367115566
-0,0136914626522023
-0,0232627286520625
0,0395116925177723
-0,0433030802817433
0,0358115656911195
-0,0767779641120133
0,115863116639609
-0,0344247372696866
0,0670890215357927
-0,137982839645229
-0,27755797474838
-0,022785339500085
-0,0740507302391428
0,118992908666222
0,148145169779578
0,147760762707307
0,111135146809656
0,129279084371378
-0,204486381361073
-0,451065460080896
0,332450047147087
-0,0569547920414167
-0,083850121849912
0,0681393215163196
0,135615303184091
0,000929094463259309
-0,0233018266586776
0,0141771459616646
-0,000716896928207184
-0,122157189882022
-0,0403066081226329
-0,038742315105139
0,0896485564445429
0,0965033927130945
-0,0391808424386935
-0,0817270535166544
-0,0157733529029723
0,171209010417716
0,0188623723717011
-0,0260508209089139
-0,365789365178732
-0,288056509474746
-0,0268119812195109
0,278054378350858
0,0320646733652471
0,00772858490929976
0,00537518288347646
-0,000651610734079452
5,00706404336578E-05
3,26483661025718E-08
0,00450526457746634
-0,000749428760141854
0,0294228035613328
-0,00825235595272382
-0,045929109155809
-0,0219657371687882
0,00978197173292993
-0,0863524696506682
0,111303765764325
0,154606144754204
-0,0906258075275443
0,158938611344833
-0,14034219434411
0,12094687162366
0,00527026282797655
-0,0542538959136892
-0,323260591739489
-0,32419915951576
0,171142240285649
-0,137126586003371
0,135524607207408
-0,168849695508675
-0,0435126500328529
0,0081293592119464
-0,0902173370343356
-0,180088216748896
-0,0615180638055969
-0,0491232417393299
0,127583251090255
-0,244413489366773
0,0381201181085481
0,0554848727376261
0,177338123483457
0,22404105513611
-0,0699102022646779
-0,0285265002592237
0,146780730917499
-0,0486398834636985
-0,036778436090767
-0,131449260904901
0,0265505452850228
0,0582041537188725
-0,0401185460203064
0,092805043295038
-0,0643827214921503
-0,136587256411149
-0,269800959456047
0,159088195133627
-0,0766658022977435
-0,0974775609525222
-0,120827270240332
-0,18662033947516
0,112473192219384
-0,133672775771383
-0,157316175420046
-0,11328575071482
0,0966389968482254
0,186249649915855
0,0727461966233048
-0,0246097302033342
0,00731275676662463
-0,000731326821249497
-0,000991132697090393
0,00068609622340509
0,00392243050274773
-0,00199468154284939
0,000238925558227353
0,0118748852227212
-0,0453388041193713
-0,0987124965435244
0,234216080318168
0,0673347334405046
0,159636108724912
-0,181390457547299
0,190131445682322
0,160925720840036
0,0955508328558141
0,000271587698453484
0,0501728741616444
0,0318364794398893
0,0133171201333905
0,0229952860521607
0,349328736656282
0,434753523188432
0,230992536139266
-0,0787388611014674
0,0728785474584948
-0,00178731123866936
-0,0253944101228605
0,061754827067913
0,0658112672422977
0,0241597570894326
-0,0342967193135373
-0,0449566472120379
-0,0794158634252551
0,0762084880491561
0,0176728296085601
0,108159760924118
0,146737941758193
0,0410103062966431
-0,14774094621419
-0,347602124538321
0,148597518540409
0,104444303037733
0,142408226980495
0,00579262977606979
0,28962076592897
0,0873354521037796
-0,0714634170645581
-0,072164047358869
0,0325922515159695
0,0672826586478127
0,0991967755714428
0,0384121184040158
0,0093393933005615
0,106544235850676
0,136307446435221
-0,0587707181676179
0,0699791013712655
0,0116699628874011
0,00678562286468681
0,0250889173269692
0,0206428664693079
0,068640438607396
-0,00387388005008273
0,000285474046720021
0,00235761260515858
1,20541189246546E-07
0,0337575091451567
4,74664363109171E-05
-0,00411358289835936
0,00656462923184186
-0,00963453795883827
-0,0228576386695485
0,144621776664007
-0,1040600090013
-0,111562624123083
0,101185996687009
-0,114554454011871
-0,181171063081813
-0,305682401050066
-0,0188570051304417
0,205919103946456
-0,0426765802644927
0,123543927303437
0,0448131986950129
0,0948958995533155
0,155025645348793
-0,0258480165332707
-0,032771652155849
0,549110856567524
0,194772559497674
0,156969399085823
0,0600310503125849
-0,349553331755671
0,017660514267711
0,212478500419701
0,00609107734288566
0,0792346907977948
-0,00807255641660924
0,0613153873120837
0,0037897602801426
0,0191442167725685
0,0203098784567323
-0,0247776224028024
-0,0188930719774072
-0,222188518329041
0,0643473120200669
0,222159572818171
0,1333274513208
-0,0706144058440855
-0,12994895638205
-0,0485419063186175
-0,0614892152105415
0,020028827251134
-0,021228099300907
-0,0472230568657374
-0,0220407095025908
-0,0118859090283658
-0,0404870499282956
-0,0629947693080142
0,0327578737580215
-0,0190016934312402
0,0205161572991151
-0,0201731735256919
0,00498990485258531
-0,0138088690442708
0,00637561760894143
-0,000607745904125852
4,45378669465823E-05
0,000169850481016556
1,17793400904512E-11
1,0462590080194E-06
-8,32580636601487E-06
4,38253819949472E-05
5,23643814466829E-05
-0,0013310724873541
-0,00238100215347627
0,00055855244468368
0,00438081915986307
0,00045969211742411
0,00284528609411007
-0,00212624577329892
-0,00437831746158192
0,000838676210025759
-0,000694122016803971
-0,00703706827309834
-0,00573929930840282
4,10055634293857E-05
-0,00802454799124169
-0,00827797045662182
0,00787417058374694
0,00796812263586267
0,0184108162193658
0,016992287595425
-0,0257917285960847
0,0051966073457553
-0,00190135241083378
0,0156247658781388
0,016418701876131
0,0257152960114916
-0,0381206292713091
-0,0463201249669887
0,0209379268966053
-0,0416636311492745
0,0153031954687265
-0,0109919509677085
-0,00140329810390987
0,0212323416462792
0,0136175157877023
-0,00781853659994814
0,0477768268297083
0,00197750252186118
-0,020284248262165
-0,0345112478268584
-0,0166800253610023
0,0111185718204449
0,0452667853212154
-0,0284803695517084
-0,0249331741417073
-0,025344232698724
0,048398188358912
0,021373844838302
0,0118578708809542
-0,0545924613808243
-0,0279075149653317
-0,018440726607754
0,095684694738369
-0,380314794970901
-0,0286287080743461
0,903018633205495
0,0672194283337993
0,0155637982277956
-0,000944374502179452
0,000520898008767674
0,000108550141908445
0,00541772944066759
-0,257143898917574
0,127061458298295
-0,0300609485383354
0,0179052948946871
-0,0568829520442707
0,0485565003475828
0,133497941721529
-0,36274246347162
0,00324589185695382
0,0830874574158564
0,140183951786758
0,0956017329166218
0,216366563698899
0,0742964195148146
-0,032956147231818
-0,0851696923845177
-0,00957126348011968
0,223926667222669
0,0499193499711035
-0,277698892829682
0,26431014290015
-0,0713443300823019
0,130251047649464
-0,0834198768440123
-0,0822719462741942
-0,0495375790042805
-0,139682616596563
0,175802175445159
0,0114712339019549
0,0648272130926069
0,245606024978992
-0,0676604422354887
0,0354057523759773
-0,0719282863831344
0,0497882551736681
0,0111480915329643
-0,0743102070538487
-0,136599789154035
0,0298641253439048
-0,134911071556895
-0,212155349883508
-0,174748991972967
0,043967761547412
-0,0629305785320264
-0,0596813376263132
0,127291569543092
-0,0156271574943032
0,203458750230259
-0,135688035553578
-0,247756159252212
0,153921284583174
0,0227003477343087
0,0733987865301603
0,0296093095905153
0,0151565149483913
0,0326214223787968
-0,00840911383852144
0,0237378599277693
0,0128607481401367
-0,000481018690557498
-0,00057944528859183
0,000416708921524716
7,49316186657744E-09
0,000125224554504577
-0,00199394285060509
0,00412974038964077
0,00583963617725317
-0,0622142570364335
-0,0794837692127899
-0,00828544114014886
0,0770382640780846
-0,0469598788902598
-0,0592599620018759
-0,148967493867196
-0,0317608277584791
0,0136184184326032
-0,0266246675333517
-0,0915926901023268
-0,218918953425853
-0,15336442789882
0,240357661740062
0,0314178902396602
0,0582551670934506
-0,313234685903164
-0,485517473259774
-0,0801557308227073
-0,133972250193768
0,0231787144353036
0,0999636722643409
-0,0465429640114762
-0,0719013764312442
0,129709094931478
0,0213876897939645
-0,118281236562845
0,0749436739261986
0,0216230635654948
0,050785000765504
0,171562526644069
0,178130242743034
0,0903351421888674
-0,0832067287524448
0,148624213096191
0,254291864537506
-0,0224193515763031
0,125436168118203
-0,206566271734165
0,165218876404768
0,0433676368987944
0,103317435694659
-0,035887196373321
0,00208462088798746
-0,231116670177323
0,0423868318523325
-0,0511513210013352
0,0692138589014306
0,0391594091426611
0,191693586433272
-0,0904493689747767
0,0469491140711411
0,121566554456162
-0,0787571364444074
0,0236033252359811
-0,00611248237812979
0,00191271281779152
0,00439281280445285
-0,000688811954294418
2,11123347065889E-08
0,000454204793494137
-0,000431322265300624
0,0182216040662578
-0,00553064645032625
-0,0271608256708826
0,0189160998751314
0,00254663162903455
-0,00958673351819688
0,0500033995937506
0,0103872240217565
-0,0282419365698566
-0,0116570803986247
-0,0387100760816264
0,0401183943153571
-0,0386975139582454
0,0959039372979149
-0,125622632797452
0,0253030061863172
-0,0907773447289838
0,153588541261164
-0,0475552690862148
0,0636408584730364
-0,0532748275578549
0,175199787655515
0,111448174477141
-0,00987502202679016
0,0555868344027354
-0,0360011662431991
0,0527074312378488
0,054011770771986
-0,0537559950929476
-0,0246636554123456
-0,0970529325546205
-0,214831857416073
0,213608988603648
-0,0942004375219539
0,263393578130217
-0,051241659612994
0,02559361983488
-0,03363436352902
0,00582159579756436
-0,00719516394341654
0,0274768978810649
-0,0295358628302008
-0,0307383734397642
-0,0381436078443026
-0,0423204212269869
0,0430289894872026
0,0886653710068448
-0,0713438494772427
0,00932426020673924
-0,0474305947820514
0,0155232767239318
-0,299883669309797
-0,290841719341908
0,66009459071211
0,14379918052396
-0,017822719501192
-0,00337318828248171
-0,147582728622825
-0,0817474107537377
0,00460565857897819
0,00467773462219531
4,11418934092635E-05
0,15723975044428
-0,00824870077552663
0,245650106132203
-0,0570400270155156
-0,00585660664570768
-0,0207594302839512
-0,0445092044046655
-0,0833123250981377
0,185272423360041
0,233956335639774
-0,0370785241173539
0,0834761936084726
0,041304201564124
-0,0129490278096059
-0,0257347652818062
-0,110365573348138
-0,0336180146226942
0,0914632119330245
-0,0121321498769307
0,0316431462739729
0,135839014628829
-0,0399810002825907
0,00306648266383021
-0,0377342584858524
-0,181930281615484
0,113675717198232
-0,112396944680499
0,115583329359298
-0,196681944828806
0,202896362952668
-0,0325742829355568
0,0808083197114536
-0,107819988479835
0,209629220659159
-0,219138016852252
-0,0105339337607787
0,227533927216729
-0,0782594350731943
-0,128726298832039
-0,0224931375270217
0,00819060780112479
0,0765392856827927
0,018738518353272
0,0152845784774283
0,156680669115299
-0,0991736812420342
0,26916308894208
0,00477567398076775
-0,128345360703951
0,116976433418552
-0,263991081859851
0,238417817144395
-0,158579484679936
-0,069900094045919
-0,149931577789645
0,113780103299069
-0,250163033643999
0,0459674075940469
-0,13224654970198
0,0460063038717291
-0,00499185979315961
0,000972068117029974
0,0015758659239268
2,66383275816773E-07
0,000144552369555858
-5,13997947415299E-05
-2,25866076986498E-05
0,000708800273088022
-0,00380822812398339
-0,00912586367571165
0,0263741499625231
0,00709098632637973
0,0263429713953615
-0,0387016483849796
0,0348091566882785
0,0397451315578842
0,0157153893725525
0,00596889968832948
0,0416844005783533
-0,00493781684667456
0,00193867896826279
-0,00234011232557178
0,0539153883666319
0,213940330502336
0,098790525524389
-0,0399154974730825
0,0519670052691572
-0,124170803232357
-0,0443771101542041
-0,00662605812859708
-0,00987693944336761
-0,285865387738563
-0,0736466441126223
-0,00241543840659223
-0,00387293304537482
0,000413740793570611
0,0304361508631217
0,0105025120571711
0,0599675790673018
-0,0715217168094821
-0,000479728507776091
0,125538112385895
0,0560117966910672
-0,0893539690392525
0,16393374531348
-0,279820981930518
0,0241268903917477
0,051049415065012
0,250054557157574
0,321111672146374
0,0803208908414575
0,146132762012443
-0,0290403973393262
-0,302616285826908
-0,152175294922719
-0,312228613533339
-0,454738304969003
0,125442513181311
-0,136488179279888
-0,0561839716377145
-0,0181013679096395
-0,100973191245923
-0,00846374981240514
-0,134986943535968
0,00820324416070907
8,37447914247036E-05
0,00101419647078316
8,54872595912318E-08
0,00110541444714783
-0,00816113696337347
0,00432527372439694
0,0260941686223536
-0,0018474960693749
-0,00740609911730138
0,0386786571201609
-0,0248899837552514
-0,0558508288553907
0,054013052174531
-0,0432607875049703
-0,0789881610930317
0,029999154342088
0,0131159553239653
0,148160259647397
0,0727261498867681
0,000845457129296745
-0,0365921796297965
-0,0147360755695653
0,0884828807862232
-0,00843028995819757
-0,155606526857259
0,324140891075485
0,0650378777685485
0,107653058317686
-0,0297375662466176
-0,099913582203495
0,160575250913279
-0,00317386046074797
0,000481590580249983
0,150422193658451
-0,00569266865219375
-0,0953336669250118
0,053567978038733
-0,192277436026428
-0,00958509682846824
0,173560771949615
0,0915328682837385
0,527831389668168
-0,113958396631325
-0,499977937182022
-0,215195967245158
0,110119693198511
0,191286789151858
0,0452774629810009
0,0626759049933897
-0,0118414074437852
0,0198190848470806
0,0621988742763305
0,0431741344162901
-0,00309607917800303
0,0349717804098567
0,0307294854975974
-0,02781018321139
0,0216633805198917
-0,0132299030327316
0,00793132010722084
0,0125521089479131
0,0100172185896144
-0,0209190229134898
0,00133344524257532
-0,00169837934585625
-0,000536339141830413
6,4451465702916E-06
0,00433904951415843
-0,00286941471280374
0,0369963443136553
0,00940941146440446
-0,00760080203608246
0,00463161587951771
-0,00596189695639749
0,00173313561527642
-0,0542287767091321
0,00271733791138809
0,0306010308200419
0,0429642418820735
0,00619646088934007
-0,278701400436856
0,056880135113755
0,00860035494983452
-0,0725030353890593
-0,0472375134398795
-0,0238703503639992
-0,00598521435159118
0,0367642994017836
-0,0105094075448541
0,0510619287486365
0,00263439015975678
-0,00544603854261518
-0,0426891238789893
0,291708280727147
-0,027129373289527
0,346895995550654
0,250172155900508
0,230718352624845
-0,194632225657791
-0,0536160998405355
0,400837878761133
0,293851392249858
-0,143095075835387
-0,0592889269890724
0,0981503411314915
-0,13211418413957
0,0691163988899129
-0,146377965965194
0,147587158794021
0,0356260890879628
-0,0461130765570373
0,13946232319719
0,205707034789605
-0,0678278467385312
0,0246429919737075
0,155132090756151
0,132763675182743
-0,148873340512715
0,129187075351774
-0,0912030408962612
-0,125345895021125
0,0494317236598418
-0,0342776285755347
0,0724105961826817
0,0614518677971137
0,020038049292122
-0,0274314265388965
0,00167859594350639
-0,00780493338535002
-0,000408475748243637
1,03531888398103E-05
0,00161835224205851
-0,0291962580486794
0,0778962067603832
0,0118659820961692
-0,0041932372833289
-0,0435108781935921
0,0180158411232573
0,0893113554637969
-0,250638378469238
0,0193953411992715
0,042399765019229
0,0886244757941163
0,055827344076431
0,190884312670851
0,0542822011711493
0,00391968299072312
-0,0913352217939196
-0,0130574743988165
0,117237604456685
0,0294311664426662
-0,136906843517916
0,18359021630438
-0,0324736683019213
0,0750605861531042
-0,213129791286553
0,0286768559340172
-0,146402842407303
-0,0125018878284958
0,0749855849521768
0,00755539890259615
-0,175325123201955
-0,565329291691818
-0,0764960802471157
0,0561377626647575
-0,0412813166786767
-0,045886166917476
-0,00412264650072476
0,107195074182648
0,0824747894800097
0,172077468610186
0,0553797601608661
0,013545004002369
0,142879958275637
0,0926157653211034
-0,0133006738244626
0,0555117223954619
0,0413822780707555
0,198798774598178
-0,273097101748083
0,203221700664579
0,227316185644915
-0,11246787991197
-0,00105102617987312
-0,103506235741622
-0,090840720260945
-0,0247739087942758
-0,126327494964277
0,0514192254766665
-0,0728027675106304
0,00952332040518169
-0,00153112065398942
0,000565228025161839
0,000395638113621715
2,01126907323183E-09
4,01670583164665E-05
-4,02467018687954E-05
0,00171039151632984
-0,000517501600839091
-0,00224983361848164
0,00220423152449202
0,000563859591103215
-0,000438782447540272
0,00451655249790457
0,000307024419507338
-0,00237313555319833
-0,00219238374052869
-0,00383300479842417
0,00360066934460295
-0,00382477566896743
0,00913209084243502
-0,0124298546356259
0,00287339949545303
-0,00912466554852301
0,0144058434062722
-0,00394348185559483
0,00569994174071094
-0,00521352066559809
0,0168395756130021
0,00805625468012095
-0,00133931846719454
0,00478853311347139
-0,00302180190958613
0,00523202434828785
0,00298671916598354
-0,00379320388379685
-0,0016349486032859
-0,00696850088069547
-0,0186080272964067
0,0198303096113506
-0,0100763298726354
0,0276907648571645
-0,00507174210134051
0,00271347928972524
-0,00105589165129664
0,00112001556130913
-0,00177649735655328
0,00389455122838259
-0,00771726867920779
0,000729051300324097
-0,00562603708729899
0,00484360436587953
0,00260938156825746
0,0115359494950125
-0,00110711187633183
0,00218885297459684
-0,00813465292346156
0,0062978267317423
-0,0277767514229897
-0,025413426125251
0,0567165298136011
0,0144575971453311
-0,0205638668231051
-0,0210997517170781
0,0444787323463034
0,974175282918317
-0,176732046523879
-0,0940580360732605
1,26376653163041E-09
0,00167092472047343
-0,00276882930542983
0,0095789009096819
0,00488550170056658
-0,299264004699196
-0,370112087458995
-0,0973880996350891
0,0993358876448557
-0,0431016563947709
-0,199071973223236
-0,312008233196524
-0,00176407522381181
0,00702885911402265
-0,0105802300389913
0,00691372690715747
-0,0645293859388603
-0,0163599039094376
0,193603102288863
-0,0809868755932659
-0,12758324194708
0,191206257870511
-0,0419692014379184
-0,0319702989935851
0,136504595754839
0,0621332637234277
-0,0180408026420003
0,0152651375027048
-0,0481938541478196
-0,101656353670997
-0,0324328540388564
0,244725898852423
0,0419035179434949
-0,0160180563377446
0,0285231881491046
-0,113568500393902
-0,139588019752155
0,0566922808016611
0,15026799814932
-0,0936515309961791
0,299101148861794
0,119118608667307
-0,305770938643071
0,223095203631838
-0,0983794433544577
-0,160107519313891
0,0630463437737229
-0,0641656671502476
0,113459408156457
-0,0614546833660727
-0,0500901031967962
-0,0784494116361538
0,0799291615350092
0,128457430963251
-0,0421426650666805
0,0283267491215708
0,0186825869975635
-0,0114068223745153
0,0340632323564319
-0,00662254135922902
0,0401990711023627
-0,00247121875638979
-7,3766504517254E-05
0,00143538426879492
2,8052305820588E-08
0,000645012024178734
-0,00112152262988448
0,0307080055662215
-0,0104622946320521
-0,178584723066608
0,162440382847212
0,0385740188508625
0,027476760332956
0,0536374852975801
0,0125657643695014
-0,0223429347489945
-0,0401857657534876
-0,0267023385839761
0,0941124472666652
-0,0374370606234014
0,0929564440343594
-0,119648905803207
0,0698789883838744
-0,123851013739805
0,174064380206134
-0,038671483400118
0,0878193635302943
-0,0809023591882282
0,262510118479435
0,22152750522538
-0,00201414847255896
0,132055499599714
-0,0989657461905279
0,0572989044099819
0,0190864149203568
-0,0586591101328838
-0,0696549329580571
-0,0117933252262667
-0,114811065399308
0,177296478396051
-0,15073150421618
0,480746746745359
-0,117960014197786
0,00526086583418122
0,00322357064448643
0,040043982302601
-0,0159748754152536
0,0577712185340394
-0,0109367739090659
0,220305332406432
-0,238441979057326
-0,0638332777223976
-0,0122408585412429
-0,0715016108833234
-0,00106502418391822
-0,0237882212627884
0,0410543155077383
-0,0435495972366916
0,145981764394833
0,180343195413234
-0,403217754954743
-0,102101025613375
0,00798198872934557
-0,000655453837516935
0,110015754440051
-0,00814130971987573
0,00927034227534328
0,00325030406884786
2,16021795922722E-07
0,0377560737872583
0,000652152996358194
-0,0061128110961724
0,00245200331263693
-0,00818087831376475
-0,0193942080072659
0,0757340135078192
-0,0171000398345564
0,0182389744198112
-0,0818696923123003
0,0311322661236504
0,0495737869241507
0,0141357137037355
0,0286415824748241
0,0418708227477429
-0,0262752842846214
0,000936090386953061
-0,0278307880801593
-0,18808334717978
-0,0570459556526352
-0,0645825416665946
0,0363917483756546
-0,0828281943150826
-0,0788510178217103
0,121324893993285
-0,120115577698483
-0,210127826553435
0,16141824736385
0,155151306571947
0,0965747578511072
-0,00478912835371207
-0,0125748181172989
0,0624138153827528
0,146052629122787
0,107170451060767
-0,00888204825214183
-0,0355848674039472
-0,0449590262144094
0,162632973626512
-0,302384025575711
0,434213050641582
-0,386189879262654
-0,153149215911733
0,0401642931347615
0,158860676293259
0,0999780378154296
-0,00813297623843215
-0,0807086674929672
-0,0427141324404635
0,170256018239706
0,00277665503056534
0,175537077084083
0,170866021398738
-0,0693639886347814
0,0202577344308637
0,036459823527122
-0,0199331376359512
0,0704480178102781
-0,0212598149909728
0,00975566497930915
0,0596148679820122
0,342873241921876
-0,0169795300756564
1,29883662583901E-07
0,00270185329415522
-0,000664254295772693
0,0034321909807587
0,00530152048258295
-0,0158910295299264
-0,0345264594395965
0,176716731703374
-0,119332598871358
-0,146978638809858
0,143420310314558
-0,126730633011939
-0,166634302141543
-0,486355909181686
-0,0237372313240655
0,213307651494065
-0,118456541828306
0,125093246659325
0,106315129439416
0,190488867000279
0,220891449084066
0,119765997376936
0,0711002207127352
-0,513264045202911
-0,217247241140895
0,0715452237480201
-0,177778148641512
0,0852183687957191
0,217622526900441
-0,00710182033664552
0,058909091508991
0,00194269259502786
-0,0553829737878771
0,0424441518327452
-0,0198465784445616
-0,0203439030844585
-0,0274850566585518
0,0262221929462563
0,0658296955987309
0,0564051987934757
0,0213018120214701
-0,0998689947473705
-0,0367941615168234
-0,0175541518968517
-0,0070601472830169
-0,0390384633164477
-0,021561705006859
0,0338890004857398
0,0133208095313584
0,0128934150275483
-0,000738496595567963
0,000536564838973446
-0,00423856135931149
-0,0347236948391238
0,0374260855606994
0,0124242053180146
0,0141984924875122
-0,000436430486846073
-0,0144451868341762
-0,00157124469477319
0,00418847826406683
-0,000594882774500841
6,61784655986017E-05
0,000117429656806381
2,11911763536595E-11
2,95553002484475E-05
-2,11769228786617E-05
0,000109190596462686
0,000188409256339311
-0,00151438023808697
-0,00321656653152705
0,00300315844639117
0,00830527925052804
0,00241497206897173
0,0092927730188278
0,00453783208813562
-0,00704796995783522
-0,00639356014401922
-0,0032078179757518
-0,0105581649042159
-0,00035653139336065
0,00658889093928928
-0,0116945653013142
-0,00280914440954102
0,00995963362853753
-0,0435341049056886
-0,0447825058863655
0,00147480397816751
-0,0146133982808091
0,00432765918631376
0,0124601630664501
-0,00946265203069968
-0,00634664383017003
0,0377299372043438
0,0258504172695037
-0,0221341581994192
0,0023572212938711
0,0117434003536282
-0,0707491441211446
-0,19114383502546
-0,534531636930028
-0,141110109404078
-0,229202095678443
0,022441945568092
0,0189581927352102
-0,0458179540452453
1,40516428096009E-05
-0,122888114635935
-0,0174197446408559
-0,00294342901270733
0,0825248168441973
-0,048090081736282
-0,0458811529771071
-0,00960609033014491
0,0580088592558691
-0,0206930635159103
-0,0364320700822905
-0,0474030702266915
-0,146945780344832
-0,249773588105364
-0,091063405739242
0,171104865981233
-0,36411550288763
0,00752597358811427
0,544661736773375
-0,0268797336123772
0,0602180527810955
0,013608991532626
2,14832578916008E-08
0,00100866281009916
-0,0034949706341828
0,0211074385784692
0,017545913055658
-0,00629178866566356
-0,0138245825269361
0,00124619034574501
0,0391920305974091
-0,172433934508085
0,0558109925410472
0,108760600735414
0,181357700381309
-0,135260209983276
0,0550723116846445
-0,106972075469793
0,0835933344237767
-0,0674307587400393
0,133224725671307
-0,150393031017684
-0,0259724057860805
0,211584196205031
-0,125490838561769
0,126352022023292
-0,0312496435593099
-0,0509424634441355
0,0835008642634002
0,00216174712364077
0,141839548325094
-0,0877892186951311
0,0215450541561702
-0,279763174866496
-0,409570893520504
0,172803269952328
-0,0565232094419785
0,000815180591376142
-0,015736427348471
-0,00832641805364305
0,0798795193424623
0,0505870571895441
0,0995912309830781
0,0349421903089565
-0,0464336745754092
-0,0766920157610288
0,0511933480797514
-0,0800583827044166
-0,048216617556854
0,00238459301854396
-0,341553688931254
0,21730389782351
-0,269035014343153
-0,354389780488549
0,0765583162474605
0,0815882116449794
0,016619717180786
-0,0081523398725061
-0,0457999182174528
0,119442255656946
0,05334180845729
0,0793559800599458
-0,0111943024275092
0,00354042630827847
-0,00262175372405315
-0,00038441430291584
2,36501847518748E-08
0,000529266944059523
-0,00048175136074625
0,0203250000954098
-0,005635288503884
-0,0205161104397711
-0,00845442321567513
0,0227430641932198
0,0303739501482871
0,111195991054541
0,00557690084714051
0,0034569586588595
-0,0345900953490901
-0,0930130984390173
0,0147523846347017
0,0520289185544908
0,309795282790956
-0,227460270954271
0,226453913520424
0,141090139593088
-0,173386931947807
-0,171387652437686
0,195429457262066
0,146548756853052
-0,420722626142051
0,0787782873163091
0,0283480212838874
-0,004205735061827
-0,0183901942413051
-0,0592972075700672
0,0325431776188511
0,130895984993329
-0,00835141604757854
0,0729472291640024
0,0092131056509847
-0,00861605215445686
0,0229392641654819
-0,182571909337039
0,000730806266287887
0,0442678530604096
0,206606622212533
-0,0211279522445176
-0,0984615977446816
0,0481292210251226
-0,025744756972764
0,368434199674283
-0,383177574382022
-0,178424973569778
0,0145588017311297
-0,0363537915880678
-0,0493863582948275
-0,0116879235862331
0,00834364331533764
-0,0347474107127936
-0,0649064190294946
-0,0314350425100765
0,0781843773707296
0,00345647435557514
-0,0059386281132121
-0,00499685207920212
0,00175045470700502
0,000161615225539999
7,26495204913008E-05
1,67628531909745E-05
2,42525551505667E-10
0,00041615084345835
-0,00104804626500378
0,00567731892646573
0,00195322138420688
-0,151382171606718
-0,0797879039597218
-0,0628926958050552
-0,0113588439609229
-0,0715166026352287
-0,0643372329595788
-0,0938034013200374
0,0660052476969339
-0,00326485612923107
-0,231093719552702
0,00345380455019841
-0,00311208441030961
-0,0364726384637186
-0,0130790970927839
0,0216067159680248
0,0421482346949962
-0,128803511048933
-0,0385224623590136
-0,0422098192755783
-0,00470917183480948
-0,00110189857868247
-0,014903488069124
-0,186922535448334
0,00927406029725677
-0,26331597245881
-0,132541380371217
-0,0480079450720227
0,00988473141945863
0,00196748664763768
0,0138587514410541
0,107989440659428
0,030421482313887
0,0647225906254884
-0,130694979324716
0,101229822581215
0,174743963554043
-0,00374736442731971
0,00194342951236241
-0,349079670080777
-0,0867463753438716
-0,000670209034231266
0,0258262147983453
0,00165975848149875
-0,00525241506565956
0,421587031589794
0,119065069195403
0,107644208096875
-0,158346579219804
-0,195219158458331
-0,394654936699318
0,0625615047061243
-0,162146001713381
-0,213734925411591
0,168878486065184
-0,103078701648302
-0,00929385503892068
-0,00295176745392408
-0,00860750927171907
0,000614428102059173
1,60601593123117E-09
8,71219480976377E-07
-3,09769910167298E-07
-1,36090115818269E-07
4,27017014895216E-06
-2,29380764922556E-05
-5,49633740532855E-05
0,000158822506937225
4,26971922929625E-05
0,00015857771727638
-0,000232943921657213
0,000209508416265823
0,000239182589441659
9,45596812370035E-05
3,59120810280112E-05
0,000250745867756021
-2,97013290562284E-05
1,16606551164123E-05
-1,40714049553728E-05
0,000324093151369265
0,00128580759301707
0,000593629378453343
-0,00023983741902559
0,000312100596074316
-0,000745665222838077
-0,000266448002224536
-3,9774270841233E-05
-5,92818490673961E-05
-0,00171508166377794
-0,000441661877896405
-1,4479178220326E-05
-2,32047323454955E-05
2,47728513672464E-06
0,000182150917152481
6,27758576624325E-05
0,000358342124508352
-0,000427283152843601
-2,86418322009998E-06
0,000748546703844358
0,000333354727572583
-0,000530825804022405
0,000972225560433425
-0,00165528364894252
0,000141892456195266
0,000299821590400517
0,00145996518520677
0,00187110016355408
0,000467072616940852
0,000832134013095914
-0,000163227071782868
-0,00168407035503141
-0,000822338766634613
-0,00157351538483354
-0,00224964672143783
0,000483234138645785
-0,000267706527922512
-5,79935985428254E-05
6,22013151959752E-05
0,00156294174486423
0,000530567349638355
0,0242439363485145
-0,102977192203589
-0,0329177246671727
-0,993827087623727
