0,999741225035915
-0,00116554946901737
0,00235891657934744
-0,0190297072060419
0,00302744124783401
-0,002386271254384
0,00195949513547581
-0,000873344649134139
0,000296733124728447
-0,000209883402794746
0,00362749643011271
-0,000296774165038578
0,00253202432086281
-0,00210605040090572
0,00241045317739111
-0,00214178254895034
0,00302462813080972
-0,0041753344540212
0,00111703917849677
-0,000505460285252463
0,00213091684989925
-0,00151557577401722
0,00157438825855327
-0,000463727166940531
0,000394047500763995
-0,00287560323023513
0,000315618218645239
-0,00113829733273596
0,000341188423077234
-0,00108200614541694
0,00186594801899995
-0,000575759514558991
0,00225113483702626
-0,00164351054381767
0,000250183909802449
-0,000851788827015348
-0,00268585205310717
-0,0010903773635486
0,000728889562915758
-0,00140891885828046
0,000294646356189785
-0,000844569381438523
0,00032470514926502
-0,000555595042220361
0,000175202546279612
-0,000769959643795579
0,00142118728706181
-0,00269678242258691
0,000374380853395349
-0,000203296057713859
0,0013053131319873
-0,00123220933724375
0,00176586058018208
-0,000236473832850001
3,78824150662521E-05
-0,000650957139224415
0,000166784290892574
-0,001847419361723
2,21325204337143E-06
-0,000790161261696592
0,000364944001405962
-2,9762411775733E-05
1,92579709723746E-06
1,07369795646228E-05
8,35397445268334E-07
0,949791655974775
0,0318154082708931
-0,0960778606654062
0,00110551876674395
0,0239741467410027
0,0160403645393234
-0,061002340435596
0,0359665085895376
-0,04252506064388
-0,0153623861956768
0,018362951535379
-0,0310845386767587
0,0143010124046404
0,0597919343212662
-0,0146400280606403
0,0128547996091167
0,0287272183299773
0,0051126676245496
0,0221646033011007
-0,0212011798324977
-0,019199739927806
0,00627815419159478
0,00958715923986122
0,0110360085901899
0,0394369928817023
0,049883059672357
0,014658589441501
-0,0301594664386576
-0,0361103427095176
-0,0608009337725013
0,0591089564248986
0,0169716869549297
0,0672285893401828
0,115181473754234
-0,0358014154578398
0,114764272755599
-0,0437367659488827
0,0385322386503611
-0,0229981933426976
-0,0154153288556008
-0,0943654267935888
-0,0146125360455371
0,0334711823541091
0,0256552892521842
-0,030869161959677
-0,00207562129457287
0,0534716254431197
-0,00440482577469607
0,0143813514678172
-0,0122617893388972
0,0350218471987813
-0,0443839818783226
0,0196518604155931
-0,0123126515389121
0,0259406560706076
0,0164088656149758
0,0376333467575349
0,000820227513659478
0,0168409440746837
-0,00790057316260603
0,000578587714800021
-4,0449905165179E-05
-0,000221379804345157
5,02448366926787E-07
0,0151642244200082
-0,839228692136444
-0,209463617905551
-0,295524807599818
0,0235530049341386
0,020834749228217
0,0143087241006456
-0,028616653129263
0,143557620836135
-0,0277812180216885
0,0364135448662977
0,00892277500957597
-0,12094375924143
-0,133640106309299
-0,0930681576218915
-0,0570991508971424
0,0896550396154651
0,0764036076639479
-0,047727098174803
0,00245502363094601
0,0446537226149109
-0,0382655981441413
0,0551508992621938
0,000772817276593614
0,027571183252033
0,0972379206901825
0,0398997394089752
-0,0226815051730643
-0,0341027414782542
-0,00199342098032318
0,0400823526354418
-0,0916378642941179
0,0209421652241598
-0,00140687083749541
-0,0132642427068909
-0,038645684468244
0,00769184357253065
-0,0157332814509494
0,0473712077565257
0,00856455835373659
0,0257046657839954
0,0373801130867969
0,0476908506058902
-0,011512309890984
0,0121950828550369
0,0215431247577451
0,0230167691522137
-0,00191308229280831
-6,14210413581494E-06
-0,0217482749172557
0,168260010031604
0,0351714040379035
-0,0115435302792766
-0,0165649397113631
-0,0777147103260358
0,0376412124559411
-0,00589487633736089
-0,0228820698725376
-0,00404889661013251
-0,00941254256136546
0,000805290026334582
-0,00025531811801594
-0,000146546529112033
0,0226874334437798
0,0478751660424327
-0,101045647152275
0,835365577757656
-0,138625034911021
0,117425100895009
-0,0737147901452822
-0,000902189264280038
-0,00538876444494877
-0,000260170857151854
-0,158513477120413
0,0348868476049372
-0,118887142608881
0,0680005749110408
-0,101063640674005
0,112761579291619
-0,129782086693442
0,180279286882973
-0,0615310306473867
-0,00466251580360198
-0,106283346356234
0,0659837015615849
-0,0737571916356862
0,0187901477276572
-0,0187425963041794
0,129364578902825
-0,0157780752034068
0,0534395738604618
-0,030160336842972
0,0468342694587946
-0,071209354723056
0,0357738099078775
-0,0956006983441162
0,0621787080350032
-0,0104795210207215
0,0370715931529338
0,114576617360739
0,0492562308086341
-0,0287260985190646
0,0628927488146766
-0,0164982935918557
0,0363512739153607
-0,011948383605157
0,0240750626816286
-0,00880351736477722
0,0386174415094651
-0,0600635402654982
0,115982484314932
-0,0167990982855382
0,0109781683999415
-0,0611872070065642
0,0550140781924549
-0,0793909420334216
0,00951900694699385
-0,00175229655953276
0,0276407213576089
-0,00617111908073603
0,0822930433899325
0,000149296533575469
0,035104873573102
-0,0161281215625487
0,0013225549771199
-8,62663702361116E-05
-0,000476528926944619
5,87246576722789E-07
0,00531980965411089
-0,119973130510573
0,0665884052091217
0,739756954718436
0,0199686056627925
0,0729115229400567
-0,0622130030512571
-0,0518192327486046
0,17464163682494
-0,0681070214462587
-0,00623412882930569
-0,0523486319360186
-0,163186478026995
0,00150715387364304
-0,120539255744927
-0,219218147589957
0,126461666645362
0,110784348326832
0,044819777809337
-0,104124378120392
0,0115436901833888
0,138065366500228
0,0961302652801065
0,0293785866813632
-0,0353454909424287
0,322798358744657
-0,00684534598421487
-0,193406498729878
-0,0227639534965374
0,0232385469628527
0,0235699871197272
-0,0852408065107842
-0,148773850563044
0,0290153818015496
-0,0185664986468908
-0,0453980526543815
-0,0176485706737946
-0,0927191453221099
0,119767254897566
0,0286108465611037
0,00451929056529358
0,0479247265969994
-0,0266790019162286
-0,047828212432438
0,0199546983481177
0,00782579327533293
-0,000108514504360487
0,0127095732600228
0,034565510011601
-0,0493513216201135
-0,056572314535596
0,0435045696534371
0,026734879830286
-0,0511804706634905
0,0285538205437085
-0,0285968289391297
0,0506306248338239
-0,00265313747268899
0,0248607476580998
-0,0055723441867125
0,000696564028251566
0,000109083877768333
-0,00026866659582615
3,10693487415225E-08
0,00175802060133837
-0,00841504917810132
0,0552297912208218
-0,0289812554237774
-0,350876824716094
0,773829645255654
0,171317536179591
0,253792084519103
-0,0613099263309354
0,0579994164883637
-0,0406570627682191
0,00860213655379014
0,11182336571504
0,0546323612545473
0,123177692614173
-0,129959675134203
0,106563934600715
0,0267570686261285
0,00890334049966822
-0,0890290753472665
0,0777547507399864
-0,033867351822662
0,0109065534924385
-0,0367561183998038
0,0853996641560947
-0,0439686424288185
0,043087641148602
-0,0271817916101941
-0,0258865635393695
-0,0450082069491265
-0,00357299990625277
-0,0332964071455915
0,0563819458351263
-0,00440535159767933
-0,0413958896179681
-0,181950420404183
-0,105634014297416
0,0233265970486355
-0,0146277690444047
0,0179713910593035
-0,0124414438344542
0,0135423896918418
-0,0201111171375072
0,0244536164696267
-0,0528382423344362
0,0347226478721911
0,00887503857592466
0,000125240802951284
0,0133487227252482
0,00233535738018476
0,0043996765044927
-0,0173668772514251
0,0154158979501429
0,0330890676237083
-0,0933374639736897
-0,109686002669307
0,0265920744664326
-0,00478129771506192
-0,000519725222183186
-0,0240342696891436
0,00120135445681164
0,00087920386825767
-0,00198351746026962
2,93902884340918E-07
0,00104924059814691
-0,0172611376585048
0,00317339348511625
-0,0189830364820215
-0,258692246278477
-0,0210221905056467
-0,149725310531565
-0,346270151104873
-0,0869530103804481
-0,0227497870088528
-0,29086200261357
-0,603522811625084
0,0814941348973748
0,106202135573692
-0,0197332507367641
-0,18044446690597
-0,388686053351859
-0,0605747236312572
0,0216483258624077
-0,0139634885593281
0,0367666006114152
-0,00918555394450868
3,29561138778096E-05
0,0637184200958489
0,0829269231742219
-0,0397243450907918
0,00776728655971234
-0,0268933972347099
-0,0387004261954544
-0,0107211160027684
0,0419101504547451
-0,0053937638931969
-0,0149520918094108
0,000951661854090357
-0,0294602531944931
-0,0922732309235593
0,00169522633717091
-0,00102739234256786
-0,0308025488751293
-0,00600291181965635
0,00858611547261586
0,00213385386249695
0,00934410270898892
0,0120531340633251
0,00531225511523825
-4,67252254056402E-05
0,00741138532889577
-0,0508907932021391
0,0757665686684833
-0,0575165697086963
0,174548847440735
0,150640093883481
-0,00706312000463316
-0,0773653247701929
-0,139735600918095
0,0615103738637628
0,0204068972415108
-0,0492499172053901
0,00725245160966289
-0,0168501313069212
0,00185537404382741
-0,000334426251993795
-0,000362608173945601
2,93568744105981E-07
0,00163219103233395
-0,00268691490915021
0,0176956074513177
-0,00716429599235733
-0,364025452867971
-0,0563868167417626
-0,189205947068566
-0,363050965304838
-0,0782268244609056
-0,0390967958085017
-0,0861339407547078
0,0944246957803262
-0,0593388170117021
-0,00494040460767312
0,0122414344208667
0,222028493376911
0,444421608542174
-0,0544984186039454
0,0270857857021705
0,0806872310175478
-0,234185994202539
0,140967466122431
0,0244458422637571
-0,00107232079373523
0,203686306089703
-0,0653827628063761
0,170687216315706
0,00904744489447334
0,0520849755813112
0,020677354003497
0,114375788043705
-0,0246185750669544
0,0706203228915687
-0,0155260875966991
0,0566580606932401
-0,0581263038633832
-0,15647146087746
-0,0214829532298136
0,0499497942669097
-0,203183014352069
-0,0119768557641318
0,197104479676938
-0,0117548617974879
0,028381363354089
0,0472205652765602
-0,0038274432161689
-0,169611808905127
0,0684792725059112
-0,168390320428549
0,0259717094088293
-0,170790789510229
-0,0355083529907478
0,0401298577526259
-0,0358779407372307
-0,124249199939317
0,0773492671087413
0,0154238318652169
-0,0577112839269334
0,0259079264866407
-0,0173252896980234
0,00269906646434054
9,76022377916932E-05
-0,000849827376831115
0,000844981970078424
0,0341585379658629
-0,00263387986707832
-0,00599236604215988
0,029872306223139
-0,0684511747422689
-0,0942751932248481
0,434169090129554
-0,0919199422482006
-0,0273977529624107
-0,098859875069809
-0,100345221612137
0,039279428029353
0,287470146472583
-0,0681902391849266
-0,424825077002373
0,0347023230423139
0,0933392707004987
-0,00362082272063519
0,127698161285862
-0,0518177309845696
0,125565748606115
0,0317050608395358
-0,119304525377855
0,0518627780426603
0,249819917735919
-0,0153154329667281
-0,325085833702955
-0,0203382649045653
0,121265142579509
0,174855668169126
-0,0137119951701391
0,0415334284391238
0,0582034457137266
0,0191639690528999
-0,0826481839177333
-0,0860078578976333
0,125023193126841
0,207228143755468
0,0711889492651522
0,0346671538973712
-0,112877904569259
0,137643198024677
-0,0973428416533889
-0,212318947927659
-0,0198352379247375
-0,0601642157720416
-0,0658715266190902
-0,00334016424496371
-0,0351952746119112
-0,151325520867008
0,0358352517251586
-0,0705912156306306
-0,0824417076715859
-0,019293609945847
0,0238639690893358
-0,0253816152185581
-0,0256759654539808
0,0393307366096048
-0,00976777793775605
0,0188186267435477
-0,000534207864697492
-0,00423587045188217
0,00526135850122553
1,57364653273086E-08
0,00662892539603272
-0,00352349264573392
0,0155626048132748
0,02715175430328
-0,0697384436362036
0,115968310664205
-0,00364834210304248
0,044656840886878
-0,112200987074632
0,022736378761195
-0,0668480389955922
0,0525783742992938
-0,0167516871600074
-0,681463410433813
0,0546780708423423
0,0831439762201268
-0,219497150171842
-0,19166786032085
0,0385037891210371
0,0250098650014096
-0,137799145496529
0,171859804462656
0,00457986210227172
0,00897266613886768
-0,0725319499611558
0,042723295508871
-0,231189021531847
-0,025704965907159
-0,142874490336442
-0,151932814995161
0,131681645057184
0,0295936616265664
-0,127779800136122
-0,0231900081928643
-0,0223241291616184
0,126102158586655
-0,00208296561932607
0,0811817152949551
-0,0231013883369505
-0,135782703573173
0,0294653190061441
-0,0108565558012269
0,167419183568089
-0,025266504463805
0,0036287199349675
-0,0404314535798397
0,0112177165835996
0,0394300698776732
-0,177270249062765
-0,115391765927248
-0,0360601225975299
0,0736636370567361
0,0772192009149455
-0,221971075359846
0,0316543989392429
-0,071871716958738
0,118257450408127
0,0582633985709252
0,0551206931994346
0,00769060467257121
0,000838802427701404
-0,00232852011859007
0,00287361642167205
1,36107329771279E-05
0,00901602033731488
-0,298841869130711
0,0691011245324274
0,367703527206397
0,00341691342241814
-0,016584539367982
0,00599721763397343
0,0104114383728965
-0,0982705704563108
0,0540160346388215
0,106894583566852
0,0252113079289041
0,289051771517592
0,16959098899901
0,212808781028882
0,266100365357069
-0,131439457345925
-0,166944318060278
-0,0214636964827574
0,084736833846263
-0,0970376431291902
-0,120092491431987
-0,0683330709917651
-0,0402481116002148
0,0165535677218302
-0,0629293277308788
0,0741032752861975
0,189848147425899
-0,235213089644656
0,020057569391332
0,092324353778986
0,209604570773653
0,194472304527934
-0,0561639106123386
-0,0128177445926609
0,00332867398048047
0,0596841025110356
0,18205614570565
0,0243078820187104
0,10614738156092
0,202178221179161
0,154460563302002
0,0397506757610836
-0,25875629790098
0,05974099169728
0,122714401429773
0,158457795148423
-0,0123647727612065
-0,0147346629518965
0,0753120989396237
-0,0509690250012161
0,0439282211962715
-0,0248028128995135
0,000537280195630195
0,00384240914110874
-0,000244861650365508
0,0452611577771445
-0,0165439464382036
0,00431556289974945
-0,00500521177936257
0,000534660724905364
-6,72361276437834E-05
-0,000100762013679755
4,99082142230505E-10
0,000158654281825901
-0,000108574276384313
0,00246885764124973
-9,07442011449897E-05
-0,0211863012748353
-0,0170191052488108
0,00840523107205533
0,0345148843816415
0,0575228170542029
0,00138855462058689
-0,0113022967130846
-0,0360512357444577
-0,0456720099601095
0,00203371076131328
0,0401132278944012
0,193655071814474
-0,085985828406352
0,138160897484604
0,0870674598196858
-0,253232047780164
0,0400807910048792
0,137024610295524
0,0707320124940271
-0,310673356177922
0,160025260759762
-0,0703802221525686
0,03659812453908
-0,0523451851272989
-0,0334606557501958
0,00101769065605347
-0,0317516772160677
-0,0419253417688904
0,0406298423209983
0,0258201722882512
-0,0222189132627513
0,0355580267989376
0,38139189660015
-0,159627681168749
-0,047735379519404
-0,199237288971519
0,169275450539709
0,149431694439575
0,0470148871356703
0,0131279700931563
-0,5847865115402
0,217036237300762
-0,0849828908846162
0,0305403388606368
0,109775487992278
0,0141283931916622
-0,0168808474366761
-0,00365252715047286
0,0325827595500052
-0,0518942811677383
0,0772245094087499
0,0572339867500649
-0,000999438692397908
0,001882302058394
0,0160146223171859
0,00617988811369948
-0,000292575784482868
0,000120088730060165
0,000211908689381019
9,87138577774071E-07
0,00443429089610613
-0,00189670897102267
0,00832328112362787
0,0106569306832725
-0,247906289882308
-0,21100381649379
0,0644375047188519
0,296077316378552
0,283385598998618
0,0248641101545465
-0,11360281584449
-0,13217937851682
-0,0761429871840098
-0,0511883694961256
0,256059034668295
0,277245073225576
0,00138387475854466
0,172533963802649
0,13460688717913
-0,312508898467995
0,150381445692277
-0,0964528429208339
-0,0275301349631894
0,268081560694166
-0,0910554020660834
0,0445992402196929
0,0335068062472667
0,0634904630154181
0,133202329303149
-0,0128952941095743
0,261084971323018
0,0975410585456712
-0,155389803100584
0,0242490594420377
0,0225730134504846
-0,00356702707101841
-0,0198525272642542
0,111827043504405
-0,0202757338520104
-0,147937693063783
-0,0797439298360493
0,00589544340192646
-0,245036121208986
-0,0397049938167983
0,11477558661844
0,0859069510269033
0,0211785442361189
-0,0820244496025875
-0,109314163252673
0,0486836989591202
0,0589853983302942
-0,0217648637012868
-0,035353424803506
-0,00400885466285221
-0,0402785492374867
0,0129805875921338
-0,00256106603809821
-0,0126461923484418
-0,0277205314702827
-0,0164638236099857
0,000461191037898168
-0,000221433313564071
-0,000527900072402717
5,34207793262209E-05
0,0212916297459906
-0,0197134440092304
0,318478057415006
-0,0797507289368093
-0,0494631100824438
0,155953528322779
0,0548401808278284
-0,0416147772246906
0,262677741264749
-0,0562984779204481
0,160057356779171
-0,0331320830562581
-0,205922723494483
0,120876078878156
-0,305498914250125
0,293968623824948
-0,275451016017519
0,0857005070821122
-0,0806956711726787
0,253730513387331
-0,175207852299492
0,107112534156896
-0,0195242324705104
0,0777660658699861
-0,10329154418932
0,0544859870135764
-0,0710909778648844
0,0387109077415092
-0,00234197800645663
0,00107153710362582
-0,0312201998293847
0,0499906456472186
-0,0392476278494999
-0,0304767699219028
0,0264836737717769
-0,0416503102757066
-0,367179306062256
0,149388956039631
0,024083861489652
0,0389925953995956
-0,0653853908512854
-0,00291955314372966
-0,0997555589510386
-0,0155721746254408
-0,24947558526461
0,169229451470184
-0,0431692127326819
-0,0137890159651788
0,0354868035100212
0,0499185661845909
0,025116189944278
-0,0209476757855614
0,0186745433928372
-0,0746396867527029
0,083260986222083
0,0924151385516374
-0,00522192296311833
-0,00537897718086539
0,0030850719535099
-0,00221160790579865
-0,000152693411421464
5,89742393409214E-06
-3,29289226444237E-05
5,69532765691595E-07
0,00334228981972154
-8,51815245049906E-06
-0,0011754565560694
0,00322655226389824
-0,0222673128788618
-0,0273643932216614
0,06903054159614
0,0209350304896486
0,0554825351940661
-0,106084595784546
-0,127566709355183
0,0452797399596498
-0,0177840403331269
0,00933503397624551
0,143650593834966
-0,0133950316852694
-0,039887830006127
-0,00353124855442715
0,0439262453119477
0,34072728479793
-0,0428366577423586
-0,12141826225474
0,0139888745907417
-0,236994428578137
-0,0718633006543595
-0,00547108532377175
0,126973209618157
-0,535250532578159
-0,00941596602086058
0,0443847413302607
-0,0454761549784752
-0,0886029181433668
0,0011371680407483
-0,0799286319575055
-0,0376212707756207
0,0188540840243827
0,162299824873677
0,306312496101314
-0,0989099954167287
-0,116268173364099
-0,108981880244486
0,0613180243907324
-0,245038375753102
-0,0830353338096773
-0,0119881285110462
-0,131823563122244
0,0400031649749993
-0,0908999991224972
-0,119507524474418
0,162899193605308
0,118407359886113
0,0559860400395595
0,304532821523363
0,0627852242593629
0,0523743531589166
-0,0280233513034105
0,00377546197734538
-0,0600508065408285
0,00200826346932024
0,0623949572634954
-0,00214207551626083
0,00144984739913524
0,00144125211477425
0,000843431340553514
0,0249439828196594
-0,006321656776722
-0,000502796203469182
0,0760757993836778
-0,0434494502851143
-0,0481722719925154
0,215657549315374
-0,0227584809963034
0,0669389634674529
-0,158900994778368
-0,151282938081638
0,0689414163217066
-0,0209433593579202
0,000968377368312933
-0,152137857983492
-0,189910639266646
0,0284036800680959
-0,0111916855914193
0,200484654674452
-0,020559366427856
-0,108118325042251
0,141776862405655
0,144948800814159
0,0247113083278793
-0,0742625435836233
-0,0456862958590342
0,166452864850913
0,442667650570939
-0,249151972082354
-0,203195434825868
-0,252255916833905
-0,172848280252459
0,0618249958679889
-0,136985020132729
0,0265918834146169
0,107499835656844
0,108600558577628
0,136354534624611
-0,195845358836723
-0,0813925807905793
0,0418957998081199
-0,101417727801405
-0,251053147820137
0,162633172697303
0,00122421369493258
0,0309304015699964
0,132501877359522
-0,0135732084035957
-0,164174788250754
0,15987627955119
0,0249445800393652
0,0184459923854573
-0,0449117534619462
-0,035190251040516
-0,0809793487793146
0,0242631163120213
0,00287493018393584
-0,0191514867015085
-0,0241367021549935
-0,0828483738957636
0,00257903700475037
0,00298190119860181
-0,0067759685609704
0,000421582292827672
0,00716172030805401
-0,0143947377829609
0,00700970408547186
0,0526881961693086
-0,0565646446260965
-0,0702947808602451
0,355304347950984
-0,156052751832946
-0,10794001623673
0,195672686298773
0,156767029687199
-0,0608502791259409
0,311940937161085
-0,0586070552296541
-0,116595589314032
0,190794411559418
0,0156796176889329
0,0837314900634765
-0,100923763407651
-0,0389738318255887
0,0338749839454442
-0,182538394981476
-0,0482856082065184
-0,0357211540120723
0,0207389178921706
0,248450407174163
0,0968418465322868
-0,199362943342689
0,0423169526863335
-0,149983690045579
0,0505283411231324
-0,137983795019346
-0,172707954091806
-0,136542929172585
0,137449956025776
0,0978735823406725
-0,118853034342747
-0,191469949679348
-0,239794672573487
-0,0310947569836448
0,00190419019592082
-0,0954188209204974
0,125877094590958
0,196635765058871
-0,00686074639105401
0,00288167997738698
0,0700031917695468
-0,0211776395661764
0,0400224627271888
0,311483562960147
-0,0733614186615441
0,0926383540680054
-0,0790881059110549
-0,0482632753233361
-0,0864234798103369
0,0301316006480398
0,0491516127856217
-0,0830119715557481
0,0118220921010758
-0,0283237425579905
0,00265440002501799
6,15794348776567E-05
-0,00118437441054731
1,36554016233354E-05
0,00902259963958316
-0,0608078226124339
0,100850969799495
0,254646795755323
0,0111705429971457
0,010929339442244
-0,0365637337598274
0,0413960286962629
-0,155114321375774
0,0720010572321839
-0,161554237347047
0,0425621127099154
-0,131236151053041
-0,25435983892847
-0,0589886613595934
0,0596610005037661
-0,0871583574509733
0,0375857665935888
-0,093622339898121
0,0502635894048581
0,138117672012077
-0,051512604215895
0,0687018122375163
0,0130525000266509
0,0557938242012697
0,0496332324183051
0,127557787163065
0,0397483490617443
0,122693217612285
0,21990209424147
0,0389853428157876
0,279723449634448
0,364796379705973
-0,15690187999911
0,0889867317738892
-0,0153092535791307
0,0144477750468248
0,0153068303001886
-0,110101860358775
0,0602183198313313
-0,135844759402274
-0,126424477523856
0,0809463968947054
0,3062625639405
-0,118815613497053
-0,0576481426742439
-0,136262184988791
-0,00384096702374373
-0,116133189963995
0,071247473074666
0,250013079273592
-0,186510927820476
-0,0542431684869974
0,152550776084949
-0,0803520519927509
0,0687676595692169
-0,209872647700412
0,00973362779116087
-0,0872037029206113
0,020306385583159
-0,00262494715862087
-0,000288481376078627
0,000906128090669875
3,65085810627694E-07
0,00618741107219371
-0,000579035607821169
0,018284142204442
-0,00552383205074174
-0,0170916735862631
-0,00636176592992531
-0,00651605040655662
-0,0549192198132265
0,0796430897917371
0,129100331311531
-0,03193613075351
0,0877820120613122
0,0491855336390499
-0,0165942650841708
0,0480782475434314
-0,0726027094657049
-0,0220649366214037
0,0828496378317157
-0,0101984901029509
0,0238841083613808
0,0162488287110413
0,0308394630415257
0,00708478038104812
-0,0149317742664804
-0,0379689254805403
-0,0534970189222773
-0,0661499010026469
0,0324809298649392
-0,109656737230818
0,139942038401599
-0,0395674504679213
0,0693003115433907
-0,0956474863492054
0,0174568658338484
-0,0484171313607925
-0,0671831795517196
0,113894400292634
-0,012868495853219
-0,0878099577328163
0,0964318435482882
0,00602811449895244
-0,104814178494194
0,0138013188751828
-0,055139933872758
0,135985025958586
0,0456609469039613
-0,233741672410342
-0,0347104313029305
0,158334923418126
0,174860413289731
0,0846639312268316
-0,545551452145703
0,16908470694761
-0,232399719227842
-0,129045808946216
0,210658222706172
0,422083963504651
-0,158272375383306
0,187178633945778
-0,132357987258036
0,000197533541085071
-0,00033795905259976
-0,00327342553356326
1,93779047439012E-07
0,00128411533492839
-0,0220718418487742
0,0248562422718145
0,0282411223150309
-0,330000409278589
-0,231289438322355
-0,094484997708233
0,288659892176685
-0,062266302132853
-0,0255188267640586
0,318570538256074
0,112175717132846
0,134277370680393
0,0424954698558485
-0,0841648556563546
-0,21769074430321
-0,229105226967084
-0,00507947768850398
-0,0126665308097957
0,115427772096229
0,185859743184839
0,111934519663465
0,0482316682881291
-0,0267513240994217
-0,00988136045029629
0,00252848877829965
-0,0393004502318871
-0,0341186721801768
-0,111134356215924
0,146988549852515
-0,0875262521991437
-0,12206442204202
0,156301337971313
-0,0266376423601972
0,0638531169503297
0,0464641709820289
-0,185886947956061
-0,15162736723951
0,0387316424106398
-0,416378841050377
0,0361810743386073
0,23324006254865
0,0128100094404922
0,0343450324949971
0,105129854212116
-0,0597451402692558
-0,0517797433840874
-0,121905375559818
0,0313740080686389
0,00464503879322739
0,0773027594030653
-0,0670860389733371
-0,0780157314223009
-0,0125635434922698
0,0142781986570221
-0,0279565812281173
0,00305925081452816
0,0359624034330175
0,0379133817320632
-0,0251577499026786
0,0013369747606606
-0,000447499422208954
-0,000571772970470564
3,38951558534955E-10
0,000694100491120027
-6,81821313314033E-05
0,00332544195396043
-0,00110525487343499
-0,00960657847916423
-0,000220804132997001
0,00472700901225332
-0,0285043962744834
0,0367978511782112
0,0495392814074905
-0,0113106884213852
0,0943376078518666
-0,0442730146137318
0,033877732360776
0,00321700222252829
-0,0243131175156318
-0,0867555606967039
-0,131322632650916
0,0472401157864001
-0,0718548259366532
0,0405967562825429
-0,0537955074331395
0,0126041852377901
0,0416751793148473
0,111360239470275
0,0354028490492639
0,0329527975977028
-0,054684129606989
0,0700158060041393
-0,10476147685444
0,00668099164258331
-0,0663037388093453
0,0613670650034827
-0,0112757884563443
0,0143732364831412
0,0776337217902736
-0,0194436371392818
0,0216820874553505
0,0728457261478945
0,0598044103669294
0,00761877279843298
-0,0525814303057507
0,0363735836683849
-0,149003474053139
-0,00221478910720432
-0,012888555938647
-0,230443620348254
-0,0674718718110837
-0,00129687067371312
0,168799166370865
-0,00327015143559134
0,119808319321461
0,146083268557747
0,0720958752742174
-0,0484011862135069
0,142258267953114
0,0145866177585823
0,605920764842455
-0,0928599578072076
-0,571430370456719
-0,0071212342825323
0,0450083427476409
-0,0725637973704167
4,76398672849079E-08
0,215720786679966
0,00183374230932451
-0,0149540218581043
0,0222445009573242
0,0112039729658293
0,0278993723135763
-0,0673208163754838
0,0202400698618449
-0,038417320309587
0,0398388992972747
-0,00076612695650327
-0,00751921326861021
0,00987744007015872
-0,214437288399169
-0,0314565769133183
0,0766750012045921
-0,072433202750489
-0,0466131187327436
0,0941967017563691
0,0404802177304416
0,0547101868059558
0,0161401791656842
-0,103208556154629
0,0257130666588346
-0,0829923996099371
-0,167930514434011
0,183220053661995
0,0245360374250399
0,294427772199169
0,110517472341891
-0,218303191712269
-0,150830775771598
-0,194948358532985
-0,502235847525469
0,231064165874987
-0,272453628350579
0,0361547526024809
-0,10436984091464
0,224215348218534
0,092736762298303
0,294674348178052
0,0192343280496697
-0,14448730195695
-0,128851260021426
0,0268169177946776
-0,00118940310451071
0,0348222772417239
-0,014334417090328
0,0479186066601101
-0,024875952602163
-0,0145915140230618
-0,019442850334909
-0,01897433062181
-0,00158938395451294
0,00747204560580955
-0,00542885628298901
0,000393721450685239
-0,0067900478408533
-0,000130887717182923
-0,0006724678736026
4,79562894483716E-05
-2,67311231922569E-06
-2,26463933458979E-05
1,52461257271107E-06
0,0850233553240587
0,00242446608549382
-0,016217975339792
0,0192857321529656
-0,116105613592135
-0,118824054352567
0,29072617948792
0,0407068105568435
0,127173184955317
-0,316820406899767
-0,27755583776056
0,121813985545888
-0,125868502457741
0,0590921416339464
0,334811413325024
-0,0668308555215256
-0,0980991024982727
-0,0659510018021274
-0,510497475987862
0,0503867093830239
-0,137969310533534
0,00934832657484602
-0,0628889888902838
-0,105092427611304
0,0404212989551396
0,0944354307426536
-0,0938223310285128
0,0844138052098066
0,0335733134011293
0,0383962117522819
-0,0561328902403084
-0,0361472780723488
-0,0835903516476463
-0,122774156189348
0,0761047508524418
-0,0707395359290589
-0,0114699963669524
-0,142474654730588
-0,0783796386612576
0,0788946359607424
-0,0919572725679235
0,170375898031501
0,0959921976082191
-0,0386358189803452
-0,0440668500789335
-0,0863483811004236
-0,00792747629599933
0,0338737062132011
0,0669317551756767
-0,0694419540319322
-0,0614555391482168
-0,0324867661753566
-0,20234914263949
-0,0464917636952896
-0,0408491488937305
0,022526378440181
-0,0031612306903293
0,0503598201502813
-0,00200390210647022
-0,0530931941352593
0,00182811193308677
-0,0011876443983821
-0,00118861259249634
3,25878700983888E-07
0,000794161982309845
-0,0147861934023609
0,00713497365939485
0,0401272399346233
-0,00627686267010787
-0,0107971839166096
0,0531649790379311
-0,0233863420412354
-0,0459670061502553
0,0554531227913679
0,0605280804407162
-0,0142996774952888
0,162713738158168
-0,00761674189626647
0,0503685705787339
0,174424136886872
-0,0628395765350335
-0,0518468571799177
-0,0575550263413592
0,0416475736577496
-0,0498126108044047
-0,209201143722696
0,0388719464686453
-0,0497591656575222
0,0487094798176151
0,208626528682874
0,261620413345563
0,136661042591627
-0,166697825987976
-0,000124620193729519
-0,111443317440238
-0,123141324351919
-0,22481153185016
0,21332816737621
-0,0869570091235614
-0,0327389263527206
-0,0546606213390813
-0,111400107765603
-0,0209891259348427
0,0117749561436363
0,110962814962735
-0,0725720888872593
-0,26013903900028
0,0479773372040498
-0,0663100336406601
-0,204110094479519
-0,285546923599745
0,0416900920696211
-0,115322093598522
-0,464763440224042
0,176407262999202
-0,174512362812796
0,11906350756771
0,00176752264488974
0,0635484050940099
-0,0371073552021079
-0,105038268641864
0,119110082116649
-0,0207681142772117
0,0451900120237048
-0,00381620554952246
-0,000272244625764466
0,00200559388662762
9,79055927606697E-08
0,00323521931835479
-0,17122185236495
-0,039546666001615
-0,0668786690102562
-0,0758366818938922
0,0577650427183275
-0,0214908806209035
-0,0794289864107711
-0,0045853092745173
-0,0118202399375631
-0,0941349868471386
-0,221009241298058
0,00635549655987731
0,0391631344140189
-0,0231940099995666
-0,10709697487587
-0,134587350549915
-0,0408423361235013
0,0164302213496128
-0,0433877309637293
0,0938793174222096
-0,0667387567361908
0,0164679154602942
-0,0617579853889384
-0,0242999440022229
0,0259526370334496
-0,0299988422057501
0,0204519974061637
-0,0128890435685196
0,119329787536514
-0,017035775858534
0,0518790263735036
-0,125467080345045
-0,0346454384158582
0,0818426241151632
0,213534680592932
-0,0355347463661121
0,0222754507583699
0,0410699235707235
-0,00158268314139617
-0,00614901513543965
0,02803242055221
-0,0293730997125932
0,0462388669857884
-0,0150376179873976
-0,0174430673789397
-0,0146692998372856
0,151732448629474
-0,22565481033483
0,180516449936842
-0,507399066104885
-0,412852973811604
0,0162729649354598
0,195183812311361
0,353385381195833
-0,155961483385082
-0,047968225190958
0,120351256979008
-0,0180835642136504
0,0410389991438511
-0,00453033246915561
0,000815407033266313
0,000883225088237273
1,54706012240203E-05
0,00430163593701738
-0,0339422933169351
0,110153312349273
0,0106724776677983
-0,0120278119460834
-0,0804492621016575
0,00485331677694744
0,154450659560686
-0,33755514787929
0,221852365459777
-0,302200338105119
0,0637976066584696
-0,240931408803225
0,0896235268061205
-0,171751723131659
0,0142166450427459
0,0316434374345088
0,156539999716644
-0,0830470247296455
0,0361512786069274
-0,00620313994581583
-0,101591711277432
-0,0376958083030457
0,0185446933593807
0,0981824445420659
-0,0356324395070978
-0,0166347553591663
-0,0788246024076302
-0,0663264934681442
-0,231768381998778
-0,306066269430006
0,149838237963243
-0,285061203714688
0,133552717934019
-0,0550632465701696
0,00408421740323327
-0,0481504245059885
-0,041241141819837
0,0530845609946628
-0,0603706432133181
0,109985607006323
0,174023026442554
0,145706869218841
-0,148008577992942
0,0623874777999742
0,177687692616366
0,115446646178313
-0,204042305094241
-0,209082737312104
0,0360201026077624
0,103440029981196
-0,0946581056542435
-0,0340273925147531
0,0701661021788003
-0,032955011736788
0,0308016510617559
-0,0410481521981585
-0,00957710485339599
-0,0328250654771367
-0,00753179431419036
-0,00014800891509817
-0,000165645929322422
-0,000206620485140686
1,09753655543078E-07
0,000216959315529681
-0,00157340448779632
0,00460413853501856
0,00544341999139077
-0,100350608573268
-0,0946480033341597
-0,0121600337016018
0,179314927622454
0,0671317843977889
0,120395960116634
0,0718281073674335
-0,0950790638493972
0,0216805456029442
0,00342352880896708
-0,139045791699267
-0,122811355030668
0,0508656753782854
-0,22609272875332
-0,0618218994393065
0,200069973196282
-0,00708836055870593
0,127248704511301
0,0905816566328732
-0,278277067939509
0,115079165407409
-0,00764804294539816
0,0668230094054572
0,101152354668754
0,0938468053008167
-0,0297396226800341
0,240197875976624
0,0505234745702792
-0,0679554008896361
0,0376533450926873
0,117304330477881
-0,1291247480588
0,0782826868983136
-0,284233268017797
-0,134565847619366
0,0364635382408747
-0,23792012455158
-0,344099516908359
-0,0757766784316698
-0,365234517282428
-0,0356080447795557
0,202464247191727
0,127213117258337
-0,0109105384652821
-0,224597317375053
-0,0477215476228645
-0,0212794358585061
-0,0138882493009813
0,0425825309973781
0,0350158093548274
-0,0351239646556499
0,0465550000011045
-0,0153619475347861
-0,0357713072349126
-0,0786675474665741
0,0095143274251709
-0,00134020223130418
0,000113175349519
0,00016453524243914
2,03336970662847E-07
0,0113497957375263
0,000116328309628135
0,00427028821503843
0,0015728010760008
-0,0263107084472273
-0,010753431044391
0,0528340499183665
-0,0590708925152168
0,0709413575035476
0,0643582097657075
-0,0366836718623934
0,184502287118874
-0,107977875510609
0,0694207408802176
0,0216285119087993
-0,0752050970866674
-0,169038109166277
-0,265218891690177
0,0267446276224241
-0,158677079147525
0,0471474536574376
-0,0631427389994302
0,0453353005857536
0,0722646170882685
0,160036771863727
0,0199476939224004
0,126326120179942
-0,0468937758987104
0,0727875127757629
-0,23430483266082
-0,0165830986261347
-0,138350716333749
0,128347880317728
-0,0610316329758615
0,0493120603145855
0,182721055465395
-0,0228870724646363
0,0365921406711953
0,101672356519302
0,114711819226356
-0,0566862325426095
-0,0482656417996159
0,0354562116951276
-0,168250764239195
0,0772471539089032
0,187649603854297
-0,479740029960993
-0,112848939773898
-0,00224124182167267
0,12236146716205
0,0692980300882454
0,0373392303224713
-0,09224824224826
-0,117853715486022
0,106591826311922
-0,23810870267019
-0,0306276855028072
-0,206188437744467
0,0229307805608251
0,324096800846621
-0,0044658736087077
-0,0249524242340065
0,0410405267810502
0,000576328048148566
0,0110940163697632
-0,00239313105394508
0,0362792737203207
-0,0066164489352197
-0,12669466971075
-0,0596470784835929
0,00271318833724414
-0,191495002095754
0,204935741486651
0,437485741330979
-0,143333558889073
0,0578196650520448
0,264404118569495
-0,0766156236686354
0,14788319071487
-0,121917684098333
0,00147973518883393
0,360457263973684
-0,134584142042539
0,0823622742305072
-0,0801890113012152
0,155114810683044
-0,0177013580007842
-0,0495556962465275
-0,248021088946667
0,0699021358829502
-0,0478986034875565
0,0572722987836255
0,205740907308942
-0,233997134846883
-0,124638722199136
-0,0559300189866752
0,315488511733351
0,040864129939202
-0,000389832509779105
0,082113947848564
-0,000473632777896847
0,0114279267423253
0,157628109013866
0,00377484990525451
-0,0161269287215767
-0,0174480662138727
-0,0176482743604448
-0,123232592627263
-0,0533173533548021
0,000650495630678614
0,0724929443018711
0,00217123357171735
-0,0307211654720679
-0,128971089773971
0,0194124477563991
-0,0504596048891354
0,0201713507479509
0,0520067861003971
0,0965380195031415
-0,0436575973423011
-0,0332756274813085
0,0556404990647996
-0,00821632258977535
0,0201254323616254
-0,00203357038822215
-1,15447009582434E-05
0,000847893030270686
1,19276241171615E-07
0,0159608844303006
0,000578425613304327
-0,00320832080117262
0,00123270275057363
-0,00526508202384136
-0,00702198103232499
0,0234610102316504
0,00158309505092275
0,00467215359495719
-0,0282260747918611
-0,0240512273258517
0,00984396024220966
0,00263418541853546
0,00907618597773562
0,0132061115418019
-0,00466677262399601
-0,00289270006725752
-0,00848415509754996
-0,0681242816376732
0,00075031719946143
-0,0182555851377934
0,00654902291575413
-0,0271477777407955
-0,0183028278922936
0,0586919869267235
0,0430208026216147
-0,0868171532883994
0,0179638628451239
0,0321246910070471
0,0449060209382088
-0,00131789883637369
0,00272571301874647
0,0234987053990029
0,0482480428161496
-0,0177908024961794
-0,0183962090569058
-0,00868292968333048
0,0043790385826683
0,0729070732713546
-0,065085303207159
0,153101361639061
-0,129176261260091
-0,0403798546014087
0,0549104830354209
0,0337156544636787
0,0469748804931759
-0,00415419224203478
-0,0116663995415107
-0,0267319510406092
0,0557513529443275
0,00528322691910687
0,0275033106136307
0,0477598077952679
0,00257700118637191
-0,00592449459554653
-0,0155799057074912
0,00110744036347235
-0,0411724799829554
0,00643601642316699
0,122051563240833
-0,151925220485507
0,63114543479205
-0,684293541901795
1,17498519917717E-10
2,15115139234878E-05
-0,000140867653129979
0,000556006899330725
0,00179726959798182
-0,00867173441640234
-0,00542781277486125
-0,00143363225115259
0,0121786362494675
0,00303673282985787
0,00319719523150602
0,0106192350523309
0,000865769660101117
-0,00447371259558484
-0,0075207393446605
-0,0292047686283934
-0,0437876416838963
-0,0139705511495281
0,0263309889805128
0,0188684249846155
-0,0435106421205701
-0,157084576294791
-0,104458263656732
-0,0245294165211831
-0,0508572584284586
0,00651550762596562
-0,0341016257931914
0,0226510758266614
0,0249391918984713
0,0962283925258238
0,0624875445601257
0,0746452435677656
0,0419101039609198
0,00254265388246127
-0,301928215693181
-0,607212067211044
0,152394368046108
-0,0847041413482462
-0,169877105288923
-0,00578173265246773
-0,0355476358157109
-0,0138887787834262
-0,00465446784231172
-0,0111630899459322
-0,046078962299773
0,0200556965984351
0,0116589244506146
-0,00215702919082668
-0,0113601400260516
-0,02407563580406
-0,0415582510055352
0,0270346358660218
-0,0127159221848754
0,0222195376991802
-0,0725918023748894
0,166650705236936
-0,136060971116856
-0,195823569322451
-0,357832879497482
-0,0336759870942175
-0,428200189480396
0,0136394847638455
0,0219065540428827
-0,0407304739694686
1,1931586794591E-07
0,00846306497333841
-0,226511862115721
-0,00478084400173207
0,327088248595739
0,0182877276006595
0,0400802376278757
-0,0429557103106079
-0,0280513026735492
0,0896205700565513
-0,00508458400668294
0,0577505493041955
-0,0292223872781591
0,00385154191768731
0,0223183023118667
0,0586096866919382
0,0833538717796863
0,0145949178716247
-0,0538284299066519
-0,0581518989769508
0,0890851039580578
0,0778738166475254
-0,0887584130263785
-0,206873498066625
-0,0116272452893574
0,035028201798467
-0,617537163569372
-0,224665379169979
0,0398834780897026
0,23359369084588
-0,183604569135365
-0,129667620078411
-0,171983296581988
-0,115090081138493
0,150741978052691
-0,0263341872278892
0,102713347149615
-0,0515479843942458
-0,0537054809918473
-0,15770313257409
-0,139772291158751
-0,141481748075774
-0,126721081747983
-0,0203295868816753
0,15441083256943
-0,0303155645792649
-0,0822356073955779
-0,0789969512372624
-0,00678247678962176
0,00770961774468996
-0,0288094290230029
0,0134493850666519
-0,0142772864756245
0,00908081264032389
0,000532772439699462
-0,00521166162073516
0,00519383041573392
-0,0160764855481967
0,0119065762608425
-0,00015505798169225
0,0029555707374767
-0,000255198689700761
1,37871343221271E-05
8,22407046815371E-05
5,79265988832678E-06
0,00232789203107223
-0,0122867450315453
0,0497282049798538
0,0189722981972731
0,00203796974534441
-0,0249225292497789
-0,005587034557385
0,0552665918311806
-0,184424513417979
0,101418959200097
-0,1825200079484
0,0674520876646547
-0,152663339758262
0,000945860896827018
-0,126858786710235
0,0355867453985054
-0,0240325572747574
0,155766623550588
-0,115138831096134
0,0577506287559035
0,139787375600724
-0,150607743395311
0,0666907844858488
-0,0125338418409091
0,0581016197128826
-0,0592798737105617
0,0344458156993764
0,0588220972413678
-0,0662994507241436
-0,0472641394912319
0,0895217205278056
0,0120819285909431
0,0715268899779975
-0,0239353981248667
0,0299292344601802
0,0218185039850422
-0,0475157024306218
-0,0435537558795238
-0,0219426027965926
-0,171189805810351
-0,019802341048532
-0,0506427108579983
-0,22902521611661
-0,182925758514119
0,0887709174263641
-0,0693698590471912
0,00133881981609037
0,667529021175168
0,273935093464803
0,0870435862856949
0,0444472948482831
0,145686964160942
0,00972426980243594
-0,141897116929112
0,113186741694772
-0,106373169386649
0,112107704113323
0,0532703231525369
0,0460273064361699
0,00479683011825359
-7,27227360371001E-05
-0,000507553255108339
0,000854510428683497
1,01784741790825E-07
0,000261530451452423
-0,00127932104876257
0,00397482300764071
0,00299716624364616
-0,0982543316108498
-0,0574549929478007
-0,0381182021390869
0,0431543043344144
-0,00820913891333659
0,00161788194105168
0,10810751740825
0,0458228904342251
0,0534801072760548
-0,000416307435585257
-0,0580546456771991
-0,115167606356809
-0,0189688820767306
-0,00787892635502139
-0,0870687419569013
0,192883651222909
0,185660874975291
0,180239718637846
0,127962377805538
-0,249596751934441
0,104137285757859
0,0345763101186892
0,127623641729872
0,177354800057028
0,304970968665168
-0,289048512153671
0,231427250543425
0,226719243911133
-0,2963739439125
0,0456421915558391
-0,146000911697818
0,0178157581690294
0,0843589928660167
0,282870969574509
0,0731127231266779
0,164586746430947
0,144593161574593
0,202228903356452
-0,0464590521738409
0,271194475669707
0,0332704201105297
-0,0895252851847159
-0,0520678143929648
0,00130067543516698
0,14610948251566
0,0717023767034913
0,0320793799099686
0,0179776701341811
-0,040879778465011
-0,0254308566034391
0,0289614438762708
-0,0358513046100138
0,0437427384741997
0,0151612503365181
-0,0575825926317984
-0,00293126925784114
-0,00118484936989924
-0,000271345196524489
6,33431983149881E-05
4,49990123698972E-08
0,00512190223649059
-0,00667849372616647
0,0389933829663455
-0,0158925933846379
-0,275449164175095
0,0859867704466784
-0,0759929393728659
-0,194307934504092
-0,0565443285927611
-0,0495266844346742
-0,0304088056503901
0,05031989424746
-0,137639169455286
0,10200643455505
-0,0937899146569699
0,184323205203787
0,181205630749842
-0,183102890990426
0,0642337431033331
-0,0272304500768927
0,0331847495691166
-0,126051247130027
-0,0296766856554168
-0,219273521940417
-0,371910501783564
0,122677309155602
-0,140317946438949
0,107382799648455
0,088109290474078
0,127772377623458
-0,0401483525719168
0,044677023881085
-0,0100346525495671
0,0341647537005987
0,0313608006338892
0,0627280705859551
0,181124373917663
-0,106386135348931
-0,0808350346716296
-0,0141144078292275
0,00117481998413155
-0,0635557183214234
0,0281032908014043
0,0242310890250592
0,105412563484873
0,0155155271158203
0,11003757520897
-0,190267716859994
0,111494059655224
0,0500934243350073
0,296729996683196
-0,00128147179954051
-0,121682016607218
-0,119363112839561
0,26515362776871
-0,25792181121354
0,0928962631016084
0,202489828390765
0,0020907607848865
0,00282191834795408
-0,00302385962875715
-0,00245989607014606
0,00271857240331001
5,64849500772567E-07
0,0110976407871593
-0,0011644415297431
0,0372331699515183
-0,0118913115442562
-0,0818255480471632
-0,0175184288170699
-0,0279393812508822
-0,19708582668662
0,201672380283363
0,327501368320364
-0,0981301113409332
0,368180877985654
0,00537876349320204
0,0285030077660822
0,110977088584006
-0,135500004242627
-0,0797818337521457
-0,0911766528922436
0,0842681508844777
-0,0536381641681804
0,0133942427606072
0,0341537327974514
0,0666792811453695
0,0839849244219623
0,343457898157055
-0,127278211020879
0,0346725525517829
-0,0519253824972908
-0,139591008875501
0,328822581890245
0,058664374438852
0,0234836627283692
-0,266515986528586
-0,0275068741241022
0,066268928289461
0,132726343333374
-0,135483813812526
0,0564463641144522
-0,0412133851063742
0,0495036474452334
-0,00618920898222206
-0,0723815107636913
-0,0263863672236914
0,107232019524239
-0,107963626205739
-0,0087250301561987
0,333926177586815
-0,0347977517173852
0,0896916708180317
-0,066869443493859
0,123309861456781
0,0712311570751403
-0,0537811165073856
0,00795487815127107
0,140031666891012
-0,00829354979312565
-0,0240559841849274
0,0414363658786373
-0,0181511976737079
0,0208090935790839
0,00520376289670981
5,25222394450344E-06
-5,73474483240862E-06
4,12800906129145E-06
0,000481675346301446
-0,00112906641645763
0,0143520928610527
-0,00267381778243529
0,0027942843534255
-0,00182506893593792
-0,000114046119894961
-0,00010326308627858
-0,000974714585912471
-0,00604705830488148
0,000675805384073559
-0,00584621757436583
0,00357841524953007
-0,0143999411191107
0,0074635607515661
-0,00596025740413666
0,00769330366858581
-0,00714276988865765
-0,000955062097739275
-0,00734299080427081
0,00551942859031979
-0,00581589331353377
0,00337928341123623
-0,00189499690824641
0,0129344085828061
0,00334828860155608
0,0213728460627723
0,00554653639168624
0,0242681391926446
0,0132158560677429
-0,0166329194468795
-0,0350045742662021
0,0135474098450253
0,0501457489440952
-0,0162711566960532
0,0213273968935224
0,00824559815448909
-0,00142557262783891
0,000445412682583782
0,00372437907257759
-0,0175748484401574
0,032243258430936
0,00671321292916687
-0,0349411512628638
0,0819955331480833
0,05195190937635
0,173333976225333
-0,0447992152699035
0,220095109419266
0,0973165463696812
-0,124658742249255
-0,231003567389538
0,258898561791272
-0,540154373495979
-0,228096900060634
-0,0625205946897753
-0,564894921256113
0,180687458021679
-0,188884069308417
0,139049949800827
-0,00925397898543963
-0,00749093991140108
0,0130142255556908
1,86632853004913E-06
0,0364560216580542
-0,000940468273056859
0,00299226331948725
0,02568795650983
-0,0812286947013054
-0,085935494378187
0,480599479169456
-0,168715735040806
-0,109919540892876
0,0400686448934884
0,162361751161186
-0,0425008304598005
-0,177615951156028
-0,0217692400899908
-0,0423800022098595
-0,0905571710929407
-0,00104670262890667
-0,10236866466596
-0,183267915705348
-0,199362760181424
0,0141629683789513
0,155559462625807
0,0779853470587586
0,0333553551771293
-0,31573359426866
-0,350071387746451
0,276146817719681
-0,138653842611405
-0,0927022243771611
0,0486999160429824
0,115512163840834
0,148589407829551
0,0108440767262045
0,072988112665238
-0,0287183138384301
-0,0240006652928369
-0,0131128181778231
-0,00681955199428942
0,14902539882925
-0,0370279700521394
0,0226934254805219
-0,00154255335639378
0,0413250938722252
0,0569161872868276
0,0933513201454245
0,150100420408794
0,0114192710071943
0,0257889398119471
0,0576262443905206
-0,153199876901874
0,0168530026040326
-0,000963235709154815
0,2199965294153
0,109182483709954
0,0594582792327926
0,0243708920399817
-0,00842787019327709
0,0357191254022603
0,00391593272976279
0,002035332110534
-0,00251388018074292
0,0082438755633048
-0,00876640950681023
2,33260909824568E-09
0,00109299880412959
-0,000163678941061189
0,000807691262783648
0,00228864011146675
-0,00806986365830533
-0,00796760036919708
0,0440838611750975
-0,0172693908569695
-0,0161233128572134
0,00497013946502636
0,023701214835915
-0,00606407659566096
-0,0241365639268327
-0,0185003902120346
-0,00475284612929263
-0,00949028202465234
-0,00770378134323038
-0,0271177317309553
-0,0494207813325961
-0,0506396563545949
0,00503802588466524
0,0342656735812771
0,0306704447143794
0,0124177198661846
-0,114897588194931
-0,117236751643487
0,165746925613977
-0,0403963579896892
-0,033476844541933
0,0727448877178495
0,0120618891384649
0,0593234396352444
-0,0193890427464911
0,245038565536632
-0,119303577711268
-0,0497441640310679
-0,0392824782147234
-0,00951257835759343
0,308124830216035
-0,0320584875811416
0,0631486749806197
-0,198988093764018
-0,0147017961921513
-0,197656206745307
-0,297119199655346
-0,507653846242352
0,0392864489747157
-0,0735347423922241
-0,154633191899813
0,332490410240918
-0,00408390264811486
-0,00943773760303968
-0,348762161948187
-0,199613807505675
-0,10407056242346
-0,0351763418421146
0,0136443579127952
-0,0474305112950925
-0,00566533662881749
-0,00547401682822339
0,00379385838590963
-0,0121200082909243
0,0127636521041928
2,89348188836406E-07
0,000742653839682565
-0,00378195544961015
0,00791994838993324
0,0425193946527795
-0,0263672568076734
0,0197668197015534
0,00832015813289371
0,0108726693760816
0,0168895423625127
-0,0429982082819563
0,027760043551524
0,0366971359123451
-0,0264638531461733
-0,0133583771459743
-0,10169202258456
-0,178724281863291
-0,0609062805145459
0,148893607255305
0,100845140718294
-0,138704809661382
-0,388948883924667
-0,213744466902396
-0,00640152064247144
-0,117943447775854
-0,0111714165759549
0,00308692235661476
0,110852439184342
0,136022982575754
0,158120451950047
0,0205301915314991
0,137979696311779
-0,00304583154888293
-0,10978485250291
-0,040090745494507
0,0506941620891556
-0,0751721902200618
-0,031674588661697
0,283701030214304
-0,176089072519603
-0,327035284984012
0,0929309801566909
-0,159234955161808
0,328128864686205
-0,228855526768056
0,0280813172283571
-0,142210062483793
-0,0751012992668542
-0,0484155191909435
0,238197922840268
-0,043303498729202
5,78868468065874E-05
-0,0863231523899548
-0,0300754380163708
0,200165922314493
0,023100159017511
0,0891546220509968
-0,0783904861192972
0,0536527673825372
-0,00983784391362667
0,136609197655514
-0,0052651420058587
-0,00464165264980006
0,0106000641541429
3,08774343466315E-07
0,00091293074613794
-0,0035195840092999
0,016155088233205
0,00972599035238448
-0,195321315462067
-0,202098995667605
0,0067220550815778
0,391502371971819
0,191964850732046
0,360500450777094
-0,0589134230115551
-0,292614854062784
-0,0767745324289878
-0,0140821215392427
-0,162751148801059
-0,00524139404917816
0,240668840713721
-0,306070119023334
-0,0755420220778466
-0,00556525014569374
-0,267548750487333
-0,0609206546117372
-0,0594682595991306
0,00175012532210655
0,00982381271579936
-0,0218550566432648
-0,0395433382270793
-0,0769017618255944
-0,106216685719619
0,0623287937259209
-0,149693970803263
-0,0735698691996372
0,090690567725227
-0,0407614380162631
-0,0255889998408629
0,020411083284066
0,0622962855081501
0,150654268005158
0,0166100241523394
0,184367676999729
0,0917155831003664
0,0280076541138491
0,0923004733633815
0,182068254627715
-0,0684778365609089
-0,126372421360569
-0,0692464185080367
0,106688130599106
0,152019196161615
-2,02858465254331E-05
-0,0567656649810558
0,051470160191747
0,018046765936653
-0,0273086453623151
0,0190596506398725
-0,015232010534262
0,0157360070960641
0,00540335535499034
0,0334006049167506
0,00702584634392956
0,000214878468491545
0,000146615945498029
0,000208928723074207
1,33683169408664E-10
0,000366479273946886
-0,00503253818049307
0,00664838890756493
-0,00701619382538481
-0,0945277301786591
0,119081314267005
0,010864133197575
0,0219602656098407
-0,0285999386767205
-0,0042322908744804
-0,00320047557601397
-0,00129964408834145
0,0112097779369983
0,0522158634426969
0,00932030475120276
-0,0334280908752077
0,0642406719666262
-0,0491097575794463
0,0216338277340309
-0,0534258293440518
0,138364484431151
-0,0828980271698873
0,0134293395399455
-0,215799948119696
-0,183006843958922
0,0701229689635349
-0,0773178655793158
0,101017921274432
0,0868319474754835
0,18781499705792
-0,155606947419775
0,13095392999046
-0,135773606702788
-0,0447412923294808
0,16683204694379
0,564332663474249
-0,0469231783340338
0,0673860184968932
0,155704328531433
0,0107774085018974
-0,0194900641754302
-0,000473410727767234
-0,012861149293536
-0,126579748262395
-0,0281941872438828
-0,0282816072467045
-0,100513966349213
0,0947453578066155
-0,0241140434328234
-0,125558326530554
-0,0204873923257212
0,199875434397151
0,0724490713252312
-0,0232365136426471
-0,25943160958642
0,373377903027766
-0,0793919044653233
-0,197921771406425
0,0070414599044454
0,00481009342647232
0,00298089668366202
0,000631575329844174
-0,000431964266691832
5,59234775238363E-08
0,00696781238038455
-0,00151184099660369
0,0392082380294623
-0,012016245550991
-0,0548200468053066
0,0209932629405311
0,0255434636342876
-0,113210932334437
0,123271822327413
0,124626157537576
0,01605879462186
0,234245195833934
-0,207681726151315
0,127628227454536
-0,0859812672779058
0,0357707532504302
-0,246568023435754
-0,364003014631594
0,132863118064254
-0,114768619964887
0,110499543824028
-0,179442579403053
-0,0509165124429432
0,00229380670242848
-0,0643546250097054
0,181741693440606
-0,06035485021462
-0,0532815843477401
0,190926044672546
-0,229469398641504
-0,0147964955500522
0,0097789488996855
0,166642333823076
0,067756483723728
-0,0818739852097887
-0,192209610832961
0,10650050945441
-0,0609184963563433
-0,0225667606610327
-0,122244460329055
0,0641398101092067
0,0899179221112599
-0,0122627407799038
0,0820224355713684
0,0042346629274078
-0,179772976067864
0,262215987581554
0,158830132222814
-0,0649054752736035
-0,13476490985229
-0,160860815900546
-0,145938917919973
0,0623477519570069
0,0748099493314396
-0,1863952362112
0,168091981296641
0,0407776997928617
-0,158921517490353
0,0421248217157274
-0,0233022031054425
0,00449406438184689
6,37044647209605E-06
-0,000823805811990455
0,000896514811839361
0,00667718605500649
-0,00263151397555743
-0,000922627727906558
0,0176535195773494
-0,0929126174192613
-0,106233303555388
0,212684627884828
0,0955469811031166
0,157802655494369
-0,185468261968525
-0,27678048883928
0,0446166084485305
0,0565845816463059
-0,0269748764944558
0,0430159464013528
0,0283066324009615
0,00601064179810195
0,0497920487112105
0,485966603962646
0,340439235889151
0,0709324213216473
-0,113157510237659
0,0558351377387188
-0,000557824864386265
-0,0481731489259268
-0,0699495115155916
0,0637920046581167
0,0486158041137862
-0,0183657596435665
-0,0474424331262575
0,0621541953178438
0,0885991905388153
0,0429112888635468
0,135291378886139
0,0062641358358836
0,00942614062452969
-0,183012889865597
-0,326239840929119
0,134294989398766
0,144129598805602
0,122394150156329
-0,0193316277994146
0,314598993644505
0,0480982197524712
-0,0491080850421121
-0,0406004355843725
-0,0288897933431781
0,0384887360845591
0,120768399005398
0,0181278752690294
-0,0157307827591997
0,0442933174297042
0,164115716490593
0,0511959911422488
0,0610121813893109
-0,012877755689095
0,0117986108178113
-0,0223815428734838
0,0293672116151568
0,057401028547745
-0,00185401737164085
0,00113008514514796
0,00142419157364077
1,80756203490003E-07
0,0427682878521156
0,00057765667036792
-0,00682564193955708
0,0108446919187922
-0,019818358832349
-0,028694539361586
0,186007674300262
-0,0775543856770819
-0,130492299807075
0,124314189931294
0,232070158024782
-0,143732113291025
-0,212818293913144
0,00606368697530643
0,231310619144904
-0,0209550315854167
0,0361978199831973
0,0503318727707268
0,122593035868154
0,109692926923507
-0,0818374858141415
-0,0769552029727706
0,616061568114406
0,0999009445913921
0,0586419999407507
-0,0476034551155273
-0,315678590644377
-0,0154991469189994
0,186655098608426
0,0564383164318963
-0,0658061868135208
-0,0171757142126441
0,0590056386959671
0,00825522477714557
0,0185551364387367
-0,00105397593848397
-0,0442554923496718
-0,0132863851046475
-0,231709478379315
0,113456972626268
0,219993645270895
0,0761267303483174
-0,0871856370670438
-0,124764104135485
-0,0183564476768342
-0,0709528403071605
-0,0358569782839206
-0,00723385317231285
-0,0628274279934715
-0,0139801980073528
-0,00219161458690252
-0,0104077409445443
-0,0741140508574252
-0,0264174546565019
-0,02277550802278
-0,0173427446452761
-0,0225990652390722
0,00115657251098004
-0,0113092865770405
0,00731124959659886
-0,000487575571252343
5,17740444191855E-05
0,000145940118601757
2,01094040513722E-11
2,39335450180022E-06
-1,6065399732767E-05
7,44867910057403E-05
8,71551473250045E-05
-0,00248672033595424
-0,00205471753234946
-0,000810083568650217
0,00339564612964428
0,000981771020520608
0,00225212307579976
0,00399464252333792
-0,000819934359898082
0,0020064046746145
7,13451752747772E-05
-0,00558445997825046
-0,00720886637636031
0,000774728171925579
-0,00692603050131905
-0,00557523673416596
0,0154560340528671
0,0082814840867814
0,0132624235851163
0,0105627799766029
-0,0264065977656817
0,0113414107144903
0,00173456796613464
0,0116884153720095
0,0180135121402233
0,0291801818938467
-0,0258911732774304
0,0371984105004387
0,0260437704120179
-0,0364403843640321
0,00919385031653401
-0,0064546685603308
-0,0108355052745889
0,0214013638836488
0,00871842348385155
-0,00624361397849418
0,0405945912001317
-0,0109871959998008
-0,0203349348465502
-0,037194733653407
-0,00800019095598562
0,0023353286481167
0,0366104318988203
0,0281509343035146
-0,00685220905122354
-0,0315576586896377
0,046742639821365
0,0241976306102238
0,0220765614565885
-0,033515631139039
0,0481706363374104
-0,0446733469721846
-0,0280623738400455
-0,329559092434812
0,112460586060231
0,923626101003108
-0,0353543622101891
0,0168392508487824
0,00134877129415401
-0,00145444766058385
0,000132551288439759
0,0108533382126633
-0,30149691110736
0,134360182871809
-0,0533913589471549
0,00315566208555116
-0,0962723282263465
0,00965571431942125
0,132874973761644
-0,333399967566878
0,0422780714722528
-0,14178991208562
0,141683064883022
0,113515329962365
0,213634784294354
0,0941443235307276
-0,00361126128332054
-0,0798576457079359
-0,0415226537965585
0,190519774706762
-0,0962328815233667
-0,191181230035254
0,321254827830433
-0,00975911690640446
0,0817083398539876
-0,109023583887169
0,0967231062479892
-0,0245359467261948
-0,105985435357236
0,155233890284404
0,0201259573783751
-0,114767287558134
0,240336679910563
-0,0529838650161091
-0,0234726317534429
0,0131235174577123
-0,0888064666690472
-0,0132428058179123
-0,0613605009700832
-0,12348515265598
-0,0208002931735232
-0,15301266155539
-0,196755846882261
-0,175479101809648
0,104425176317529
-0,0606889660900238
-0,108612200421362
-0,145471834665814
-0,0932183095778466
0,17606440898938
-0,0902351509270676
-0,23752289478439
0,150904706536759
0,0452750194928662
-0,0834992591493495
0,0357952816246323
-0,0317517794800776
0,0352545406530374
0,00299953448012129
0,0261835545395524
0,0075067589675771
4,65058443308538E-05
0,000418946793060871
-7,31485019322945E-05
1,07399171117383E-08
0,000278997498428586
-0,00305535162822429
0,006031296843931
0,00839455695163199
-0,109419428824515
-0,0529193285347004
-0,0424408618499454
0,0435548155141596
-0,0574484583056334
-0,0805775640176692
0,146098205667965
0,115022128216077
0,0129416936277836
-0,058462431816353
-0,0999454865549275
-0,22400408721556
-0,178176570349163
0,220892854042251
0,0709252845742721
-0,143621195807338
-0,419795944833315
-0,361360428050233
-0,0983917284730226
-0,110707530926089
0,0302889292358786
-0,121233202011636
-0,00269638306374152
-0,0234106487609664
0,123796828768527
0,0581233620028048
0,0765504507035514
0,0928682198772946
0,0545553455898443
0,145526380332986
0,171565376677498
-0,000478375537401256
0,0722624367809938
-0,124904400020836
0,126832177532336
0,250246957228182
-0,0756065498164768
0,149238062765767
-0,178927645985498
0,192489151568342
-0,00453751480623984
0,101463023798425
0,0342762280248074
0,0595293090021903
-0,227055008912054
0,020738203243565
0,0052120745389481
0,0887950211945222
0,0298435262944706
-0,191077577205614
-0,0554877264974564
-0,0587837344282533
0,130533306629696
0,0494428847794864
0,0199121092156589
-0,00756391553023277
0,00114041638702881
-0,00199977574665329
0,00174384340998988
3,60478312010403E-08
0,00086459811544556
-0,000916580725992099
0,0236036875894845
-0,00775594799667575
-0,0180228888999192
0,0396168532851505
0,0108623855835954
-0,00326751427267018
0,0509687247948225
-0,00176623738132908
0,0308364514421905
0,00380093080620167
-0,0488971867973786
0,0524695524633041
-0,0925876676575943
0,0976505669703558
-0,0942377993738664
0,0494955140575123
-0,0450071432527266
0,15532899702516
-0,116627479703691
0,0966546615079378
-0,0103377385592442
0,2073031631776
0,0415896247644892
0,0106267979911413
0,0587899445285182
0,00149014201462438
0,0571934051367614
0,0841490445302165
0,0360185010865246
0,0196874757744123
-0,0700632703861176
0,0178216386933454
0,0621075383798168
0,294975672425009
0,242159169351365
-0,0730061464326366
0,0275704004463199
-0,0451641564397061
0,024065033904024
-0,0101328599159673
0,0194339383895615
-0,0512425405041798
-0,0355215242639324
-0,0349918168392546
0,0346722325553437
0,0109170977734477
0,108368752885802
-0,0652590153409506
-0,0157604260317175
-0,0882384583409987
0,0601255133134292
0,252561284487898
-0,496452586047388
-0,561888023787299
0,108024970844961
-0,0113388204378569
-0,00479522399137432
-0,0889370688467385
-0,0770499399223966
-0,000810462214548701
0,00662447857813306
5,3896694260088E-05
0,180169643379075
-0,0128521985964401
0,25972448247541
-0,0634746535413055
-0,00579485790521325
0,00553730332381199
-0,0412700340457134
-0,130500651182031
0,220390342935772
0,183783049437347
0,0186912142612128
0,112837791956921
0,0178689191346295
-0,0405816339127582
-0,0216189044196447
-0,091389501273354
-0,0213768463630494
0,0930313236041981
0,0108859223425927
0,0563806296662365
0,121413354794347
-0,088251479319559
-0,028746983686879
-0,0740775000698155
-0,192196625531116
-0,0701955535869862
-0,133435341906097
0,0597920324402286
-0,259650416334669
0,127966744023792
0,0080282304547051
0,119580398928249
-0,158146752156473
0,00213854661719144
-0,107434786745693
-0,270146104492279
0,208392818904927
-0,0748694763298435
-0,150753740928126
-0,0289870782209282
0,0231608370925213
0,0861129251866348
0,042718822446452
0,0238336889228009
0,12761444539667
-0,00381336082400011
-0,336425521045596
0,0473577585024456
-0,126757099481601
0,109871576019132
-0,185821704999092
0,288068936221378
-0,0654505437895598
0,0825707970473383
-0,155700303179346
-0,0812336699927031
-0,213068219039018
0,00501968215502647
-0,0947472910241042
0,044754371291268
-0,00329813609583652
0,00022519162543341
0,00127806933046729
4,54584428828619E-07
0,000292636771597076
-8,22940977685598E-05
-0,000116393009644382
0,00129980997924185
-0,00859163922195704
-0,0111533719780556
0,0262551782794996
0,0115626990604375
0,0260427164990282
-0,0391508595568889
-0,0566723732188073
0,0150148898788109
0,00535980793083663
-0,00262338030389277
0,0414824893866246
0,00221641484496337
-0,00896849603107293
0,00960530416607048
0,130482967844883
0,201725756315789
0,00487245377748806
-0,0763419926501993
0,0245186672854138
-0,107472921136536
-0,0522834998458432
-0,0313112701075898
0,0984114919807946
-0,307276144040121
-0,0172795272106298
0,00519668412004452
0,00378907812876833
-0,0190254657481627
0,0429569389806218
0,0476759788529576
-0,0575301061119013
0,0493573165310258
0,0436942727086268
0,162322703637413
0,0609921550652698
-0,0765631204686722
0,123557454782543
-0,247541774929122
-0,0217886487818686
0,128226604510398
0,115502367559431
0,360628569085274
-0,0343781567170729
0,0992637810607384
0,0375941310940363
-0,265967279717995
-0,154954517756935
-0,12437112942605
-0,578694012348826
-0,133310051579231
-0,128014388946583
0,0481785739538868
-0,0164531935373072
0,0965819793498078
-0,0315348118815226
-0,133953719802678
0,00487878230314246
0,000967432683771461
0,00027388992873785
1,28561397210539E-07
0,0018830163916274
-0,0108419312664818
0,00337620597287136
0,0300300199858345
-0,00424524429224588
-0,00806528013786898
0,0452681001266643
-0,0204933168071297
-0,0436394621758194
0,0499280555615551
0,079333304639717
-0,0356008659096328
0,0552364783209994
0,0280358098574032
0,107601465815492
0,110754812319709
-0,0287793337976497
-0,0248858215618964
0,00907117023436939
0,0847434481054189
-0,078206647912079
-0,19035676340653
0,339296236137302
0,0173664423172878
0,0849376353307115
0,0494567817084105
-0,100472076843572
0,144848762411896
-0,0611913311830028
-0,0380333567815262
-0,144386515269477
-0,0298198820221354
-0,135897470827603
-0,12057785316925
-0,021282945591517
-0,165238639075014
0,203493151650865
0,0603663328512322
0,527023426303078
-0,216127884681028
-0,467525766983982
-0,0992078625998285
0,129620602072002
0,165505492069848
0,0118262008382053
0,0729227957749713
0,0323562504153755
0,00403602487319672
0,0829215202706265
0,0430318856813242
-0,0135600690077155
0,0188994309185062
0,0421823980652417
0,0277225590090575
0,020354459382723
0,0110408483348419
0,00995496198932404
-0,0178931528827845
0,00788574654818756
-0,0191349955691659
0,0008927485200634
0,000577544154280629
-0,00131478311477608
9,62286881243406E-06
0,00583400927982624
-0,00523523557815238
0,0428660975111733
0,0140878693643692
-0,00163000614273658
0,00940722406705722
-0,00564045804388227
0,00392899081021491
-0,048619142938007
0,0114358220839549
-0,0349804793894577
-0,0111606454819851
0,00958332491375362
-0,318916345855062
0,033817455317444
0,0521194972751946
-0,104359115709167
-0,0954218025317629
-0,0165560228966725
0,0180457216742215
0,0058638963706667
0,00472724679946392
0,0339121717498356
-0,00136818760559114
-0,00159959162699423
0,0886905080077204
0,255736146104149
0,141919569319702
0,250849042659523
0,304344567031239
-0,269420351831971
-0,203346512247403
0,0221221491207488
0,457186873263949
-0,208629663027204
-0,0369404633992835
-0,0327857220686086
0,0443480125190054
-0,115356644756609
0,0493099779246828
-0,143155815438789
0,139868826747017
-0,0259203636242221
-0,0737972075992096
0,0879094707559127
0,210236863227909
0,0678131286306457
-0,0088503538871983
0,172766080786016
0,163351654894978
-0,152487823963679
0,136016136418461
-0,0339567804268286
0,125302935715161
0,0178788175085068
0,032749784625063
0,0653530928559115
-0,0753204697528516
0,014860134536512
-0,0294433751937855
0,00150896796832953
0,00339073636905651
-0,00471632403632184
1,54719512275415E-05
0,00319461067363317
-0,0444086792114535
0,0928198854363615
0,012712446509975
-0,016542199506259
-0,0582189470597073
-0,00849793117814169
0,084521126543676
-0,23966853998502
0,0466397936270419
-0,0887957954066536
0,106297786100773
0,0684814166281251
0,203618545023581
0,052258769797365
0,0357342294647979
-0,0839944842264342
-0,0283316702808937
0,100762956584339
-0,0377152404219729
-0,0861616846943546
0,202429415075876
-0,00697742892225866
-0,00183649231042434
-0,22690034077382
0,00553365140978011
-0,133034522197832
0,00614859923869015
0,0612775103447794
0,124406987941016
0,273693779888155
-0,514188140853963
-0,140742307889814
0,0372031169288627
-0,0697624041357927
-0,0291726283327034
0,0192513188528883
0,0848173487693697
0,0729694500242794
0,165997452661895
-0,00307316277065957
0,0429821794615891
0,155623688664604
0,0610438270727093
-0,043884905087874
0,0822173826474693
-0,0259064346019437
0,300387014975428
-0,179651748558701
0,116503454721109
0,236542647579155
-0,111724415499937
-0,0137239003976973
0,104254082040961
-0,0791682838175396
0,0586902557777598
-0,130733814543979
-0,0143580819434553
-0,0661043325033174
0,0163698663023027
-0,00164386593645817
-9,29206983251447E-05
0,000623128310087349
3,00412720296685E-09
6,75138163323166E-05
-7,5110391360186E-05
0,0019356224508324
-0,000632953933353267
-0,00116392725394551
0,00336710169365556
0,00110309679055865
0,000313058754635653
0,00403775999370831
-0,000615696096345618
0,00283850630046925
-0,000496956103165837
-0,00399747694653732
0,00431831155894841
-0,00798105650988006
0,00805850724002849
-0,00846630631528976
0,00445159957554078
-0,00403715333882517
0,0129029847912397
-0,00919150629642627
0,00759066589138709
-0,00116482483136177
0,0169156473178249
0,00150280046008093
0,00161463675248646
0,00416761607203126
0,000337455331549969
0,0052693878549881
0,00504740842028328
0,00212494912876375
0,00159852832263378
-0,00430323874948914
0,00179470442770549
0,0042260816547098
0,0236234830076164
0,0224684048487424
-0,00644554674852421
0,00231311463749294
-0,00226369624709631
0,00221452682809293
-0,00222665263803422
0,00238137333911909
-0,00735110032063284
-0,000582560050022724
-0,00243435704059399
-0,00466973825945154
-9,19260640148762E-05
0,0105669945818077
-0,00112583211686994
-0,000697448470901016
-0,0128960586504965
0,00861811500395945
0,0190541501573371
-0,04030093298387
-0,0429848872427369
0,012411015554929
0,0139164399432334
-0,0174620767275371
0,0297766659329059
0,980601577626468
0,0489567677945347
-0,167482714404851
2,47874722025409E-09
0,00278768370176224
-0,00481632047610649
0,0160930959546655
0,0069480145442119
-0,461828119400019
-0,186540980547534
-0,167022066396904
-0,0380944532624565
-0,0972430451861429
-0,244140650317484
0,218180340152203
0,149740059352524
-0,026070005762858
-0,0452440462406444
0,0146631124831653
0,00811892384897883
0,0109082973638324
0,170912174496415
-0,0874001750118308
-0,0414820433074482
0,192295091086609
-0,0714431672287411
-0,0158785431661423
0,180231143803915
0,0220872183217033
0,016360771383949
0,0152935928928108
-0,0677077861234586
-0,0616449274682851
-0,082551944621488
-0,217601337359273
-0,0212468195363139
-0,0308453476932246
-0,0552994986808808
-0,144592959480693
-0,0443175090292135
0,106426834757315
0,170006231944624
-0,0965801372690593
0,29345044891993
0,00773654929139651
-0,322479318623032
0,193789443702058
-0,0985050196375489
-0,161548461159441
0,0263162853223453
0,0779776634198902
0,129114535524652
-0,0353907993065434
-0,0734129209565945
-0,105179650537305
0,0426080633298127
0,127840210633766
0,0294041764544815
0,0221180636559812
-0,0107809521482482
-0,00975310678654772
-0,0244032134736436
0,00133925684544079
0,0347926990561168
-0,00131383807819275
0,000734138179218069
0,000780988400256271
4,78971640172519E-08
0,00125264028441873
-0,00202339777843443
0,039999125752377
-0,0153773855979225
-0,095024879449602
0,227057779314891
0,0602512030930653
0,0766295372323434
0,0531352357089359
0,00694073514884132
0,039483044880385
-0,00444317122864804
-0,0245459582758149
0,105957356557247
-0,0832897752352137
0,0846512345730651
-0,10360276811229
0,107025300675109
-0,0729149988622523
0,188288841948343
-0,116050983368816
0,126452867316506
-0,0146608416114813
0,340720137138905
0,121367452872744
-0,0121452487954849
0,149572101770634
-0,0306298709909184
0,0899091114199668
0,0517226385034452
0,0502085199992287
-0,0335401254770737
0,0129506197379813
0,0453347540335088
-0,00794167682870602
0,176065975403714
0,480591652807221
-0,173124388662911
-0,020232930172752
-0,0258252188730928
0,0651015494851813
-0,00498325429670451
0,0985253637584108
0,0163209494368006
0,273856249854528
-0,152444725783905
0,000601515006538629
0,00536337340987571
-0,0938402551883341
-0,00252181088227319
-0,0142019141594625
0,0773547928739608
-0,0589959283941972
-0,109968618395527
0,284337409080537
0,326501538822605
-0,0759896461491727
0,0134201315958251
0,00150551037415496
0,0673980546029176
-0,00344605679147185
-0,00247344239946398
0,00557434227353756
3,66615120404668E-07
0,0481867335516112
0,00172169723663024
-0,00964100985133007
0,00400039397326993
-0,0166046161411591
-0,022127022835198
0,0767386712242631
0,0022081376410403
0,0107020151223855
-0,0815482099642476
-0,0664794615173244
0,0263488620657751
0,00199469623649426
0,0266993000518533
0,0441901817220833
-0,015584925530633
-0,00798439568583243
-0,0243265196439078
-0,203160659436472
0,00332838625849913
-0,0549294087780378
0,0208391473554272
-0,079955364627453
-0,0546466663208628
0,175110711228838
0,127542311846334
-0,260849196663933
0,0520896537981362
0,097838925393863
0,136903540461901
-0,0015352879276268
0,0087411874705544
0,0710291450024336
0,14479020832974
-0,051776885893154
-0,0543241179607013
-0,0296587062688768
0,00993902077911663
0,212135904260271
-0,193122718148968
0,472656851343434
-0,390131586973545
-0,121290213024799
0,169865317697323
0,10867362779372
0,150458724336985
-0,0150614707187757
-0,0313834910355156
-0,0716544196702546
0,168130712555878
0,00882931049000622
0,115120730158456
0,228710292953784
0,072108188225627
0,00480763735094356
-0,0231843330466169
-0,023283588744757
-0,0619105970376168
-0,0126846351721824
0,0142874545934063
0,0482193586495132
-0,206198751704083
0,226118769958154
1,95025349880466E-07
0,00464862245689603
-0,00112358169780032
0,00403542991665086
0,00973289213650352
-0,0320468320872686
-0,0412503141928494
0,230818545203759
-0,0930903036741363
-0,171162390126289
0,180619702349111
0,261547585048859
-0,147938185472576
-0,3954356993071
-0,0140707907491135
0,279452242335395
-0,119535682422317
0,0188990389881794
0,110471661935395
0,257919557415051
0,187722052642244
0,0480124135731761
0,0788692833618726
-0,533425041457694
-0,0848302729595641
0,167086758034421
0,172738155886707
-8,92557445763148E-05
0,167931521369362
-0,0625948205074141
0,0320233751349603
0,00327667696136044
-0,0470521643410214
0,0267465101577366
-0,0274417472361484
-0,0133887035140629
0,00224974417910817
0,0430325629268793
0,0533130231200798
0,060616366257984
-0,00731942688184286
-0,0985420291624325
-0,0223787205079601
-0,0157166473537445
-0,00745251083835525
-0,0307357718044558
-0,034323528802258
-0,0264826477800631
0,00621207783407417
0,0151675348081836
0,0041584155800226
0,00599409820844799
0,00187461830272652
-0,0356475414888558
-0,0275753586999672
0,0127852807111942
-0,0163654783728383
0,00295203248643974
0,00998555848202867
0,000971451825476323
0,00299058878985294
-0,000282431741617162
1,83123906471978E-05
7,40327074389064E-05
3,64739892891731E-11
4,37292000488434E-05
-3,79415214948756E-05
0,000172111979783444
0,000294531302567165
-0,00326576137459673
-0,00355932217396999
0,000670369435516086
0,00781912869175861
0,00384866640899856
0,00950925586297885
0,000998036584123172
-0,00898411379161097
-0,00352283099841025
-0,00129166505934591
-0,00805352847337748
-0,00631099082382836
0,00689415312266494
-0,00747125338806793
0,00123011373362211
-0,00769662612448488
-0,0500746672550279
-0,029662260554117
0,000117966753558653
-0,0128900869464183
0,00436528840637618
-0,0120694397620479
-0,000986376505043261
0,00494133700732316
0,0319452267282335
0,0360873265004671
0,0156505694101513
0,0135022715565002
0,0126166271846293
-0,264262060703418
-0,529271491124886
0,134327402376841
-0,0724882440135824
-0,179784028766363
0,0261560287268104
0,00368545054110226
-0,0314320391163653
0,000746325167096161
-0,111436838989364
0,00494847324967244
-0,0127296446629608
0,0499175647439056
0,0462383787663294
-0,0237992915805768
-0,0224796706782874
0,0619857037700577
-0,0196817024848011
0,000418581964240914
-0,0331329111161791
0,0971225241870719
-0,20691271049173
0,167397070935371
0,227643872284063
0,419539930198011
0,0304285294963541
0,499674896952694
-0,016031642436447
-0,0256845286601265
0,0476270808368712
3,86985215241506E-08
0,00156227103115572
-0,00659367276935809
0,0283611051348634
0,024100992222261
-0,00912921838490102
-0,0171596982580824
-0,00887946521125603
0,0444192709495083
-0,178821314372396
0,104241802055415
-0,179364537988783
0,0792110754095695
-0,163666211889461
0,0151782147040214
-0,145036067379142
0,0677755092137564
-0,03790065529868
0,155745477059014
-0,123293141201035
0,0779105227798131
0,167619401632787
-0,172843127836066
0,0796394633912164
-0,0594707344579492
-0,0455292378893133
-0,0679769413947617
-0,0174371826883398
0,143110252583312
-0,0950615476770611
0,0784040913355719
0,351634441356512
-0,354151363550483
0,1263431546832
-0,0428026985011951
0,00793052482341111
0,0300491551571965
0,0269159933276954
0,0705302420670127
0,0460215923166592
0,0966129506382259
0,0123138955987865
-0,0445388746145047
-0,0708341364078553
0,0470027368161092
-0,0590062660687329
-0,089308659519186
0,00756555892497963
-0,436826647706704
0,0866317049946
-0,185843209546276
-0,360025479899827
0,0870467971146982
0,0697342732871195
-0,0592901537474501
-0,00696698482006592
0,032480724086019
0,108401966632399
-0,0546675894854089
0,0653399332384521
-0,0176518558109442
0,00266611368365371
0,000925009692014328
-0,00154325881454944
3,54255086575548E-08
0,0009074007849764
-0,000918793718844259
0,0231736503344543
-0,00649840073055351
-0,0261886411759987
-0,000508874927657711
0,0156851456450083
0,0306708094161878
0,103920565380144
-0,00757790166021696
0,0170837964200733
-0,0485919507553184
-0,101620162545918
0,0329661925479307
-0,0355468108496856
0,323386935876072
-0,193901210281917
0,205345582146377
0,0868302163763414
-0,244635440230097
-0,0203781889340867
0,248300268320857
0,0969296732426544
-0,463661717466178
0,202590886965715
-0,0840145779747301
0,00945070700663057
-0,0657140905817322
-0,0861476537072267
0,00722243353835561
-0,147366948966704
-0,0570830572644946
0,0847084790992256
-0,0160395634177413
-0,00893991678921852
-0,00387032987621536
-0,0978879625948188
-0,00462271765233379
0,0320139783022346
0,18546325053709
-0,0603447682345358
-0,104157440974552
0,0948950263359274
0,0107821962256096
0,442012209473729
-0,23439106137112
0,0647093948777778
0,0139443035251799
-0,0490870367251285
-0,0403709167991334
-0,0140542605398374
0,0155096331867839
-0,0163701188610907
0,0591697103680764
-0,0640605429243094
-0,070529178080905
0,00248208733097991
0,00463701070202491
-0,00316812601504514
0,00185164277477601
8,21334076516028E-05
-1,65730735936809E-05
4,39064022891268E-05
4,78432586554682E-10
0,000719127549873009
-0,00181513131216476
0,00885109585173164
0,00199006054493762
-0,174942078224456
0,0181092757111525
-0,0635923983512923
-0,0480811414733561
-0,0893035411828008
-0,0677151537325996
0,0326458103735916
0,0576183120491346
-0,0122719510764939
-0,227571002231187
-0,00324924689562164
0,0241527787534
-0,0093953647969938
-0,0362802595100307
0,0326007720982573
-0,0140845271551824
-0,159119753356587
0,0048453927750734
-0,0333325161124043
-0,00323535109366838
-0,00234046392061938
-0,0232418742464023
-0,191541582015676
-0,102214776842014
-0,236437445677359
-0,213968875188523
0,098923028883769
-0,00345208449477357
-0,0183819877705797
0,0776256960859312
0,038866370170105
0,0688903277039569
0,0696494656764002
-0,169674724684873
0,111675940965574
0,157118370815681
-0,00140829689859504
-0,00354002686488567
-0,358526661611031
-0,0617115340463188
0,0354022585606818
-0,0341671067170566
-0,00133178517102806
-0,0869612394387514
0,39088008423057
0,144746657633912
0,0286395028344112
-0,141216722383871
-0,145870652145371
0,382214638769959
0,0176178973317384
0,198803305992055
-0,2375631036445
-0,105897716249017
-0,0984750075493056
0,0018552830530765
-0,00231938708652732
0,00355925811564103
-0,00379381562802975
2,39809013949728E-09
1,54328201139462E-06
-4,33974708050722E-07
-6,13674397600046E-07
6,85232543223883E-06
-4,52879365685792E-05
-5,87861961640696E-05
0,000138371543481129
6,09339822122481E-05
0,000137215308187314
-0,000206263501079333
-0,000298555043139048
7,90862552932161E-05
2,82291586478085E-05
-1,3814993739945E-05
0,000218422823933526
1,16698333192982E-05
-4,72157110852639E-05
5,05652907111149E-05
0,0006867405052796
0,00106151729483166
2,56364924395158E-05
-0,000401651452880777
0,000128956278506657
-0,000565151986751628
-0,00027490609956019
-0,000164604932925836
0,000517248716385206
-0,00161456136956161
-9,0757949484177E-05
2,72855265946861E-05
1,98891228973155E-05
-9,98115010596342E-05
0,000225279732682659
0,000249783099688702
-0,000301370037998398
0,000258513648033207
0,000228612139930287
0,000848741097687576
0,000318493523773787
-0,000399169555573071
0,000643096307723231
-0,00128573904057208
-0,000112751140467278
0,000662350573412467
0,00059327627887085
0,00185071148442426
-0,000175871703418384
0,000498949534819454
0,000188808546233808
-0,00130836624139119
-0,000755330426957127
-0,000571401262415286
-0,00253281840054717
-0,000487900806130986
-0,000337140203226393
8,11629638099843E-05
4,23781573022735E-05
-0,00152328014204918
0,00251145524500049
0,0235730654387769
-0,0769371709075286
-0,74335356932
-0,664017465769182
