0,999994153467851
-9,51995924258274E-07
7,1521824875258E-07
-0,00341528677392013
2,3194309671572E-06
-2,51182556396328E-07
9,39533472238435E-09
-2,29374051060358E-09
2,18541077784742E-05
-1,10531062172024E-07
5,03045243680387E-06
-1,1134081608018E-06
2,90298429106012E-06
-0,000104554092624222
1,08424925696209E-07
-1,51593498528735E-05
8,39033989210208E-05
-1,92805816478582E-05
1,55807834072843E-05
-5,27705796987245E-06
1,13297396045178E-06
-5,44309235694335E-06
6,03748781254421E-07
-6,43641162351128E-06
7,25788232259447E-07
-6,73718949273741E-06
1,50989437528693E-06
-3,07248742737189E-06
3,20750654382471E-07
-5,75734441633231E-07
5,24327292608844E-07
-2,68618539296633E-06
6,56185783599188E-06
-5,25884948011002E-06
3,61689453116621E-06
-1,96230996510137E-06
9,7086939083511E-07
-5,45311735581518E-06
2,73286322548433E-06
-3,69552396990818E-06
1,05826790520445E-05
-1,69469473146731E-05
7,14536905979567E-06
-2,13041582143137E-05
2,83480791413791E-06
-8,72751516915871E-07
-1,26815677121396E-05
-4,44139630701515E-05
2,04748497673418E-05
-6,27391788042561E-06
1,52166950895078E-05
-1,74172801212555E-05
1,47345034751545E-05
-9,70941296450211E-06
7,55112554561517E-06
-1,10321299347466E-06
1,91814555486178E-05
1,5333362203909E-05
9,46441247013871E-06
-2,58615731283268E-06
-2,8643057810121E-05
-4,56205928260944E-05
5,14700194300784E-09
3,4572993480213E-05
1,60298348092501E-09
0,999725641013188
1,13253897128991E-06
-0,000698058637950215
-8,00193199392586E-06
4,8609276793617E-06
2,81407846733551E-07
1,47975976818193E-06
0,000145055337841124
0,000608097313542206
2,8279882408456E-05
9,29454076336103E-06
6,4152491723061E-05
1,85674640398179E-05
7,68665363983309E-05
-0,000139413171856678
3,54199660431857E-05
0,00525615376931905
-0,00163716149229759
0,00086971357181363
9,73650293313853E-06
-0,0167117894284582
-0,000905221510619452
-0,000130939491263502
-9,98661798174352E-05
0,000881756779089648
-0,000168444015828103
0,000696259422094231
0,000410640627705381
-0,000133777780382159
-0,00127748612227557
-0,00115885673209629
-0,00154866429633642
0,000764058960788355
-0,000508770634996151
0,000238443930050323
-0,000412058179892504
-6,72717703701346E-06
0,00114191115877982
0,000562590235428314
-3,52894460971777E-05
0,000828508128137853
-0,00095598492867902
0,00115199989107649
-0,00125283022673279
-5,47652095145947E-06
0,00209384284373984
0,00637286977202635
-0,00365371861441358
0,000969440453948449
-0,00280192950838484
0,0036423986561149
-0,00227974274221283
0,00300120816038338
0,00030474641442302
0,0016921016282124
-0,00219232767114728
-0,00254906652149548
-0,00201206662817817
0,000516527154216333
0,00450366424530814
0,00760353942141607
-1,64352581747592E-06
-0,00558730749452613
1,37764329413641E-08
4,08656813463947E-07
-0,999331055853113
-0,000120793335564735
-0,00216525799886879
0,000204172714897447
0,000768216648439229
-6,48046527707062E-05
0,000217773481925331
7,38571130228205E-06
0,0185631480887448
-3,7603488312208E-05
-1,50829258712995E-05
-2,60074656775911E-06
5,98917905493521E-06
-0,000364939691713907
-0,00186681753160249
0,00230898043682186
5,61373080151387E-05
-0,00237620377032704
-4,15919622665683E-06
-0,000536111513509044
2,07724875813666E-05
-0,00122948043180287
-0,0160474016639883
0,00121369380776167
-0,000371931622079225
-0,000758936540548665
0,000283734133202956
-0,000293414600343612
5,13394395704445E-05
0,0144654786856977
0,000965810646653547
-0,00520051259277588
0,00208592686789379
-0,000568727402517798
-0,00372706946462743
0,00232209569224947
0,000523986715570869
0,000756883845494817
0,0022432253689372
-0,00800380644120517
0,00462461060510518
-0,00608397354114036
-0,00391567588471101
-0,000794474695289127
-0,00637947993474256
-0,0073249093952612
-0,00227530713921792
0,000305654305003729
-0,00360047988563656
0,00391916106766871
-0,00255648398133379
0,0120796148643832
0,00265805629808425
-0,0023808741796148
-0,0022047953154931
0,000707676725878045
-0,000837314829730493
0,00248600230920548
-9,35305979178869E-05
-0,000554828141921901
1,63365235659781E-05
6,11976274811484E-05
0,00341826894533969
0,000268800867837051
-7,30318851506977E-05
0,999080432916891
-0,000740868593158561
7,43071870840036E-05
6,06421158228612E-07
5,55844119047484E-06
2,6683928135943E-05
3,39605722645301E-05
0,000861945948205482
0,000419159111527001
-0,000237697807851638
0,0311312302816116
-1,96225224927279E-05
0,000103020182971802
-5,61471599736359E-05
0,00687847926295526
-0,00340697694452499
0,000338222322521485
-0,000371312179487649
0,0019643828564572
-1,20097826860378E-05
0,000120952544416068
-0,000181332799634976
0,00244545453997018
-0,000402042518347629
0,000565923526409917
0,000707359025534844
-1,81497527746114E-05
-9,1745184968717E-05
0,00146671092219737
-0,0034758978186083
0,000689246009779896
-0,000788143230464862
0,000537699016432313
-0,000587323965637214
0,00180725657132989
-0,000712548683825745
0,0013258204158324
-6,44665376333598E-05
0,00163784031156755
-0,00148717957980927
0,00241595803453701
-0,00201178864138641
0,000275616799043649
0,00412082668486033
0,011704371280766
-0,00668384005302601
0,00174597842400386
-0,00506578048696379
0,0065707696888468
-0,00421483959311906
0,00482471296061808
-0,00173920289389369
1,6225247388749E-05
-0,00610025410802687
-0,00467699288787763
-0,00319860369922572
0,00101028722406395
0,00850290842997669
0,013635088134062
-2,21632517734546E-06
-0,0103086336518154
2,30042547726714E-09
1,04450502947239E-06
-0,000960563402504492
0,000549932692114708
0,998269525063041
7,5474386857205E-06
-2,42629454964193E-06
9,15636028154738E-07
0,000322228252861384
0,00019138141702856
0,0405417630663514
-8,77283555883778E-05
-6,11685375844397E-05
-4,70043112993898E-05
0,000101241805090562
-0,010853979887271
-0,00397621471657878
0,0236266029821025
0,00154230970087666
0,0039956659709377
-0,000161270272328872
0,00352651120797228
0,000207889837730112
-0,00242885823017181
-1,07516895535244E-05
-0,000968886024628864
0,00014365906575065
-0,000207993437188905
6,97517862503499E-06
4,74951383390391E-05
-0,000193111496859325
0,0293196373865077
0,0140490270482232
-0,000346411496170959
0,000299589848608823
6,14782947249365E-05
0,000120217276118686
0,00135336657329215
-0,00052355087364044
-0,000371023333009458
-0,000395731554880951
0,000846522046272024
-0,000448331172109884
0,0009496826820255
0,000360477422248677
2,54398046736567E-05
0,000812348908321247
0,00131614035511528
0,00173328416085934
0,000481569461339429
-0,00267647000389962
-0,0012867292049298
0,000613873142704259
-0,00137214807298517
-0,00083418887348487
-0,000796164763945779
-1,27785993138756E-05
0,00177439982190659
7,05353647661674E-05
-0,000711531607612317
-5,89983828267098E-05
-8,34736024284786E-05
-2,16634010003643E-06
-5,36039209198431E-05
1,75588764902295E-11
1,18337973630607E-07
-6,19245287507688E-05
3,26000001924548E-05
3,96333702829495E-06
-0,999153978337863
0,00412593633989876
0,00021864846517053
2,03688140644984E-06
0,0202733271931373
-9,12505475191341E-06
4,80599060831636E-05
0,000137646793399061
0,00163161451345665
-8,12108038874464E-06
-0,000211066773930644
-3,60696720405543E-06
-0,00014576795309118
-1,28811604420589E-05
-0,000456084278155589
5,437666787288E-06
0,000371607472985525
-2,10118723901582E-05
3,62888830819042E-05
-0,00815928060959448
-0,000348797470123807
1,91924209427783E-05
-0,000357446514836558
-0,000249791970101226
-0,00107224894026468
0,000107344756575368
-0,000155792896176815
0,000365410937307304
-0,000493209064598057
-2,48340094551148E-05
-0,000746841581479216
-0,00023653617994115
0,00040149397350648
-1,26359727564656E-05
-0,000242556856121281
-0,00128779420409363
0,00167906417924305
-0,00271394993106688
-0,00175287292431185
0,00078883561645769
-0,0200878814216593
0,00122320231254643
2,13072751645476E-05
0,000473714034553894
-0,000502851423479137
0,000998318924626334
-0,00205818574209049
0,00641276426555765
0,0106657445707765
-0,0162460083630914
0,00564354774066521
0,00638951899432788
-0,00034282574131855
0,00281067495441355
-0,00141866551231982
0,00124962723306607
0,00967062428437676
-8,43816296599937E-06
0,0129612114285156
8,23134121019699E-11
7,80808140131679E-09
-0,000221855215998596
2,37582313965213E-07
-1,86858086313791E-06
-0,00383462076256841
-0,996387465714212
0,0784483526412304
2,53533368921961E-06
-6,18275307890403E-05
-8,4329889048202E-06
4,94210800524694E-06
3,12603483711405E-05
1,85072886207543E-06
-4,98221077023851E-06
1,57765299587756E-06
0,000148743331816028
6,91227093053284E-05
-0,00016104294604639
-0,000249412030918723
3,99927196341619E-06
-0,000133666527191469
-6,10582707863796E-05
5,25576575739052E-05
-0,0305057298123146
-0,00130232862335937
0,000261344063343075
-0,00127700195099215
-0,000474760401099527
0,000166869782367408
0,000331715320021672
-0,00103298321313563
0,00180275644316302
-0,00453298460834177
0,00312961793654689
-0,00051922451608188
-0,0038612540475476
0,00203576753095194
0,000508932713612801
0,000489711690417301
-0,00099120062718989
-0,00358542908198508
0,00232853160331209
0,00291816806592876
-0,00149258695008282
-0,00126127570184902
-0,00157082243074321
0,00289480302176251
0,000358007685411763
0,000359070949178657
0,000594023674044217
-0,000882566340348745
0,00187389111309843
0,00123927956507189
0,000611350991488959
-0,00143827760567706
-0,00017784434617828
-0,00134705293646875
0,000443756473040555
1,31168600624358E-05
-0,000272784246716965
-0,000832230319279121
1,08840665392784E-07
8,01542295529043E-05
8,19070974133624E-11
1,80623032544404E-08
-2,31297760601374E-06
5,51607509296721E-07
-8,49288965016053E-09
-0,000428570550487653
-0,0782906576640797
-0,994333207324437
7,28512105280104E-05
0,0020438771601336
7,46821417858357E-05
0,000147406255965441
0,000852137827777205
0,000334073496470839
0,000355238459921189
-6,34552820107256E-05
0,000212206568498702
0,000276810521792588
-0,000659890306167273
-0,00320884510850234
0,000915785229086036
0,000135579274450016
-0,0063294690824003
5,19248758306244E-05
-0,0124150833242588
0,000224315731499908
0,000474028121501293
0,00284733104531134
-0,00270843381813523
7,84491748989559E-05
0,00126811446676455
0,00539389340152159
-0,010183277634189
0,0289577643586952
-0,0149323800693597
0,00130115912555144
0,0232109955066582
-0,0103996298263897
-0,00552627378598416
-0,0063187753967881
0,002173862438311
0,0216406845457758
-0,00836436610779326
-0,0244496210950503
0,00582682878483162
-0,00377618432376807
-0,0103431097708171
0,00663984458118034
0,00665091979558141
-0,00468526916442181
0,00818236153083079
-0,0123481494486953
0,0231375601162407
0,0100312342580379
0,015004853957325
-0,0100559426392047
-0,00891637152367997
0,010197578074534
-0,0105816716325301
0,00697177688258763
-0,00132705095804386
0,00482130395023095
1,37425012191203E-05
-0,00854737188460599
1,49642991353989E-05
0,000129136488305778
-1,77278669375801E-05
-1,19160475047331E-06
2,66628985325765E-05
-3,54889392630501E-07
-1,75528827770739E-06
-3,41752709032409E-05
-0,995756976844576
2,6656745971563E-06
0,0127269528445022
0,000220616206080898
0,00140014581156547
0,00101387197172048
0,000394249028605814
-0,00510538062482146
0,0783695942531451
0,00168627770430165
0,00456199519585038
-0,00179612117109053
0,00215932427485331
0,000548457090426079
-0,00461856108575541
-0,00432498589426551
-0,00121346715876314
0,000750887226642935
-0,00160258895109429
0,0180706299792901
0,00647615888625973
-0,00344422787182894
-0,00967530493574599
0,00143495918360277
-0,00351124261620289
0,018199697117581
-0,00820186880464301
-0,00267454680915572
-0,0101512282795681
0,017140326063387
0,00616395039762761
0,00340387217287867
0,00465894194697726
-0,000472413611084902
-0,00635893725279994
0,00248419580866203
-0,0233579678188481
1,60231862162105E-05
-0,00245248584314661
-0,00291940441964005
0,00503240043001729
0,000550940605663393
0,00209617260968382
0,00326682703760786
-0,00237551315826899
-0,000272342279557173
-0,000908436508466431
-0,00124820287183863
0,00190473932089512
-0,00167768119186831
-0,000390419336640251
0,00035673202619913
0,000354837623398244
-0,00421041725898479
2,4272694496478E-06
0,0040062357341342
4,73234254135993E-12
3,84228030210961E-05
-4,26446156747693E-07
5,35356883986917E-06
3,03348397617333E-05
-0,0203072524792185
4,24735838142203E-05
-0,00117259785745371
8,54862428136417E-07
-0,998111867070279
0,000569045191464522
-5,55903382633787E-06
-5,21795518429534E-06
-0,000137847748204563
-2,18933280395272E-06
6,42547029690115E-05
-0,000189155724997415
0,0135819353938966
0,00102229261441481
0,00153520757420646
-3,2908718741498E-05
-0,0290940308254745
-0,000349632354098754
-0,000154152301471867
0,000303824076265928
0,000303132710229279
-5,0992544907635E-05
-2,90723480470885E-05
-4,16527655410522E-05
-0,000480845141224592
2,79524754650697E-05
-0,00250331813219074
-0,000817016555742912
0,000274708613127603
-0,000124134224791861
8,54114445805882E-05
-0,000404941241858663
0,000350106643611752
0,000271819653702676
3,81305880524415E-05
-0,000352906689686975
0,00233733021076532
0,000876019628550958
-0,00446826033548091
0,000783565399420376
0,000208822944260562
-0,0067934663599651
0,00725103703941408
0,000890825933976916
3,7111255965182E-05
0,00141930953524685
-0,00268468946802693
0,00229491137038004
-0,00644612255544252
0,0020985366591703
-0,00287731009459354
-0,00233424609393642
0,000628410129279961
-0,0363491125112991
0,0215623440243654
-0,0117787864777757
0,00728262061619254
2,95518335435181E-05
0,0117140540990067
4,36945244217002E-08
1,42557516817481E-07
-0,0184740050684958
0,000628053600841247
0,0396323931966798
4,67554287832407E-06
1,74975961052489E-05
-1,10261003323921E-05
-0,0051584272951192
-0,000302497388023655
-0,98866880803869
0,00224966711752251
0,00285621884656276
-0,000699929939895801
-0,000232303309483713
0,00454556081263704
0,0967635374459846
0,0447763029047589
0,00845278799085489
-0,0412845015931477
0,000442612813519858
0,0079664373057869
6,45225166420581E-05
0,0757416190547317
0,000945270454808814
-0,00205977802237375
-0,00219281341756251
0,000191646898454183
0,00378899132721121
-0,00127498694531328
-0,000325694001122644
0,00926887695560385
0,00422271556266816
0,000180083456429684
-0,000238044857577012
-0,000320007837008011
-0,00189520493029978
-0,00505088448657896
-4,77794487784526E-05
0,0016379752005082
0,000290755471219546
-0,000277519718179257
8,88615660741957E-05
0,00225497173625022
-1,97383601892347E-05
-7,16473748360424E-05
-0,000687532469482313
-0,000987210639931539
-0,0159040712770778
-0,00509580496536629
0,0324376085036487
0,0079544846193925
-0,00176884651423562
-0,00147163422971942
-6,47962182942169E-05
0,000975401124198659
0,000758660570082207
-0,0047754173480216
0,00223457548526919
0,00423387741588235
0,00077702303389176
-3,64665268873215E-05
1,07543865143227E-05
-4,44606395805852E-05
3,51309857393606E-13
3,2173012189124E-09
-5,71498684459792E-10
2,35648229419761E-06
2,68431290033392E-10
-8,91730072300665E-07
-2,62729544967216E-07
-4,99799846040741E-06
-1,9755464586654E-05
1,21739315278753E-06
-0,00174729065843341
-0,976443800208546
0,200588622990192
0,0194401246203562
-0,00615912475606819
0,000626771050821955
-0,000722627846357652
-9,99436187386027E-05
0,000512452426014931
0,00101072482400648
-0,000534520385225995
-1,35491413549349E-05
0,00499098467216846
7,93616463295449E-05
-1,49541978479406E-05
-3,03011589959467E-05
-0,00152649009152517
0,000291773834770783
0,000938238556241802
-0,000182205011404374
-0,000537332550742222
-0,000119992729277916
0,000268036493310353
-0,000549622186347942
-0,00038886781576546
0,000191477930422431
0,000110499827700733
-0,000592604243076226
-0,000302658319982204
-0,000102189195688328
-0,00124155114189788
0,0020932559542629
0,00247522555099546
0,001190070179549
0,00282629699165033
0,00354415430002213
-0,00111222648215794
0,00327677671713413
0,00421339754194562
0,000977785106537047
0,000920505329917348
0,00678422947461768
-0,00482263682769216
0,00679617669692841
0,0194679879003022
-0,0154347180714989
0,0693277797729507
0,00835160105053832
-0,0032557807043685
0,000458953648602544
0,000939942391672788
0,011010376635607
-6,30188565798991E-06
-0,00796666760272467
3,1618091932043E-09
1,4936784936955E-06
-1,51475409593843E-07
1,81946238676558E-07
5,40416580547599E-07
-3,19874352034346E-05
-1,74824234371653E-05
-0,000200057740608919
-0,000394634903934165
7,05683067929468E-06
-0,00200047399892097
-0,20023707370542
-0,96798063713856
-0,00501218851583228
0,0554653731916414
-0,00651369852634172
0,00923520305492549
0,00266322584675233
-0,00825072589248415
-0,0175548739562145
0,00908277438704393
0,000612706147011058
-0,0977954184700105
-0,0016713578109912
0,00102746958169836
0,00253574751474852
0,0335943624651598
-0,0121718962014497
-0,0202809637659752
0,00903292032641206
0,014287500009081
0,00206166595024414
-0,00440666421595263
0,00467666298933621
0,0128626367766298
-0,0013196241780369
-0,00341516420869866
0,000846070119189136
0,0022150168195185
0,00358146557387796
0,0410491682071437
-0,0390317158857705
-0,00785122999885882
-0,0390650254032132
-0,00975991228153373
-0,00116588405107785
0,0355218487448543
0,0158264311990258
0,00674080219217771
-0,00143777107808842
0,00274854690869052
0,00460100027371236
0,0206434481647729
-0,0190439509333031
-0,00416634899998179
0,00358646211967528
0,00371508937702102
-0,00461958936779675
-0,00175916595160036
-0,0089571330239273
-0,00150013009769557
0,00184271135126321
-9,54618188046722E-05
0,00189207417417202
1,82760379072902E-06
9,11163585087573E-06
-1,40467823281262E-06
0,0311819738140266
-3,05190614297189E-05
-0,00129475390099108
1,53521511515108E-06
-8,15892057791614E-05
-0,000363646997210774
0,000127227342462727
0,000570328001840064
-0,0128640757972189
0,0079414129104613
-0,996774540129213
0,000567626609587081
-0,0033419411031282
0,000384995545547583
-0,00357555210304042
-0,000923978000994183
-0,000339880008780457
0,0020534351741352
-0,000810298025385321
-0,000747231316923908
-1,64490002339359E-05
-0,00157247713028375
9,16660004331533E-05
0,000177088208876472
0,00620046101658959
-0,00125281792941177
-0,00440100457232201
-0,00187794293978879
0,000676375741144003
-0,00138636004599287
0,0100369323641308
-0,00356767789529039
-0,00181581130048072
-0,00133580591489921
0,00498550990140689
0,00263141762574541
0,00139085326676662
-0,00365766827225238
-0,00340491625889056
-0,00762477822738677
-8,95579606573167E-05
0,000165438262000791
-0,00915888339809012
8,26216337329916E-05
0,00229114551538188
0,00233466814637768
0,000955754132314659
0,000363614727510981
0,0062203570431171
-0,00405194982375006
0,00586727071742134
0,0149269918930325
-0,0131205781181406
0,0640206400455315
0,00749439725134577
-0,00373862117007368
0,000172042418552531
0,00098779698291482
0,0101117471323607
-9,12087849779054E-06
-0,00716097793567881
1,69590294327863E-10
1,50506888243689E-06
-5,88141825903802E-09
-7,95465310036728E-09
1,18286797657182E-07
-1,93353408439306E-08
-6,53279979930864E-07
-1,79787061753101E-05
-0,000102748692129359
4,08434087374126E-07
-2,15983596526506E-05
-0,00282420353401895
-0,0401598291788884
-0,000755097713233599
-0,988388536058264
-0,0112636100292333
-0,00119444441703128
-4,8786361236756E-05
0,000272410970086875
-0,00115378271629281
0,0151212544215991
0,00139581394852408
-0,142317935424824
-0,000298835316523696
0,0010489420090735
0,000123189534328002
0,00240030279384307
-0,0147983030660291
0,000552094251336025
0,000657563036177383
0,0182285426963783
0,0010110891316747
-0,00168699645093081
0,00375002118361099
0,00175339459041476
-6,52248483389124E-05
-0,000588662670807174
-0,000781655843655971
0,000482302506518449
0,0013759581442372
0,00426877433660698
-0,0100102260297874
0,00179525247220523
0,00134745072187213
-0,00206800496208581
0,000608996411383418
0,00581079027955713
0,000294826220147103
0,000327139413416726
0,00076354945618977
0,00035522349278086
-0,00206476939433887
-0,00775773529145695
-0,00353536063096131
-0,00369468697123779
0,00247977169227021
0,00153353967746217
0,000724256144562072
-0,00107233788457351
-0,000299185503608999
-0,000180140036068663
0,000927389777076587
2,30770446022756E-05
0,00210541930791605
1,48953033492173E-05
0,000120659609602139
-1,98176258181291E-05
3,17476426433358E-06
0,0108923109655834
-3,00126964792674E-05
6,45111506518035E-08
-2,0925296094958E-06
-0,00483937753463428
1,78026256637689E-05
0,00472991781588456
-0,000386495545092528
-0,00423080370698535
-0,00255024397814271
-0,0084434168156565
0,997069650195062
-0,0048229109788292
-0,00185556172620262
-0,00156467836157189
-0,00608932739880613
0,0171510659403207
0,000864860249913624
-0,0209576612322619
0,000467309359583367
-0,000267544600524105
0,00236927035478307
0,00237361855084018
0,0337362211112018
-0,00759226779700816
-0,0216510490440424
-0,00475357998114992
-0,00264368139109355
-0,00427577779605811
-0,0108096391193022
0,000458958126375371
1,98458743842915E-05
0,00155824070966573
-0,00228745396819505
-0,00100872568413517
-0,000402887950297327
-0,0122132998976868
-0,0318924972363262
-0,0381404218817325
-0,0117749540518913
0,0067092495945027
-0,00250082513276712
-0,00765983855459115
-0,00347523695056906
-0,00233292588400934
-0,000528642193420743
-0,0014197342947189
0,00373506000933409
-0,00039195756622657
0,0058419153417677
0,00109966225531751
-0,000987998182856171
0,000190300743853519
-0,000347664643190397
-0,00108834516998201
0,000381524221288799
-0,000142166275380345
0,000493198649432492
-1,68535766746451E-06
0,000213740937427153
8,54743734774974E-05
8,88196280417866E-07
-7,90071383655511E-05
-1,18865466649233E-05
0,00037507574623958
-2,91970990768553E-08
-1,85762143143025E-05
-3,71713050696283E-05
-0,0796633258964144
-1,58813411528562E-05
-0,0925815183402328
-0,000283881516433881
-0,00476029773679779
-0,000238114043534474
0,00104130688034226
-0,00472976919583702
-0,978659593783414
-0,0135810135510871
-0,0652834869786696
0,0136545868674591
-0,00451787582719741
-0,00343671493426483
0,00280791307584938
0,0676594575339526
-0,000324087708714948
0,00356141835927824
0,0293062113786027
0,000269627828475954
-0,113112759995925
0,041165529831945
-6,72649635472694E-05
0,00237474657750451
-0,00485424881408505
0,0144028532034336
0,0259726637543651
-0,00367812276842299
-0,00951127530052505
-0,00127032486293357
0,00219041108014544
0,00205407629072994
-0,0310964862064246
-0,00297171032370815
0,00775599435354186
-0,0148457626893759
-0,0072846661543738
0,00170695587720321
0,0136625946210758
0,000932186780167387
0,00579817176563966
-0,00212855639557586
0,00214161519903056
0,00306227296036572
0,00156672844499075
-0,000533230509401424
0,0015927382657682
0,00349574114715329
-0,000420537749715379
-0,000337996536508558
-0,00309797624369032
-0,00609662592125463
-0,00262132909464505
0,000730435726217401
-2,53743550680268E-05
0,000211790745782239
3,91703226647475E-07
3,1225135658035E-05
-0,000144793892738806
0,00634907369720609
0,0261769842329953
-2,72001135143121E-05
-8,23590801291368E-07
-3,19504887249467E-06
-0,000203048513527582
-0,00483963704243815
-0,0399269341113005
0,000114239984652513
2,77838800074866E-05
0,00388447303157243
1,57249501530396E-05
-0,00401581065579119
0,0201519600835855
-0,942485231847832
-0,0682056586617106
-0,093343488268608
-0,00125378051525325
-0,280976590975033
-0,00149942170507845
-0,0124213256716974
-0,00143690426152267
0,0476870719309349
-0,00560697860975713
-0,000598406163866097
0,00157360692980313
-0,000913869462919456
-0,000322363875494272
0,0082257423257447
-0,0498263781104407
-0,0157402577705361
0,00147637293959616
-0,00139288591203916
-0,0086978707025475
0,00315397314458918
0,0025218847614566
0,00261035846397208
0,0137925469426792
-0,0303713410841841
0,0164689913124072
-0,0390040951878116
-0,0166212973106241
-0,000454214612648625
-0,0247250201016981
-0,0367410549197521
-0,0188217108719648
0,00088932531323982
-0,0182378448558242
0,0280195073593193
-0,0206434110247285
0,0606093140452896
0,0123610229994906
-0,00783980706087453
-0,0105777783898908
0,00314418453662129
-0,00500369814107812
0,0131836558021714
-0,000699733306272817
-0,00220371054919607
8,31406349700585E-05
0,00149753389887514
1,27087013341357E-09
3,53092256729396E-05
-6,81075475057791E-09
0,000175540957572066
-3,91673745022761E-08
-4,88985083592178E-08
-1,61355719763688E-05
-6,28489098843908E-05
-8,09903242408042E-05
8,28115520612278E-08
-0,000349584088830772
-0,000349115640599609
-0,00309763613289205
-0,000192641898613478
0,000360636478298366
-2,77405284546066E-05
-0,0407431550130496
-0,068247542762473
0,956296920233315
-0,00619833129071928
0,0910119395288183
0,000993087792306914
0,0126471951643088
-0,011763458582574
-0,00130751374118231
0,0135619560130442
0,0384030095454366
-0,00818052706059126
-0,142417455364033
0,0524649498793195
0,00173157403241543
0,00718200712392303
-0,0150742220076062
0,0179467639719079
0,029162001782577
-0,150052422218131
0,0220705966752712
0,010913513461853
0,00729711194506755
0,001932087063945
-0,0401026113740358
0,00191888693121711
0,00148551585973568
-0,00703381216612485
-0,0185055400220178
0,0212828200347576
0,0362958778197615
0,0619618688524594
-0,0310976487905709
0,00476784349532168
-0,0225907480614421
0,0328276037049788
-0,0129344674536141
0,0302621538803251
-0,0124514055346073
0,00562251583051522
-0,0184337601644118
-0,0224210886078223
-0,0210129556275795
-0,00239934594085106
0,0382529346176062
0,0667851790865484
-4,27347518448258E-05
-0,0497499179451856
2,40121407056606E-09
2,10642377670366E-09
-0,000128460740743983
1,44659801673907E-05
0,000232079564219802
-2,96332440531209E-05
-1,81455000953E-05
-0,000329648109158231
-0,000253682441289571
-0,000101246564013618
-0,0437237212096732
-0,00167582648922632
-0,0123617033157954
-0,000104802087446312
0,000571737936488455
0,00344135904526423
0,018238246872387
-0,0829672942329915
-0,000257013812417906
0,973288873625684
0,000794564028388668
0,027050961347672
-0,00929991118815032
-0,0163923865759256
-0,0215548560483801
0,0387060400176934
0,0409669764342742
-0,00184697097709975
-0,00261733146722955
-0,00483958272589456
0,00291990507357846
0,037484983731301
-0,0694579823884872
-0,0119156079401436
-0,0234381155757406
-0,00089736642115311
-0,000896065913488021
-0,000979053052180005
-0,00183890862751453
-0,0015947653782842
0,0407915808609361
-0,0132463237760947
0,00482985036377427
-0,0902025032490382
-0,0018922541862663
-0,00207643250160312
-0,0389406139393773
-0,0687297062766449
0,0025401268071746
-0,00332502999427677
-0,0123743126950774
0,0120120139436158
-0,0102583306463306
0,054134431715248
0,0152729593930765
-0,0164284775613609
0,000344430984835311
-0,105452414109358
-0,00675138074141469
0,0197696287682259
0,00506179390535323
0,00537619329764193
3,57867588741807E-05
0,000262989307584356
8,48035622205945E-14
1,31980595148338E-06
-1,57174091236251E-10
2,29819700046116E-07
2,60954401511326E-07
-4,25905989417748E-08
-1,02450247487784E-06
-2,56610234912791E-05
-2,81534870171533E-05
3,82548993881916E-07
3,34076372925981E-06
-2,94320478576053E-05
-0,000309936904175588
-0,000605597543020332
-0,000721120030707096
0,00611821424193265
-0,000983598260872649
-0,00457968824534647
0,0722814500598908
-0,000559231441113741
-0,945400934910223
0,00293823959992875
-0,121907917886422
0,000270305552981558
-0,00525097541240593
0,00418981641598559
-0,000196694833090371
0,201935062099429
-0,00466700533242767
-0,010344552826477
-0,0338150620495322
-0,00501257785663736
0,00783081351863987
-0,0118740618652866
-0,00201760939957648
-0,128075800405055
0,0179410960460008
0,0310146822028331
0,0233221532191372
0,0326670648448109
-0,00625812608792632
-0,0226163641760761
0,0308457540061947
-0,00752792746634686
0,106866085283406
0,0162511165107644
0,017261533992184
-0,00796452958723229
-0,0820402366518042
-0,00896166095958443
-0,0257139029084511
-0,0448068615121033
0,0296352134661072
0,00634766775414122
0,00263024058039027
0,00113653475935268
0,00649589591846208
-0,00304536909275955
0,00413252186679106
0,00175516721296374
-0,0176904405966592
0,00319649056339614
-1,02518047596183E-05
-0,00553349973726678
5,56896808909541E-11
0,0177870988231589
-2,33288271886348E-05
1,43734197493795E-05
0,000255172236124101
-0,000223413081060638
-8,51387164492482E-06
-1,83759937477089E-05
2,78128777263855E-05
-0,0320082673668192
-0,00160595161742524
7,83183994857596E-06
3,0851654948714E-05
0,000249627382225011
7,38927411979396E-05
-0,0008381472344698
0,00241305801058442
-0,278499378958566
-0,0216138681122964
-0,0476135874996113
0,00119293682808565
0,943609492774689
0,00958310240762284
0,00903876035902119
0,000404696038452721
-0,0119989742592194
0,00234445194786174
0,000316274520856387
-0,00592478579481753
0,00237011879543466
0,00127119220683557
0,0834513142453299
0,0427684236388551
0,00279378273441279
0,00229548888273747
-0,000631962385276293
-0,00160198035916156
0,0228382158723477
-0,0418682754474542
-0,0260521208570601
-0,00239259370597703
-0,0028912656978238
0,00361022250453027
0,00548706119866724
0,00997136269974346
0,000895345753356134
0,0101119590381733
0,00251379773090314
-0,00105139029772572
7,60472169572736E-05
-0,00271500577491613
-0,000560164028718009
-0,00294812297824694
-0,0157836221871111
-0,057075612108931
-0,107887025155269
-0,00632510661020063
0,00818435423070344
0,0135571688673436
0,00173472209278704
0,00431706131441723
-0,00883158754758693
1,89400644907072E-05
-0,00221915159122382
4,49901410493425E-10
0,000468374745509161
-1,82135501884375E-08
-8,21786966864814E-07
9,03507485333181E-06
-9,58406269633044E-07
-3,15152181018182E-05
-0,000572192649309788
-0,00173308594015125
5,7557487446453E-06
-0,000104030809387854
-0,015976257576708
-0,106905225141403
-0,000954199177607179
-0,140460013340397
0,0141631875553507
0,00255779764593077
0,000581829994380191
-0,00116393736341185
0,00363112534059696
-0,0866332323612612
-0,00878093312440913
0,946889317664465
0,00238474931642512
-0,00811861306139291
-0,000353072278339726
-0,013524273329584
0,130882173816142
-0,00206233227990794
-0,00668010042013692
-0,166817758572451
-0,00864694741450327
0,0136644830170816
-0,0365708974631858
-0,0134718591706823
0,000144483990541438
0,00390891206543109
0,00806172453924704
-0,00330445977849501
-0,0107045233288728
0,000162900256786976
0,0631295304152847
-0,0269663163011358
-0,0531000577004448
0,0120202929975596
-0,00558533781163895
-0,0172262322967133
0,0230445704657898
0,0105895977249048
-0,0124906800603873
0,0133950661864044
-0,0231533792441511
0,0540360748485461
0,0378610725253468
0,037754785564699
-0,0252551035789972
-0,0149842994347361
-0,00965187416564088
0,0103367921266088
-0,000965645066693418
0,00114759223703389
-0,00936932215799814
-3,97355234326294E-07
-0,0219140582738009
5,99260860459872E-09
5,42064171336797E-09
-0,00010535345275098
5,80630448258149E-06
0,000483963427870911
6,58667074907219E-08
-4,14429878714034E-07
-7,6377292346329E-07
-0,0015818605342155
-2,37016003441192E-05
-0,0810706111434038
0,000175506541399206
9,54183697964416E-05
-0,000101386641957572
2,8513532900039E-05
0,000470365874273831
-0,0660973639375381
0,014424982241271
-0,00740009021932125
-0,0178194078648825
-0,000929587056426052
0,0109273530178619
0,00198793004702143
-0,992111040429226
-0,00261664209738815
0,00165064466619147
-0,0132194169934839
0,00171264446085083
0,0323724209905445
-0,0112503822197997
-0,000255688657913132
-0,00617245450096579
-0,00181204205685554
0,00069250219701074
-0,00702779025479609
-0,00036912292997094
-0,00246177901037819
0,019908934081888
-0,0231836012069048
-0,0388337548538903
0,00860723721896088
-0,00362935877444116
0,00165835904096818
0,00345719894699071
0,00709659655504769
-0,000152194768366492
-0,00143109783932367
2,28035374655492E-06
-0,00215647407926936
0,000566923986126619
-0,00100590482755263
-2,8096862878553E-05
-0,000957399917731958
-0,000334720626308786
-0,000710876955988519
0,000272707386198505
-1,66096358283216E-05
0,00154036373402235
0,000327092350755779
0,000910562626782467
0,000293290328770666
0,000398670881669946
3,71592525471806E-06
-2,95663134781214E-05
2,32308355899857E-10
9,05548952357174E-09
-0,0170600402529225
-1,87423579728415E-06
-3,74978824266061E-05
-0,00828606290391143
-0,0320874839662633
0,00304498533227404
-3,54956600549192E-08
0,000454963073747278
0,000345802204690322
-7,16854251241624E-07
-9,47317205544603E-07
-0,0001203254148997
-6,55764576065999E-06
-3,5944691113768E-06
3,94443751846718E-05
-0,000496863125293445
4,95086020748979E-05
0,00774381147787646
-0,000903721756224358
0,000304507990475501
0,00260130541045637
-0,00254209821804511
0,94131742774073
0,0407089095575282
-0,00270700390111868
0,039413835319908
-0,00922180348463667
0,00362150588312172
-0,0104489183172033
0,031940846960513
-0,0591423791438593
0,146723406998936
-0,0890178133459655
0,0171760020422402
0,121180158851506
-0,0609059057555706
-0,0237015711934539
-0,0206799661810942
0,0233701973237396
0,113069293225715
-0,0715867721672979
-0,0979073802281899
0,0476696262885472
0,042090069692324
0,055674790765364
-0,0934800549390901
-0,012145719970741
-0,0130246784634109
-0,0188208396577002
0,0294084424345277
-0,0606094169159446
-0,0419604523722233
-0,0315997862712493
0,0240255900012738
0,00427247657948439
0,0443817265145132
-0,0137485007935368
-0,000555659710535461
0,00885977311506888
0,0253399433593395
-3,43319641129343E-06
-0,00258261520145034
4,50179181316631E-08
4,4737697311579E-06
-1,53443762243716E-05
0,000736644342757362
2,09910120303933E-05
2,46517824500328E-08
-9,29303479660406E-08
-2,64282253156577E-06
-2,60396021292676E-05
-2,30616234237673E-05
-0,000354921501805667
-1,1651541792533E-05
-0,000120518466086294
0,000336740006427513
5,80448695114523E-06
0,000296178183254104
-1,00337124540434E-05
-0,0279520664617641
0,00201768699383058
0,0098294020847956
-0,000372059772108448
-0,0179480909775339
-0,000522609257132587
-0,00352873928577694
0,0345295436386812
-0,941720781534685
0,06269926524695
0,0158509067267377
-0,0122102081180862
-0,0244920476375785
-0,00970281012457171
0,111020568638937
-0,2515322261818
-0,0273932822659498
-0,0121902918087648
-0,0119249764955455
-0,0735157548765688
0,0282433028416824
0,0204141390362545
0,0241369213189976
0,0126162944747959
0,00694164643949483
0,0218367473882665
-0,0172407374446109
0,0861844752645717
-0,00294776758447607
-0,0327510700246074
0,0540830049893302
0,0560203374025382
0,0125073922570328
0,0106989088660161
0,0576424350308441
-0,0393058679501624
0,0110026035850116
-0,0107702724564424
0,00728707946549901
-0,0127492600216717
0,00150062772729896
0,00418106114309891
0,00256916592393212
0,0264774950415853
-0,00355158375618681
4,32352242139479E-05
0,00210952904687343
3,47730308405777E-10
8,59104280705406E-10
-7,56455606079801E-08
1,26461468919705E-08
2,67643194207439E-07
-1,42253521340967E-07
-5,45003352892748E-07
-1,16469182781838E-05
-2,25357988811308E-05
-4,83413728441089E-07
-0,000324397636342531
-0,00243877908194777
-0,0155467611478539
-9,5259092331455E-05
0,00104686922424004
0,000135301504333196
-1,3247000585151E-05
-0,0026162371452604
0,001399711944551
0,0341301320447872
0,00108218068026772
0,00143847753910488
-0,0124944490340041
0,0022470995162498
-0,00144317599296511
-0,0482987078548344
-0,886613770238021
-0,0145518040212236
-0,321447196847442
-0,0141236225619985
-0,00282751660224967
-0,00393240813976072
0,00975856705618266
0,0131465365061212
0,0520249764741961
-0,0101081250645258
-0,00540711375277318
-0,0060756720570077
0,0142335535560285
0,0177138824802568
0,273904012725183
-0,00179139435549577
-0,0827930046582857
0,0668468259172951
0,046430431790998
-0,0130327498315938
-0,0789437052798628
0,0253958922706491
0,00209367408891476
-0,0514816865748286
-0,0200381887348584
0,00103467030054732
-0,00629550479305079
-0,0204304087286778
-0,00951557619517298
0,00380182542288563
0,0063081608790573
0,00266086165258781
0,0314201115891803
0,0462437457589679
0,0146374839094981
-0,00333362918302622
0,00012970472188681
-0,00142523184488961
6,7982012924158E-10
0,000624148139683595
-2,949559517632E-08
-9,14699803168866E-07
3,52382603365337E-05
-1,90474619446213E-07
-4,79882926645456E-07
-1,20760205586733E-05
-0,000699673366206687
5,76900453112555E-06
9,74958658423487E-05
-0,000436604325689255
-0,00375146526565835
-0,00073099199983168
-0,00654555615833725
0,0416932804164262
-0,000434882274778354
-0,000813938333467609
0,0148869130682517
-0,00010060653363139
-0,224570571653374
-0,00189993817398943
0,1378808933974
0,000940939652178216
0,00481488912171551
-0,00255376510691419
-0,00710761994734664
-0,832561128913769
0,0512346144369162
0,0312949851297365
0,13541076269694
0,036445775312335
-0,0613613583059093
0,341818033004999
-0,0932787429400945
-0,0119467446569562
-0,121357341234391
0,154903420098119
0,0554511561723978
0,0299173215750813
0,00848916733006962
0,0021435906831035
-0,0302119856601278
0,0538928690016541
-0,174678963887123
0,00243064035224521
-0,00660908645505222
-0,0175467507615013
0,0355775898393834
0,00672258337070069
0,0134198724257701
0,0202070050469348
-0,0287068391298065
-0,0216155132665904
-0,0167186858669891
0,00162883360499871
0,0164583772087533
-0,00647553018944527
-0,00380303348371041
-0,00087681599448272
0,000543841130627298
-0,0223505098522226
8,79489563723386E-06
0,0286406310097395
9,49540300525664E-06
4,78971388818041E-06
-4,24317495318646E-07
2,22714688603818E-05
3,62058594580626E-06
-4,17444710570078E-06
-0,00106145035098813
-0,00130437944832853
-0,00254240752735776
-5,35794086579434E-06
-0,00545067003201598
-0,00514503266775045
-0,0322112583682152
-0,000236070752589932
0,00249942785797408
-0,000879314633374323
-0,139673478660814
-0,0160673440365064
0,165501139773443
0,00409450510729421
0,0187143439354013
0,00187587137161657
-0,0138781606266304
0,0450032875491067
0,00067984014833447
-0,0140780272114437
-0,187108387928731
0,0249141247456333
0,807454676937181
-0,300949384136339
-0,00562432795345731
-0,0223672476643465
0,0409111351844557
-0,0685872915437186
-0,220779979279417
0,0175764199272811
0,016576622988488
-0,00697351899825603
-0,00558402761467553
0,00495389812424214
0,254714246337401
0,031274208788702
-0,0676616158220472
0,130041912833722
0,062421930165977
-0,0150982074188802
-0,12504691273713
-0,00140570929876382
-0,0132114904620439
0,0229382048898085
-0,0116660337264466
-0,0108978290188627
-0,0243646693556125
0,00380190140772004
-0,0194973328799657
-0,0300772196803234
0,000746339040833012
0,00429503379681689
0,032798290507893
0,0552173962680398
0,0167125775707076
-0,00591454102859984
0,000229857587907454
-0,00192857202282867
3,12689813511483E-10
0,00113680956906089
-1,03028189729389E-08
-2,07351558263495E-06
4,37031037847446E-08
2,23523956069882E-08
-2,02521971616569E-07
-5,19268281913125E-06
-0,00483382975482601
9,73550125405143E-06
0,000106832019116184
-0,000382847612986248
-0,00325386033047044
-2,11196806365054E-05
-0,0055398231578106
0,000570418149422663
0,00158961422520592
0,000516259615861966
-0,000107538891974106
0,00037238915657964
-0,00936161542673973
-0,00333427946633253
0,141684027470206
0,000281137215239069
-0,00243020295198829
-0,000498065221249844
-0,00638846187441806
0,20386403975411
-0,00109764947768054
-0,0272058752761561
0,928786221100553
0,0133795402605287
-0,0113172273283004
0,0564387057467238
0,00386218578131048
-0,00643253661541914
-0,0331675818832819
-0,0111500619053153
0,00118381270941873
0,00651298814965593
-0,00149171417023616
-0,0241159532155757
0,0116433412026578
0,0173868540296471
-0,000409689629836915
0,00162737918934179
-8,05294258282775E-05
-0,0043210414690083
0,0433665438222564
0,00878916570579022
0,00575461365735072
0,0334853465051764
-0,0338121906657478
-0,00789863933237392
-0,0286200297995158
0,0102666558535408
-0,0118029763527587
-0,00212223235279006
0,0734797751336289
0,0187124265725369
-0,215135778883905
0,0887266369527624
-0,000114747671731183
-0,0601087982109485
9,51446795252661E-14
2,05152572993361E-10
-1,85524678744478E-08
9,9799142872065E-08
2,13645277044972E-06
-1,91235983072235E-05
3,33865907805972E-08
-9,62355788294106E-07
-1,45445528473082E-06
1,17557894450734E-06
-4,47741459353403E-06
-2,57367173833351E-05
-0,0001894191826442
-0,000392218575126809
-1,00139956741317E-07
0,00243385658028289
-0,000162851029119677
-0,000391152154022985
0,000430036997459445
0,00266970922921928
0,000294516022178554
-5,35537004547947E-05
-0,00072697243701649
0,000625659588289195
-7,96100524913174E-05
-0,0193962808547474
-0,076310421701634
0,0491009065449647
0,272916717133173
0,836939777416468
0,0136258060778875
-0,00333001036731679
0,00820628438147811
0,0205975751274387
0,0457489651826581
-0,00336948437859164
-0,0122449973906079
0,00908619606393163
0,00264566944926078
-0,00169782132372074
-0,0489900295740167
-0,112987220738582
-0,242467281935164
-0,119741389650308
0,055332452528246
-0,0311741119689921
-0,288860557023223
0,0941631621900471
-0,0686368779479851
0,0174151669474114
-0,0305243099195449
-0,0210983899166265
-0,0740318741946237
-0,0931982244865716
-0,0515616327620695
0,0230823648475977
0,034050127948958
-0,00859209552575275
0,0377815643112697
-0,0477529270663069
0,00780120491146844
0,000673492182740695
-0,000111461685804447
0,0012228616456392
2,00763978457135E-10
1,74937008302165E-05
-0,0141620705956834
1,71635433436707E-05
0,0328198883529615
2,13565138068765E-06
1,09013878433056E-05
-1,44953724087924E-06
9,15410375413806E-07
-0,000428529374322656
-0,00473789005246622
1,21388769283229E-05
3,03026269232835E-05
8,65751155063586E-06
3,092607172448E-05
-0,00415990542952004
0,00138737064936422
-0,0165882980624632
-0,00120922990198561
-0,00280456284297388
-3,63555246075617E-05
0,0995039957561217
0,00135168553495743
0,00599517088620373
0,000555710496222704
-0,00543757522283907
0,00162395545663975
-0,0042415221983488
-0,0043866389333447
0,00195218913486835
0,0078348816522029
-0,906804092975325
-0,393148315617685
0,025378398309138
-0,0108524842888393
-0,000403752496335754
0,00445537311161171
-0,0380898769145766
0,0142834788533079
0,00763474425041865
-0,000525789411321975
0,000180636266980316
0,00120728968914757
0,00118304216216152
0,00182086381779056
-0,000357213883812774
-0,00583408089919934
-0,0106654810397626
-0,0227749670456519
-0,0102795584544752
0,0639573642109181
0,00946595988825059
-0,00169493683267175
-0,00340124472443549
0,0160517381465269
0,0296543974843575
0,00788827111837285
-0,052125074774436
-0,000372103185552577
0,00756566051399464
0,00160802652773623
0,00424000096341776
-6,16759504771902E-06
0,000567041931001315
1,63029790984581E-07
4,64456092023559E-06
-3,56577424500611E-05
0,00255647244800587
1,94350671398168E-05
3,37393251629629E-07
2,82719153895473E-09
-2,13635633786432E-06
-4,8855501641187E-05
-1,72879611536521E-05
-0,000513480615653788
4,14997836162823E-06
-6,20994810210401E-05
0,000951733603114248
-1,91812082659257E-06
0,000561660554661804
0,000509036891880306
-0,025153284283384
0,000900351830605444
0,0154777025538157
0,000217651826113192
-0,0132265705593083
-0,000600457024031864
-0,00220307042675044
0,0119789138268103
-0,264705106169531
0,0301850697031873
0,00220522368705098
-0,0186875329848919
-0,0138301036286903
0,000795664162943958
-0,303481850785531
0,752988767761908
0,274553338255822
0,0242820939917028
0,0287618408610118
0,176210197251106
-0,0832385117475001
-0,031841859017156
-0,0210230274426569
0,0415932419962751
-0,122819088077269
0,0603821509069807
-0,111902222571596
-0,0791367421065306
0,000144719811044259
-0,0566539890700723
-0,115383752381809
-0,0716258663568756
0,00435654428072796
-0,0629175023485304
0,0673793213996023
-0,064927450599504
0,164093539172902
0,0399834161982167
-0,0344861602989275
-0,006336051273891
-0,215203266613831
-0,0162730422498741
0,0441547942349941
-0,00015629051331072
0,00454293195776082
0,000138524714990644
0,00325587266705002
3,18855203597312E-10
3,44025988085413E-09
-8,14756647142764E-08
4,96969049702357E-08
1,95165559265999E-07
-5,32214587476302E-06
-0,000307511717129121
-0,00538195745648075
-1,9869662199501E-05
1,94906157481508E-05
-0,000284327324876499
-9,79143297559825E-05
-0,000792094479285458
-6,82710425746974E-07
3,97027565037239E-05
1,50054207360402E-05
-0,00407426032449385
-0,00212745726406237
0,00758994219880567
0,0197049898548436
0,00102099726735549
0,000882763946860381
0,000759711174257201
0,00451554732004351
0,0161495622568501
-0,00139979179002651
-0,0917641867286916
0,0136495196089508
0,263451347044917
-0,141009589985579
-0,0216624259733071
0,0161341296581865
-0,0572932288545168
0,209486742038891
0,865659874346036
-0,0150177562764873
-0,0708117760515961
0,0492942702209648
0,00477153095163336
-0,0168224923597464
-0,152492869082498
0,123780421173333
-0,040744781849366
-0,133694723791986
0,000984983127518418
0,0281880363820683
0,0824789953392901
-0,0258743684248317
0,00414241975411521
-0,162675623118889
-0,0307867047937922
0,0296569858810666
-0,0256303336786025
-0,0140796840643558
-0,00327619134209182
0,0137478491763843
0,00373261780573448
-0,00410761155788494
-0,00587696045476922
-0,0158848634050528
-0,00392960929854845
0,000327984938513357
-6,21620049725438E-05
0,00267323091522578
2,22941502856031E-11
1,42044492967898E-06
-3,68619879237598E-05
1,95137015527836E-05
5,0535869893128E-08
-0,00146401079362797
-0,00407980901537069
-0,0491376744491124
-0,000269950272022517
0,000184957676776543
-0,00010365101295413
-3,41803012873352E-05
5,85985312823573E-05
-0,00451245280062074
-1,08541159906441E-05
0,000214885640037215
7,24610091407603E-05
-0,00130095552381076
0,000856539442060583
0,00703783811487923
-0,00440190405197934
-0,000180499577393163
0,00249273567344758
-0,000818810031669196
0,246799479274908
-0,00439438595628284
0,00451604334981461
-0,0883785802196691
-0,0106278051096918
0,00985797992803732
0,0437413858700144
-0,119835081263464
0,2363057273418
-0,570250550160087
0,10374059624087
-0,0665104048515197
-0,507313011307594
0,315153906287912
0,110904629246229
0,0683410530537273
-0,0325201068007896
0,00127790102376128
-0,0178743000064621
0,0939991027557511
-0,0678639858719392
0,00379653501752128
0,0405155510478876
0,098385269020203
-0,0366910527890757
0,0180595923658017
-0,0464393440873785
0,0473822318299945
-0,0476315714747199
0,0368188825895395
0,0168172369354237
-0,0183222865867783
0,0439840391432224
-0,27980880138634
0,0204104395631924
0,0149352075494532
-0,055542737231366
-0,112511651689807
-4,55036035796891E-06
0,0962768646302049
1,71231638530695E-10
4,9174264077102E-06
-1,81523305795124E-09
2,38508694714548E-05
2,42101982881638E-08
-6,13336513924668E-07
-0,000103363340238913
-0,0018038543890751
-1,4290568039231E-05
6,58608251753329E-06
-4,87349088680794E-05
-5,27672203206334E-05
-0,000476699431049684
-0,000170721643135088
-3,23553523012485E-05
0,000750412441029423
-0,00622701764352015
-0,0112790582535537
0,159739339152827
-0,00111770389359557
-0,113652080574574
0,000581152467044992
-0,0154420696759781
-0,00217404866058453
-0,00166831699330595
0,00343185355891126
0,00828690337283679
0,0438633401178442
-0,041114650516459
0,0130744689685335
-0,00905801095951839
0,00278295903085504
-0,00753590888117765
0,0189388290096466
0,0144957192403894
0,949486708755993
-0,164059148432915
-0,0127563002134981
-0,00805083382749622
-0,0063548946379689
0,00930773490300326
0,00609417908680489
-0,00125145265786904
0,00177718297411635
-0,00672532583871596
-0,134735220067582
0,0163726210579265
-0,0186692711847956
-0,00212342146570179
0,00656311954744219
-0,00731664315765502
0,0164250495445152
-0,0372763638805791
-0,0453524187387618
0,0644070471560133
-0,0245557983753734
-0,0172200743037152
0,00220442579063095
0,00621783793323309
-0,00149734618801456
0,000922757627600882
0,00195063991811493
-8,18457161568231E-10
4,28901045170912E-07
1,25021543616481E-07
2,09668891860016E-07
-8,88153992083772E-08
0,00194015328293293
-1,87735458520391E-06
2,38329857550949E-07
-1,40709487764084E-06
2,36935289858324E-07
1,97490698252346E-07
-1,61110737299317E-05
1,02920638107696E-05
6,22893752016993E-06
-5,40587294770535E-06
0,000666958600947814
-3,21499105985354E-07
2,01441799521385E-06
-1,2869995348014E-05
-0,000329045394723511
-0,000181942834419706
-0,000109240669822284
-1,45323507073968E-05
0,00334071273177682
3,66645732465767E-05
-0,000551539052430523
-4,64578212187632E-05
0,000216903531385548
-0,000329557447184597
-8,79722959506159E-06
0,00284281343269842
-0,00115719164000069
0,000112512468326137
0,00818204816729864
0,0029574727890361
-0,00309676037409347
-0,0022838520708572
0,00312399403731159
0,00751803271678645
-0,153658784752276
0,811845058088279
-0,540215194496393
-0,00612023818720491
-0,0260007906953776
0,0209266400009198
-0,00290593889490312
0,0243899098465825
0,00145402869645435
0,00774032559350757
-0,00949194461035963
-0,00411168192420968
-0,00186396295347901
0,00286924209802286
0,000935915313520067
-0,00508633491347633
-0,0156323425796503
-0,0678877366233513
-0,134048836781692
-0,00648573918684303
0,00782725362360655
0,0102125154638894
0,00798842341855077
-0,000358955238784963
-0,0145310039027695
3,90086962324988E-05
0,00384432711090032
4,78922492477306E-09
0,000158486722771097
-2,07300376183655E-07
5,68409698663093E-05
9,52980487309737E-06
-7,30791969513441E-06
-1,58712205952899E-05
-0,000270888467032621
-0,0447470888719645
3,55588625676818E-06
0,00031799683542604
-0,000222910540236571
-0,000829977912870764
-0,0134830888267965
-0,00167470602346204
0,0101032565323556
-0,00315506843903996
-0,000517132596650621
0,00357474649856613
0,000761369905330739
-0,0334712363461283
-0,000713008565571926
0,0479927527134269
0,000203559446191664
0,0267160951034859
-0,0121301022174953
0,000604766827210149
-0,422435252513631
0,013670362065972
0,0235515699492067
0,11093345942988
-0,0248005493162851
0,0590851740759819
-0,437811663192064
0,15206258075785
0,06332039648672
0,232563028806134
-0,379128629894892
-0,138723835956104
-0,0745832388553579
-0,0126095027779437
-0,0418111127559067
0,143893970597423
-0,103362493043436
0,518254338823422
-0,00239251631121446
0,0431712025985564
0,0396942402914566
-0,130756159771208
-0,01175124027647
-0,0592146127174464
-0,0549261698199709
0,0549307432379607
0,0394010852167426
0,0271425912582782
0,0186717536138406
-0,0495212448721589
0,0371282564180415
0,00688607591743471
0,00395782985712168
-0,0055007977747595
0,0960050444606075
-3,32888737157576E-05
-0,0920272883758282
6,40021175163822E-13
4,6370294693464E-08
-6,00865551785989E-08
4,4281261286762E-07
6,19701502410864E-07
-1,22608794916036E-07
-4,71785205910359E-06
-3,75646720115501E-05
-9,99192762483331E-05
-3,01499777846855E-05
-0,00055276059624716
-3,14418852159137E-06
-3,30046931159595E-05
-7,26870986992101E-05
-2,73334234453871E-05
7,91684866338452E-05
-0,00101031657894532
-0,000883032588170382
-0,000163784418127244
-0,000326979571555541
-0,000562358818139298
0,00612028256841689
0,00216229431974524
-0,0479311995030048
0,000764595193247706
-0,000401326707294602
-0,00132902485070941
-0,0224382011086121
0,00925745404108558
-0,00154755592487976
0,00584916557092883
0,00974585128665155
0,0119038029336507
-0,0618575871495913
0,0224489513441216
0,0177599060054555
0,0701694072138762
-0,352646564395402
0,38672591744062
0,761541363139328
-0,0653319320527556
0,0874252043758472
-0,0607877957977036
-0,0416259905350058
-0,118412639194363
-0,00100413203132928
0,00172130075846047
0,00433605024603702
0,0138838861080724
-0,00833577302976828
0,018722704355482
0,00248936147519469
0,00876075805621673
-0,0115678263806214
-0,124033776326151
-0,288811190592802
-0,0201482857850036
0,00230860958554589
0,0223558765064733
0,0158391809677885
0,00732406015215147
-0,0337079484518599
8,31662313369398E-05
-0,00060418060754241
1,11304924620849E-09
1,82108689782752E-07
-3,58211701595253E-07
3,38008706454869E-05
0,000576529582836701
-0,00340725529877178
1,49991043329741E-05
5,60760225097079E-07
-7,96881144151574E-05
0,000181107861884767
0,000258504504624143
-0,000118871682698275
-7,87815888495409E-05
-0,011868779009033
-0,000390006561465539
0,0549357971892443
-0,000323378885049292
-0,000132052658622962
-0,000124490432334982
-2,22701558512257E-05
0,00201684474211832
0,000121045766644442
-0,00306811447471361
0,000108522658086125
-0,000973703152754627
-0,00485489540916469
-0,0158739391996452
0,0326850786970495
0,0942905458059532
0,321717807835177
0,00282415437188498
-0,00104423531009602
0,00162440623933835
0,00884346186272532
0,0440243209710937
-0,00695216296592584
-0,00986811252730583
0,00342104535774671
0,0123646756876844
0,0154912271434685
0,354837602955599
0,417994223560192
0,727351704286989
0,0230824982841449
-0,149214341748553
0,0467636660863397
0,155914513167164
-0,00621257078328879
0,0153268059709705
0,00319990471720331
0,00759937879977917
-0,00359093320387655
0,0144298191489614
-0,0183281391469751
0,00397526470431432
0,00608228659025713
-0,021608283890634
-0,00147193017135866
0,0039279205760572
0,00513940792950983
0,000191529726559407
-0,00761254696074539
5,25331096549169E-06
-0,00394771862442245
8,94975061616949E-10
7,35343796624395E-09
-8,28425679068611E-08
5,16711972920788E-07
3,02671325730093E-07
-2,43686890499772E-07
-6,99283228016506E-06
-1,46419045291427E-05
-5,37909538668236E-05
-6,48316496714204E-06
-0,000423840182456137
-0,00208607062676189
-0,0132880242653649
-8,62445619243506E-05
0,00088758251835714
0,000148425078653596
-0,00656566343580458
-0,00349038078059538
0,0121766994898091
0,0265407587299699
0,0022761390755374
0,000822693174682774
-0,0091696954100313
0,00734772553227059
-0,00011621535639493
-0,0566287402454724
-0,377481710970757
0,0107006600956018
0,202109958616353
0,0303296080055497
0,00119634315867719
-0,00132485666472813
-3,71726773123457E-05
-0,0628574529770871
-0,233568102352523
0,0242825556918362
0,0198177403394019
0,00710400821378968
-0,0334679727394621
-0,0355240245995507
-0,614372355295948
-0,135552387657242
0,240627284889618
-0,271795950545337
-0,173886270681677
0,0351376091285436
0,348019294106946
-0,00479101162093873
0,0239409943110223
0,0121738475035835
0,0564011743433517
0,0176584641553736
0,0805892862046394
-0,000222910382648593
0,0244654057527197
-0,00555052608779637
-0,0142448697577337
-0,00643439399588252
-0,11909389229985
-0,198945330909902
-0,0592008210596925
0,0129326358463483
-0,000771619126023435
0,00540191800362607
9,13453173615431E-14
7,63986978352558E-10
-4,25626843077028E-05
5,36386496650389E-08
2,59854553731991E-07
-0,00165811267390197
-0,000280195304796664
-0,000265043582357767
-3,00255835020792E-06
9,33245643137312E-05
-0,000476333497812383
-3,59780520533413E-05
-0,000317608283112067
-2,87386685496746E-05
-7,51592156311966E-05
8,58223355795261E-05
0,000375296843234014
-0,00295758140908211
0,000192210988593714
0,0396127432867572
-0,000439028128268223
0,00141277568273629
0,00534110923858551
-0,00159501097365661
0,217754010042252
0,0127214947554905
-0,00334902096867543
0,0145329452646565
0,0275583155559776
-0,0151817134905397
-0,0151975643553073
0,0216646502347176
-0,0475467010514165
0,074857627090978
0,166344222085974
0,00154811509191976
0,0376499079222309
-0,0543450319267244
-0,00775356355123702
0,0202886166342785
-0,0603128092587084
-0,463532856814604
0,313839250335037
0,328981683103815
-0,143193325302593
-0,169673619428
-0,284773390028252
0,341409759269291
0,0871871613148502
0,0454770170536068
0,126823190224044
-0,176900951570909
0,321353983154157
0,158633910712528
0,156458256312095
-0,104269776659023
-0,0649979424888703
0,0244132912392036
0,0473390133692897
-0,00870771084223129
0,0028707945934631
-0,0378831569793085
2,93669341704997E-05
-0,0832267952562051
2,79100807161676E-11
2,07577304984843E-06
-1,49388603712704E-08
2,43566241940466E-05
3,987007983701E-08
-3,08145860750069E-06
-5,44317373527252E-06
-9,31601367288961E-05
-0,000362611295786623
7,6167872518906E-07
2,82717480242061E-06
-5,85488735673912E-05
-2,60338735353364E-05
-0,00584977350201953
-0,000147121374475386
0,00120663543694607
-0,000416988674413378
-0,000999365184116627
0,0126901763346678
0,000252712168153831
-0,156791852724605
0,000324220887952845
-0,0170257694161168
6,95116627977249E-05
0,0106895971612378
-0,012118858753371
0,00153016277713366
-0,0504324342355767
-0,000347249485681629
0,00452971330756376
0,0284706286872905
-0,0138526443426367
0,0278985133983119
-0,294986268852659
0,0928087175426129
-0,00187778949769391
0,146477606225095
-0,321861550049987
-0,183646311191834
-0,216071522199719
0,0214636623078227
0,130216301016802
-0,156962296215934
-0,00916488818102052
-0,478350730999035
-0,00357318122412021
-0,115055133996234
0,0826642146241791
0,494686293313944
0,0462983309594418
0,158918374521391
0,259028179033399
-0,136932025774105
0,0140014862356021
-0,0492093118071555
0,00931356931110995
-0,0466554087819016
0,0250930123111125
-0,0285126438646318
-0,00974012520062544
0,117182826728446
-0,000534836816551688
5,9925700219936E-05
0,00845125287796955
1,51127151778999E-05
2,06114703977966E-07
-1,47651455246274E-05
-1,12346660295182E-06
1,20255943682336E-05
-6,98090084500491E-07
-4,19891165217374E-07
-8,03598662810164E-06
-0,00337496649724652
-9,82176441432363E-07
-0,000525605212285454
-0,0143257280876181
-0,0870735210266357
-0,000524144286731808
-0,00221574678766198
0,0106237028569406
0,00264465391077506
-0,00484699858970907
-0,00153185333046849
0,0323510039012355
0,00154078771676718
-0,000312832877206281
-0,014345611291483
-0,00154972665178905
-0,00160266555010829
-0,00835790535476845
-0,0844184235655815
0,00112078928570049
-0,0373152917128242
0,0100745842589684
0,00258639554121507
-0,0101287986490332
0,0277387604393676
0,0133280936397866
-0,0406488759520804
0,00613356331818696
0,0226442853329396
-0,00453191365035565
-0,0178841125286563
-0,0359337693365413
-0,509897464638722
0,433389569656133
0,0988707593461367
0,439311592350787
0,0982647220587387
-0,00638531549369676
-0,385373075873529
-0,183225966223434
-0,0768585262997944
0,0168979895462086
-0,0316979358659023
-0,0510781267654977
-0,241476303616271
0,223386361314432
0,0258780271691513
-0,0189239303451451
-0,032397652163455
0,0618728536210797
0,0216945566421287
0,100260354027122
0,017820543763599
-0,00786671389424045
0,0011013401364952
-0,00275265007670259
6,38360840571986E-10
0,000563712923848854
-4,32915714627835E-08
-9,79729164297241E-07
4,26703924521826E-07
2,2343322057979E-09
-4,46475804409764E-08
-7,57778485401603E-07
-0,000287232761202179
4,4717259392211E-06
-0,000448107910958324
-2,49851310334334E-06
-2,67306312044686E-05
-0,000122491217491042
-1,65028387604847E-05
9,13038748386346E-05
-0,00652249834853751
7,66580394083354E-05
-0,000613264210137953
0,000239772531504338
-0,00106514528783311
-0,000918433144330861
0,0020555839639245
0,00168121066544522
0,00166752390334077
-0,00736042584107269
0,00142537291254734
-0,0466589659503678
-0,00483952156965352
0,00661083161141198
0,0377123290248773
-0,00926721466406456
-0,0134641928768879
-0,204465334988322
0,0810680776421492
0,132131291100406
0,676695514935629
0,622329503763668
0,181131144997631
0,107745261809792
0,00555897515361147
-0,00654131075678836
0,00615053259546482
0,00246885124938937
0,00664014405896717
-0,00126050760367761
-0,0289180547919589
0,0115511441707877
0,0722374569956226
-0,0070939635490593
0,150173408774433
0,0931971185344956
-0,0427147804314785
0,00181751912717481
-0,0141775625249473
0,00412407139168782
-0,00891071165791979
-0,00807649494131813
0,00978218675200136
-0,00461864621451643
-0,0231886266494306
0,00126627329673797
-2,33087085378053E-05
0,00187371139058952
1,18692662537605E-14
1,69715133996485E-12
-9,37356357491851E-11
6,37574751959693E-11
5,65488071256609E-10
-1,15644348691152E-08
-6,99706989141251E-07
-1,70212241752195E-05
-1,66924839249326E-07
1,05072505440497E-07
-4,18830250043825E-06
-1,5991753514485E-05
-0,00012853709871391
-8,41852730939339E-07
1,06984687832282E-05
1,7548465459919E-06
-6,78637363745492E-05
-9,53460829431738E-05
0,000204839271291078
0,00119852066918302
5,35327407605516E-05
6,58024532531761E-05
-0,000318775748861435
0,000304077215218861
0,000812075988812484
-0,00217008817062226
-0,0504238753089276
0,000227642809959785
0,00163291068518221
-0,0151272406970868
-0,00268056618084424
0,00175303768867505
-0,00699271297470085
0,0343501195080789
0,145260715007656
-0,00479026046094023
-0,0159659936849722
0,0122099960920258
0,00469067834949994
-0,00112947340630745
0,0219975032773879
0,0662476377997665
-0,0637937718989034
-0,054034107419833
0,0273519083998362
0,0323953739538093
0,0484424659055919
-0,0891708535840484
-0,0622569051705834
0,955941496887741
0,148035055887249
-0,0739496359389285
0,0550289940725345
0,0387556537160427
0,0104416536630566
-0,0155516974683184
-0,00782475093040164
0,00178254140672322
-0,0139132322267016
-0,0146894112753665
-0,00542063338340007
0,00162150180508216
-2,67318650478478E-05
-0,00114201720988132
1,9759466165233E-05
3,31324861505598E-07
-0,0224386945298043
0,00152737132490424
0,000200052128694404
4,14795704693005E-06
1,71079081698836E-05
-8,19534314478864E-06
-0,00438066597282444
-0,000135145121900847
-0,010428231373963
-0,000161446197478625
-0,00154044002586335
0,000721415833802878
-9,27162586348135E-05
0,0147371884168247
0,00618344208440034
-0,122978597317871
-0,00807712741935764
0,130336550899475
0,000551311562348301
-0,0452197493686091
-0,00376519776829075
-0,00476102984915064
-0,00253766493574769
-0,0792128052892371
0,0190994025298918
0,00646073431067182
-0,00572870917000525
0,0100152791770252
0,000919013374823247
-0,104411431548404
0,245134011144676
0,104573410845008
-0,0186930896680343
0,0128636500914985
0,0732081893008189
-0,0298219533808902
-0,014413979272143
-0,0241677715325899
-0,117428807696481
0,27173739166601
-0,15309971721466
0,342534993878228
0,137584849748343
0,00403180206706782
0,246895946770978
0,40472523762555
0,136966422387297
0,00644986204308662
0,110345360816682
-0,209037584243192
0,162172578211093
-0,504572306905311
-0,104943603687432
0,0689073984053653
0,0897378937916364
-0,0287246115132714
0,0463061509917951
-0,118569427286141
-0,00408672929241771
0,00307317964012972
-0,000731444897338716
-0,00111164213027295
2,70156703832344E-10
1,39329559844408E-09
-1,02105476007351E-05
1,58443486765903E-06
1,00816563138278E-06
-6,39668729057995E-06
-6,05898997258036E-06
-0,000108387860900114
-1,48835712744525E-05
-9,89389339383781E-05
-0,000253923342395928
-1,77870206514065E-05
-0,000152325609537373
-0,000108981792344046
-4,07063798062107E-05
0,000899537063010176
0,000215174671588428
-0,00350157494950111
-8,7267843693802E-05
0,0182389290979737
-0,000112661619664929
-0,000977361711166685
0,00204794229675009
-0,000701918419361399
0,00070913956444373
-0,0389157310814958
-0,0095837167918653
0,0172999330637913
0,0805383151814605
0,271150326406923
0,000353069667020815
0,00276305967122337
-0,00478808212666415
0,00891006024035429
0,0382919465806332
-0,00127836245048712
0,0140698529479147
-0,0255319967890585
-0,00101053597070444
0,00574183218803266
0,0700432609698429
-0,0686176674550574
-0,239191646979214
0,431597520838308
0,0957404493108048
0,025934110355244
0,51598068708952
-0,290142767439516
0,182013574076697
-0,0719307617273516
0,0782691541803258
0,068265061125592
0,182614789435845
0,356962428659435
0,16776520304092
-0,102270940058142
-0,101447433530824
0,0294195362273098
-0,149400714296414
0,137661778181355
-0,0314698880441007
0,00522825129248972
0,000395821275028363
-0,000379850824774867
2,38310702610275E-11
4,06115816769601E-09
-1,84783458569738E-09
2,15567763824753E-05
-2,75733885435026E-08
-4,92652067007758E-05
-0,000107229006000809
-0,001897749332682
-9,12456740290436E-07
1,36038218905758E-05
2,39419479141585E-06
-7,04612381102615E-05
3,11925129560728E-05
-0,00741487432017295
8,90438236186922E-06
-2,45703899795776E-05
-7,50180308359581E-05
-0,000268651887146248
0,00300318618683892
4,92765656810872E-05
-0,00258279458967644
1,06316682024729E-05
-0,000602947724287667
-9,26281676895468E-05
-0,000791039854045798
0,000182818212358512
0,000531756461748784
0,00374641488790843
-0,00335848574052175
0,000657202235412983
-0,00101730951795211
0,00096757805193152
-0,00221246330319128
0,00605592230149246
0,000580507624306448
0,16485268447997
-0,0257018711969415
-0,00517571820007073
-0,00236061748647399
-0,00123497104905334
0,00276889022746815
-0,0286568352069664
-0,00295148432909407
0,016309464783597
-0,00701192633586188
0,709846193473359
-0,0979674458636741
0,0927774419582864
0,0300656193574604
-0,0375321045722625
0,0492412328831711
-0,0981979405722857
0,232905215349473
0,306432572441608
-0,479928488389891
0,187756021350108
0,134344766267979
-0,0227073080127792
-0,040016206505978
0,00664679126100756
-0,00636549495525046
-0,0186727977605574
-9,61583900029963E-06
0,00598142553891695
1,82455370777965E-06
0,015159684194707
-1,35668501551396E-06
0,0282679923312347
-8,3749216274482E-06
9,83918785838823E-07
-4,14400620366179E-06
-4,21686699474701E-05
-0,000119730028523733
9,04284759872949E-07
-3,3828803014503E-05
-5,29388060611462E-05
-0,000397685336613453
-0,00125641441052343
7,20647681525105E-05
-1,10379341924361E-05
-0,0055008570062626
-0,0178071401741734
0,130586696379855
-0,0013829921292426
0,0108048304627405
-0,00416531758254021
0,00175598121666444
-0,00208954240975523
0,00598401617802104
-0,0432728226908559
0,0094657953825853
-0,026474374212453
-0,021976865508239
0,00682447383841735
0,00504692917338691
-0,0222000649721127
0,0553122186747087
-0,0583239025936938
0,0300044414808275
-0,0197296487170627
0,00792362114950522
-0,051328329052672
-0,0342968572982259
-0,0114442690786854
0,00480760970450963
-0,0504902526981838
0,0586965760508035
-0,0833130065450525
0,0725676104950668
-0,000653481745641836
-0,148665518532627
-0,423539760760908
0,238903802618244
-0,0638813011569335
0,182289387185209
-0,243430637083363
0,155708999529541
-0,179703422912167
0,0466759022816993
0,0132157314765485
0,152338523628819
0,159032730771951
0,116661913584646
-0,0359346821276304
-0,301285039514014
-0,491614463243381
8,73778500656499E-05
0,371238788253511
1,29469783452499E-10
3,79996268014155E-10
-4,19396362804824E-09
-5,13793449841686E-10
7,26677487502686E-09
-6,49680491643024E-10
-1,22089372983901E-09
-4,19866061513837E-08
-6,65236382009954E-06
-1,03759974692868E-09
-1,83350181835687E-06
-6,1757672720267E-05
-0,000594767721228346
-7,27055071343485E-06
-0,00692137763097325
-2,54938427406195E-05
7,54977687938322E-06
-4,74583510994424E-05
-1,16347364366392E-05
0,000337280192693863
0,000257638137412754
2,09150309419175E-05
-0,00302376710147267
-3,92283491147405E-05
-5,1668334441879E-06
-0,000191725532575883
-0,00219276765354335
-0,000672510212647723
-0,00138748808538416
0,000443256261846098
0,00120351902737355
-0,000472695290007661
0,00143653345192341
0,00113695787113613
-0,00244932724665627
0,000498037471714205
0,00182076523635513
-0,000581187908451502
-0,00196015968157837
-0,00440041827896119
-0,071686723565623
0,0797403965708808
0,0212711111352844
0,0977286474698278
0,0235661431605077
-0,00251098568866477
-0,191379963158506
-0,171693768901217
-0,113221253915275
0,0455488046073551
-0,200643435586742
0,657587058677038
0,603333519239039
-0,237205965244125
-0,0140225364413281
0,00954195970153275
0,0179070686336591
-0,033770294964951
-0,00923362575815901
-0,0444077712489588
-0,00770676634573564
0,00283038331922383
0,00234725504074538
-3,59655026374491E-08
4,11156648598666E-10
1,33567900460625E-07
-6,60480935129045E-05
3,28214810556232E-06
0,000300102815963056
5,10629029277285E-08
1,97511173140328E-07
-2,01313411439831E-07
-0,000199641441634868
-9,5264923149823E-06
-0,0381364006267324
8,88609382691904E-05
0,000129308542441194
-4,06077997936617E-05
-1,09851053094835E-05
0,000276316198276571
0,00358780658137813
0,00482300870896966
0,000527305330583049
-0,00534625614085192
5,41394125388196E-06
0,00333580642716415
0,000127433964173725
0,00331942767014565
0,000265673313521871
-0,000928247107883978
-0,00062007158130731
-0,00239363359792539
4,34017364448699E-05
0,000925449955520611
0,00270008770448169
-0,0675380880246212
-0,0315102788810193
-0,014799942932811
0,00600213415989623
0,0149732094575279
0,078108238345828
0,0834928485482895
0,0303480819751677
0,0205030701635018
-0,00867399495893778
-0,00808804407483758
0,00813315789289367
-0,00346271456629954
-0,00197086761855273
0,00135088822345805
-0,00472834621245905
-0,00577947907378283
0,424373318421859
0,134589439053546
-0,842341899530668
-0,223914538170867
0,0378405846827644
0,0310882195108902
-0,000797259782603787
-0,0377416322422743
-0,00982869241498125
0,0453672304477009
-0,0561499154920342
-0,102411230950099
-0,0144343035553285
0,0016849072450099
-0,000268480085240217
0,000935387541815728
1,92229345772645E-08
3,06917009265148E-05
-2,05120276234138E-07
0,000300871198362303
1,93382448353457E-05
-3,2967881442769E-05
-0,000893668004600558
9,32716693366292E-05
-6,96158171109816E-06
-0,00426975411752053
-0,000401719880406004
-1,44784027552162E-05
-0,000128086287452295
0,00013361851889557
1,61118862758447E-05
-8,10936649536197E-05
-0,000918858796204547
-0,0371700108990166
-0,00143084766430484
-0,00644892227009482
0,000308330362807702
0,125839776764533
0,00133382229310787
-0,0142301004312777
-0,000564740178370844
-0,00181345111233011
-0,00476058588200295
-0,00158108843081898
0,0296650681106271
-0,0115716878206699
0,00118225530832337
0,0480700255093265
0,026296854968414
-0,0165215177868326
-0,00827126143030217
0,00599991758915721
0,0187583219889005
-0,125400656808234
0,264665714829296
0,167382891822377
0,00481124353503356
0,0435338378301209
-0,0411640080558424
0,000375813094382634
-0,0577561047150686
-0,0061062885125385
-0,0406384100077655
0,0113049388749191
0,0366103310136831
0,00443158357228861
-0,00102064889717289
-0,0219691999762924
0,0380928579009158
0,0754280086534064
0,410961373465776
0,814147821214635
0,0555565012829911
-0,0363520931224755
-0,0571340053555098
-0,0541256662761785
-0,0199108972350538
0,0589199770774586
-0,000248973539063533
0,00184519792264518
3,93786538658326E-08
7,19993935177073E-08
-3,47947736828782E-05
0,000609642261091588
7,63553064359846E-05
-5,08273244849066E-06
-1,47006364092903E-05
-0,000249435432738868
-5,30367837025361E-05
-4,61182779300627E-06
-0,00907605917078156
-4,37289145627558E-05
-0,000553101292262219
0,000136339544267591
2,81482054990402E-05
0,000547729434153828
0,00304657804807535
-0,012634697409285
-1,81168712844797E-05
0,118592699352938
-6,81695463567398E-05
0,00292088890628802
-0,00156092121403075
-0,000542869859489964
0,0185428158116135
-0,0503723614836363
0,0198298366762723
-0,0125634585049419
-0,00710289929922699
-0,00318621730355117
0,0100431940810727
-0,147978788887785
0,208755034590035
-0,0647970066055163
0,0135930045444977
-0,0131075833175619
-0,115540869983865
0,105238269155817
0,0423796205039986
0,0261230574475576
0,0313373769775899
0,0190396205559662
-0,0444636366552079
-0,0469646124124715
-0,0725057730406125
-0,000736731677951036
0,0457641488967506
0,166385110688957
-0,13922001051439
0,00678566872192746
-0,0409639036911738
0,116530401155484
-0,000988941966969394
0,105223587625229
-0,0055360505168552
0,0416333616724254
-0,103752259582729
0,88469628450952
0,00656897108503731
-0,0284185568783811
-0,0353599820170267
-0,0387789216698835
0,000348950380506007
-0,000813607381294036
1,6735081844123E-11
1,70342315462782E-09
-6,38167836974526E-10
1,51120429021458E-05
-1,93570999210819E-08
-3,41527270993532E-05
5,83198278325986E-08
-2,50444293640065E-06
-7,40384784527647E-07
4,76984182882068E-06
1,63752202655433E-06
-4,94097924788354E-05
2,07931403843718E-05
-0,00515791217734224
4,53285137984441E-06
-2,27755165441659E-05
3,46391615281511E-06
-4,57378762393755E-05
1,68415826800306E-05
8,4029476716762E-05
-2,08167131165683E-06
-4,92561069900687E-06
-1,8824707919726E-05
-7,64735073214759E-06
-0,000220464699927864
1,6338279985723E-05
6,23269779902147E-05
0,000370887113664178
-0,00019285242410889
-0,000219857993857664
-0,000211099435369825
0,000179891222805606
-0,000392282073958222
0,000836535344497844
0,000121589278651916
0,0124150092886378
-0,00193813839890569
-0,000718645676045611
9,77684050960281E-05
0,000765939067315935
-2,3133606526411E-05
-0,0186618818534481
-7,45697483581442E-05
0,0112802207760503
-0,00288299659133711
0,317966966927191
-0,0392687653570887
0,031964216516921
0,00581092602339649
-0,00849353275316655
0,0074796485069397
-0,0121391412246251
0,00787906211439389
-0,049546815232574
0,322826232154352
-0,17109038871771
-0,137425948157835
0,0206011860238644
0,282412911090196
-0,0984706424361232
0,081069998157577
0,503021457043179
-0,00037642007821193
0,625284595456094
2,32899663075529E-13
6,79536259867894E-07
-2,97116707652023E-07
8,26178586845567E-08
6,07761177678712E-07
-5,05802335699724E-05
-0,00381293865967291
-0,0484952163495138
-0,000103328180032894
2,84489953993483E-05
-0,000605237074671442
-0,00166438037233009
-0,0111280085999246
-0,000156541221527086
-0,00554570014550253
0,00079596405443544
0,000783258430814796
-0,00336005098095882
-0,000363154120629856
0,0460128079412047
-0,00873827116953323
0,000592594864321452
0,116969752272423
-0,001731787500692
0,0112801244931496
0,00191835906566535
0,000609169384348709
0,0284383413401075
0,0150569833457335
0,00778555863228419
-0,0659284564060945
0,0109078949594215
-0,0248462239638349
-0,0306821534487575
0,107077048367043
0,00090364194960255
0,0502145067323739
-0,105236117250441
0,00209161355212806
0,0616641363648959
-0,00530843668365263
-0,436725753528408
0,200154432682124
0,380232493409733
-0,0455702629057825
0,0455670264285135
0,118681276072053
-0,180504006561334
-0,0942205310302724
0,0966531573027147
-0,110204784159951
0,186433219720168
-0,41537071972131
-0,300986442470026
-0,297388651372703
0,198524192763296
0,118447161237408
0,0767791229517453
-0,0844489335354273
0,00906396141506152
-0,00850979172793261
0,0735316738643195
-4,98083708029093E-05
0,174729143376919
2,76601863347871E-11
3,90995129729097E-09
-6,97833489641378E-07
2,55266274510344E-05
1,56114778453034E-07
-0,0342949024054856
0,000148003467104825
-4,53001053555786E-05
-2,18187354865317E-06
0,00179659262467407
-0,000106949698694816
-0,000642275874815476
-0,00336926312521599
-0,00830279660488573
0,000225133224234142
-0,000101779853235155
0,000150323903279957
-0,000695075605597055
-4,72919058144384E-05
0,00762340362654646
1,03862628674144E-05
0,000459973110648586
6,95229630528416E-05
-0,000270002078233452
-0,00734170478932439
0,000430753932221579
0,00162721491076391
0,000575405247059297
-0,000922652635700033
-0,00159844373403256
-0,00192349069027397
0,00191782119368371
-0,00386768093866089
-0,00134871413240557
0,00504649100186653
0,0208866653431252
-0,00143432975080296
-0,00811659659694286
0,000369705219620731
0,00648201942841062
0,00107884895306505
-0,0943218656048266
0,00971761649178634
0,0520381568604418
-0,0097532450069144
0,577253619365382
-0,0520986026656036
0,00161981315137939
-0,0151307313432324
0,0144567060857839
-0,0295637070713744
0,0596391872964785
-0,187115837338001
-0,308259178270421
0,472033790262986
-0,164694015967937
-0,185727178084873
0,00982464944491038
-0,0821042796172244
0,0407920392776154
-0,0364448082238471
-0,281199674588099
0,000245504345802792
-0,376892476673457
3,56555003456661E-10
0,000304938865044954
-1,11755515431839E-08
-5,38712719616029E-07
9,94915692741407E-08
9,22992844112816E-10
-7,3648915894435E-08
-1,7138355181488E-06
-0,00141642898327256
2,55805382373368E-06
-8,58186722384124E-05
-0,00010389153699065
-0,000884001377554219
-5,51845598382043E-05
-0,00149263507141605
0,000189469487343962
-0,00215757454264506
7,39980160994661E-05
-0,000243439852323567
0,000208258261156989
-0,00290488412964906
-0,000944003519629297
0,0387423748085216
0,000603315941187863
-0,000110996436696481
-0,00249465047502099
-0,0012020254924253
0,0424152444087986
-0,00165923629639417
-0,00580117286304676
0,257646332872506
0,00364636453545127
-0,00456589543218854
-0,017907279208797
0,0138751115371285
0,00995381584524475
0,0490631862048716
0,00594419853006899
-0,00249647443877609
-0,00491788161260175
0,00144557373335002
-0,00384822425955609
0,000436954485098313
0,00581700789443715
-0,000891763122503018
0,00078339524387518
0,0165567252968896
-0,0149975205164393
-0,149842907053117
-0,017445677100936
-0,0307259077150049
-0,0941776129773052
0,0639566858509111
-0,0137718128238099
0,0644224761527736
-0,0126691933986719
0,0594560081350973
0,0207751174253355
-0,280123129934931
-0,0690515632854308
0,792795897062636
-0,326965373719341
0,000429076258588788
0,250572678991462
6,50421452662552E-10
2,6503292318475E-07
-5,92600222343988E-08
1,80562637422662E-06
3,3204059810848E-07
-3,06720692629048E-07
-1,99880533193246E-06
-3,55049686778782E-05
-0,000291104071335154
-3,17850282130647E-05
-0,000344923712850238
-7,72763893562056E-05
-5,57853603087198E-05
-0,00028870510558619
-3,18724752485438E-05
0,000136999492791753
-0,0062868862511334
-0,00196732890882513
-2,31400337907567E-05
0,00577269262910109
-0,00725685388449988
-0,0012873409073684
0,00174698950503284
0,000826665984539107
0,00623160333938667
-0,125040269575331
0,0109665682365353
-0,036563007772321
-0,00435248803391902
0,00620692384597139
0,0256799872214347
0,032860417056318
-0,0830959329371918
-0,181227943726486
0,0616679704337043
0,0330886648662311
0,210810223210333
-0,0914374309814776
-0,082068633926251
-0,121591253485442
0,0455866119946779
0,0783992163269573
-0,179899350065906
0,116684046527273
-0,527551774818094
0,00460621408460934
0,0689966844441591
-0,109676423910269
-0,547403581057108
-0,0471481637726255
-0,187491633681091
-0,319717413855132
0,153645021939349
-0,0581889148014172
0,0453223581576056
-0,0346777766471578
0,0919782177620727
-0,0225023776112325
0,0252024450310183
0,0186328849900827
-0,18020308786248
0,0222000634169731
-0,000111475615012383
-0,0153051798438944
1,89701918511098E-14
2,50819553747271E-08
-6,29369439014498E-09
9,25322595605004E-10
6,11734871589643E-08
-1,68281767145614E-08
-1,42356584247673E-08
-4,31845696191068E-08
-4,8379937797611E-07
-3,40886683315455E-08
-4,51522627488726E-05
-1,52002346402288E-05
-0,000120941461568708
-2,88191578493077E-06
1,00262954667681E-05
1,69648739020978E-05
-0,00010110941742854
-5,91611537791727E-05
0,000257934299692221
0,000619105006007243
5,78913134530115E-05
3,4975144944049E-05
-0,000290850041530656
0,000349395788896475
4,05143009714545E-06
-0,00319659387278673
-0,0227515511202578
0,00198782366627938
0,0247049139342749
0,0329311250940452
0,00110542341249813
-0,00152212348311692
-0,00031708426734205
-0,00972481528534852
-0,0250697330258926
0,00634106750434631
0,0167759691778232
0,0187744944228933
-0,00123623383915534
-0,00462237264381541
-0,157269920883091
-0,0582888135722801
0,04501936675804
-0,113351726328995
-0,0559651725864278
0,0118101621704346
0,127588593282129
0,0299266169295454
0,0629911169587745
0,0423205684327353
-0,0842253010217921
-0,0213899151450312
0,0852438684706158
-0,111004719206934
-0,00582094665140774
0,106341613648139
0,0527975089794608
0,0389533802793395
0,414323619923146
0,819109311551151
0,199465229486236
-0,0404545328490554
0,00244051899719503
-0,0178013634964078
3,31137512259291E-11
4,29970094245903E-06
-1,28407342553514E-07
2,74123133411202E-05
2,0500385814142E-05
-4,9410863149543E-06
-1,46035533733382E-05
-0,000244428806491983
-3,13185411491729E-06
-1,32285401943394E-05
-0,000209627402298781
-5,24218241304738E-05
8,23411978616807E-06
-0,00011946333990043
2,41931107082914E-07
-1,54459515563142E-05
0,000151090938729489
-0,0132950655619825
0,00129500480978532
0,000708395405587743
-1,02451940457445E-05
-0,00592356003554431
0,000101844999760168
-0,000675649939327524
0,0231287321167357
-0,051190080916555
0,00561257908048572
-0,0132376331987273
-0,00515463368882928
-0,000972027874979827
0,00765852765399081
-0,0522574298461554
0,114065352197374
-0,119787680225066
0,0308465787762103
-0,0225960040619118
-0,156985713235409
0,120602698722878
0,0456110884222719
0,0367277477573658
0,00435202910663598
-0,0613142231074078
0,0325611607095944
-0,0255275535427365
-0,0608194341041613
-0,00110281121111758
-0,145245826357274
-0,459756633323123
0,158489294199799
-0,0706871257824183
0,164503871620943
-0,294838317531822
0,15660381050838
-0,245927723423288
-0,079691974825009
0,011460099050915
-0,038482485667645
0,129314826264753
-0,0981071287289431
-0,0255913634786494
0,258602103078465
0,470428386958606
-0,000333931215746477
-0,358116114106079
2,24857604988973E-10
2,3279871380227E-08
-5,78100431258028E-09
0,000203024221762649
-2,58851580689847E-07
-1,67583257941508E-05
-2,37316008260535E-09
-2,020002029966E-06
-1,15531924073049E-05
4,29131083791321E-06
-0,000108265522495844
-0,0760244939407249
0,0159944138176787
-0,0671399820465559
-0,000433727942762805
-0,000248280832802503
-2,89635873164737E-05
-0,000531256574807879
-8,79685861862305E-05
4,39581266314204E-05
0,000289062595714037
-0,000181378437398131
0,000239816043309241
3,21206807250522E-06
-0,000360826007882052
-0,000959796155978222
5,04728913057566E-05
0,00279233834808632
-0,000668999878325766
-0,00245404915106048
-0,000872959895627996
0,000398633387004886
-0,00100206833402381
0,0043208711251498
-0,00180842956216571
-0,00169666635431991
0,000373468285987168
0,00697116232959808
0,00266138731995545
-0,000541634516570387
-0,00528380903290686
-0,00664651931375565
-0,0274492459109883
0,00478610063703059
-0,0310263031878068
-0,0448446725647836
-0,00384240498626008
-0,0502529161577168
-0,0577505382635349
-0,0118833696074907
-0,0132889394108061
-0,0900293630543912
0,051875639139269
-0,0783823401007657
-0,250731051151386
0,198740302901815
-0,902954431291892
-0,106251894932502
0,0432860146551666
-0,00140866277870337
-0,0114762122553559
-0,144366734174124
0,000130784026541858
0,102826557308288
4,40998436362529E-14
1,39940923400966E-07
-8,35718543825264E-08
8,81809470440249E-08
4,70704625162238E-07
-0,000984170409035332
-0,00142801371949801
-0,0182213505811931
8,19449905918592E-07
-0,047823380990096
-5,79588401938909E-05
-5,35195284839577E-06
-5,1829019067441E-05
-3,0938807580418E-06
-1,16916609886875E-05
2,89470363400381E-05
7,19202600736693E-05
0,00211446502063248
0,000124566228388688
0,00783452476674091
-5,03014447698805E-05
-0,00802286595696948
0,00088056469499929
-0,000326344404684801
-0,000296955233812312
-0,00175072333712056
0,000372260590801563
0,000783625715950515
0,00196113551133916
0,00972112664382144
-0,00138671911731502
-0,00014207502934254
-0,00624922796091523
-0,00447670525217565
0,00174743521958874
-0,00122691644209962
0,0083858195912684
-0,0109397955535085
-0,00204677552921642
0,001278755509955
0,00814047072073992
-0,0486674770961154
-0,0161834662954842
0,0923325077570924
-0,0168146709133813
0,00906681590861667
0,138454533608901
-0,149912045858281
-0,0196659036665391
-0,00085718191874966
-0,0273622210330603
0,0571972279272605
-0,051774617868985
0,126164418426877
-0,0323687749862939
0,0563212149474279
0,0444340523830035
-0,0149003419973747
0,753014567668634
-0,446488504869315
0,243918555695406
-0,157655495433234
-0,000608257841667677
-0,251984300727423
8,72836180798036E-13
2,56119893367943E-12
-2,82632981279299E-11
-3,46166230797456E-12
4,89498517542861E-11
-4,37449490134672E-12
-8,21996005448182E-12
-2,82538983405312E-10
-4,47305993482522E-08
-6,9728012820628E-12
-1,23044829556618E-08
-4,14384084934601E-07
-3,9862332366873E-06
-4,8691806184399E-08
-4,63193726227951E-05
-1,70408406658708E-07
5,04132565077476E-08
-3,15748794364934E-07
-7,73838435610615E-08
2,24015680204441E-06
1,70854604880023E-06
1,38378161929535E-07
-1,99726312046771E-05
-2,57375996343393E-07
-3,38067991317884E-08
-1,25275420630705E-06
-1,42621746255406E-05
-4,32014415009015E-06
-8,9019695450723E-06
2,83477730881878E-06
7,65036135726552E-06
-2,97603713089179E-06
9,01703113278906E-06
7,08671450722781E-06
-1,52409402385117E-05
3,03648841116972E-06
1,10904231701298E-05
-3,4622519042142E-06
-1,15735009768934E-05
-2,56022570233202E-05
-0,000412010399470613
0,000440040106647729
0,000115517420063978
0,000526185821121862
0,000124609183474697
-1,18303883928232E-05
-0,000879247416513695
-0,000691796262493021
-0,000417134579617106
0,000153693566567229
-0,000614060839001567
0,00176350705322795
0,00120178701521375
-8,47018206552834E-05
5,32758241324122E-05
-5,54502777856338E-05
-0,000121507276235226
0,000369664444280187
0,000388148894795763
0,00265659766187014
0,00061803954275525
-0,000689685067435543
-0,999992356492782
5,02724474033204E-05
