0,999409117168242
-0,00103875909058174
0,00386257258472422
-0,0312417056059948
0,00234562657256382
-0,00196880431981686
0,00114772538402297
-0,000802890853075996
0,0017680588566252
-0,00107657299036646
0,00183229925196684
-0,00276939676197277
0,00246370574108621
-0,00137416187635387
0,00258686791622139
-0,00195938695444944
0,00082673205399356
-0,0066116519894322
9,15304149627801E-05
-0,00267816364448088
0,00245202058345195
-0,00124616479987569
0,00128112595657285
-0,000855687500436748
0,000496318412853943
-0,00259212971868283
0,000449201683500843
0,00121443630814837
0,000629789903805049
-0,00026566253011229
0,00256932586782683
-0,000354078233787798
0,00256921167281816
-0,00087893800575597
3,57091455593316E-06
0,00388903024531437
0,00158188741894781
-0,000387741296453544
0,000240882464807473
-0,00187515907471662
0,000262400790289683
-0,000497586364564253
4,95682323402739E-05
-3,67492119301444E-05
5,55889085164367E-06
-0,000801087510802464
0,00330288568488436
-0,00210071251240168
0,000410859799411954
-0,00187358250741342
0,00033509756152485
-0,00212999222942493
0,00109175102109247
-0,000673757509768915
0,000299088805159462
-0,000800506359926306
0,00121297471676926
-0,00264228554894325
0,000829737494483512
-0,00137622497575561
0,000359281997357803
-3,65357699150498E-05
8,66481655370981E-06
1,81221174905605E-06
3,25337960364229E-06
0,971163651910374
0,00985833707472566
-0,0620552892411621
-0,00141201615335969
0,00937847900655402
0,0079729759063159
-0,0243056648027138
0,0263773155209266
-0,0210594634176732
0,00301829569046841
0,022104826608579
-0,0334654685068264
0,00380847282489068
0,0432046469462504
0,0304104572885876
-0,0241463124000531
0,00253131210476057
0,000489305582850651
0,0158545231157377
-0,00137676640843544
-0,0144839322763971
-0,0124539666021919
-0,00461715823380717
-0,00366708308309537
0,0145918462686015
-0,0553610267032094
-0,0232591537564762
-0,00056541205676499
-0,049645490330502
-0,0435635910490178
-0,040418678208283
0,0205137544918238
0,0319629775814108
-0,000771190268847196
-0,0427842379491712
-0,0894801522595044
0,0515164208824014
0,0733938939714982
-0,0168697611052139
0,0122438615878078
-0,0690262866452531
-0,0261850160680875
-0,0190192203623716
0,0301073054485801
0,0283152759745279
-0,00845585889385863
0,0379016519984409
-0,00256335043409304
0,0171255509020538
-0,00663694291956635
0,0458367128927347
-0,0144452237054571
0,0231078734474707
0,00887647902651436
0,0284594686413219
-0,0114331356890467
0,0423876108863013
-0,013894519848
0,0226592163885896
-0,00583313235143763
0,000553051550852533
-0,000141918355848551
-2,89686385230354E-05
2,23261685764257E-06
0,00133524831105296
-0,881911129245456
-0,163249034891351
-0,246796845653776
0,0339740739500896
0,028057707711992
-0,0159396119889876
-0,0251733153573727
0,173936974222662
-0,0486100514597477
-0,0156360946780907
0,00780038546616999
-0,109779653524143
-0,0860986075113768
0,0955610521523171
0,0252669148272337
0,0264192426955924
-0,0600426245181569
-0,0611794193762613
-0,0234606827857285
0,0402816231986685
-0,0148842888775526
0,0175133979886366
-0,0474355118136651
0,00498808983281963
-0,0638925206623051
-0,0730591262077493
-0,0228916175603369
-0,0357131973183285
0,0156320549101749
-0,028471220231413
-0,0832379314498808
0,00292243102772733
-0,00157674880324742
0,0411965116230288
-0,0080151740645138
-0,0181393858029253
-0,018917266084142
0,0399678079439598
0,0034543418706361
0,0166152272481049
0,0394838317656245
-0,0339040202693205
0,0131689367892698
-0,00961491172121735
-0,00924150374875786
0,0216663803181448
0,0033283914165028
0,0032996529142586
-0,039185218041121
0,119485782676679
0,00611032926159141
-0,0702680152079606
0,0143498325545231
-0,0357770146200132
0,0765865233563296
0,0174615102027889
0,0311321221212839
-0,000409830789013394
-0,0122454726729483
0,00126223062640395
0,000218493461451498
-4,59720929177787E-05
0,0342468400488486
0,0278754603678036
-0,108939550860757
0,907867742581801
-0,0739838004969983
0,065089572393903
-0,0240811362455685
-0,0195108744848437
-0,0190458310686157
0,0321438002038826
-0,0477358646905717
0,0844849366201129
-0,0871944463063957
0,0103520369055731
-0,0671515995415163
0,0298359017617528
-0,0304402420418398
0,200069760744933
0,00909252500979141
0,0636429211439904
-0,0984526341139543
0,0289945371763393
-0,0401566115758224
0,0255461390284159
-0,00993131747673721
0,0819060386706252
-0,0209672140287386
-0,0262910064901143
-0,0315192495607153
0,00749742772536343
-0,0653695398982236
-0,00292213043409344
-0,0728972172433675
0,0142373426748415
0,000839933377314079
-0,110848350717234
-0,0420938334394445
0,00609908247969526
-0,00199647606917961
0,055509821856285
-0,0115673651692736
0,012499510286841
0,00100482724325911
0,00130044424942583
-0,0024320422976301
0,0173532901884336
-0,0953287567059298
0,0610269242568643
-0,0143441836864224
0,0603901470524547
-0,00949181216788718
0,0636863899849789
-0,0345846973051088
0,0192664231901722
-0,0096149901209504
0,0242179801610306
-0,0342590651772738
0,0791042735872401
-0,0249992506922401
0,0410365592531096
-0,0106107660087479
0,00108890134413258
-0,000257506570558264
-5,40677233886451E-05
2,44663104779833E-06
0,00123623618813239
-0,112893603621494
0,0252297791070674
0,825877076221613
0,00523211354249263
0,0253169795781734
-0,0870302559536746
-0,021842217428123
0,164759434111669
-0,118068990163951
0,00479643759990729
0,00525514253686227
-0,155763278985687
0,0089058953894903
0,175639641014392
0,108619752439037
0,0652382200355295
-0,103266666590153
0,0392382576562645
-0,0133914845168203
-0,0735599388650318
0,0625857597380219
0,0153242406117729
-0,0330374163054229
-0,103476823865353
-0,278657401209707
-0,0925267267145391
-0,0791047184936264
-0,0306220652984356
0,0327892488853489
-0,0242202029501446
-0,0460943203907616
-0,133057175838052
0,0102131745569614
0,0678149612772132
-0,0126726247273109
-0,000229821521445911
-0,0743261928128029
0,0894050267085945
0,0242124563811612
0,00299229081676713
0,0388707268773436
0,0203922383641206
-0,032679413084999
0,00215697383711195
0,00209626194000189
-0,0045522913418907
-0,031450877239847
0,0453581180606441
0,0381506786748677
-0,0455018785586119
0,0537948202271652
0,0087982010636326
0,031243141933502
-0,00536817992966638
-0,0265751419779657
0,0327449263335047
-0,0103806080899657
0,0190857295652108
-0,00064082300961732
0,000259906296518907
-0,000279420969898017
-1,15180318422132E-05
1,77758509814552E-07
0,000391910343694535
-0,00715819849566872
0,0233117594388079
-0,00720360197364795
-0,579450317606575
0,711807035854143
0,0785495850596726
0,0391508676763225
-0,0692673098402645
-0,022976475522167
-0,00698906798563411
-0,00188664544666949
0,0589451753670745
0,0591088223970587
0,0116247556527003
0,0196080611898761
0,182862353538767
-0,0520266340201357
0,0656852355414867
-0,0859746021673597
0,0209538346851711
-0,0164814602619007
0,0468641749452138
-0,0025981026165936
0,0850375763399752
0,0157795203389655
-0,0101342429735175
-0,0305465433786504
-0,0188818276725699
-0,0186315703145956
0,0131096548161648
-0,0278148636873356
0,0626090860898433
0,00746017570172892
0,173681273429745
0,0468864798125153
0,0550755436707236
0,0229088824456836
-0,00740071962927056
0,00810994628766959
-0,00334594253482248
0,00430494586319694
0,016311014312803
0,0305915844707114
0,0430075629173891
0,0596829902740807
0,0141396861637052
-0,000815690974679042
0,000219741372804909
0,013983006878394
0,0154956737686322
-0,00621557073849789
0,0137279960023647
-0,0762162326963222
-0,139591996199413
-0,0268837795701319
0,0257768219112508
-0,00860065408554419
0,00252405412783964
-0,0335236971633828
0,00172352752220517
-0,00281291229155081
-0,00017865131336802
8,24719554351343E-07
0,000189316424454381
-0,0178380998796774
-0,00200373894756148
-0,0133040741896803
-0,364672957248422
-0,306940635310924
-0,367729751990151
-0,352543711971953
-0,415011880174921
-0,466183197936936
-0,0382259568746593
-0,150822086585449
-0,00225243067887464
0,00274632981795117
-0,0621832532952967
0,106555043359779
-0,0653290171285753
0,0164361650910658
0,00573178514739912
9,25926873427245E-05
0,00605601321645984
0,00432999348862256
-0,0326005475901538
-0,0120454753770915
0,0760317866332995
-0,00733850264558865
0,00483494817738933
-0,0173534028231059
-0,0287005236657055
-0,00838102475493634
-0,0222291782604232
-0,0158533533394895
0,00632482774135185
-0,00238087803240576
0,0670762234481048
0,0122310150790844
-0,0268145231059584
-0,0134329503750846
-0,0305430623684578
-0,00591696845673991
0,00994090679041076
-0,00474529611615661
-0,00504651152700058
0,0185986731928278
-0,000349106528761705
-0,00779952619327274
0,00399870880615345
0,00973864516717212
0,0448384174202922
0,0217471083533735
0,107433973947983
0,0709675019394902
-0,125155204568731
0,0548353893696871
-0,0687066524604116
0,121777139653013
0,0512584402078635
0,0510054432892683
0,00882405182500789
-0,0182317130303376
0,00217925171162442
0,000150373057367061
-7,55904749835941E-05
8,22903037376809E-07
0,000391411429635313
-0,00249953087303844
0,00504338665501515
-0,00223577394485987
-0,407930046416201
-0,331647645474098
-0,191092016764063
-0,0648842966719964
0,228165104458639
0,338302120812415
0,123806757882998
0,213637814790271
-0,00883531645890802
0,0295248081450807
0,146255424932879
-0,338311770064283
0,131200547010077
0,071154099212882
0,0315516576786416
0,131416110268765
-0,170380146871236
0,0134868108205248
-0,0209298233071139
-0,0231772815175168
0,214934436468014
0,0276355125502559
-0,0531061490371385
-0,0790313613763401
0,0330284591463904
-0,0261660780702782
-0,111130256134273
-0,06773137825315
0,0421392744049587
0,0506327538763888
0,0448334243330267
0,0369632360605442
0,105590473906335
-0,000749987825723251
0,0500467829416622
-0,121828560910688
-0,0956694007909579
0,170982885377262
0,0201899462948788
0,0343890883789384
-0,0931002961529312
0,0313344884149993
-0,134724716280074
-0,00412816048786714
-0,0686334286607873
-0,0560456543728015
-0,155074690793272
-0,0385402200309761
0,128175918200738
-0,0185695285653631
-0,0247623791718092
0,10363235429318
0,0456101139716516
0,0674371034507916
0,0282339841274813
-0,0120920207641986
0,00278354265931144
-0,000631739684333378
-7,61806466196545E-05
0,00149765722542851
0,0136329216220442
-0,00285333540614743
-0,00337775011276861
0,0173919693364034
-0,0294487814137317
-0,0465507846959439
0,372607009520365
-0,347718913445964
-0,0413521551399225
0,0459274959440714
0,0574630592750195
-0,0325736336357675
0,268498225375909
-0,134120855210758
0,454694738926216
0,0267096420314658
-0,154468628696862
-0,00838908107779853
0,0795177442991963
-0,0571171914853144
0,116914169780565
0,080503747077586
-0,0392245928910817
0,0935868106365291
0,189946779348505
-0,165088025855997
0,209882298306842
0,162339755115722
0,165511053659147
0,143219009882876
-0,00797334725149426
0,0245425542496325
0,0389942400741432
-0,0454953876438228
0,0678964443649859
-0,0123211067238922
-0,189637339448467
0,185634317886564
0,0592978099294335
0,0779362121781558
-0,096555182132869
0,141997506350973
0,0682481642758656
-0,154668570771422
0,0497427535515996
0,0106470617620564
-0,0486251529221242
-0,0377097667014511
0,125128258964219
-0,0734036784927094
0,00591310028614113
-0,0860799266097635
-0,024976794008689
0,0261538837392013
-0,0061435278193088
-0,0143308817031688
-0,0310669572793672
-0,0231853274081842
-0,0114091173625399
0,0139276026758365
-4,02767477039224E-05
0,00648178709395413
0,000160562148544467
7,0723707919415E-08
0,00351654242453315
-0,00235099813793228
0,00573625999259489
0,0188565052209408
-0,0918980689264522
0,0902553556548097
0,00408963105492503
0,034881091466995
-0,0850027817624053
0,0649576314666525
0,0663841714584533
0,109268541772527
-0,0543584659918609
-0,727313439397151
-0,201563268257776
0,0287184299942373
-0,11934958511418
0,131286724939983
0,0649608726835777
0,080673212933339
-0,152722462730014
0,0596015276694052
-0,0154489723253424
0,0088873966089422
-0,0758933119592865
-0,137637480222217
0,0888560122697526
0,169231105589242
-0,226166626350075
-0,103788002539407
-0,080204042568692
0,0357404083461824
-0,0883438278062133
-0,0625605135925601
-0,0745942532488582
0,0154899627978806
-0,00750171767849642
0,0590173148707536
-0,0278014632388556
-0,110652808774701
-0,0123803679508504
0,0118079260140175
-0,150245109211621
-0,0147287179739745
0,00435919837093144
-0,0716196952264186
-0,0308480721488144
0,00257972681622305
0,0480480269829986
-0,16392160041559
-0,0765677140832201
0,106897339799303
0,0951645881398005
0,193641942247717
-0,0860675215335346
-0,0151282250716354
0,0808264257335842
-0,0842023548973681
0,0491179264205999
0,0178179112147645
0,000640469502814145
0,0054731879016446
0,000131609956593531
3,47414836397565E-05
0,00139845401860236
-0,251739833341002
0,0286391586240899
0,323509929547813
0,00118565264394215
-0,020300813609622
0,0545693798450808
0,0276032527260217
-0,174663901957184
0,162350386943872
-0,0661061287608183
-0,131447578915936
0,334744542801525
0,131672823599588
-0,3209826289629
-0,208500776503104
-0,0589096974130974
0,200553303053934
-0,0106689154821379
0,0441536038292888
0,0212930916241545
-0,118648861170153
-0,0104755592252579
0,0233726917734039
0,0659286920100157
0,182581151585037
-0,0685089098159682
0,119802463278534
-0,145154736384986
0,0966797976779238
-0,120101370511162
0,1556006855016
0,196399989730866
-0,04964395849998
-0,0316255247451715
0,0487283182518881
-0,0964361487310709
0,145846188165257
0,0573806922552178
0,03968241740056
0,196906825980532
0,254042902202452
-0,0935714233160383
-0,151591872836287
0,00827681317692524
-0,0098227143339222
0,225512787850771
0,0466425095830175
-0,0712656212495711
0,0711130782182754
-0,0665464588609248
0,0132218256218963
-0,0340946866001682
0,00161978355072432
0,00269593852286424
-0,0112682999597462
0,0407729270981733
0,00696066998432243
0,00273141575706452
-0,00345413950530459
0,000412868583307936
5,81434729566985E-05
-1,18572389741485E-05
3,52703184823934E-09
3,90948909120565E-05
-8,71792785067011E-05
0,0011354721750727
5,16915205089532E-05
-0,0112944595559079
-0,0119598598747744
0,0345071204300566
0,0282097174281477
0,0297406730191558
-0,0677711223262233
-0,0339772088063744
0,0153192735040113
-0,0297778674867167
0,00865238093912767
-0,0750480432828889
-0,174677274423953
-0,219699194971543
-0,235054499461363
0,241123991560639
-0,191478648390345
-0,15039953969562
0,00770278920578107
0,360907084139618
0,0152971468896305
0,175412349188786
0,0174631151848079
-0,00545205835178211
-0,0335625298466886
-0,0225709861687164
0,0258644827915991
0,0396563132062632
-0,0520676552750655
0,0117147468849219
-0,015949705047531
-0,182788308351875
-0,140877782574127
-0,288375487812292
-0,206299721057754
-0,0732242910810283
-0,13959426701407
0,060906652874741
0,139603783275229
-0,0943416861376405
0,165893324711232
0,358050184053472
0,394088765707398
-0,0539728749378451
-0,00822418160934031
-0,0186528836529225
0,035664724561564
0,0129838835069365
0,0235138642808172
0,0309244193419541
0,0698851692452394
0,0762790017555328
0,00181367811843072
-0,00346782050154541
-0,00303499793802094
0,013394365932845
0,00755416473840442
-0,000499281286060545
8,06276583339966E-05
3,06386092881975E-05
3,18123246065683E-06
0,00162048665194593
-0,00127987762720877
0,00176883423429604
0,00492039213537791
-0,11619989314517
-0,141889986379292
0,281655001676543
0,218629919153165
0,0930566084110369
-0,32434704800095
-0,104903716901305
0,0843745628752231
-0,021984187568448
-0,0291142358561265
-0,159275820885298
-0,289280247335926
-0,0397037197040515
-0,242658157759877
0,246402246645228
-0,186763650370606
0,131191822966703
-0,0657162048705551
-0,349289754737279
-0,0349639469594504
-0,123031482965457
-0,010242849382947
-0,0115230064832146
-0,0546495849321161
0,064712726572229
-0,106706937232671
-0,23842930189999
0,045277046403683
-0,148035513844461
0,0219494549652542
0,00849851636322244
0,0937908692457489
-0,051885337423852
0,158206343874269
-0,0501811179128171
-0,144186663769197
-0,109920251680138
0,00611161746748541
0,225464309635486
-0,0931607826725157
-0,132595786065782
0,0549319412467613
0,0999100372860051
0,0964043079923088
-0,036944604229242
-0,0497063330679724
0,0110655918458534
-0,0414690077571569
-0,010528904279672
0,00377749319113531
-0,0233018628863174
0,0377348815154378
0,0117613468609046
0,0184604307632745
-0,0255775894785936
-0,0220722885658456
0,0010805885068069
-0,000324249509806162
-8,46505157365585E-05
0,000183621718196281
0,00907243523398783
-0,0215274000424432
0,259016660891872
-0,0320076313351617
-0,0837108371020353
0,0985042653156349
0,00144789171168926
-0,0529874316031612
0,207437069457439
-0,0622403918877741
-0,0977921384955513
-0,0756740306914335
-0,128662989681421
0,114229103558093
-0,00015096276957985
-0,0608193751335052
-0,5733918274003
0,0604597068703256
-0,26480625151901
0,269464110702454
-0,0761271136004414
0,0664713895217646
-0,0992737651503908
0,00363426780339015
-0,137263808211879
-0,019989348222732
0,0210018850694508
0,0802774798657734
0,00334900261246105
0,00184546608691261
0,0255050216578656
0,0675642299844888
0,00923016292625574
0,0168486692717381
0,193778289874242
0,131650519685822
0,251386274251572
0,157980889406799
0,0264228327002011
0,0086084644404525
-0,0366733134527083
0,0138167123461946
0,0478188092843799
0,0371152971567391
0,163203711225174
0,294913008091139
0,00792664362428619
0,0365180678544162
-0,0441146590077025
0,0117736947646315
0,0268078242910917
0,00709651407683029
0,0355747019611786
0,102756140673355
0,0998030607503534
0,0252938460789683
0,000131784193307553
0,00614879197880591
0,00423904287041353
-0,00161620564292126
-0,000140395881878152
-3,80818852645358E-05
-2,75375039082481E-06
1,70555878953978E-06
0,00145034593129234
-6,75773794558715E-05
-0,000542305541241228
0,0015758584058358
-0,0113211536570681
-0,0172282331077047
0,0874113349176721
-0,0250373348661483
0,0473154080999793
-0,117824375044485
0,134309843919777
0,120310747492255
0,0482994284199651
0,0340154207046887
-0,162519973739514
-0,0061863672814164
0,0799623504162452
0,0572699380418878
-0,147019161643204
0,312606769775171
0,173237868587296
0,0197535316512067
0,372803663212864
0,139600430983974
-0,00487229867862057
-0,182558338327779
0,157685193745963
-0,423453817659712
-0,120944262139841
0,0425336112226411
0,0874302276619731
-0,0601863872792937
0,00279232226451265
-0,0770586417683496
-0,0649296131711254
0,0911986383133352
-0,182862336869365
0,260400080969922
-0,0871129373134278
-0,0963859414158072
-0,106501714798797
0,036761662313861
0,232695574359721
-0,0725131095405205
0,0292261180796835
-0,0672049173416884
0,00612417938254519
0,145266359700159
-0,137330515393161
-0,0350113925041234
0,123810818584446
0,192332455650936
0,104795463928754
-0,0495272801731672
0,0144758968834826
-0,0536993423352148
0,0119080202600212
0,0571304670600202
-0,016037924233803
0,0423587164133844
-0,00205012528024375
-6,77103639522694E-05
0,000186194018505782
0,00149171073508798
0,0128755724505651
-0,00662317954414516
-0,0017070778817255
0,0759614372537209
-0,019302539400346
-0,0243847214694887
0,185504577000884
-0,143638218878797
0,0655719389300422
-0,106060757399585
0,152160189457139
0,0946709934216188
0,0166940580696206
-0,0021871789843642
0,189760179536365
0,180545995594458
-0,0150684471237105
0,0359253731290043
0,198162817158227
0,17879668081626
-0,158032449245942
-0,066978588182883
0,00248336248650529
-0,222336662798684
-0,0530650511863584
0,357925721514783
-0,324763007768229
0,192152560368147
-0,196532142469045
-0,0425048763621442
0,312680720711861
-0,131433692156727
0,0896466291805809
-0,0798487629772465
-0,154183651622485
0,0823858464555729
-0,0571909739407676
0,0904269321051722
-0,166763808729031
-0,0887827411011349
0,0257525096320936
-0,100129203706316
0,23594752554635
0,0754190162340025
-0,0437508245593158
0,00596098807465396
0,141684351653111
0,0825797653619807
-0,151834488891083
-0,0725703535621328
-0,0306118685529458
-0,052445258821919
-0,00345517399369073
0,0354452821548566
-0,0508441841915307
0,0683484572371847
0,0171220954334651
-0,000916230648858857
-0,00488136043983886
-0,0841928337073023
0,00340226904418667
-0,00670635473889267
-0,000434394502463469
0,000859519649025398
0,00198993993813944
-0,0111289897037881
0,00125515912249794
0,0340290116149524
-0,0276505766295902
-0,0416480849808644
0,261447367908921
-0,294076250494247
-0,112933598468104
0,206504494965446
-0,224115765781388
-0,150913454882787
0,195100151948541
-0,0802314568816282
0,0358099520140531
-0,146824953033684
-0,0221755811427813
-0,102249342208214
-0,171255962510962
-0,0877916252137649
0,0729254036847176
-0,105971408531199
0,0437486398187834
0,0669861579214874
-0,0776040013012148
-0,254543098254604
-0,145868982936419
-0,134968430168076
-0,0274584277080078
-0,185843229628066
0,0355338123528178
-0,13943836079439
-0,131932528395486
0,0378706397177866
-0,134664318851766
0,171291993806758
0,212205371026172
-0,186271219196688
-0,220240944078434
-0,0406235975638934
0,0188434479184386
-0,165779596657804
-0,113572242121173
0,191652579523617
-0,043804988662719
-0,0323876266971451
0,0463047887011191
0,0913009502145078
-0,264372011847696
0,160103365872621
-0,0802940427415439
-0,024355808154883
-0,0610642632705994
0,0479341230382008
-0,0446350680501112
0,0355331819981033
0,0732986425659942
0,0579990576145548
0,0104248020844142
-0,0241419498777199
0,00244316813204035
-0,000655801337028228
-0,000106651174402189
3,94927567535273E-05
0,00378189680782102
-0,0472000449176222
0,0611795816681886
0,224839051067289
-0,00157651574458359
0,00504300366873787
-0,00894669281708348
0,0460045572381172
-0,169574930570507
0,0601937072671208
0,0589269598035709
0,187100069201452
-0,0986478779851316
-0,209397171723647
-0,0285952094635236
-0,00857426190525535
-0,0921010531791559
-0,0494290721495909
-0,122357103875255
-0,0713013579733677
0,147922349875929
0,0352462565169843
0,00955901217646236
-0,0877352860246116
0,0527897198067565
0,0692367864942212
-0,104213434231633
-0,115091180473905
0,258724336746946
0,162876338412639
-0,129955560879318
0,196618976406465
0,41519113085595
-0,00426504557154274
-0,111530013512173
0,111829834453001
0,0239342565912494
0,0162658104516776
-0,0923685554750972
0,0534629976393215
-0,0519359537461982
-0,212265695445111
-0,0402719755089981
0,224710660904339
-0,00786435696742237
0,0317380416289881
-0,143772475618862
0,071704301760499
-0,112643610692902
-0,23058587100042
0,256301049804572
-0,214467686064013
0,00476814012168136
-0,115716114006135
0,0122743322872428
0,0918752395720813
-0,16864528016355
0,0471913308749753
-0,0822090473926562
0,00322888049640748
-0,00128942759529824
0,00106182786391253
5,28497354795461E-05
1,27256297616135E-06
0,00337073537843467
-0,000699482359172982
0,0110810559424654
-0,00170148753160116
-0,0129412883588267
-0,0145675905861431
-0,00596935900540709
-0,0221254951795851
0,0404915816722965
0,0173995551182437
-0,154657741148246
0,109935103723261
0,0605760612141288
-0,00509118858718864
-0,0501594654350867
0,106917802675142
0,0451174050369965
-0,0913751503791276
-0,0129541385393755
0,0340226447411115
-0,0175901350642879
0,0427060885213208
0,0212866414229831
-0,00754950051737594
-0,0231525446847674
0,0705294871662432
0,0681730800081396
0,0698932923372215
-0,037052141834069
0,19850364974936
-9,94612102112939E-05
0,0886765589302301
-0,0761226666279793
-0,0142711222534131
0,072645113918722
0,00432099552358379
-0,119750746786913
-0,057173883753298
-0,11272151310314
0,0694905516862619
0,0532893218773075
-0,0921018047451869
-0,0468625885962589
-0,159222129291704
-0,203860573513851
0,0954777717162054
-0,173899265879554
0,0313083856838883
-0,0852668407054025
0,212475134141532
0,287341279111072
-0,280142243173452
0,344445778780664
0,0649060551163318
0,0972369083347605
0,0508067080405881
0,529540611602512
0,011557132253167
0,239883030699908
-0,108043633396374
0,0021960827054415
-0,00197445214469654
-0,000389584874961919
7,30409818397454E-07
0,000210442046222861
-0,0176568462176145
0,00951316306325828
0,0196788471294259
-0,179900740833837
-0,202328180306182
0,225948365889029
0,39484765758227
-0,0538580658582029
0,0379154385361919
-0,0613247110064698
-0,314011833726576
0,0650480485372224
0,00267465316438708
-0,0143537772222875
0,338307497751801
-0,0646550114568231
0,0025092301209872
-0,0264528519767593
0,0162038599297123
0,0640502036295747
0,181485166846786
0,0779753760131415
-0,0308676766770104
-0,010316857745839
-0,0038485049630818
0,0129343668324222
-0,00485551838068653
-0,054982802574437
0,168262680404922
0,0504081538340686
-0,151933886136747
0,133122307680764
0,0280850576385874
-0,0366924629497979
-0,0259619627980997
0,203721532963463
-0,127385912519897
0,035979993557896
-0,32890124819172
-0,179881489318472
0,295794735357727
0,00848086928694907
0,111519172361511
-0,110621842379113
-0,073076162251113
-0,116760356402376
0,0805177359970371
0,0704150166879653
0,0385786843256188
0,0495110546775284
-0,101607926153896
-0,0510157887667597
0,026881989058265
-0,00854798710937935
-0,0298596379969623
-0,0070475987485187
-0,0543417691716413
0,0469258547353782
-0,0188927599705169
0,00117168309486953
-1,70529300496231E-05
-8,94666549033582E-05
2,29295590511076E-09
0,000238234598938195
-6,44031925557227E-05
0,00123535198630238
-0,000129850705399569
-0,00726207545645742
-0,00512554629347261
0,00301227150680501
-0,0148460101771595
0,0320586100994472
0,0184572727543262
-0,0557480303125416
0,0721693646043839
-0,0123631324827225
0,0350050536719431
-0,0580196864225122
0,114118258546234
-0,0629903166940298
0,131478973122896
0,0987749718195886
-0,0884266196990814
0,0762506248272986
-0,0511183015984762
-0,0227798273247623
-0,0226085611076803
0,113949934150248
-0,102266386208977
-0,0379348724748142
-0,0567313776564742
0,0254907803735873
-0,133922821240957
0,0276231064442405
-0,0671144042403639
0,0430014490160192
-0,0111289183568914
-0,0780857517599517
-0,0270486379496002
0,0553163957918792
0,0534974579510289
0,098177668371127
0,0555167593354787
0,0222301892274979
-0,0178151960056404
-0,0548623201459425
-0,220046044563125
-0,0102164126409367
0,0705772825203958
-0,195423268678364
0,137759700291538
-0,163303839819974
0,0881412921302344
0,0152148354479768
0,155934832554654
0,00289168160033481
-0,106700991434536
0,0883633201417365
0,308401983217113
-0,165765379212698
-0,597327060438469
0,0734594617776989
-0,402839696497141
-0,00592195925702592
-0,0690192441170425
-0,00264940358718076
3,14703961084058E-07
0,168086603557413
-0,00216605592875774
-0,00786314974938369
0,0170022047001109
-0,00265116051864154
0,0143195758693639
-0,0341094635606404
0,0320558731710259
-0,0424948226897537
0,0300091206745813
-0,00434665219700356
0,0300127163098873
-0,00740400827145601
-0,239960818650703
-0,0385401701097058
-0,02296697957079
-0,0825879512660093
0,0360674619609857
0,0254248606018103
0,0306665326894569
0,0813566471123889
0,0528427075427792
-0,0356561149693106
0,0726347186310219
-0,0020786203461431
0,241821220084012
0,00513214890949187
-0,195144685676102
0,334628167327946
0,0202451800169202
0,24028838143289
-0,183456942296929
-0,141340068021525
0,0173523925780907
0,0588091515474622
0,494831379841494
-0,0777457851449917
-0,267682128874848
0,270161694362324
-0,0404948279175008
0,312288267479606
0,108664517652932
0,141184287420903
-0,13518296164944
0,0485468219547871
-0,0193025999634141
0,0167972179963788
-0,0225021356222336
0,0564500689314559
0,0602667647262401
-0,00357727097856547
-0,02144309564092
-0,00915622024889605
-0,000181146036724729
0,00636998497903073
-0,0151026265975641
0,00129715758766817
0,00720612045189657
-0,000533165174844743
-0,000982242348606006
3,7350181410218E-05
1,47864410410707E-06
-1,92840509570197E-06
4,5375315516532E-06
0,0474900313073184
0,000164811193399595
-0,00708569529795738
0,00993613544183589
-0,061024748821127
-0,0806630465320487
0,320580550962751
-0,10025369536481
0,140877562198975
-0,272532241021058
0,328474597362988
0,225283595391096
-0,000631013159782482
0,0981912685321502
-0,366432334367646
0,0338463811494706
0,145447180229836
0,0952215908419123
-0,360116686132848
-0,146450838610778
-0,208940360725007
-0,00104121958433067
0,0348488464556879
0,0527043758590119
0,0223500208152484
-0,0621596045222894
-0,0266148418627339
0,182419930743377
0,115433851572989
0,0439785073499676
0,0456692093797583
-0,0375763528734045
-0,0361687465597765
0,0178795386767509
0,0153296574443104
0,119217873460078
0,00839497985475512
-0,138086734084633
-0,0585532742605679
0,173676195722946
-0,0984067435168974
0,133820680031568
-0,103642556734709
0,0517817169959253
0,0664751143624797
-0,0432699329767634
-0,0586868460351839
-0,0872070100461083
0,0792120695011631
0,0380874826159531
-0,0957177510779791
-0,163149247432761
-0,0916502683542916
0,0473905452460404
-0,0143865814831108
0,054686984991812
-0,0123802277350329
-0,0600682650556743
0,0167422223901535
-0,045264455987965
0,00219261842726421
6,8184075006656E-05
-0,00019212420079776
1,30278388940036E-06
0,000142140718251515
-0,0134408857052519
0,00259607898179803
0,0336786174584917
-0,00334824351073707
-0,00770622710935679
0,0484136088620517
-0,0429640675855211
-0,0702840438107931
0,0874225009241816
-0,0721984346113928
-0,0788850356770862
0,168056527326442
-0,0101151028435467
-0,141027171607575
-0,152137809683602
-0,0382083286288305
0,0743755758497442
-0,100019598607564
-0,00229061362529835
0,0850952849266187
-0,20095355809633
0,045099831155032
-0,078958294384065
-0,00119874849441227
-0,0033608425876086
-0,357817162290626
-0,0177264068164133
-0,112818489897822
0,0904017501658015
0,0803861538810016
-0,0496017076562455
-0,270382660733892
0,0482153774082149
0,132887895308754
-0,191069467338705
0,0525851418331995
-0,0685980285845414
-0,0883475088897429
0,00535176070739701
0,0524148897018766
-0,0427269817647872
0,293271763506264
-0,066071046179704
0,0388667416459243
0,0211808321046714
-0,351429893223145
-0,136341778844465
0,359838357366805
-0,300174701851252
0,17288178685376
-0,00686278115174291
0,121880695757027
-0,0192384653855021
0,0152004246848948
-0,00432995332439954
-0,114990330242944
-0,0664890345521129
-0,0168824627764224
0,0332590819103117
-0,00299938915141158
0,00111059966854222
0,000144608139941282
3,79313627672666E-07
0,000266082349796223
-0,155779342877474
-0,027935931692541
-0,0467354791391748
-0,11421998144211
-0,0191752962952852
-0,0955470998366113
-0,101257179518868
-0,106331049264123
-0,159516086876239
-0,00989917458338345
-0,0540261403655465
-0,0242513341270776
0,00826272220473563
0,00229080976438358
0,0503015026511365
-0,00716681907872958
0,0236716200957309
0,0264517924101273
-0,063791189994363
0,0762659879622663
-0,0225480883383624
0,0773733896958506
0,0108388653657455
-0,115043198921764
-0,00027883780519419
0,00605826293948232
0,055118255112618
0,0444866689727689
0,100348013962499
0,00969016787165011
0,0735719153266275
-0,12956132007395
0,00651387491166758
-0,207966771467604
0,023141465262652
0,10249336599834
0,0480827356761653
0,0612535158803112
0,00376543620783529
-0,0152672153202578
0,0069402566871049
0,0271750268586332
0,00243994708382071
-0,0128164006765474
0,0164775217028931
-0,0238134770909531
-0,0311055843143412
-0,184362814114394
-0,0669407468664076
-0,394359198505409
-0,256648312301214
0,44265448598815
-0,182656424762735
0,227497106915332
-0,406616517016933
-0,164065738084983
-0,166192598003372
-0,0292233594114431
0,0586958634148558
-0,00704139062456856
-0,000486949193802721
0,000243734777354172
4,54391025987472E-05
0,00140699682648755
-0,0253908797410374
0,0721061465153433
0,0113465038324376
-0,00241156568183087
-0,032311608675279
0,0746542310278969
0,111914473221899
-0,378189147425235
0,0937993566860667
0,0398682311141788
0,34442273704837
-0,224175522437972
0,110459834884334
0,160514967610814
-0,00304583234783208
-0,0634130468100186
-0,123341295777709
-0,162432066124329
-0,0198109091928477
0,0716728011418998
-0,0977339534989781
-0,00939456231449277
0,0251183920663985
0,107417136597121
-0,0460363827140876
0,00981488827492089
0,0328935581426149
-0,14751053372595
-0,131246407111684
0,303589705230611
0,240561914327399
-0,280342927088297
0,0215328297170922
0,0965880005426996
-0,0858705258983615
0,0275022350338123
-0,0589085651469077
0,0448525547385651
-0,0806629651658654
0,0273645958246803
0,25257617823776
-0,148515853298877
-0,0570474161785588
-0,0703610031869604
0,0115252692544272
0,179463497862464
0,275877674971189
0,0124060222056008
-0,11531447260271
0,0661235419905069
-0,102798529229555
0,00546513414737702
-0,0681881786505765
0,0130637114535656
0,0387426877710106
-0,0330395537026062
0,0265881021080613
-0,0296641016224267
-0,0122269302018599
0,000378518110227502
-0,000133389657486043
-3,92048857285518E-05
3,52511606275449E-07
3,12650316991677E-05
-0,000989288497319035
0,00110277185551883
0,00246624035956802
-0,0411020830662486
-0,0550667135686077
0,100948437588902
0,153698711426636
-0,0382908413481974
-0,0838626783575723
-0,168917829382723
-0,0724453198929699
-0,0576938094970686
-0,0313142378934132
0,147281074755168
0,00977592649385515
0,0647501457931355
0,269620164244619
-0,0820087827341926
0,0804204407944833
-0,0552597434559169
0,133213375979486
0,297558257322203
-0,0388794102418565
0,111888936915648
0,065556626582356
-0,0989698469604151
0,0868869057467501
0,112075544625588
-0,0995342903008157
-0,26091036087539
0,00754734409932307
-0,0502841395704667
0,161126698165692
0,0239458414173051
0,0538667352068651
-0,0115165400941193
-0,277709007394944
-0,159879578371168
0,0532700979214992
-0,198765155706861
-0,201718899886008
-0,0118324075656794
-0,438844341323727
0,0828751043969288
0,110695925440102
0,289551934415658
0,0685589540364279
0,00919427927662256
-0,163785430125083
-0,0313088032297574
0,021450151280052
0,0664275147982352
-0,0519204753909688
0,0134004276477816
0,0632477102796447
0,00353437188543771
0,0567121422006049
-0,0793800978573164
-0,00357962522752632
-0,000433401214380658
-0,000149352624058314
7,81890768906516E-06
6,89115912983915E-07
0,00662120040177002
-0,000115896733065509
0,00099396852878752
0,00220229429828216
-0,0153658208735335
-0,0137969487051379
0,0443499785113138
-0,0522629269050357
0,0599294920932731
0,0131498310315956
-0,051869728812901
0,12459096407244
-0,0426928557358112
0,0654541179824517
-0,112170776069571
0,201992306337509
-0,0819588465404756
0,230204486646195
0,124000278030782
-0,172110228653599
0,0387397155145119
-0,0772426030574037
-0,0338168157503366
-0,0663742950033999
0,155798917881731
-0,0590752819979602
-0,0935631792921477
-0,100195786912181
-0,0173565070729319
-0,217010072063604
0,0708809459075702
-0,106483483004553
0,0846687986400462
-0,0273304913962104
-0,16744129164086
-0,0115434414012269
0,0962197969840064
0,0669834968123615
0,154086750135363
0,14123291513257
-0,0282619890805042
-0,0016430572013627
-0,0888562946461473
-0,246050782161878
-0,221475800812487
0,299538644794031
-0,247979377765546
0,130270113543653
-0,0335202181005817
0,029772271496717
0,066848197989055
-0,0185491858652558
-0,0964206980489082
0,182785097984254
-0,12529092266294
-0,304615680748993
0,00345579615839664
0,248371069198447
-0,0913430283766918
0,273918559049148
-0,00461402499813479
0,0469310406285047
0,00187940749575679
0,000950663449864535
0,00491480211419851
-0,00202558901924978
0,0163123285980466
-0,000268683836233196
-0,0919957295749748
-0,0971214667375979
0,00850307157236218
-0,0996517990172699
0,031653106836594
0,0139222449868864
-0,465895912141313
0,242866212507823
0,199242336646387
-0,0586909914000649
-0,0825151672635555
0,0830787704802082
0,175817900450268
-0,33554891775544
-0,161664258058247
0,110602926528717
-0,176832293986647
0,0988333187915913
0,0204363347150514
0,038456842472235
-0,25506001819751
0,0488544387739639
-0,0132213239128046
0,029582218238905
0,100385540762126
-0,264122943765778
0,144152422213008
-0,0400358209679893
0,300048625312922
-0,00997488422232544
-0,0531597347710469
-0,155000474223963
-0,00258778321463525
0,0445156745887235
0,190320156583118
0,0139840368056949
-0,0421095707488064
0,0654104663495828
0,0162935989459822
-0,120257740205176
0,1157136775744
-0,0109527492389095
0,06638022080474
-0,034839488445329
0,143142085732162
-0,09897157883636
0,034775976939384
0,00959981458486477
0,0262038029086507
-0,0362766607863263
0,0441588430459796
-0,067590411778689
-0,0622834589011841
-0,0489665342678433
-0,00852725814012398
0,0208916692820276
-0,0022561634423777
0,000547129636735522
9,58913205020974E-05
3,16590883080229E-07
0,0107306856392684
0,000146882753296232
-0,0015580660058895
0,000452148968599875
-0,00255283369973245
-0,00403093074135302
0,0233792568734974
-0,0121233376881792
0,00746685287285447
-0,0184552846203302
0,0311031569127392
0,0158062483980214
0,00987811053264138
0,00976431484021187
-0,0195408070283175
0,00234706218029206
0,0120321534007118
0,0136661948777884
-0,055148628704444
-0,0327079116538125
-0,0385017747025716
0,00411109987988868
0,00426274107529509
0,0242586459804158
0,0339851451018585
-0,0648848534359426
0,0114193317445238
0,103008029888427
0,0692244267121535
0,0391978684856959
-0,000378499295879525
-0,0122388068543328
0,0276077736189213
0,020023667509351
0,0290358917610437
-0,0828135825301027
0,0145864530679287
-0,00481058599146354
0,0587410778146445
-0,168609493814465
0,143357451510126
-0,0965329013045072
0,0502075117922652
-0,0126789027839631
-0,0471852028924592
0,01916928514343
0,0164527058103702
0,0413982984815272
-0,0530794932012152
-0,00539468278652519
0,0156642558906808
0,0471235584264676
0,0195487841868328
0,00105206570667116
-0,022057126779889
-0,0179782407744275
0,0134466841282326
0,042372443272044
-0,0233508558958127
0,118260043699964
-0,192286852187908
-0,910772334096517
-0,0153645517482789
8,50252202954372E-10
3,72909447608102E-06
-9,38613699372823E-05
0,000157684443706405
0,00120428945235569
-0,00437680250993146
-0,00374545953501891
0,00816708553655014
0,0126745319042968
-0,000926715771552139
-0,00597310937414245
-0,0103029566836799
-0,00897256634385452
-0,0119334947482972
-0,00749417861606351
0,0224313013922409
0,0300895143614542
-0,000800510712511616
-0,00567666029540153
-0,0080723630694628
0,0486652030137316
-0,0695707931302798
-0,22597476882517
0,0251876427269835
0,0520565468353361
0,012624679968274
0,030946090394171
0,0422304766519536
-0,02727599092465
0,135345472920045
0,00277102542907466
-0,131294002974959
0,00880133118698835
-0,0335550383154798
-0,715282996587079
0,0419912053170364
-0,0690960054150786
0,125691613256796
-0,149823013190321
-0,0136524676120691
-0,0232879126641186
-0,0423330806092674
0,0196365677467813
0,0114939248122601
-0,0466102362489976
-0,0105404635846235
-0,00243779450669521
0,0168789362206497
0,010823061548982
0,0290914132546678
-0,0353453852944713
0,019943755566734
0,0253374213770729
0,0175865737535502
0,0872813403111446
0,0335109592305155
-0,176071314783833
-0,103312031831356
0,249070559284315
0,00437732441155886
-0,463440880045017
0,0153573695834626
-0,0519850481334185
-0,00253673367943835
4,80579972872414E-07
0,00210947073882323
-0,186530627180826
-0,015311325317881
0,280671930894621
0,00905154106678315
0,0127728092032228
-0,038240768608401
0,00231347512720263
0,0483817792482825
-0,0043158208478622
-0,0362123621128186
-0,0437565522882089
0,0318901587450057
0,0104300166975341
-0,0780548426731651
-0,0874959715693319
-0,000835622432755585
0,0711568974638242
-0,054131205363101
-0,034970243263569
0,124647115430077
0,0293173256443053
-0,0467822347792883
0,191183778264987
0,188661270112431
0,395415161528306
0,506158439564789
0,126971900957237
0,0696122417242719
-0,289475748134063
0,21367294747526
-0,119917043710369
-0,124593100825203
0,0356940963306579
-0,0494292098653429
-0,144119379722266
0,106092342393668
0,00471587995847885
-0,192985175325078
-0,0748114478820884
-0,173008930398473
-0,184373075214022
0,0474587159735439
0,0943467076659981
-0,00987058867113687
-0,00346837875641571
-0,11938737554566
-0,011434323149428
0,0299189284427176
-0,0311042766708377
0,0221403221124895
-0,006596998704506
0,012483086948377
-0,00158754015184265
-0,000663711009068884
0,0113761742812898
-0,0164194090297507
-0,00776707457606359
0,00032788480736187
0,00249946319395404
-0,000222031288648375
4,14364273753E-06
7,55322175386664E-06
1,65202470232831E-05
0,000827156964280428
-0,00886857875818435
0,030013359067633
0,0138159396490504
0,000563304587816666
-0,00949788711953011
0,0198629876161376
0,0420692620586108
-0,182361110486834
0,0586896897953893
0,0453110217827702
0,203336622377134
-0,11608376431605
0,0262802634360166
0,0737246239647341
0,0141580165595824
-0,0784956683092668
-0,129146053658457
-0,17788001612723
-0,0720708370653581
0,180322693578851
-0,0521289280124487
0,0392304386878579
-0,096085470993961
0,0633200680442481
0,0728379943821057
-0,0172723216972599
0,0477624716698147
-0,0889209495067985
-0,030393221000563
-0,0882733775652311
-0,0156054796967202
0,0715168375121576
0,00216656748005901
-0,0326669430370023
0,0244737130347709
0,0611163043627275
-0,0304856041080535
-0,0280975165705106
-0,148693693435646
-0,0879164077172688
0,0567459199729986
0,15065775521977
-0,193209686248712
0,00786181264744707
-0,00691400690742831
0,00546461035655279
-0,691125644709779
-0,26945618673629
0,118155284593234
0,0372533801140795
0,150392278755868
-0,0833579650570901
0,164114184198846
-0,0287542703605002
-0,129233948213664
0,0589295730910169
-0,109707050342891
0,0373451996541798
0,01484454490116
-0,00129125769055108
0,00167132433569293
7,4266347905123E-05
3,20416428204257E-07
5,55974949388199E-05
-0,000818026819703122
0,000949593769336188
0,00158099140528469
-0,059527170337649
-0,0617496039199451
0,0395408252469836
0,0900771274765658
0,0214163981993227
0,0338849162161297
-0,0348956731542716
-0,0887050298079277
0,0156913989638548
-0,0141945146977507
0,0353584433525549
0,11941882980535
0,0257535079172992
0,0120913278939565
-0,110010341611305
0,021075299412334
0,0398305813607961
0,249997829321969
0,282530984249955
-0,0889919686721556
0,083849366407043
0,100513758177294
-0,191048856294625
0,112564277222751
0,195931755382135
-0,425088513925486
-0,221103230726017
0,237397921975911
-0,277661835921966
-0,105876369532819
0,0623080907478181
0,0046625708977368
-0,16548719761648
0,266073666247098
0,071676726627657
0,0863698624689341
0,19374004594667
0,0721632103116072
0,103197588051081
0,291892976454816
-0,0886835282529034
-0,0406865157742004
-0,125988958051119
-0,0221735028211561
-0,0477358872117106
0,117043000722333
0,0302666480268019
-0,0217232933009027
-0,0616320398908056
0,0392256152126565
-0,00714235621424912
-0,047685158377468
0,032011182649076
-0,0558625379513569
-0,0598067584481512
-0,0164079673833584
-0,000855880243623143
0,00030801356442693
-4,02018783926767E-05
2,28950431049852E-07
0,00162794501839579
-0,00575340187358879
0,0154584616305253
-0,00464280045700446
-0,280219022796319
-0,0741611255093263
-0,0805993376632413
-0,0446842861664326
0,106149045462261
0,16484874698767
0,0797613479738982
0,0928232021144462
-0,0740700723414521
0,0988979680202316
0,0816283152417069
-0,14207830449339
-0,0690196360767466
0,183640157281948
0,0682433453357447
-0,0775459028586815
0,125874303706276
-0,0722119195194478
0,152987248070096
0,089402087672303
-0,476046099180533
0,0206829136617403
0,0547447468607013
0,130250178071245
0,112916697456348
0,0842006171382075
0,00586466535088899
0,0358683803033313
-0,0244574615024903
0,0239605565245966
-0,108666399237883
-0,0630983021564314
-0,139096860580544
-0,117296675102423
-0,0957699091140018
-0,00123768303495909
0,00150059893519234
-0,0551623639929809
-0,00597159925581019
0,00304281692728339
-0,0729153908430531
-0,0800877284250284
0,119124785238564
0,132070883411309
0,087351867594375
0,063319593232874
0,273479296063303
-0,00426911433326376
-0,229538554825069
0,196219794898122
-0,025982096286193
-0,278070751102543
-0,0397274756788082
-0,28058873258712
-0,0117659507427459
0,00664049389009967
-0,00425903149828853
0,0047984461822939
0,000115046174157424
1,72060203510441E-06
0,00496473310692837
-0,00115182950743436
0,0176902355836714
-0,0028075157314649
-0,0627046342392797
-0,0584553378427476
-0,0260786403276445
-0,0621248463031692
0,144356640736466
0,104703300927969
-0,31663826986832
0,327892939831921
0,0853578370874123
0,0505135247995835
-0,142846643838125
0,28400339303035
0,0134204852154026
0,0575246676964789
0,14482829247374
-0,0215193095503115
0,0223828656345637
0,0111977651755015
-0,0211569922421901
-0,0818358765510202
0,324393878734395
-0,0220465946682891
0,0598250277923086
-0,00509602727328728
-0,0109290177180711
0,320444665145311
-0,101138721053638
0,0375278826682146
-0,293733736942093
0,0260961397238389
-0,105774514672679
0,106656489835698
0,207172120075553
0,100931173004097
-0,0295204222504852
-0,0103965827210568
0,0281183032695576
-0,100228557871423
0,0531332414431357
0,192491507240184
0,185994077991481
-0,0927208997618244
0,271782377431241
-0,0226196412056242
0,0901063867208429
-0,0108010360145914
0,0804861207439624
0,0433855312328186
-0,119830584909147
0,0569060348481372
0,0771232605941952
-0,0650707814556244
-0,0438759083176486
-0,0423747146712524
-0,0204932353745086
0,0199705588098751
0,00430661791321472
-2,15670000576246E-05
-2,52959063860095E-08
1,24879330543276E-05
0,000195200496962799
-0,00114252455612247
0,01258410991463
-0,00124817976777007
0,00147063364730753
-0,000557354769424069
-0,000636873335416731
-0,000571580604215137
0,000491936651798859
-0,00157151041714197
0,00408115482581922
-0,00328282418120248
0,000269787614714062
-0,00987328993340244
-0,000363904766701597
-0,00227090188501827
0,0111099121575578
0,0021588399180792
0,00435055749875156
-0,00819793495582991
0,00343824233855879
-0,00307915543323358
0,00253158774841544
-0,00304322546279707
0,00798830635310209
0,00288457543959433
-0,012799827202572
-0,0122715061426062
0,0201885599598117
0,00200635595765339
0,0102853597050212
-0,0247013493996216
-0,0047584697984377
0,00589150944889873
-0,00994153270213635
-0,057520360552247
0,00390622978826167
0,0199994372776145
0,00188807093949649
0,0146465917450302
-0,0245015619411517
0,0226161690767422
-0,0118369435351029
-4,38117908255972E-05
-0,0271616855306175
-0,0610922950579978
0,163688333686141
-0,0417496272727283
0,079945076935647
0,39898158748957
0,16422268380928
-0,08420069666937
0,510783936178718
0,355342644409477
-0,2584132812978
0,234716530212364
-0,455354461744968
0,0350157112128262
-0,19062732039135
0,0762891678441181
-0,00496556048617553
0,0121853949174874
0,00051960529267552
6,3295477584326E-06
0,0184752185772986
-0,0012557888491141
0,0015613613579098
0,0133839017461242
-0,0395346803780303
-0,0450134930043737
0,341714181640527
-0,349631573748031
-0,0157190061456894
0,126124842226548
-0,00104360234050432
-0,108925859250318
-0,282173158647998
0,00710418511331708
-0,0259231555816827
0,0873201998755938
0,0181292772897494
0,0891582948328825
-0,0384478405758975
-0,222823706140034
-0,213568500028694
0,0832754588368722
-0,0195964778753536
-0,04977001450994
-0,134232690393078
0,341810743191775
0,128973105923584
-0,365703697068867
-0,183414508466218
0,0285816822928175
-0,180412394029626
0,149286138553088
-0,018454380309421
0,0242000934354412
0,0555890595536836
-0,059672762594084
0,00247905385870591
-0,0235957686160401
0,146101292702677
-0,0751420313654014
0,0304393837452891
-0,0122742605662887
-0,0378791701861394
0,04824913969732
-0,107689115506488
0,0511093362618406
0,0607863408078814
-0,0570112242703251
0,113925165784429
-0,0204782792901816
0,0771053612039903
0,184178651755849
0,108829596851316
-0,131438869272535
0,0810545287920271
0,00119019768684405
-0,0200516417389958
-0,0266143575664124
0,0123112971137477
0,00157234492273952
-0,00319828734276126
-0,0139765624687996
-0,000226128439344103
1,10439432375785E-08
0,000336095208338705
-0,000131791625173872
0,000309755683496578
0,00111130371367126
-0,00383817409243659
-0,00420075257082364
0,0288275933527752
-0,030421587335754
-0,00366626838464337
0,0172817817121905
-4,22636848938182E-05
-0,0157456177774502
-0,0375296294000775
-0,0119661391266132
-0,012842837162029
0,0103837964997809
-0,00101139487664622
0,0215930316507748
-0,015260513064745
-0,056154884003607
-0,0475676272494765
0,014099873707383
-0,00570059593885684
-0,0256055478330109
-0,0469826858434192
0,137619541346647
0,00160620333420045
-0,170153768112244
-0,0511314513827681
0,0535165911238568
-0,0621329410891737
0,0693697033334162
-0,0735515492577618
0,0394213486789157
0,133276900888993
-0,252270892925867
0,0144391585892245
0,0269951291086375
0,193370398947053
-0,0936250367826817
0,00330005511285203
-0,126668948717602
0,0864379387179197
-0,19678512306161
0,475399222750504
-0,301286330055437
-0,187252586846295
0,187023879221282
-0,308029572255987
0,0179253186044456
-0,115278177534162
-0,341749457089318
-0,16874838015307
0,246814809589933
-0,147792749125265
0,0155291469739898
0,0348618469129638
0,0346716113857728
-0,0180159319449262
-0,00488220074672467
0,00519137234807304
0,0219213823551631
0,00034225209883424
1,11521926319167E-06
0,000232821191779443
-0,00295867855358874
0,00324277657473058
0,036556479742409
-0,0227114860671931
0,01375926106712
0,0161544783581923
0,00334514837286434
0,0288143209638107
-0,0157464432217416
0,0240944571588119
-0,0216749852136513
-0,0244283776071656
-0,00532859874932979
0,0657340897518467
0,144938074251684
-0,0260391124760068
-0,0864161482093746
0,0250086041913385
0,140495734373947
-0,167188651549469
-0,458929590666822
0,0586223361970932
0,0366330854410285
-0,0205215631150443
0,0933283504845688
-0,0573807373259789
-0,00388037877781163
0,166496060228885
-0,0681949635346639
-0,127956096753693
-0,0466038903420717
-0,0873955618695723
0,0656913581476885
0,0326667397791017
0,155964936865713
-0,0595227034585386
0,25673488174506
-0,163263716707236
-0,344149200143938
-0,0136763713221799
-0,0316090572238021
-0,386451905575503
-0,172828172549057
0,0854811625454876
-0,120586665524932
-0,16171106633174
-0,0572829589056897
0,127596823073078
0,172310795902786
0,0873033877202053
-0,0671418254538022
-0,0662651859130171
-0,183511813970406
0,139561604933847
-0,000115664974212172
-0,0849527598711928
0,00478870452122779
-0,0276127301832431
0,16407615579717
-0,00708946050302943
0,013261048522042
0,000846511567456533
9,57987896685521E-07
0,000177577441391462
-0,00209744485743111
0,00532403793493551
0,00424645600592572
-0,0716714129076839
-0,101954833227669
0,213045748636687
0,278458431898292
-0,111124505431754
-0,239239716343509
-0,390256395394657
0,0602034959337036
-0,1857580018171
-0,051233277919439
0,271800222312259
-0,243302820971601
0,138346601913632
0,369104159951773
-0,0629972401082769
0,0261000600477796
-0,158708719788979
-0,157107667011927
-0,0157813265346806
0,0599706267088281
0,0223305114855762
-0,042930741409884
0,0696722892470129
-0,0362159956159784
-0,0648627291159327
0,136183318535416
0,164672295136545
-0,0377611512213264
0,0867122922005855
-0,0439686378406167
-0,0280581883774614
-0,00284825481196013
-0,0673562674756088
0,132727039700747
0,0406574321953868
0,145830462786321
0,175410396709685
-0,0660448528256688
-0,0478549420861243
0,196304090539748
0,0464490962866927
-0,0422976972269452
-0,1560984839978
-0,130887465470419
-0,0231411966683096
0,0959821323190324
-0,0240895217988639
0,0451277873329769
-0,0131623400928621
0,0296270025038209
-0,00324316945246355
-0,026484965272373
0,00843294736016257
-0,0143920741186754
0,0311814833576271
0,0114404998970774
-0,000247388996949924
0,000138208661407001
3,713841135794E-05
1,12277876673153E-09
6,00912129512997E-05
-0,00416149706844254
0,00151593095509135
-0,00240404954894326
-0,106422503846042
0,0653785878455068
0,00291447538774146
0,0111477894998393
-0,00210141150066625
0,0153676413715611
0,0153350719910066
-0,0118383220262825
-0,000846622123008391
0,0405905167090168
0,0246595113651296
0,0072483523587765
0,0372207777677643
0,0356925498474674
0,0470401126200573
-0,10237615427307
0,11758241268932
-0,010675002608657
0,179789620044245
0,0422137411836075
-0,296775677457047
0,038699487265115
0,012680051938664
0,12537171148062
0,136510281355404
0,131069306849296
0,0918228081982018
0,173039847771932
-0,179097265055158
-0,0146645741709798
-0,446762275754701
-0,026650953320174
0,195763816681726
0,137553634776788
0,182792316860579
0,0127238295008875
-0,0318604330047592
0,0497078406278217
-0,011246382615291
-0,105726174918409
0,0357006327513456
0,0208052066169086
-0,107105199064289
-0,107902029467049
0,0106537735919972
-0,0529161366611802
-0,0655174753868325
0,140920849503735
-0,0329231357590046
-0,00552161766343955
0,0489715741725406
0,474410568917319
0,0863059596727932
0,334063753424189
0,0229275558407924
-0,00110840283139975
0,00545051358289045
-0,00108367484896277
-4,11638998453117E-05
2,84877693362852E-07
0,00232093136735689
-0,00122514965784018
0,01746456883369
-0,00260428578461655
-0,0427080962892543
-0,0103070632610814
0,00929195421030165
-0,0556959755939199
0,104497963484696
0,062269708823775
-0,12734024247139
0,138352228942539
-0,0989541522168763
0,110187709044649
-0,111149804964323
0,204165047264498
-0,256207865519653
0,333227812563008
0,169733717659771
-0,145140602837901
0,213382044996206
-0,105178793863343
-0,0176051594829059
0,0632406645783472
-0,0909139561013452
-0,17843759869877
-0,0444372516429163
-0,0239788486728951
0,0764116487685874
-0,257358146399298
0,0485005556712424
-0,0117278834534426
0,187514645964608
-0,003494277834482
0,175826298814681
-0,0905492070625318
-0,211850096836156
-0,110569972539134
-0,0905896751978123
-0,117824757307693
0,0124201521399518
0,0760436111004101
0,0537648593385051
0,133812696045456
0,0838954951918035
-0,249221200612504
0,0982128470051108
-0,173997894182565
0,0421678681274421
-0,065848824373345
-0,135910594179999
-0,106217521309021
0,184926403358302
-0,158152693520585
0,00975598511352071
0,152035880765164
0,139260921082593
0,181877591065947
0,0576008442973109
-0,0190514444128233
0,00534098705951153
-0,000649760384188449
-0,000103437629745361
0,00151574675808974
0,00206785314370423
-0,00212211487658596
-0,0017465392354373
0,0102178368466811
-0,0383102075195842
-0,0557955016568987
0,243954680717837
-0,0405449907453565
0,0603154125255859
-0,230522554182126
0,141928923948258
0,167499841944703
0,143256811544083
-0,0211614223211067
0,0320834652836889
-0,0534357373593835
-0,00697654705816465
-0,021902641952767
0,247114077589635
0,410325462448119
0,329464005871444
0,010779657631884
0,00870456388494764
-0,0481231802643556
-0,0224126606458223
0,10866927405663
-0,0183482909464065
0,00737799692152937
-0,0307172469774562
-0,0733025871321064
-0,119999216606284
0,0942093974476372
0,0234022337170799
0,0850618326144135
0,0747904465327702
-0,190867950644601
0,245315589814589
-0,30080291276954
0,139192381406734
0,107823227533733
0,150760418839509
-0,0108490096842023
-0,271947650044925
0,0960989590920733
0,0853593248985353
-0,0698382213525454
-0,0988474055785316
-0,0254207737211642
-0,0329518909767123
0,0790406792382036
0,0725854715629857
0,166873713861187
0,0655174901517331
-0,0594240173075206
0,04867226948845
-0,0703839179955064
0,00471744426040538
0,0281336385847041
0,0145746016258609
0,065426392296075
-0,00314579328205282
0,000302521607614034
0,000264430242251357
6,57549561832489E-07
0,0254271427898667
-0,000261186316791927
-0,00325022030689811
0,00456647925962729
-0,00797465838925791
-0,0120909683859214
0,116049586257733
-0,137499701388123
-0,0591632917556343
0,13017525880642
-0,0828785675045809
-0,166047288065897
-0,344366378748493
0,0421268001900681
-0,189484080690143
-0,0729350647091362
0,14820852170438
-0,0701781763646147
0,1142394906104
0,203966005825643
0,0446843382001594
-0,0316620525217798
0,0552410258422647
-0,56880507889101
-0,00279432791764714
-0,164930553985836
0,29990023434006
0,0988988446690577
0,203117681092971
-0,0104964910145356
0,0730461206533465
-0,0335231184938293
0,0531841756447036
0,0150244399923792
-0,013334544663943
-0,0205017478808008
0,0594503334248066
0,0246626993627061
-0,228340618461712
0,0690614843612158
0,206439581905629
0,161122130876034
0,0671078958508047
-0,110562844606793
0,0425176592162299
-0,0229923325723898
-0,040240350978961
0,0111679757117488
0,0132735034436184
-0,0381456709403875
-0,0316497430147681
-0,0642325926178947
-0,0288618671132093
0,0290239204081931
-0,0325233569124821
0,00475712912368178
-0,021123075870884
0,00811058473864492
-0,0151415716681703
0,00536526299612327
-0,0004361656586107
6,35160040695533E-05
1,95929966868893E-05
1,19366069628574E-10
2,95734367342304E-07
-9,03233992154796E-06
1,36257197843833E-05
3,4705657582182E-05
-0,00120375572440124
-0,00149373327943466
0,00196059129867102
0,00375978738503027
-0,000172184874032715
-0,000673748359635418
-0,00404236133635793
-0,00374668995175237
-0,000825678281397184
-0,00113286736655696
0,00467368975587332
0,00418473793480334
0,00257804557942783
0,00832061951781277
-0,00733203628246681
0,00374931092936406
-0,000117223026954317
0,0174246513337369
0,0283978444184402
-0,00678398393301969
0,0101171224557724
0,0096520411099494
-0,0172797110705473
0,0123728208686724
0,021404561316726
-0,0421404036143864
-0,0381807212465754
0,0245705199015614
-0,034629277061207
0,00211403328662273
0,0103874937262307
0,00634644123121209
-0,0254500816946461
0,00860940731933223
-0,00954195028489577
0,0275876961109283
0,00946856296726645
-0,0234307834236263
0,0341117237612359
-0,0177643063011556
-0,012618439743683
0,0240597372618712
0,0528890374832476
0,0300981005243564
-0,0468290654706362
-0,0117147915664114
0,014642174432549
-0,0205117045038763
-0,0452991900043897
-0,00969646378674127
-0,0799907704714575
-0,0126001021910827
-0,36388658289028
0,102792595160648
0,89996232971705
0,13972416853595
0,00856728699066422
-0,00139788013831728
0,000246875669619388
0,000295084322689475
0,00225653262615294
-0,262533295945839
0,0918155135350198
-0,0243117479622136
0,00498255721274116
-0,0448603996642924
0,0974509082872934
0,124561128575404
-0,355969113727666
0,151881948857724
0,130651614532229
0,141312206575196
0,122487799813387
0,185201105521691
-0,0465843059533413
0,0842784445149236
-0,0444433028079501
0,00713748315163012
0,251800805805639
0,125899496758281
-0,306243666775792
0,145311631685231
-0,0897229761650933
0,0410347618898766
-0,10114646275297
-0,130187736650699
0,0215983627865868
-0,119162980731477
0,177383600294342
-0,0308968626327889
0,0667039357892934
0,249425076060009
0,0156093037294365
0,0167257547078084
0,037160516183729
0,0703454620818178
0,00609539623842228
-0,0680891826958435
-0,140243217371111
-0,000711854010681191
-0,100165700528697
-0,252880469175303
0,168719771532634
-0,00469402314056128
0,0519447254262916
0,0379037001766667
-0,172481881242574
-0,0192783496962052
0,159059928913642
0,190435000348482
-0,198588833627928
0,160201478196598
-0,00234271604892673
0,0732825852375642
-0,0131858367484505
-0,0344386144707313
0,025151402077046
-0,0142948586105243
0,0215719249353916
0,0115416180820032
-0,000508567611119414
-0,000655811386513799
2,60419392582481E-05
4,79844479002216E-08
4,30941734062207E-05
-0,00210326665704431
0,00177869544583656
0,00481572415707908
-0,0583418151952957
-0,0538473863673715
0,0430676235522975
0,0943260659545443
0,0146785734367486
0,0494977304593148
0,0436199294189094
-0,118447070933818
-0,00398928860827424
-0,0459633520231249
0,00778475125888985
0,258437001677859
-0,0557928032398526
-0,155186917504633
-0,0427104297527371
0,122472540746839
-0,111745612759312
-0,58362950971885
0,0522487199022
0,143853761752935
0,0524303036973801
0,0314356268070915
0,140068269572114
-0,0501088453513796
0,1469723390295
-0,0148305719056959
-0,123828264691299
0,0770933919510225
0,0245585936030042
0,266112033585934
-0,0451611494617058
-0,0848691645173295
-0,0402512268825502
-0,0940601358029871
0,130804508667864
0,262855310531745
0,0159401796294792
0,0446143834018302
0,214264349044267
0,14858496014058
-0,0938613572603682
0,0693165217130238
0,0921838889669848
0,0331131730518354
-0,102362683397625
-0,180544597008765
-0,083308025956651
0,0736042298277083
0,066124857021126
0,173279016172055
-0,147461946461509
0,0440897691335683
0,115722189559516
-0,0860984116536347
0,0260885311989232
-0,00402351656047385
0,00176305077668415
0,00479135830930905
3,41899917016226E-05
2,39628067395135E-07
0,000244570203311996
-0,000901428492943013
0,0143639420053863
-0,00249894861131842
-0,027027331165135
0,0275800138042528
0,00140987032889751
-0,00723464213574206
0,0432207892209555
-0,00757399060756312
-0,0298003008472318
-0,00882956839852806
-0,0282378014334568
0,0513190768327988
0,000510559484273601
-0,0178525507451844
-0,195277968567142
0,0124544629176019
-0,147533145611729
0,179878818484303
-0,0659219619539948
0,0753427213030823
-0,190386134821502
-0,0401540225247992
0,0563163872723019
-0,0163972268173814
-0,0192024953804
-0,043895446858725
0,0497554623508196
0,0419170508668623
-0,0519396503967109
0,0176092119932759
-0,134619104365653
-0,011483169921913
-0,401777781741363
-0,116448567128788
-0,134176219123768
-0,0648116133473316
0,0261987818401637
-0,02938171453404
-0,000222729631209697
0,00298056953472336
-0,0278421259264068
-0,035002742186478
0,0584489687844979
-0,0322377878703532
-0,00806511460789267
-0,059032700826864
0,0698837325956639
0,0836603218050769
0,051865270486018
-0,0412597860599601
0,0220555282533971
-0,416968138566045
-0,6156193445713
-0,126009486163288
0,0878404261997952
-0,0359907969103459
0,00439853866567289
-0,113475125486391
-0,0624828561099326
0,00463868744025022
0,000533657074427047
0,000184802188645274
0,151664920198348
-0,0183844074362057
0,221875985430553
-0,026459246827027
-0,0129498258495493
-0,0172460862796401
-0,042458500214807
-0,0434272852124023
0,129939873383533
0,0102985875918312
-0,242452161713525
0,115452797388044
0,0494489498794473
-0,0191873481406935
-0,0260650930372533
0,142791190400958
0,0167611281871088
-0,090222426469572
-0,0290883246654226
0,0221059700554168
0,100829993565375
0,0153731084168161
0,0546351651344319
0,0248892684269503
-0,122878305879342
0,121778121293057
0,0948997722961544
0,108347065547721
-0,151090491521828
0,228454000748939
-0,0431406270499282
0,0976809535139215
-0,0774375173633177
-0,0271066404041634
0,208840114940608
0,0508945906312019
-0,267066654790217
-0,168887642136473
-0,188139253481777
0,00449940344551036
0,0182249753426003
0,0424649544408267
-0,0592138980279584
-0,0290501510564597
-0,229403792299993
0,0667735420427018
-0,270241693833864
0,0406995800984242
-0,185498475779228
-0,0155780162588783
-0,298930747770589
0,134814997492837
-0,138545882297806
-0,0665897035980106
-0,191709438852128
0,0957123531292449
-0,282796536214245
0,08279794741005
-0,148849328929075
0,0393112276085689
-0,00368067462179458
0,000940140617842697
0,000193336163357555
1,29733120910145E-06
6,32070376793116E-05
-5,48210026473887E-05
-8,13223834633799E-05
0,000541170811509633
-0,00313868677097756
-0,00505524335701802
0,027289393018251
-0,006054697020788
0,0124006875193141
-0,0398072117346112
0,0367651126832902
0,0399413153001429
0,028750498436152
0,00333135619335574
-0,0276583375422744
-0,00991907305743403
0,0164329017242073
0,0101173845044719
0,0119380231080375
0,193276077795623
0,140758723633346
0,0096244614505806
0,151489976420797
0,0424558415451712
-0,00963780892235963
-0,047847740585755
0,0701762029734601
-0,22324063287638
-0,0883914783460987
-0,00963656217613483
-0,00350031644260971
0,0113888001763989
0,0228962580569784
-0,016227001142624
-0,0117662226241425
-0,0980029627285165
0,00976272284239141
0,0800368856083854
0,0918012416260033
-0,164531626537123
0,185538604879194
-0,247083667174107
-0,098560623889507
-0,00328245520103789
-0,244061124349151
0,287796196841996
0,164179723233165
-0,221434349244946
0,274115292330953
-0,0408542261543677
-0,266758386557298
-0,454842710605914
-0,219057835655955
0,128132253537589
-0,0682607555284286
0,141413164410494
-0,0202106634413682
-0,101819295657078
0,00631095942546389
-0,119191473506816
0,00575438674403366
-0,000224311372026758
0,000163862513315775
4,44312751067185E-07
0,000590663344528144
-0,00849232422424814
0,00100464994884679
0,0214668720247709
-0,00163183240993476
-0,00463043035690946
0,0326804187428198
-0,0313851270510049
-0,0445660427670242
0,0631672454023206
-0,0493635322328642
-0,0742773290976811
0,0291351035897492
0,0266090597643306
-0,133177312770456
-0,107961628474236
0,0176749822347834
0,036565350254803
-0,0122574088143246
0,0849996118750648
0,0733777507410739
-0,146314439215267
0,0529799767011074
-0,353678185550262
0,0300041822473732
-0,0596640660176086
0,0206661625860342
0,151416276042612
0,00890010970915724
0,0329883016402625
0,141175923085332
0,0124637289334538
-0,0843832269939048
-0,0408948266735846
0,11265960279183
0,104929666564498
-0,281332902951201
-0,0608638997177856
0,513448073048882
-0,103181976324312
-0,478469373905119
-0,270192424501003
-0,102602971281083
0,161116820152494
-0,0417103277522266
0,0247432479592281
0,0296948262000579
-0,00768175511725084
-0,0343071134592668
0,0570230218858248
0,0138310541421497
0,0436318429253227
0,00805244111170504
-0,0221337025878617
0,0253358246730598
-0,00927002286411117
0,0118279307447388
0,00573316384499828
0,011199213364621
-0,0168569265700935
0,000813492853598343
-0,0013908424452247
-8,31135207311445E-05
1,92746148973934E-05
0,00317597830848396
-0,00366438698996352
0,0233867789865142
0,013063469610357
-0,00960158828764796
0,00698100559618555
-0,00372868436508263
0,00425437963225309
-0,0516263603924795
0,0230976340828492
0,0176488918778387
0,0462458471893954
-0,0137051661952576
-0,302342501473573
-0,0945656650276037
-0,0192961602214405
-0,0574112546385337
0,0574413368102447
-0,0196521957418565
-0,000896113942885738
0,0264652812879932
0,0161615173994079
-0,00195339451198635
-0,0499354648097971
-0,0236539786324621
0,118844163014342
-0,212164872808421
-0,169665163628486
0,356716569583599
0,20463116805728
0,167414966296828
-0,152931413060373
-0,0980995901165342
0,0653990013618199
0,182359952916324
-0,467097865263224
0,0211020623010704
0,176976681406305
-0,131455623659982
0,12154163659403
-0,178152930691768
0,102182379518391
-0,045449347334682
0,00622186238749558
-0,112074587007344
0,114798459895763
0,195291804687776
-0,00454530518291178
-0,0932126321262213
0,251804673895985
-0,137941217655233
0,0968257974935382
-0,104247183936385
-0,109395858235007
0,0680492631262447
-0,0353159495555854
0,0620195097689061
0,0433671748232994
0,0159093957897539
-0,0219065967550815
0,000395892076935436
-0,00728509600421946
-0,0001979936878541
3,97524460270231E-05
0,000806970110726438
-0,0337064163178763
0,0581962098071725
0,0159474454943678
-0,0138360228859884
-0,0360017374972837
0,0583539642167748
0,096588772658835
-0,248269204762507
0,118090727096561
0,0735173310323805
0,0864133063687459
0,0820553375621627
0,17276175787076
-0,0480175660817514
0,0617854808837401
-0,0668841403996484
0,0150935967245131
0,135286050379458
0,0662460108016329
-0,173697073740147
0,126800628905416
-0,0163959338041788
0,0374808307645869
-0,215419285178125
-0,035245888928994
0,125187032952906
0,0321930299512036
0,00454022235451606
0,00350991627900955
-0,181448043456567
-0,543716582271645
-0,213432650845825
-0,0241880347141225
0,0860960240856432
-0,0432909553685899
-0,0658322660937672
0,102008627952382
0,0904045676528131
0,174676787016508
0,0791592247494858
-0,0305808739211099
-0,138280063707238
0,068930159014553
-0,0185898903055847
0,0574725104333179
0,0276531746583946
-0,144347878758929
-0,258259582388353
-0,258196068070106
0,190526445648086
-0,114870107934925
0,034995244588306
-0,0894937497143064
-0,000841189981397596
0,0866254982133283
-0,0944039925519993
0,0606378924834107
-0,0647445111846646
0,00587924946623438
-0,000698255432857384
0,000685252579022853
5,19187593118941E-05
1,68036433580869E-08
1,60726468902269E-05
-6,23038295438899E-05
0,000999036129645683
-0,000172841223552576
-0,00162140337412223
0,00218344829916349
0,000259005572173513
-0,000394618883414207
0,00264233119561537
-0,000979548929509203
-0,0017801913865752
-0,00133076131483964
-0,00210636186718204
0,00347428696447715
9,36191808259333E-05
-0,00130439584602168
-0,0138903993411855
0,000635041193814087
-0,0107245771842657
0,0123884896124704
-0,0043268214922381
0,00521032206474361
-0,0131937101328568
-0,00248997157220146
0,00231594651584346
-0,00114095805286748
-0,00141288455385758
-0,00281617152267909
0,0034130529742495
0,00151743714711121
-0,00268830581552278
0,00130167608002146
-0,00777735461403003
-0,00123033911757465
-0,0273991343306951
-0,00911009945641022
-0,0116152676476027
-0,00537676672445165
0,0017266801082826
-0,000816174794588384
0,00052836372502463
-0,000235591602617718
-0,00322327469155875
-0,00709348014784561
0,000898519901363456
-0,000188674082633814
-0,00546845631116975
-0,00256985630130149
0,00234452903691378
0,00881411902214177
0,0066713264940413
-0,00430196933690758
0,00467052641730534
-0,0287172227318198
-0,0388856517346611
-0,00845121152609291
0,00628444784096032
-0,017347364233733
-0,0145379110759665
0,0393763384864846
0,976203572362414
-0,20039835674196
-0,0161193991632239
1,49823221004921E-08
0,000845986575995141
-0,00343527208266132
0,00357677123926581
0,00449156959130265
-0,333708849798276
-0,304906835829828
0,0735473501209691
0,226168353150207
0,167322378128586
0,159143685735035
0,171655203034506
-0,192590993049707
-0,00134825094307984
-0,0295810546996907
-0,0352188550114625
0,135354883212764
-0,020518630832868
-0,193687224202544
-0,10395321829368
-0,128327560794554
0,155550673759747
0,0243421444288808
-0,122295366574229
-0,0349205952056046
0,0424354585261871
-0,0305932587849981
-0,0164652609818402
-0,0471198362109083
-0,0941103600484819
0,00306133646436256
0,258647434671961
0,061865677209056
-0,00696806886004814
-0,146046024972026
0,0572312783813501
0,0088244717573581
-0,120306880264441
0,104085190380702
-0,0768818732245754
0,217899139390384
0,185155138248364
-0,325219284273949
-0,209434858396183
-0,145082239014745
0,203201314672749
0,0271288954053005
0,10435657696239
-0,0912979280415256
-0,000868152887842208
-0,0631579692828283
-0,0416356010899865
0,129890601770813
0,0960900594334748
-0,0464441886250565
0,0117829014834242
-0,0300670242848442
-0,0130081885770176
0,0388816840620613
-0,0121606528735682
0,0353076566800926
-0,00183860284809429
-3,04448463164662E-05
0,000146204744017074
2,78465356279447E-07
0,000298253645386839
-0,00178542252127111
0,0202272767936628
-0,00415291253501277
-0,164938394506768
0,214756272383633
0,0315860807039114
0,0108283461527561
0,0237279792797998
-0,0289895369745578
-0,0371127509704065
-0,0304898797539896
-0,00830050905142866
0,101648231623971
0,00630501587823085
-0,0117655875598583
-0,160560617561154
-0,0341158879024629
-0,170558457290579
0,18324400365035
-0,0676615123878921
0,103025726967505
-0,265031063799876
-0,066191950106408
0,175212613330093
-0,00561722078816389
-0,0531248759928878
-0,133413740056492
0,0541076657650069
0,0023671146849192
-0,0470062128332558
-0,0538834136811257
-0,0523631070504552
-0,0296579285843002
-0,325243082635357
-0,179358189814131
-0,314796461302867
-0,177641052722377
-0,028297470035127
0,0082040454269218
0,042152647443104
-0,0182767570998416
-0,0443098008231393
-0,0474267721131419
-0,209417592557544
-0,267911093916147
-0,0242020050643662
0,0080501083719048
-0,0110824798195362
-0,0680316619851865
-0,0635297120519716
0,0249684799940061
-0,0509788566800836
0,246679452703394
0,425078183921688
0,0823699375607475
-0,0756945613633067
0,025292153178182
-0,00730405454610778
0,0972688161233723
-0,005067488793624
0,00817920120258427
0,000519113259164356
8,76740850739686E-07
0,0288286588323019
0,000379781477467005
-0,00417679719008928
0,00133403047156577
-0,00715270197255127
-0,0112389269520244
0,0664914345993228
-0,0369250215633462
0,0186025688820427
-0,0459640254088914
0,081191537262833
0,0384945348158665
0,0173748761110627
0,0267226063271808
-0,0562797177514079
0,00562922788451569
0,035473203187812
0,0348697803059566
-0,145876865018668
-0,0852656270883466
-0,103213623972895
0,0124584339289008
0,0113816251732795
0,0643996921284861
0,0904529307957173
-0,173059902026637
0,0322485912291301
0,27404298655339
0,186193651078488
0,105495488095458
-0,00371308332023481
-0,0331400319837194
0,0741617850415057
0,0547571588182559
0,0763592357607722
-0,221345088047978
0,0441068190412778
-0,014870477615611
0,15089588948455
-0,453271707805966
0,395603379334167
-0,258417709973653
0,133881715846372
-0,031581485929721
-0,135309436493501
0,0553437057434474
0,0454683888458143
0,10779324989629
-0,145818584324004
-0,00355404311058366
0,0458917013505222
0,202740440028534
0,0746397896410758
-0,0674851548889504
-0,00453948678780038
-0,0323147416295161
-0,0234021202726814
0,0684779155798232
-0,0269981157777457
0,00255174412530151
0,0689347390182129
0,337252467917547
0,00589314996865239
6,83787405001744E-07
0,00142284033779902
-0,000760361939906546
0,00163661839309144
0,00383917100077329
-0,0127544182002243
-0,0174245566104657
0,134578858020198
-0,14678176394056
-0,0780385570090279
0,150911375432055
-0,0957715130263881
-0,132934545770733
-0,483913646711199
0,0488947276700939
-0,197498515455486
-0,00668531189056387
0,146341122210542
-0,119775213840741
0,169554837657437
0,24235658275091
0,139121105844302
0,0937199291112647
-0,0600318591989389
0,536781901233857
0,135654634968379
0,00212335071494511
-0,271318086484755
0,223457818081893
0,0137195453741661
0,0855236163440526
-0,00529562099387272
-0,0552309041265424
0,0331449272329468
-0,0318847729788425
-0,0158965469970083
0,0200050211863863
-0,0579442289824919
0,053354948001643
0,0678660489549369
0,0291283552189548
-0,0973160653761072
-0,0472294678485598
0,0162863893871078
-0,0142014076498613
0,0334088150959232
0,0102134529764217
-0,0379428467581452
-0,0160896726599473
0,000619614429166238
0,00715690656313944
-0,000498666292104061
-0,020241727113207
-0,0261250216225999
0,0391714824584704
-0,00905022124557336
-0,0181166067173663
-0,00317078687335993
-0,0158409549163565
-0,000971153525308454
0,00356290231743025
-0,000464081607865214
6,323674215633E-05
1,25281496686249E-05
2,02768163768425E-10
1,12370893436121E-05
-2,03643932894669E-05
4,06551167320933E-05
0,000125571734814315
-0,00114691733949862
-0,00163520719744162
0,00427099427268518
0,00540562187331779
-0,00271875966002487
-0,00515894414325148
-0,0108427467914182
-0,00028186642339312
-0,00786074245301313
-0,00220938819072371
0,0102809642675858
-0,00441303828062771
0,0053071336383787
0,0131423050756725
-0,00379931243529556
0,0131845288384127
-0,022681413633325
-0,06187978968912
0,00663498201791722
0,0104188353979078
0,00537343112474348
0,00467160478121386
0,02122075596864
-0,00948840312376365
0,0492133095152923
0,0151324573013163
-0,042904741682055
-6,81239409659624E-05
-0,00995735770994338
-0,539651341713886
0,0318752812486422
-0,0605963539989506
0,101816322261197
-0,142613693250048
0,011664019932314
0,0169878670281796
-0,0355731626016364
-0,0016097170973336
0,115083406822355
-0,000583436801127069
0,00229918897505715
0,0486216239653461
0,0738665621808847
0,0416134819165867
-0,0482588694286793
0,0247903636737301
-0,0241828002678887
-0,0560309609843505
-0,0223050694459621
-0,137916751125232
-0,0466439907409921
0,257618963642656
0,141618713090422
-0,340287939206239
-0,0156189493848646
0,634069023565743
-0,0210436480169024
0,0714345502529718
0,00347658674047562
1,95957362415357E-07
0,000570080678081059
-0,0041431075510924
0,012541480890644
0,0165544945339891
-0,00827607052182568
-0,00960036096950606
0,0152611165800701
0,0385094695805011
-0,169371436429019
0,0656952111849677
0,0414894796358481
0,207486986288542
-0,120088936470447
0,0322404627370237
0,0716991077890359
0,00803254434973678
-0,109467458444668
-0,123923798265782
-0,203631703051359
-0,0841775500332731
0,22908816821633
-0,0526480583140745
0,0771498063063325
-0,110620689518874
-0,0343571165229922
0,12678776374979
0,0120840144048256
0,117512208811674
-0,115298463139544
0,0370563920002717
-0,301063837525421
-0,399932368697924
0,103954669021627
-0,0217082661844116
-0,0550802625998799
0,0191572798480147
-0,0265474496453636
0,0849775335738982
0,0463666686478083
0,0944366414456762
0,0552411510456114
-0,115196214664325
0,0985891892703223
0,0371898862091593
0,0944670080193934
-0,0351082709229758
-0,071865213009839
0,293847444233548
0,343386233898422
0,212735973395805
-0,294507482497623
0,111859263542166
0,0773524991646731
0,00512868293796881
0,0202813600988376
0,0144952326746359
0,122446068912247
0,0418771730359247
0,0692053182672779
-0,00867796908431561
0,00226975112729001
-0,00246747183653631
-9,45254838706539E-05
2,28213968378246E-07
0,00024163177077106
-0,000852203011167514
0,0135340835199659
-0,00202628879758747
-0,0170065212975513
-0,00072391008044392
0,0305672714575944
0,0179352437633503
0,0589367137927918
-0,0712055456052817
-0,049498813354069
-6,29933132439718E-05
-0,0595654474886028
0,0347018532957006
-0,0749955915743369
-0,191050364394631
-0,379363230299958
-0,229728040561178
0,168184101894263
-0,106901708376615
-0,206234677734959
0,0401420692839107
0,403063114148501
0,0266118168776715
0,149362938464045
0,0117318471852026
0,00394394698791128
0,0194306379017579
-0,035528907697519
0,0538325282515984
0,116998445791326
-0,0108494690748075
0,0717810820549191
-0,00459712038607552
0,0801595516386971
0,0253023297797555
0,187778993819711
0,0482881644259601
0,0785770325480434
0,18490048284271
0,00613978827724909
-0,130866076318298
-0,0211621801936173
-0,122658295943238
-0,317228084868374
-0,458966622326983
0,00820165453948906
-0,0394490328860901
0,0411415769048516
-0,0179204596678763
-0,0217711856571102
-0,00849174052934308
-0,0336777658074638
-0,091567483740394
-0,0866852569083658
-0,021590088496761
-0,0014958130528921
-0,00546557685054154
-0,00440022909663814
0,00141553706822298
9,94162407067039E-05
6,03109051469782E-05
3,25175783856755E-06
2,25976722364548E-09
0,000171083432311606
-0,00107639525697648
0,0019255228642952
0,00210008493143141
-0,128692309495041
-0,0377100820438894
-0,00929102198082471
0,0419091592688511
0,0199111884611605
0,0871035701181042
0,0705607458500718
-0,00745868697317441
-0,0174260899347862
-0,228158170269272
-0,0403148586341112
0,0348949094290373
-0,0256290946469521
0,0151133323595801
0,0203139160376489
0,0545504577818739
-0,0906346374425471
-0,0886501518086491
-0,0030032010727454
0,0463447444605168
0,00397894382601487
-0,11918767769111
0,123793201131856
0,112202588892535
-0,279229136234162
-0,0914427103313498
-0,0477361580253459
0,0420415622524856
0,00754799904308891
0,0637546134712319
-0,0593170374175126
-0,0649329405943249
-0,00875959661923934
-0,138000451502903
0,0758632101851935
0,157561407246574
0,0240762970593121
-0,0314051785853738
0,360570289609406
-0,0555709939676055
0,0200787635260511
0,0599585918675787
0,0136269162083434
-0,0368119126228671
-0,025964990356922
0,384464002217024
0,147918505986831
-0,225862076234107
-0,205194699272459
-0,357470323391507
0,28275286986889
0,037485463307069
-0,191645471263549
0,186078992144733
-0,104199286266024
-0,0152667624995528
-0,00250948552538227
-0,00948446603837047
-0,000153730834297384
8,74611535616224E-10
4,2602999936842E-08
-3,69462518887548E-08
-5,48006992119421E-08
3,64627202512417E-07
-2,11436871862565E-06
-3,40522375684593E-06
1,83796072321582E-05
-4,07756958738503E-06
8,34947729568269E-06
-2,6801882657107E-05
2,47502354799848E-05
2,68863109340608E-05
1,93498392288078E-05
2,24200309485283E-06
-1,86120265839852E-05
-6,67426098119382E-06
1,10564142089652E-05
6,80566511415578E-06
8,02832995702241E-06
0,000129956027059625
9,46295523986845E-05
6,46979956874184E-06
0,000101798960548289
2,85272481793147E-05
-6,47494361023124E-06
-3,21373172253384E-05
4,71324636054777E-05
-0,000149897598118642
-5,93279282209381E-05
-6,46499995881905E-06
-2,34739715896114E-06
7,63309343037082E-06
1,53382348892855E-05
-1,08629523719058E-05
-7,87351735220531E-06
-6,55443176401842E-05
6,52646088585568E-06
5,34613620537704E-05
6,12225262127131E-05
-0,00010955096564223
0,000123468666382414
-0,000163894190386632
-6,51014443363391E-05
-2,16306658197972E-06
-0,000160032752212925
0,00018823528362744
0,000107344526405174
-0,000141629248286294
0,000174040108154895
-2,56238084658626E-05
-0,00016132835815446
-0,000261402146177918
-0,000124722859069047
5,95908036989193E-05
-1,89500008193224E-05
2,82684929310465E-05
4,87565588282746E-06
0,00016560743984373
-4,89730197315277E-05
0,00288979494084748
-0,0125327319439343
0,0199135278485965
-0,999718772165906
