0,999947336088104
-2,60360755211784E-05
2,58372963101273E-05
-0,010176538970271
7,56298255013097E-05
-2,17041930858386E-05
7,6257581825398E-07
-3,38385099023525E-06
0,000192702239069187
-6,73640850182806E-06
3,18094861076119E-05
-4,34408343337506E-05
0,000189718421265736
-0,0008851861508182
8,21940223760828E-05
-3,99245395902049E-05
0,000210118443006196
-0,0001550056345889
0,000342199065030226
-6,14816517756884E-05
0,000145571031397291
-7,82051480321154E-05
0,000127462084245302
-4,23949125372523E-05
1,60816751287379E-05
-4,18729211714366E-05
1,22681147955889E-05
-1,6388176087874E-05
8,4520003072969E-05
-2,89598453840079E-05
7,87145450765772E-05
-4,81238992829133E-05
3,78755343381979E-05
-4,95873482271451E-05
4,06357503119861E-05
-0,000101859579158532
6,63071762920483E-05
-3,58236368034568E-05
8,22223443032247E-05
-4,80055803647857E-05
9,79837863559907E-05
-6,3237021071369E-05
6,76165133131243E-05
-4,67777548608481E-06
0,000129909476246106
-2,22331002940716E-06
7,58395973609862E-05
-7,24319407931754E-05
3,93538365933073E-05
-5,13306254843928E-05
0,000129827618488525
-7,53978625424873E-05
0,000139166998141761
-2,80519677458156E-05
0,000160016498029201
-4,48787344063095E-05
2,24183360079844E-05
-8,75255291028357E-05
0,000121199040831538
-0,000648365307900188
0,000170440052742235
-0,000103369898328769
6,79487935080374E-06
9,00397155919342E-07
5,30121962332843E-08
0,997520338483825
4,52219016388234E-05
-0,00623309444157328
-0,000173009033831812
0,000122040772675601
2,92176641505767E-05
0,000137403890848756
0,00161793765815398
0,00551829307553986
-0,000432864699559812
0,00108320681895205
0,00154143791389138
0,000886490830925802
0,000865290692606957
0,000610071584460886
0,00377699559163905
0,00923415492246844
-0,0201664176820528
-0,00693895548850738
-0,00432421627286136
-0,0280252415628389
0,00147797708894841
0,0135557535157249
-0,0215859349610576
-0,0204790373639235
-0,000518015375133957
-0,00247345973917025
-0,00146224431309566
0,00296837561164063
-0,00021774993649484
-0,00373046945404294
0,00624284157304865
0,00417852256273729
-0,0136616433926537
0,00267270131015605
-0,00473119647437088
-0,00160900116763385
-0,000477361546006668
0,000394161960740577
-0,0140125158625068
0,00916621166366707
0,00640114878893315
-0,00758405259439953
-0,00564354663256387
0,00149672786675975
0,00168804070959113
0,00662667351047484
0,00445079148353672
-0,0019333362664894
-0,0012163609922626
-0,000481701796074296
-0,00952259752071792
-0,00343304460735003
0,00039701953766572
-0,00144931906740734
0,000788682422021912
0,00805053505642755
-0,00670139858066202
0,036606045790457
-0,00764096282567319
0,00634542813526685
-0,000457232485236062
-5,10444317171669E-05
1,30220662145552E-07
1,31446473730896E-05
-0,99373061808636
-0,00345359117262411
-0,0201031727255582
0,00200139471189251
0,00650252032080112
-0,00166061472615741
0,0039824312317336
0,000914445353442498
-0,0587793245534362
-0,00564676392700109
-0,000629767534401901
-0,000507887479626752
0,0013608342172963
-0,0142035942218319
-0,0160598254290437
0,00847476359521464
-0,0125513778658598
-0,00265503976302541
-0,00173026056360898
0,00492215919443718
-0,00427601688063639
-0,00629467938201608
-0,011535334970257
-0,000606252172891592
-0,0281080419948509
-0,00404154570547175
0,0284320014941603
0,0127761385928508
0,0173517646448682
0,00388266471023291
-0,020823209685458
-0,0203983864064886
0,0259503841118214
-0,0322500659651241
0,000424458007073626
0,00636461929062007
0,0042812186404615
0,0227162132588846
0,00358749528761147
-0,00464324048718323
-0,00548200880416837
-0,0122059487793066
-0,000524377085843599
0,00197933881049389
-0,00436331600266151
0,00789821938450711
0,00324486311415676
-0,00315971914994343
0,00349902466534428
0,00415412391053048
-0,0304595569216753
-0,0230428569945311
-0,00713644260410706
0,00726320636817322
-0,0158888859609592
-0,0094237334711543
0,00035710556329764
0,00345975570395213
0,00899813933276323
-0,00592800084322864
0,000470130161277154
4,06354657755656E-05
0,0102563614556811
0,00242787530503397
-0,00206366821920459
0,99178771859259
-0,00793900723530681
0,00214316613337938
3,35237883078014E-05
0,00048501073824156
0,000981627045460652
0,000703659552423673
-0,00767359759782675
0,00654145313641488
-0,0154359284180387
0,0886229738395141
-0,00883358134840523
0,000483735866590896
-0,00185139182516423
0,0220160291781189
-0,0261709900714988
-0,00559366045457936
-0,0143958647803688
0,00695785558521524
-0,0107172639066917
-0,00195996677113045
0,00101215246345228
0,00364307689389531
-0,00178026729056616
-0,000953653037975363
-0,00527168936840115
0,00390762244133627
-0,00429805701092325
0,00240726831176498
-0,00652817053426442
0,0033170450140664
-0,00687444860182133
0,00641424410771065
-0,0105465687470911
-0,00201645221152377
-0,00144634895753267
0,00429558996209071
-0,00795042146485893
0,00672534766446163
-0,00711236926194747
0,000283533561794307
-0,0123544440157009
-0,000164678796210471
-0,00748574563477064
0,00882381927431854
-0,00262244593763072
0,00743167660709905
-0,00976466955728406
0,00860991769360711
-0,0137658649766799
0,00194442809846494
-0,0156346856034884
0,00476699743778422
-0,002126519800321
0,00832972863993144
-0,0120385454538026
0,0649096493167794
-0,0168151829575345
0,0102449036427635
-0,000670753856664019
-9,10798425040492E-05
6,29661839362479E-08
2,87260032589667E-05
-0,00886371428243579
0,00573812968756399
0,984162659517585
0,00023142031635767
-0,000174857626369313
0,000227319296038027
0,00885968467856382
0,00615428575127566
-0,122262143437967
-0,0124976244445262
-0,00249370341860523
0,000323869043597469
0,00849587610801124
-0,0370017687285493
-0,00655406376489304
-0,0109115504473965
-0,0523153859307608
-0,0252520158816501
-0,0126024900949192
-0,0228763100858074
0,00643709165419691
0,00946445776768111
0,00112463225851054
0,0107119084021828
0,000607708209092091
0,00160141012257865
0,0437450268551431
-0,00928309964287168
0,00128682108467846
0,0190080590060187
-0,0704092180793833
-0,00258699095371343
0,0388984496445846
0,0163314302657659
0,00514865000783393
-0,00708096602987528
-0,0101645201882003
-0,00469570902355821
0,00809142670239284
-0,00583075181281531
-0,00986481338566893
0,0109504856052067
0,00069272987362986
0,0135837003059432
-0,00880449080113705
0,00421681180209785
-0,00882256429017951
-0,000442339499553864
-0,00281368223677584
-0,00111322860882494
0,0112361191063794
0,00346449087451136
-0,00451323676759698
0,0013567742889039
-0,000852609734625199
0,000252879566483868
-0,00100750549786683
-0,00203703099624468
-0,00382955907158373
0,00114400777013831
8,24885089643666E-05
-8,49306089361205E-06
1,42467574840691E-09
3,76831055604147E-06
-0,000560380087890775
0,000890055138221236
8,85479666851668E-05
-0,99178987099641
0,0390233402744534
0,0054238317358402
0,000163912237995108
0,0575247430493631
0,000932761083875357
0,00238439626327041
-0,00240039098992006
0,0199848546072102
-0,00208345711598875
-0,00178178918149544
-0,00109183843390974
0,00149471505033122
0,00314829788463964
0,00166103115211154
0,000638505240958377
0,00158063744291819
-0,0021556078829539
-0,00198587533079617
-0,00538200877940243
0,00456455763666764
-0,0203903378572351
0,0059072171635361
-0,000267754731742796
-0,00446448790493909
0,00542355354785254
-0,00110895894311816
-0,00120462335855145
0,00652251703055768
0,00262063794401266
-0,00536595399977932
0,0559027102618316
-0,0127013971298245
0,0287212623210228
0,00880830456531092
-0,0320665968992178
-0,0144375597452158
-0,0143491892230775
0,00119067647755052
-0,00104536021096536
0,00503805401606659
0,00333961043942188
-0,00404906293488782
0,00279464856401535
-0,00701546223960034
0,00825890941219624
-0,00703032073903126
0,00184713933874418
-0,00615344977390783
-0,000529652343048628
0,0158444054542007
-0,0134332483682291
0,022792434928235
0,0551803485925222
0,00288759812075854
-0,00826320845008261
0,00298408798742868
-0,0206905888755382
-0,000312182708652591
6,67009124290802E-09
5,80669114640481E-07
-0,00197585447803027
4,70324510842371E-06
-0,000146879686840561
-0,0344456673114116
-0,965166828677775
0,241041966594848
-2,26888013520344E-07
-0,0015607778254839
0,000204776702786197
-2,65336339408129E-05
0,000112237474328196
-5,97432307582776E-06
-0,000739948004627005
0,00137662560363157
0,00253473453631125
0,00311948095147993
0,000204419740494947
-0,000208797945349508
0,00111916764780401
-0,000432124595011263
-0,00157450043711948
0,000510288473906996
-0,0167900295947256
0,012571770406031
-0,0611363350313911
0,00772848500426361
0,00410052672523978
-0,00678168904743896
0,0169838460212493
-0,00942501846628577
0,00617037821763746
0,000536473258890713
0,015750389139564
-0,0258798962291538
0,00342514915287422
0,000199415445767075
-0,00680924737456771
-0,000523934953167204
-0,00183649748151054
-0,0155350407729434
-0,00391472479558485
-0,00705699099055496
-0,0149980754525139
0,00155234557948571
-2,28700738794793E-05
0,0107830651149601
0,00299739306144243
-0,0139834089231212
-0,0119808382487603
0,00616083345255182
0,00499756147513119
-0,030575412697582
0,00299600232367463
0,0136000236519979
-0,024719225712172
-0,0245816295010577
0,00189641413563479
0,00506378398151452
0,00129586813767439
-0,00191843278894975
0,000892616965778577
9,75839666175347E-06
6,63940408780104E-09
1,8423174119401E-06
-6,28534774128132E-05
4,89602929113493E-05
-3,03297703832369E-06
-0,0115867040616623
-0,236294580437796
-0,946990439160978
0,00345245572468145
0,0165586088406421
-0,00707135603166325
0,0159038836065761
0,0175605691567269
0,0109114558048611
-0,0022808476095268
-0,0112027012353752
-0,00984456807997806
0,0403783174025617
0,0189049920193524
0,020514612195406
0,0261418340406637
-0,0175987997768461
-0,0378362030234454
0,0102419035703705
-0,0220473499006154
0,0093989870492051
-0,071259368793526
0,0339838059404434
-0,0113933742611741
-0,0409146029095525
-0,0250686034698531
0,018440805920612
-0,0176794744963583
0,0409082890252724
-0,00701259336237727
0,0604239557490871
-0,00532981999424764
-0,00920606359869984
0,0570606510873834
0,0485567451216065
0,0328300719642217
0,0185545555286303
0,028757153777359
-0,0089390349836535
0,0695860464555791
-0,0105347960065237
0,00620634898688108
-0,0476287366921098
-0,0247792621782214
0,0127492683264731
0,0366979545517693
0,0210634831731161
0,0224916984314184
-0,0325812009142515
-0,0172707113249617
-0,00948059986721699
-0,00557977968296813
0,0591491876896785
-0,0305979852176895
0,000484266877582695
0,0363481175014383
-0,0126485082276194
0,0023640096486594
0,000145082924516719
0,00013468768146999
0,00117507805873587
-0,000177431819108508
-4,16752849198305E-05
0,000702539068072871
-3,31819764846819E-05
-0,000167708210270824
-0,00144946160705559
-0,957544886267924
0,000913118508630623
-0,10340058337243
0,0149797333893057
0,0228339270614358
0,0204322134474579
0,00750906731032682
0,0267266193333713
0,162226008511595
0,0511580430881225
0,0751876449517706
-0,0958154214259023
0,0898987797499712
-0,00678338312444165
-0,0257509041501075
0,00956080276494631
-0,0215663764055984
0,0326711567667676
0,00582602993627825
-0,0169946741458002
0,00752193603886329
0,0493831572390703
-0,0428107837361288
-0,00247004192952436
-0,0346538542119713
0,00761569010991777
-0,040051122771003
-0,0354541749932947
0,00580329229332939
-0,0499783679860011
-0,0250099986518788
0,0108422697997558
0,00500083291673643
0,0288724608686216
-0,00631805856061176
-0,0155064629313488
0,0121597132356387
-0,000140558658171943
0,00230494101460868
-0,00662405020591779
0,0408291293841449
0,000141656446671603
-0,00467491936351759
-0,000826517706871284
0,00436903154967044
0,00843071038747488
-0,0239854223335673
0,00414917122883625
-0,00512315934268524
-0,0167806686659548
0,00771253342975247
-0,0056552990466157
0,00156345892561386
-0,0115105141897376
-0,000465025192214781
3,16883082772206E-05
4,25023150724559E-10
0,000343252153527093
-1,69988347785926E-05
0,000164726315431268
0,000798577763316683
-0,0586144256018312
0,00123866210506941
-0,00920128927720133
7,33209293718086E-05
-0,982070211464538
-0,0179206094764972
-0,00214917156336478
0,00135063385713162
-0,00706928248212464
-0,000779880663053188
-0,00652058402165487
-0,0161380820981464
0,0206750225753036
-0,0429319534278429
-0,045670606942459
0,000752348096518986
-0,0657836446062978
0,0132580308639247
0,015695910309308
-0,0252964353038178
-0,0260249151445085
0,00626064689321221
0,0114005531542398
-0,00745470551812719
-0,00523235670039592
-0,00340150188590679
-0,00828061975882189
0,00972774377261003
0,0113135849180466
-0,00750154228888165
0,00200646791605985
-0,0132796682165037
-0,00683665248467824
0,000899269466043122
0,014817848353621
0,00326447070293183
-0,0189347658355704
0,0262082427355425
-0,00774098110189614
0,0127328527068246
-0,0151290531436706
-0,00763897017095177
0,0216336667688578
0,00108675680198441
0,0111894784035305
-0,0348943395888206
-0,00369101591706454
0,0332278440960924
-0,0206368068696103
-0,0071199477265697
-0,0600649997125986
0,0136726530435916
0,0148403887189641
0,0241342980729845
0,0369327622333253
0,0869401726623409
-0,0366443801878096
-0,00416053726834718
0,000193139874867569
9,91300416292756E-07
9,31382311328424E-06
-0,0570072898355869
0,00594340606452486
0,118775031925494
0,000177233092978841
0,000367386078353581
-0,000913488155272162
-0,0453923004256167
-0,0101764720618957
0,903579802151332
0,101239887419408
0,0403208823863491
-0,0150259047314246
-0,040247717415662
0,0592216929446371
0,0581800670905138
0,204995635057114
0,0870940615808617
-0,15802445036313
0,0767811997916126
-0,0485678640276291
-0,0122270852005573
-0,0562248972440064
0,0138190382467908
-0,00336973572652457
0,00221126788637053
-0,00584847469351545
-0,138428563521657
0,0711810625505553
0,0640527875253784
0,0567872974390593
-0,0718990835351366
-0,033130568944604
0,07710023637225
0,018183227837527
-0,00221515900890068
0,0213836677383419
5,83563269363677E-05
-0,0108338030726846
-0,0263314316498897
0,0200784248872714
0,00819125668424054
0,0306112240373077
-0,0272599787775592
-0,0809919166350897
0,0344005128166098
-0,0277189696476486
0,0239976677433939
-0,00515265119578743
-0,0111814340497437
-0,00258038042545844
0,00620051271982398
0,00588254911836688
-0,00401412483898011
0,00686346232805393
-0,000700175031979143
-0,00798286000200272
0,00186356821727467
0,00351596134696431
0,00108607214700531
-0,000894727291058985
0,000187293302703656
4,56560344714765E-06
2,84654307711925E-11
2,76688232807769E-07
-1,11521463196555E-07
5,94469728571035E-05
-9,534651744954E-08
-4,99805985572111E-05
-4,48744092639223E-05
-0,000423636532414932
-0,00162509484005103
0,000239710113267243
0,0481623689820662
-0,653662989206398
0,674463329675537
0,19633230805146
-0,141170578918687
0,0273939664422607
-0,0134883473294308
-0,0462658002767202
-0,0151258949420819
-0,0147050401061556
-0,0117361053586299
0,00675977918297983
0,00732447802666759
-0,0297844649441114
-0,0122627867324804
0,00162070415476669
0,00518367586882561
0,00124478678808301
-0,000846849234708656
-0,00718015402269144
0,000485005821289933
0,00216760033004279
0,00335021543632369
-0,000416277612112532
0,00519902836675479
0,000637092512755064
-0,0220535234922416
0,0246446554672772
-0,0422255658868182
-0,011182032476501
0,0211272282591985
-0,0134838103347784
0,0024100950115422
-0,0155444503214344
0,0358212502958476
-0,0268843368349875
-0,00218736131742042
0,0249866693909043
0,0219247937448391
-0,116489004302491
0,0943704483982848
-0,145733761044724
0,0189856406710317
-0,0167363687078272
-0,0152860170103035
-0,0209940889702008
-0,00258296298496905
0,00808874457623517
-0,00143634969161844
0,00256461622068396
-0,00121321247873576
0,00142267639281771
0,000462394273184006
2,02318036542977E-06
8,54117573056191E-08
4,07933230018315E-05
-7,80391592429428E-06
1,52253594614538E-05
4,39719822901952E-05
-0,000341377332937933
-0,0010392190991068
-0,00574731994249332
-0,0124010694975086
0,000111120055749925
0,0795132735954755
-0,661637742599913
-0,531245791256711
-0,0155701519489114
0,321778202536522
-0,0852069934087607
0,0195414402564956
0,182773669774625
0,0664533167710526
0,0397478603448984
0,0352785371240092
-0,0343758757956456
-0,0492885881276682
0,17673167704967
0,107562606136061
-0,0233065876609223
-0,0185448082640238
-0,0301814681075788
0,00572753517422804
0,0149980590980947
0,046721127612521
-0,0311768017216461
-0,0170894488681617
-0,00768722772090938
-0,00587135936544111
-0,0412727754826507
-0,0843113809915259
-0,0921665396396291
0,183719045349094
-0,0658102780928666
0,0471913277157178
0,00120180535480152
0,0100038746678242
0,0117915348161369
-0,0459633174153676
0,0382837266255757
0,0108816297002165
0,0135370779724075
0,0466961091325021
0,0257190949023044
0,0391874667471113
0,0180014741261962
0,0500900099286481
-0,011677264482964
0,00243234477303602
0,00290510061516806
0,00502531962963676
-0,00569199946781648
0,0105003606039949
-7,81471916631013E-05
-0,0108975542535066
0,0048332344399515
-0,00319986617363997
-0,000115122572888323
1,64546649625352E-05
0,000246031831459808
-0,000119774805332364
0,0921140046448923
-0,000984328655139707
-0,0124010633334887
0,000194905249101886
-0,00198526754619076
-0,00317264794261833
0,0050502636352125
-0,00985781275742063
-0,0699128022143395
0,170215411080303
-0,947854836394961
0,0782602099695936
-0,0145664783313437
0,0570130255494538
0,00173910352746018
0,00450944685215796
0,0442611183464715
0,0385824352208289
-0,000435622440267142
0,00454939863310734
0,0120625378244921
-0,0300254874799307
0,0108710990361827
-0,00997811590225342
0,014023278246025
-0,000815871640360285
0,0132070274591277
-0,0217549250744212
-0,00217881117884561
-0,00611635565356657
-0,000129976469722342
-0,011708094363402
0,0160646890495148
0,0486020586376681
-0,0140272472574752
0,0272825205980784
0,0082247099832773
-0,0162286964202524
0,000648458677883521
-0,00157736175427112
0,0021962736302337
0,00183734960332686
-0,00461358442710962
0,00183960177150821
0,0131740990414776
0,0240063149954561
-0,0968221291720288
0,0930583227529684
-0,136049501406331
0,0218555229378318
-0,0241606288608082
-0,0196533197357134
-0,0280538880157651
-0,0028474569186602
0,00886077759477776
0,000890351208588996
0,00342385353715096
-0,00254858583674014
0,00177611190289397
8,90441441307854E-05
-1,14034197423596E-05
1,37502157172942E-08
4,04558114886641E-05
-5,13692644486633E-07
-1,83899267687197E-06
1,09193455158333E-05
-4,24639433391313E-06
-5,89206605760707E-05
-0,000546060101872846
-0,00424908976913353
0,000118831754496112
0,0066905481700934
-0,0893279153130042
-0,213209286684866
-0,0909359288251433
-0,845517735836628
-0,179631425148471
0,0643647883138393
-0,0997471078755588
-0,0414535271316513
0,0337252546945114
0,169031446207041
-0,0503168898387984
-0,235997640262017
0,183347528680654
0,133582148706952
-0,0589459917401648
-0,0270993799203071
-0,0268274358538522
0,00931845103842552
0,0278411519180505
0,0519354302825373
-0,0226268498955204
-0,0127521352070444
-0,0114042422624516
-0,0251600648826282
-0,0363213809142119
-0,0415571751083574
0,011496282882183
0,104826548590193
-0,0413966611567037
0,0259130908703442
0,0118410487284974
-0,00397309977565824
0,0360554510425637
-0,0422372279281981
0,0327992406629696
0,00798879233256626
0,0138173229390138
0,00921556620400752
-0,0337604831059513
-0,0508183166213557
-0,0154089706717536
-0,00341959657078662
0,0176075799319855
-0,00276866507851742
-0,00604515079511664
0,00614024863297232
0,0155873325339967
0,00696017236646969
-0,00772561392088196
-0,000159424144953316
0,000191958810728176
-0,00273590843001413
-5,04671538649127E-06
0,000134073624942372
0,00109168147823609
-0,000268400260342699
9,09977588147126E-05
0,0316020757909909
-0,000249724478519634
-1,93342685989088E-05
-0,000228947048651921
-0,0433148588499999
0,00138638254300229
-0,0391971693861107
-0,0363514905147826
-0,0689799701395773
-0,0438750561792965
-0,11896344421954
0,807032960331453
-0,472277999932344
0,095714390759803
-0,0440436690869518
0,101791738027924
0,160084465270208
0,0190557629762194
-0,0495306877085568
0,0536941322870666
0,0197715653097149
0,00234902148381751
0,0140722746607805
0,0673377679863025
-0,000350185267394261
0,078094999161104
-0,0219597269165066
0,0183354951748105
0,0173904368630591
-0,0405598288020531
-0,0404132528207385
-0,0794949034492868
-0,0285491927541977
-0,0217881366755044
0,0305403426408406
-0,042160318888551
-0,0108300475239617
-0,020003285188364
0,0120554433029947
0,0187325335358289
-0,0534903635199343
0,0356432712016052
0,0211717984987385
-0,07572211321246
0,0110826396980133
0,0461657920465239
0,0462526984467681
-0,0173777825551011
-0,00724958763686605
-0,0497012826502954
-0,0138663235831061
-0,0358483211969214
-0,0060732614535299
0,00285233715798493
0,0150638425583084
0,00531928880951161
-0,000401595539792132
0,000281245205119908
-0,00454962826279902
-8,39854618655132E-05
0,000256538090840286
3,02362327953555E-05
-0,000740582705524437
-4,13322297455912E-06
0,00343155411339586
-1,96985884359409E-05
-0,00058445731297356
-0,0011676550911688
-0,236033817286642
-0,00151423268104652
0,209511746733363
0,0231971882966456
0,00998163276108053
-0,0116252665105263
0,041329928181268
-0,30778992097102
-0,508391663600338
-0,19723811735578
-0,350597605797218
0,407364608554521
-0,224794486035204
0,0601501308124553
0,00639611955433397
0,14364887583114
-0,076777886417809
0,0347814976976214
0,0230468999124648
0,0125086464260175
-0,0492230238695674
-0,0410533594193995
-0,0593755263267132
0,0848824593804959
0,157276037713367
-0,115990581052188
0,185162519283753
0,0655157591828459
-0,00545265967476674
0,00633625538347522
0,0665896124720163
-0,0181656563501702
0,00933150918242437
-0,0710328017584207
0,0891331666079683
-0,0253663716270095
-0,0671184696906775
0,029953589757827
0,00849477628996264
-0,00787853938697039
-0,00315317548564849
-0,0787625271565783
0,0496237012131071
0,0905693042630547
0,0231299647857734
0,00398416173216237
0,0116583260345766
-0,0213876795203537
0,0229127770960658
0,00171756258040761
0,00415317557996638
-0,00267350728534484
-0,00163453708484831
0,00609993037667605
-0,000394628133611807
-3,55670324262851E-05
3,52734919754131E-06
0,000292484504478777
-0,00179359093934783
0,0192489932518489
0,0784720018455759
-0,00061132313997772
-8,42000001465873E-06
-0,000243355027638691
-0,00244099865874242
-0,0438457052129564
0,0941766951475624
0,0113084049014595
-0,00218013121860008
0,0354183494082307
-0,000854616445485761
0,0691648994955093
0,158591489254456
-0,190404959871706
0,495115689856352
0,473594485407035
-0,0156160083641644
0,178161035208486
0,0110973425175349
0,0416625180830583
-0,283460141160177
-0,45504919550892
-0,00533364569091359
-0,0885528242302906
0,0649134989494698
0,0845964227502615
0,0165020999488849
0,013185986651933
0,139288169105637
-0,0555997672923476
-0,0927274093263215
-0,106703619333713
-0,0178164332830352
0,0228092129354509
0,0552583730752434
0,0906761578104175
0,0123710695496482
0,00192216091099465
0,00454307446649889
-0,0921848259036085
0,0067036073809175
-0,00705336427770708
-0,0136618523281934
0,0227559241586392
0,0229276558328336
0,0140041473800355
0,0583196837010564
0,0104944145061461
-0,174847708662343
-0,0358841165530204
-0,0318464893666717
-0,00511191907955334
-0,00723120339037714
0,0114189114966208
0,00469617159672256
-0,0153928477479852
0,0481007521855151
-0,0275536305683969
-2,7907891225693E-05
0,000201184394313414
3,43172058503588E-08
0,000316616344214725
-1,45374563079873E-06
0,00151697417639607
-1,51681944988294E-05
-1,70571304613176E-05
-0,000566909716883643
-0,00155808589322789
-0,00209152486168416
0,000100848793250359
0,0067547567358906
-0,00989293493083012
-0,0154616247113976
-0,010729005639164
0,0345092958705003
-0,117800808501247
-0,27978525065975
-0,314432914177397
0,31048292562413
-0,332205277163782
0,380667292850025
0,0184821660734033
0,237392925287474
-0,0471571671852476
0,0832173455490651
-0,0300002402596404
-0,0243631139847259
-0,00525071007897108
0,121284245432632
-0,0755072533615691
-0,0324242918935211
0,0524525691922972
0,128094468275135
-0,0493009734170488
0,0876235662876715
0,0540365649469538
0,152480300815201
-0,0453585649876826
0,0372264089290387
-0,0530747328456307
0,257990593248744
0,0768554360643298
0,225160260184335
0,00621932092341753
-0,173505950902469
0,00304851101413271
-0,0149143757065103
0,0623267220834752
-0,0576132438430408
-0,0866390473843332
0,0734876267259069
0,110986601146762
-0,0333759773312399
-0,00859504313303307
-0,0627231056687906
0,00450685470475163
0,00435966947900513
0,0755601211008761
-0,00623423623436825
0,312503558508749
-0,085701534508027
0,0564739340295928
-0,00357894559417602
-0,000484022776843553
2,91788539332378E-08
4,47990740552194E-07
-0,00118889106460708
0,000386735937040568
0,00212283887391511
-0,000478420924144187
-0,00151104126378188
-0,00934516167173366
-0,00562047965771113
-0,00393196500918075
0,146639493944513
-0,0568515693701538
-0,0973687213864166
-0,00582932865942454
0,0778914384249798
0,246126365611809
0,318301929337577
-0,561372605934421
-0,38822892190792
-0,177451344910155
-0,0428718109081183
0,210000003910609
0,0489358995259522
0,132071507162329
0,0636218339844662
-0,00547232600124011
-0,0831214528590168
0,0746468047073653
0,0514173564476308
-0,0276211876368647
0,00841675072876481
0,0902898631908813
-0,0238512044203562
-0,072194875043719
-0,0434580772454969
-0,0690546292807152
-0,0171189175599089
0,0672662900254731
0,162808772059615
0,206641009286109
0,0876342301303324
-0,0180063717755927
0,0216060407786273
-0,159141182021759
0,200757678185947
-0,0261433120592328
0,0284662539502207
-0,1143920723175
-0,0087363727701966
0,0704039469723957
0,0449664021788735
-0,0176933221134833
-0,0446347618951755
0,0121168070791185
0,0102486247488886
-0,016501664609405
-0,0099241611306936
-0,102399572709977
0,0340049345415795
0,0975829895646421
-0,00568358802481443
0,000322045631092443
-0,00296608761718863
-0,000130130473419625
9,45343833765556E-12
1,26748825185963E-05
-3,58897008991388E-08
1,76480976113241E-05
6,38667409233368E-06
-1,27494649276964E-05
-9,74159006921843E-05
-0,000763688392834393
-0,000896648454885809
9,33297840800391E-05
1,61113355886294E-05
-0,00350360830110316
-0,0061134799622983
-0,0205125264079015
-0,0127629865700292
0,0257550978361582
-0,0989487958534193
-0,0864179075706404
0,232436342507253
-0,275142038614675
-0,486959201366267
0,0146695723331062
-0,347186716188549
0,23035352072449
-0,124826326756558
0,100762602669028
-0,0146392374031021
-0,0407004343795315
-0,0267604565448977
0,123827162139983
-0,170326796385083
-0,021077204652069
-0,062767403767927
-0,0135152648416304
-0,0422878967624036
-0,0719375859008644
0,106111025886507
0,00311317681007233
0,00282936915578901
-0,0576137418493038
0,0590769414743957
0,13662749604702
0,194649416419316
0,0532091468016981
-0,127428636017571
-0,167535915255294
-0,164146840113121
0,00165993794423079
-0,335745224094296
0,12270949877198
0,108817150693529
-0,116551590702868
-0,0333574304054136
-0,0948513673766982
0,176093792338333
-0,0089035547881994
-0,00705014703940868
-0,0789717857477806
0,0756344346774142
-0,00917706262699878
0,0154993074173954
0,0330954399434063
0,00353536791791631
-9,24699798890715E-05
2,97945824118903E-09
0,0531343507087479
-0,000221983520506277
-6,86779979599353E-05
0,00224186404577527
-0,00190334409462872
-2,60821030368095E-05
-0,000414305577170655
0,000853979692332956
-0,0973900805022184
0,00957604812908315
0,00249323178528328
0,00257176183767145
0,00626143800362152
0,00424865780605602
0,00802755636438348
0,0466158576254132
-0,0577051850703899
0,243716954646889
0,250813625423222
0,0122626325808436
0,546051257873874
-0,160488618055748
-0,171871836629005
0,351125329373223
0,401446472528779
-0,00712986689842241
0,0422586481693051
-0,0179231904297972
-0,00887953353823775
-0,0157213257149157
0,0845125616847666
-0,16931232950506
-0,0373819416042049
0,166125251278187
0,0610880081781338
0,0249838522343914
-0,0452047893898454
-0,0150353313352565
0,00600284606900909
0,1351945064423
-0,10021653003743
-0,161016159148003
0,156421203725103
-0,0166142508140759
-0,0117852043803322
-0,0686724795562112
0,00959143837389781
-0,111656693470947
0,0318448392063803
0,0117936785104686
-0,0207338372741269
0,0473451984078588
0,0610905239320275
-0,183041628274801
0,0517931244592728
-0,0386842061609498
-0,0624589718512054
0,00627961972589901
-0,031377070664693
-0,0287695396638786
-0,0151617571283069
0,00195747257902005
3,40428883052165E-05
3,64800955887093E-08
0,00422112860863935
-1,80343553511675E-06
-6,53212910529577E-05
0,000242753495333862
-7,0566418891067E-05
-0,000954760767797518
-0,00581983740022592
-0,0227635463039099
0,000581691063555955
0,0164802683084972
-0,200608511637188
-0,284583424944564
-0,066978311312201
-0,323417335830369
0,0154690794717298
-0,0188403699561078
0,0469401017788979
0,0394280997763314
-0,039991947383007
-0,248971279222623
0,0948936005756474
0,454697342773526
-0,388373190841368
-0,302354869865261
0,145385965564262
0,0675390570574615
0,0524085902381143
-0,0400333202907904
-0,055898813088427
-0,114260231646043
0,0451331217502734
-0,00719283073240283
-4,29219574388647E-06
0,0256775103090155
0,0535658182756468
0,046973963120175
-0,204901472075521
-0,205421566458229
0,0557608555818136
-0,055501601675919
-0,0450283170041351
0,0277139849835468
-0,133852255714825
0,142206464083537
-0,0912377004998017
-0,0130914866306994
-0,121280823922932
-0,0809726830424098
0,0578919920429345
0,11937717256749
0,037118504654226
-0,000437867651160613
-0,0580128805663783
0,00930146525798183
0,0207600909143916
-0,0212143098149443
-0,0552384127293558
-0,0237415435943329
0,0275154171296217
-0,00063997805194533
-0,000186282781276436
0,00947225486453956
7,28980898896477E-05
6,70082045845307E-08
5,59215544781989E-07
-0,000974551829843076
0,00016665952153156
0,00429955648139449
4,44866402024928E-06
-1,15533580431389E-05
-0,000122494352914987
-0,0194377199335643
-0,00228636551390541
0,207076394432815
0,0247914940677719
0,0127117518790023
-0,00717069586937725
-0,00771853076919239
-0,0464595936818976
-0,100607366289765
0,0603359228104175
-0,0593442138277673
0,0446809974267071
-0,0398554886302667
0,0039832403656303
-0,0216482701435355
0,00137045737468195
0,00648316793797298
0,127463491246089
0,0495943527435602
-0,0533775765291474
0,783882384855297
-0,164860923577632
-0,091759804942022
-0,186295585693107
0,0645878762235992
0,201963538469816
-0,327021467209656
-0,0986012901594207
0,0064061504906522
-0,081143186967953
-0,0462663521270628
0,075540312946258
0,107310228096406
-0,019971522105536
-0,150481341288463
0,0517565484858161
0,0364929670840653
-0,0233708953882854
0,0237731430708314
0,0358564306498404
-0,0323924228577626
0,059535647257384
-0,0201547733028927
-0,0553697900002591
-0,0190019377864291
-0,00413754272772508
-0,00911972305761336
0,0103540232014776
-0,0118716140636909
0,00760210623447925
-0,00449782037405001
-0,00050501441448005
0,00436849346750808
-0,00201183632511358
0,00019423101574835
2,2682155383421E-05
6,59356224832955E-09
8,51764167163891E-07
-0,0510590583048557
-0,000162675284787553
-0,00105531630625962
-0,0269921348445168
-0,0901545656043785
0,0274799974135465
0,000132934690254914
0,00381419047590995
-0,0028967961608843
-0,000400325091820351
-0,000321956014653315
-0,00191438961181754
0,000173694039592409
0,00526968193315846
0,00641682564894712
-0,0128693672679107
-0,00595748150082689
-0,00775077126113354
-0,0282319956906018
-0,00133157493251917
0,0200527140609325
0,00132354004875241
0,171336150179259
-0,129365632667141
0,616640992893478
-0,0824548300588793
-0,022744728661967
0,068070475565496
-0,189641636913311
0,10325706466346
-0,0262895599942973
-0,0204766939397451
-0,134810865825844
0,282455315912538
-0,0459247568459831
-0,00836302358627439
0,0879401593484796
0,0102423434121601
0,0280217920068195
0,137215727406254
0,0444889637440857
0,0812038388083605
0,143573608922159
-0,0132348552866744
-0,000659405726211989
-0,114703276306736
-0,044824391557295
0,135176527744556
0,145570943081621
-0,0444817326572205
-0,0471245935674935
0,334302165539648
-0,0433324834566558
-0,150781697105493
0,2732677540461
0,263110986918892
-0,0168662097401858
-0,0567335837239684
-0,0131428700469299
0,0193590157372297
-0,00977631635410317
-0,000102962052065577
1,21663618492426E-06
4,63362339391584E-05
-0,000434890763277267
0,006727591829525
0,000543695868050936
1,88389979845477E-05
-1,14508907211274E-05
-0,000163071107763516
-0,00111251332362144
-0,00191733363616806
0,0152355036017736
-0,00281832814154713
-0,0104734999986608
0,0137692811032122
0,00957586456451357
0,0607727621796991
0,06888689944618
-0,196039930263399
0,165256031907944
0,231707800334802
-0,0538110709414318
-0,571267386578097
0,0444348343514892
-0,0952325189900711
0,106110796397456
0,403814570568274
-0,00313219803931965
-0,0205918391518298
0,0546938421405198
0,230755414775054
0,0308803922642373
0,0470344679878429
-0,0333419348240359
-0,117731224853368
-0,0595043344936912
0,165949687894696
0,035515603123765
0,140998490679895
0,127060404624972
-0,0506753155510081
0,114890083247758
-0,155898908806422
-0,0450321371749148
-0,345957367984713
-0,0743433734872286
-0,0915165477316314
-0,0262399351782664
0,0151541916452031
0,0487313344821242
0,107394562579286
-0,0492155868434503
-0,0793188248863049
-0,0999731324763992
-0,0166081703032977
-0,0329660876591435
0,0370276172052971
-0,00585379369882201
0,0335745035432779
-0,0170606476864127
0,00911015750009453
-0,0117353927664343
-0,00545747953814944
-0,000477376261904654
1,85767310808946E-05
9,40420815286657E-09
9,1346977450387E-08
-5,73460532706702E-06
3,45705404711883E-06
2,22949595667763E-05
-1,30686470140066E-05
-7,87740681854924E-05
-0,000593649042843594
-0,00104719522798079
-0,000167501067455023
0,013001609987109
-0,0371237504020877
-0,0480905529833488
-0,00291621546584056
0,0448938882944006
0,0296752845123079
0,0432029058288593
-0,127626612466725
-0,101615165005472
-0,0300068557814178
0,0608781967408247
-0,0431233699641909
-0,375312143477491
-0,404165830184529
-0,143433650565417
-0,108001902172719
0,0534480454529153
0,110627109622484
0,122974928058706
0,00647295572710886
-0,0818101517007668
-0,0485360661799277
0,27435660831764
0,060712492313643
0,404125090894602
0,0756128507171795
-0,00769069216163751
-0,165952704503574
0,0822869122124192
-0,23469103592077
0,0129856727727239
0,229773604527722
-0,00191063654096468
-0,0200231170510493
0,0714921613378345
0,00543710366163178
-0,0331367477708258
0,0111500229706241
0,136197477603625
0,229503155096804
-0,156323887691295
-0,250503471732221
-0,01264208359494
-0,0893850427939176
-0,0616158776804725
0,116515541488274
0,0220587547291468
0,0189770125626053
-0,0133231917437604
-0,0170938676922548
-0,00826596998583586
-0,00632446635489846
0,000169555968754902
1,86648615864208E-05
1,83827902058984E-08
0,00187796676627977
-1,16213103262749E-06
-1,69458921359145E-05
0,000304206840341239
-1,36970932232278E-05
-7,30833522431158E-05
-0,000594284505577982
-0,00788285146417774
0,000284152366288338
-0,00147276074461273
-0,0176653511911578
-0,0318375492142158
-0,0254860681048493
-0,0552969388110219
0,101678254514625
-0,111674167131701
-0,0312900925892995
0,133307367231568
-0,151081244499377
-0,361243731507914
0,025371547140786
-0,0666943358417711
-0,0366350110692408
-0,0870732173426638
0,0133883252647082
-0,00863372673507661
0,0516345860724801
-0,0398247972626383
-0,095476006169003
0,168285827532304
-0,14249266534014
-0,0428977201422773
-0,062211100054192
-0,0572837826517456
0,267891700964169
0,0359912643007152
-0,00610780475218125
0,0930505273543104
0,299270540615351
0,24649086404492
0,290227162969554
-0,118084397731259
-0,0428650715967896
-0,105442968721869
0,21494362833532
0,083813090087441
0,10976341466619
0,392995079578822
-0,233166942351625
-0,174011651609882
0,0743347734673333
0,0629162000870648
0,149355047329588
-0,13856601073456
0,00439116796719386
0,0118493355081512
-0,0521504066940616
0,05907209749448
-0,0773701887679109
0,00905466545866515
-0,0608832216461346
-0,00730046284023015
0,000175119703094345
8,54668386021833E-05
0,000129766973783807
-1,59478299159451E-05
0,000587791973253783
9,27015794339172E-05
-0,000395475238893192
-0,0108954079171521
-0,00995416681848982
-0,0231959413915947
-6,48950782362271E-05
0,0430852991726623
-0,0524137930003514
-0,0607152073378903
-0,0104324487485221
0,081301349442806
-0,190050988847576
-0,349519178965345
-0,2812868209211
0,0154216495942157
0,0101706704646776
0,176440586243959
0,0224189227356185
-0,00826633290577728
-0,0589765247963811
-0,0802545280067894
-0,0156910467576701
0,025323916811784
0,0283224342729799
-0,265995865816302
0,113947548333111
0,151100021722665
-0,120240556744073
-0,349651789213106
0,205218482096676
-0,322358457676156
-0,117813806503
0,0341609938744694
0,0507319851677652
-0,180995930835039
0,00662945521734842
-0,0688281868409448
0,192748302823232
-0,178255852311348
0,00744936419548685
0,187854696642043
-0,0568337602939046
-0,0381980297808944
-0,00436948245315114
0,0476339864473692
0,204521129259514
-0,158749413163806
-0,250988414443494
-0,0677068586874538
-0,00117203750055647
-0,0552994982885534
0,0652841336902088
-0,0705402083645422
-0,00688716176799934
-0,0108948048237992
0,00445195205042376
0,00698980920810693
-0,0176255184931361
0,00117444468669093
0,000113682268115449
8,45379813904484E-09
0,0033949533611414
-1,30223912306494E-07
-5,46880321464452E-05
3,86002005624313E-06
6,66454945913466E-07
-1,84265630572105E-05
-0,000162332699010433
-0,0138388637555893
0,000298701171311328
-0,00134137722455752
-0,0124533025660029
-0,0219398991122877
-0,00563849350171504
-0,0341371689303088
0,00316063453355188
0,00541289423160885
0,0106299925077927
0,00795561676693364
-0,0144797465848441
-0,0503195898724807
0,0165649571174929
0,132685762940876
-0,133440629463211
-0,128122103418351
0,0574334521797992
0,0274633894458092
0,0301454585946646
-0,0409205372952949
-0,0500451667222828
-0,247267982814277
0,160247589948435
-0,0715714713430827
0,263855434363796
0,0193555730934659
-0,240202108580118
-0,079188400407735
0,387436813050479
0,315140685159362
-0,0851250898464469
0,0833437477514127
0,0189617030499338
-0,0305580493025721
0,105637276368823
-0,0978980517158605
0,0843496943453979
0,00472354711237033
0,0739035460924675
0,0679797064399158
-0,0364536041642887
-0,0747211738060753
-0,0107792342519278
0,00306876287499902
0,0517702172464035
-0,0848589770406701
0,00656935237684847
-0,00873657326492739
-0,00325027946070861
0,0375133493595808
-0,0628824181796242
0,265042530826386
0,55857835368927
0,0177953318015202
-0,00141109140811425
6,97326625536603E-12
1,8595321477494E-08
-6,49429473823375E-07
3,11899034794817E-06
5,47886469496007E-05
-0,000166430238526737
-4,02880273292145E-06
-8,2427626361505E-05
-0,000115753519612218
-4,85526777424131E-05
0,000646386152704344
-0,00265401259147822
-0,00398422043162996
-0,00364570216510114
0,00314431446996815
0,0204933177778348
-0,00423792807174498
-0,0211802330003937
-0,0185430989368853
0,0022046277684845
0,0156343408047796
-0,0153606116139671
-0,054317001866329
-0,0757004562613177
-0,0253938222175648
0,0342260499490602
-0,032658685016908
-0,569043368755897
-0,0959290857016392
-0,202111373203803
-0,0165408087975692
-0,0440399807088944
-0,0454230272981891
0,11205385231898
0,0492917964850405
0,0401338737030512
-0,0667028453581767
-0,0391471081056541
-0,0347153680573078
0,262550517846377
0,0387940557610383
-0,236348735944842
0,316094861933976
0,0746267661693128
-0,114464785551354
0,102849553083086
0,0415437686334446
-0,131630658483991
0,11250982033928
0,192692746982785
-0,13084974991612
-0,199576384326035
-0,0598437511687634
-0,140603613456524
-0,119744326625112
-0,246641833810393
-0,0552990595874436
-0,00187468406733312
0,0675130870678839
-0,090530608463797
-0,275357821112135
0,112830002168529
-0,0245797132305455
-0,00114185923502859
6,24014392460445E-09
0,000158387764011626
-0,0435942525892882
0,00046886232748935
0,0980370441477014
9,26900187071374E-05
0,000273210004940461
-9,08596272090587E-05
0,000105020657239878
-0,00374202372341268
0,0331386824381191
0,00477952551103989
0,00398231667760051
0,000577448265151893
0,00123577695897969
-0,0237127412546965
0,029950469566247
0,010432074353278
0,048380842052427
0,00841517172073022
0,00476089481185534
0,13012118145666
-0,0425514073279323
-0,0840295929844515
0,182627117137131
0,237701439997844
-0,00690242469599329
0,057609456011961
-0,344720271620035
-0,0610848352926327
-0,0814135038797731
-0,261772844386432
0,672861811795804
0,107792919458966
-0,394069987121675
-0,0783879706763739
-0,0266302453886071
0,044792965119026
0,0469098445728303
0,00217312775194448
-0,0624773935950278
0,0427708850424768
0,0831530506949994
-0,0725677904330158
0,0148887765016966
-0,0485503893163829
0,0672261060137096
-0,0328158636942086
0,0493299463320668
-0,00784866052846027
-0,0124972085667504
0,00412500133071208
0,0105076760208988
-0,0119761652712001
0,0736426681849547
-0,0174923475863328
0,0147258386183433
-0,00237850779871644
0,00488874568674136
0,028000520998325
0,00167657145140674
0,00995335802291278
-0,00102273834301719
-6,55377919044444E-05
1,46879608255032E-06
4,71295055527545E-05
-0,000343112378932371
0,00782992200425835
0,000511911495663589
2,47509253921816E-05
-6,17166536906604E-06
-0,00011117091353034
-0,000629717221523348
-0,00159214228482109
0,0113908344355003
0,000227426015007667
-0,00481402288449083
0,0126088144978785
0,0029991605121119
0,04134161871052
0,0503396259081111
-0,117204163504394
0,115919369642992
0,143783115494228
-0,0234989306893047
-0,272633865436556
0,0632311574600291
0,0335649566830808
0,00297600076431301
0,188304799431262
0,0465836894987237
0,0427269326678773
0,00610639858937596
-0,0209695504501051
-0,00168449686830185
-0,22870433624182
-0,0199009858402351
-0,0574026719619468
0,161195235812959
-0,0661465063905724
-0,0205457427032023
0,00547154355297379
0,0178007765495776
0,0194588752114159
-0,0828474269221014
0,131425651982013
0,149761691847463
0,579293985771787
0,378365992912424
0,0891672604004535
0,153520945511907
-0,0358556900783499
0,0583778824627006
-0,0832670910694434
0,0883108407696554
0,0782939882329811
-0,211485590785803
-0,00133254002132587
0,0427598271389351
-0,0591961034093149
-0,00255902477016869
-0,264084522084314
0,108770500809132
0,156493657980365
0,035648406302812
-0,0163363132044587
-0,00462529670198706
-8,22797329183412E-05
8,61296604256596E-09
3,04671989731551E-07
-5,1845328868363E-06
5,5117477635493E-06
1,60426163490092E-05
-0,000245983431257498
-0,0031711383904135
-0,0172708482767399
-0,000620923751149131
0,00039718827378
0,00805775373038858
-0,00713064925893653
-0,0127234678617504
-0,00107081257872343
0,0134109341681457
0,0111991255668543
0,00804309647996898
-0,0971139578095225
-0,0653354976769714
-0,0283373414647075
0,0160416387132065
0,0563134225787204
-0,032468703158123
-0,0842235927472511
-0,038057155736321
-0,0405718514295926
0,0579472153742449
0,0266858845744068
0,0131138623523678
0,491267170329998
0,101541528465862
-0,418211139790596
-0,0423495064652082
0,501877972702224
0,197630983172348
0,0690142105463825
-0,060621261954132
-0,00958966314119485
-0,0103518607611858
0,10896411137641
0,0372282436495247
-0,21228143410756
0,00906804535441128
-0,0584347668333978
-0,148720349716692
0,0278014391083122
0,0276957744454336
-0,0521005275095319
-0,0933301625630347
-0,153487613852025
0,154405911237256
0,187635467759722
0,0100464826617629
0,0130349413868857
0,00971778977556646
-0,0262050754903221
0,228312933838993
-0,0373526209351207
0,0424282810435752
-0,00364101714715159
-0,0350650956905981
0,0238588788919885
-0,00263314846029455
-0,000198967416252922
1,8128481053359E-09
3,87772188015984E-05
-0,000343216753598042
0,000518986003042897
-7,2644057195445E-06
-0,0145755891876913
-0,0363987492156151
-0,14009792334037
-0,00203603958356017
0,00470000515933229
0,000436183875723111
0,000325497971721832
0,00672982186328349
-0,0369319607832621
0,00127702794404718
0,0126287973213619
0,00638158079705948
-0,0253471808373145
0,0213243819791957
-0,00598833004310844
-0,0693569841220394
-0,0456829854447351
0,0190223891062853
0,00178505164927574
0,201525780172426
-0,112448605249198
0,491093902701085
-0,0211536239648901
-0,0407170095385973
-0,181406712964938
0,0476387384589201
0,00776940208368827
0,00366615386670801
0,00658932871700561
0,116456862823771
-0,286840733095668
-0,00141030020281082
-0,0328868434620944
-0,178589799028082
-0,0878103075383986
-0,00192347807105901
-0,0826516049251826
-0,146452739113322
-0,226828514084467
-0,224065056763346
0,0158643103911832
-0,0207592445061912
0,0803244610835146
0,0684768990318034
-0,0321622380831807
-0,107776818044199
-0,0423868924785669
-0,083210274569322
0,0378412852926124
0,115382762271162
-0,0295036933424564
0,013564921560707
-0,499624372253761
0,209322490017906
0,165283831906989
-0,0256978713941219
-0,00553852903672261
-0,0076334311333442
-0,000347173575466006
1,38760212612473E-08
0,000132893966574137
-8,18105269104858E-07
0,000628608062109366
-4,09254526852257E-06
-0,000140752998956304
-0,00295275478373527
-0,0159169823955545
-0,00113315855343386
0,000548822373393213
0,00271186854010813
-0,00510624042473892
-0,0082241731441024
-0,0137750042556985
0,0111317656985886
-0,0467155815190531
-0,173873877520659
-0,184435560125409
0,254989124524844
-0,281594624871865
-0,00975558499420897
0,0143761979178313
-0,0351196238890531
0,0869150761176695
-0,0185323057063975
0,0378581231523359
-0,0443437610599326
-0,015792624281541
0,0784481825858725
0,00723544480450969
-0,1933668107566
0,0572149921480884
0,0873568420468507
-0,0671917189146244
0,0843133469339747
0,148455630394388
-0,374164634227234
-0,0257608991808651
0,112823477024539
0,110765420225641
-0,561369124348871
-0,250959986754311
-0,327205984205033
-0,00349245979054669
0,0278427112620251
0,0631519207146632
0,0392028884435999
0,0212585196783684
0,0685692227450277
-0,0135842623559804
-0,030652346320057
-0,0407503490666684
-0,00625821834421343
0,0198547278219617
-0,0013194559234243
-0,0472800001719188
0,0318742936556084
-0,0749393738948926
-0,113419420575889
-0,00738362741084264
0,00402644179125483
0,000190150743424594
-0,000117313274440455
-6,3128965103121E-08
1,12509091718472E-06
5,6311812066359E-06
-7,46056636307692E-06
0,00559866208194013
-5,75503249914139E-05
2,02957796924396E-05
-1,13227967247438E-05
1,22094508977128E-05
1,9109928655095E-05
-0,000403669755932107
-0,000182740276659401
0,00026251127447119
-0,000736508466162566
0,00497895291824451
-0,000512096737783679
4,65853452105997E-05
6,10132665801447E-05
0,000991216127682133
0,000763818099865596
0,00308884612448518
-0,00151091456257234
0,0111491463382529
-0,00437693891333818
-0,00438388822383801
0,00802781023073803
0,0106271819273299
-0,000426236747088392
0,000300137860361939
0,0154615305960221
-0,00240585476312895
0,00235779495494238
0,002864530006126
-0,0419563348397112
0,00898482177450454
0,00107125845351297
0,00657286025340778
-0,00863052557841602
0,0191718684209837
-0,01093535848239
-0,0369986429516375
-0,132259705020068
0,12714650058559
0,173764123275771
-0,196234964098648
-0,0337276617128449
0,152523269496979
0,715132166557124
0,306580396702091
-0,362853218376827
0,10168272784299
0,0622339636477084
-0,0697899054790551
0,0435936020836397
0,066819170524132
-0,277061372744044
0,0312578687535904
-0,0469509392812854
-0,0902550723225981
0,0406523723761217
-0,102757467297591
0,0463050501766744
-0,0615534216675195
0,00104682868925949
0,000323455843210252
1,3838320530407E-07
0,00145280570600261
-9,92002276716249E-06
0,000482097852126381
0,000291997725850066
-0,000226587261235829
-0,000475976437449627
-0,00277106922096394
-0,140750931006644
0,000475952006488867
-0,0098466469288451
-0,011543717472754
-0,0136217855505733
-0,0548634660138346
-0,0363442091276247
0,0593935859672863
-0,0739726372931982
-0,0213771898066685
0,0330960830834996
-0,0231835170357764
-0,261141657819044
-0,0315647790415733
0,12025679399471
-0,24461458086716
0,28842501550308
-0,274438487499382
-0,073984240049994
0,0532505969050157
0,0183425491258381
-0,256731096881812
0,485144811640862
-0,148264672304592
0,0187699636781372
0,00551143097040496
0,0198212325450516
0,15236328837399
-0,0880088616215025
0,220677437051293
0,171622766070859
-0,0606827357448218
-0,0329041209626191
-0,114725383456067
-0,0631844383095861
0,127343096721187
0,0123371405587498
-0,0454866820848663
-0,0296765882897736
0,0800216371907976
-0,27829312146409
0,139202349383922
0,0226803259461082
-0,0920346294526096
-0,0625501384066397
-0,0825727611075259
0,169316785835532
0,00209315102821303
0,0101000638796841
0,119189055393069
-0,0640535012135138
0,0540745133421797
-0,007438891627788
0,0793329379971358
0,00415043002460599
-0,00022032451969212
5,4991928064952E-11
2,91194000599923E-06
-1,71804043550935E-06
1,31741999971456E-05
1,93279883852575E-05
-1,16681412077925E-05
-8,34311028965439E-05
-0,000352280409856301
-0,00267858243706531
-0,000803793644511489
0,0035966489539938
-0,00017124203789669
-0,000728806386761008
-0,00246765252308989
-0,0019041608264951
0,00234082164462892
-0,00647804916147305
-0,00194503971026093
0,00407132843724173
0,00629800598173252
-0,0261353980336128
0,0194259979726744
0,0100338874859378
-0,0393784504634629
0,0551867224489535
-0,00944375009945244
-0,00703126576731635
-0,000883780588338328
0,154279908019519
-0,0833928576431945
0,134682240309087
-0,0876685843180638
-0,0562197773988102
0,0448811826782
-0,0728047658111769
0,0426047728870264
-0,0500009025230364
0,193730622805101
0,0729078587662436
-0,178811418527941
-0,372211111551097
0,147816754496218
0,374299324754513
-0,128433987576904
-0,0349146667028028
-0,0747242234209282
-0,366620866402927
-0,20850678370845
0,0382780717936172
-0,0742495435937375
0,0668865633376088
0,0977028469377651
0,0815599461799988
0,127516069602044
-0,481542351138369
0,0495470206776039
-0,0710171836434585
-0,201591557684591
0,0692206454360355
-0,0562789278970843
0,0362276919069425
-0,113552612446995
0,00042819167569683
0,000434308479380844
3,00570073598062E-08
5,15692865016646E-06
-2,40631325479109E-05
0,000315572735257164
0,0049900494499087
-0,00997497682066745
0,000409637990985863
-8,27796074229362E-06
-0,00192424723289076
0,00168762260200839
-0,00565134826249855
-0,00514405889326191
-0,0031885587265086
-0,0359573744995619
-0,0117776104952498
0,128338422184905
-0,0703496936986328
0,00495407995783378
-0,0218554363098117
0,0222980733606725
0,0428156221403728
0,00247197034555877
-0,0207018924442865
0,000671929287842468
-0,00193262761994405
0,0378334285955205
-0,0329079826809539
-0,446729193444657
-0,066200426499913
-0,09221987552747
-0,0272326548819865
-0,0449553875203885
-0,00757010255687995
0,118490875577222
0,111722940129932
-0,0169751256949476
-0,029551395228022
-0,0954601404053419
0,119382478817226
0,0242817789131497
0,00176432142749763
0,0300694917671997
0,0538816529248225
-0,137044045541133
0,34261374835452
-0,323422215063188
-0,150360014272209
0,478767039604312
-0,0619821269646774
-0,146128476866463
-0,109535664342269
0,15237995799379
0,0209978535622748
0,257939745982844
0,109202639679269
0,235854627652356
0,0434592940173307
-0,0357772732818725
-0,0922947024544426
-0,00941608248186157
0,0166030051507754
-0,00509211277501268
0,028817301830335
0,000478065208362708
2,43019212875489E-08
7,32478706374109E-07
-7,39777368958765E-06
4,39783459804074E-05
2,81658567405321E-05
-2,41200121730701E-05
-0,000266488710248182
-0,000715764657351864
-0,00224678437481628
-0,000289232202282405
0,0197233658768433
-0,0704185331667914
-0,0837685752806344
-0,00440709632707823
0,0790533120722413
0,00661792904028467
0,00843362290801916
-0,172265351997216
-0,0817167282802876
-0,000108468541025958
0,103134179010219
-0,147707159268342
-0,446445932526708
-0,480354090325177
-0,152720999357754
-0,0327813048052917
0,0498375322747636
-0,0156833792396825
-0,037695636680035
-0,135677376381653
-0,00278545807820291
0,107987482342891
-0,114537231089807
-0,190278731264482
-0,291571048454803
-0,0737901764136819
-0,00724736351815642
0,0230229066446868
-0,0784252918417381
0,0525464165352754
-0,0522546834080126
-0,145315429384726
-0,00652550547695342
0,108188080471776
-0,106851135371203
-0,00359728582830676
0,0199762186577635
0,0578677533485731
-0,127833246307681
-0,261190922725025
0,16220232041294
0,297805109123115
0,071856795077665
0,0431907591270163
0,0556482189710418
-0,116122645772563
0,0104547355088176
0,00436221954122402
0,00702456289581827
-0,0149294166003986
0,00577837222442447
0,010197987707882
0,000824754457694527
-2,35273968166978E-05
4,86260666251439E-12
1,34972231167571E-07
-0,00038532731774123
9,24358745360897E-06
-3,02147212691337E-06
-0,0146342725830065
-0,00242971402327234
-0,00332748981623467
-0,000175710556972285
0,00239604714254966
0,00474956427222571
-0,00326426682796505
-0,00630038985373486
-0,00176174902351805
0,00425184999243551
0,0192125949529517
0,0249910637752265
-0,0529366549852704
-0,0407375458192394
-0,0223483449905383
-0,0262490190245735
0,0355230034187879
0,0329452763716399
0,00185970354282127
0,113151024765903
-0,0840744786692045
0,403740708200165
-0,0635798883286405
0,0125596078922123
0,185752116120689
-0,0922123496726498
-0,00138689157098309
-0,0132283829051906
-0,00306424606977462
-0,0904762170624762
0,169395476906236
-0,0279958291209097
0,0478017978815823
0,0630461875407557
0,056675857419756
0,00784787133392965
-0,0238360540919803
0,0982338716453726
0,111545604027074
0,0397670412573651
-0,00475706976320928
0,0157746470691745
0,0790569973562127
0,0042907399824867
-0,151462017395586
-0,130584715258603
0,100466273668834
0,139902991136252
-0,549370832679058
-0,0267586818841795
0,250823098245522
-0,441603926918366
-0,0190277898833107
-0,209389061614521
-0,0514283501086777
0,0518291213424863
-0,0297344611375844
0,0434840441439136
0,000781081997689662
2,26615398025024E-09
5,66288518945337E-05
-1,74596542072815E-06
0,000639435738262913
-3,13135631842737E-06
-0,000269273983238476
-0,000460883413643548
-0,00263098307244838
-0,00382844267134586
0,000299293775495383
-0,000441281569817371
-0,00440218038010555
0,00304811949104495
-0,0586525890133785
-0,00416023614880792
0,0155986173102022
-0,058067256512127
-0,0569327423290579
0,134138730540806
-0,146001871230237
-0,303741328494877
-0,0239570253600109
-0,161708263136986
0,0723733751945599
0,0785902396594266
-0,0434743361398073
0,0430144832852532
-0,0263078050996516
-0,00286323518370147
-0,00264264929468592
0,119105267444262
0,119990634106478
0,0421078426669944
0,127728093099067
0,0427789318935968
-0,290906094083081
0,097893968187389
0,0209913251494999
-0,182224112682709
-0,29245820264409
0,080645780357173
-0,328071198013538
0,0318470688990284
-0,0479248978011728
0,319049411607168
0,0495879570826098
0,199350197022
-0,129002168816141
0,238302013553137
-0,00946023972252461
-0,0289742360257176
0,199176453447592
0,0133006662078832
0,041119484461878
-0,244430851512373
0,0506936409300119
-0,0202967398982005
0,283511693464989
-0,141802144151935
0,103383798456059
-0,0466843908450445
-0,013197467303639
-0,000510631785141936
3,15430428349648E-05
0,000136047038983739
1,67419453946276E-05
-0,000138244699867017
-2,89031554844069E-05
0,000320689259953124
-2,64813311082008E-05
-8,86678962592036E-05
-0,000746327980904591
-0,0318716303831259
-3,95508940258218E-05
0,0157109876578923
-0,153849334067998
-0,174794844715477
-0,0168489793360258
0,0265281085670309
0,0633748024968419
0,00702584335462877
0,0304902598295203
0,0046119140913002
0,0177781606226183
0,0685136226712838
-0,0296253692674671
-0,112254598005445
0,0804219558030156
0,0411113255761467
-0,0343844815889307
-0,0146908298793131
0,0613660295381138
0,0554309614912025
-0,0857470800509378
-0,132606311140639
0,0814686637329414
0,162915969429303
0,122825290346973
0,182315017145283
0,208714741977624
0,283687136948176
0,496665783857822
-0,445869451590376
0,242177217402224
-0,0943661070854807
0,00471821762548386
-0,0280461919571161
-0,00834601392432272
0,0465616779174042
-0,0584033213614637
-0,0178066326155173
-0,0260905018343092
-0,142904223358283
-0,177956072342786
-0,204068417647282
-0,0650880685212229
-0,210324099537419
0,0554206966446089
-0,0116182513647452
0,00302689523973233
-0,00498403530206399
0,0640649497113314
-0,0253862165179276
-0,0185928020500157
0,0426985087403127
-0,0166246235501242
0,00421954698758969
0,000375878784536005
1,72722745088038E-08
0,00305974034191893
-3,54464782896778E-06
-4,48746939468343E-05
3,5909851538543E-05
-1,58119576471456E-06
-1,22696948166044E-05
-7,96882355548791E-05
-0,0081905960360009
0,000191173428775259
0,00913390471712592
0,000409656271079763
-0,000475977309897743
-0,00602267892861572
-0,00229992213537858
-0,0111201640505897
-0,044807372712503
-0,0185504490737576
-0,027035107512031
0,038796358798202
-0,122501283904984
-0,0683413838493737
0,0643769134346175
-0,154577903098094
0,378795548303077
-0,340757434503821
-0,275091377843102
0,00306416370889884
-0,0405278561140542
0,0142638013632554
-0,555221947721118
-0,343747330889065
-0,204926500348279
-0,174318866358175
-0,00281579292829103
-0,0352681182487488
0,0613617476026062
-0,015839383468516
-0,039183573446926
-0,034058830362659
0,0372744923500079
-0,0134854038586316
-0,0265866962007365
-0,0308443154241192
-0,0506964451659638
-0,228976204805543
0,121688590473343
-0,0869854313064848
0,125629641241236
-0,0139972188807969
-0,0263502322661033
0,0237442129528925
0,00848148030294524
0,0246749115342585
-0,0631008169896662
0,0119028651308221
-0,00767656635246229
-0,0159745397108634
0,00889089001207215
-0,0174509978055616
0,0107615534938878
0,000878891455775416
7,14833276921702E-05
1,3971332812913E-05
9,62117446889924E-13
4,61317525294842E-10
-1,91123685474528E-08
2,54404485132144E-08
1,35881446187691E-07
-1,57084714403471E-06
-2,12650164123318E-05
-0,000160995729345582
-1,76356325010361E-05
4,20462360422302E-06
0,000357968921079903
-0,000746320815207975
-0,00126139500744667
-9,80069344512852E-05
0,00155725814599208
0,00127433669690745
0,00158921185526915
-0,0081802412915661
-0,00695980586527511
-0,00257411091342206
0,00356113639441026
0,00157034815599175
-0,0222629127156584
-0,0305363324977839
-0,0127531307681722
-0,0116083378174919
0,00954725453862047
0,01230943251704
0,01403759261888
0,0713479676815127
0,00596191861730609
-0,078271735349087
0,0303321261571408
0,105889110314378
0,103222249892038
0,0279929616466487
-0,0177994179762593
-0,0395183461576435
0,0162393101975521
-0,0245426784489088
0,0180119650027062
-0,0151851293605059
0,00351884733568866
-0,0382683630216688
-0,0625844163443257
0,0229465720741898
0,00198552002955187
-0,0448679390211822
0,0201762112526568
0,054433329936149
0,1084340711558
-0,0136736547363797
-0,0426883439120775
0,463584555476414
0,193340271415654
-0,269912750413072
-0,766470962597471
0,062380320440721
-0,0796629680164319
0,0384941852069573
0,0917256014180073
-0,041315289204729
0,00541831561724813
0,000399716599008683
6,16243497478707E-05
1,82516329579235E-05
-0,0681704414640901
0,0134463015453254
0,00172163090803015
0,000161701710257677
0,000399976414908999
-0,000737179991981981
-0,0155819776293769
-0,00470676300558215
0,0866414813010247
-0,00299884358530698
-0,0239895299844781
0,0194342767740691
0,0104071924031289
0,166270175121963
0,159010406524849
-0,271220215405955
0,0875243165776907
0,1574478027476
-0,0147151523009301
-0,11510281084708
0,0825763223497415
0,185270812445085
-0,0864062651141479
-0,0403781985295619
-0,0522090156345097
0,0893679818050903
-0,0788110081297963
-0,253921384059974
-0,109091372066044
-0,013338217505122
-0,0419253221867942
0,273022204914778
-0,0915247325123167
0,298216184446284
0,0466886605610859
-0,131935342227882
-0,158966732374075
-0,336906758523812
-0,0151604676088868
-0,0765275016027217
-0,0106392885640027
0,142224815583282
-0,0891417609976794
0,0720462130497527
-0,00282768489236183
0,0105536981534468
-0,0634925902488282
-0,046006652515758
-0,145367654109705
-0,0289182645288284
0,477379107495108
0,0942695590864794
0,0956533205344901
0,0112310160561924
0,0220666652663512
-0,050302290764663
0,00291160944372351
-0,029015605511953
-0,125962419182286
0,0681258959501222
0,000860972610789192
-0,00048989491255714
2,57118982206959E-09
1,1072093745376E-07
-9,7045296403572E-05
4,49648276909875E-05
6,87783900471856E-05
-0,000233824540359619
-0,00051113263870468
-0,00302129294624598
-0,000396727128944342
-0,00266864215017412
0,00738747978567757
-0,00494694977590545
-0,00963614423221868
-0,0033859857709281
0,00484913819562414
0,0455941975416215
0,0308523455109182
-0,0793385219164084
-0,0539724401893081
-0,00891958893001268
-0,0140831534522065
0,0103883243283113
0,0372034427082717
-0,00376488585293654
0,00754362505534691
0,0642743843187877
-0,0673935392117262
-0,575175390110901
-0,0330350523325646
-0,0326877911243067
0,0219413195543414
-0,0331927762402492
0,0562669924398773
0,0224483520851382
0,0636695082543266
0,0606997264115934
0,0550722253302984
0,0993137063295965
-0,0482639365532376
-0,250724714362915
-0,00223469070859611
0,303980973372031
-0,400706689912811
-0,0290272504710302
-0,0839258802159392
0,116157563986997
0,0730575241154369
-0,266895758578159
-0,0749623796133981
-0,047873425144003
0,185909798436656
0,108397268252553
0,0315148202516087
-0,158674786861891
-0,00685844679884285
-0,0474657374348731
0,0112672178453455
0,0387003692045457
0,0186272380024936
0,11016027056097
0,299108107122009
-0,125558510396321
-0,00033586402566007
0,000846069555904444
1,93156614859782E-09
7,19662648037759E-07
-6,1461121835233E-07
0,00056234289010183
-7,86425143675958E-06
-0,00139136390459676
-0,000906899431105493
-0,00540622177304973
-6,60417127355956E-05
0,000801881211628475
-0,00037339029891181
-0,0031760140516561
0,00898837558336186
-0,0608636133786228
0,00614493505240645
-0,00288859212469499
-0,000580911758511784
-0,00594550928449404
0,0114413105254265
-0,00658194081850972
0,00577914396356617
0,00165938472293752
-0,002737535797456
0,0103968410519823
-0,0117338406992191
0,0100262812494856
-0,0248336434217888
0,00919340027274457
0,0151440419803892
0,0124321001846843
-0,0409017541484921
0,00941519002223936
0,0184469120282143
-0,0462264474967716
0,0110124463304888
0,0614298601013706
-0,564695535558337
0,108436405873169
-0,244237930626106
-0,0315076897661746
0,139182600425043
0,0584774644867797
0,0128806005793349
-0,0349450528169312
0,0584105894874009
-0,0237541845874411
-0,00522730669909734
-0,0157446967556721
-0,0395153893503848
0,0204939035883652
-0,0166175100867334
0,118717489098307
-0,00506736948088275
-0,00853921578318665
0,031123811890565
0,24638940847723
-0,144077646590194
0,246159130754706
0,629405192462089
0,0318780815402732
-0,0963080163664125
0,0255347200212751
-0,00437107523113306
-0,000304433928314234
1,64380069865557E-05
0,045487553814727
-0,000111468492316189
0,0831442689080918
-0,000720752540274911
7,41357039279572E-05
-0,000381871294381443
-0,00143804662999798
-0,00118032470235313
0,000442501760222026
-0,00048648553447911
-0,00402985520047312
-0,00388754712832761
-0,0155293777189407
0,016507060399203
-0,048520639612966
-0,116463732608467
-0,13676523595411
0,141931125622911
-0,131887013983181
0,134016044904054
-0,0313138396110966
0,0922938621971037
-0,0251009714478201
0,0742797302404331
-0,0080378426423432
0,0316404952261509
-0,00856608303517916
0,0651135893262632
-0,0356642703119237
0,0814529314254573
-0,0071761101422284
0,0840270145911077
-0,0663421813378751
0,106377372756456
-0,115533504384441
0,0785167211768569
0,0551228302193652
0,00098125067687004
-0,0181072289440245
0,135590657973152
-0,0920998607517089
0,0551923324719231
-0,0166579247460653
0,151966109032483
-0,0128385233766446
0,0314621700149161
-0,154952970193884
0,0159349911258248
0,00984961865366991
0,0179738007504
0,0322374613991504
0,153815357637566
0,00205242647715098
0,208776718867523
-0,0289694447561477
0,0279902711664213
-0,103831082625833
0,139675788801659
-0,768771087956731
0,200879668413127
-0,122289397624562
0,00779876938937386
0,00108406971704914
1,04887864579858E-08
1,08739025178734E-07
-3,51993151208898E-07
-1,240516555733E-07
1,74872116851762E-06
-2,50470374980294E-07
-1,3899972294141E-06
-1,69497675182363E-05
-0,000595200493788727
2,32797374679356E-06
0,000628336545413638
-0,00735372793065266
-0,0150150943248379
-0,0052584953897661
-0,0460547830406772
-0,00848112408269459
0,00464492978961153
-0,00554766425945928
-0,00321062912626958
0,00413970817466492
0,0221089970179142
-0,0087204768233386
-0,0399024491590759
0,0341154233962385
0,0258051985369701
-0,0146827278048757
-0,00678661118871053
0,00414031439581379
0,012903950830608
-0,0104948314430602
-0,0148052396227866
0,0136400973298294
0,0409482508351292
0,0327077755947855
0,0484017431248332
0,0578138939987196
0,106146115446002
0,263949653653621
-0,174699991757076
0,127010332565336
-0,0473324363373981
0,0182058393040445
-0,0362347454147742
0,0529737026518074
-0,0218081687802578
-0,0500410794161214
-0,0510352760039733
0,352637839056828
0,358664397737545
0,473083378151289
0,504694812321042
0,152341357245938
0,269654786438834
-0,0887459028059916
0,0161689095842849
0,00500768048443335
-0,00291985642813946
-0,0782837313336646
0,0146847272957025
0,0253358004609722
-0,0370829214667579
0,0142064390078711
-0,000583990317966947
0,00162649211631783
1,12861564144884E-08
6,4578157315515E-06
-0,000610430776905527
9,17859981619413E-05
0,00266112972822085
5,62614356474241E-06
1,00546666261809E-05
-5,16375545082521E-05
-0,00535290816654433
-0,00088658519208776
0,0995925976770379
0,0118395235058647
0,00587321231467335
-0,00312496324778277
-0,00624694480755206
-0,000272797341720901
-0,00977136879625745
0,0415692287523179
0,00563090385098107
-0,0210088293940916
-0,00153674003889845
-0,0182009733677463
5,3869612633128E-05
-0,0461797649739579
0,0823465788050406
-0,0355041694093205
-0,0485838666272504
-0,00650854178828631
-0,0431637541688357
0,0300840874597533
-0,192308288596833
-0,168470018688325
-0,037714709575417
-0,0991893891403673
-0,0238942381232595
-0,0319786597667429
0,0565865578675161
0,0283975212333407
-0,0499190916724568
-0,060384104680208
0,0387277220035054
-0,0560191356091309
0,0256227325107261
-0,202168396502589
0,266076980684508
0,748647925282308
-0,356689557779598
0,200542373745464
-0,175977356965819
0,0195635633940483
0,0367990010925656
-0,00402265752320789
-0,0211054746429266
-0,0374783320533769
0,0222110565679653
-0,0468029656089596
-0,00305826215578324
0,0209739571732371
-0,00364665219245314
-0,00808904264602051
-0,0278222809555709
0,00616360615138413
-0,00171095011473979
-7,82589638288565E-05
5,19264952342811E-07
0,000277074539783493
-1,3823008989715E-05
0,00268554260515421
0,000505899009466014
-0,00083550229789129
-0,00256697418463746
0,000663797094653962
-0,000359757958466998
-0,0387100058157509
0,00700423273733938
0,000632552040849307
-0,00047404712680521
0,00413628869696659
0,00108437698076955
0,000463022785548176
0,00703755434655541
-0,024819442275827
0,0900557298438978
0,0992692567496649
0,00137425398483693
0,205297504506108
-0,0565379922852572
-0,0702103539700977
0,120221783871071
0,138086953258343
-0,0011049561848635
0,00597893718028536
0,161772028173323
-0,0308689825369277
0,0300410879535602
0,0135679175962096
-0,255909663700969
0,0452936854436132
0,0239904137378454
0,0165421448098778
-0,00620775191227801
0,0724903377589196
-0,0311262891491398
-0,109820445875145
-0,282388583253649
0,234491462734565
0,301773739269216
-0,25379086175244
0,00959236943573207
0,0788557373666564
0,169195781672732
-0,0530174515814112
0,270364349352265
-0,112817831381799
-0,0392324020964894
0,0531290170259128
-0,0302450440509851
-0,117329129692646
0,5361008974073
-0,0701304856851124
0,0980891971352138
0,162141563434941
-0,0536406579449186
0,0498516048922531
-0,0561145495057088
0,107068507714296
-0,000525203343609061
-0,000466035589360487
1,06404979311341E-06
5,57338939819162E-06
-0,000773343320870595
0,00553852977060526
0,00116134560223701
-0,000129599368182578
-0,00042002508114289
-0,00252996738377388
-0,00224464561394696
-0,000900611745982132
0,0592050896705516
-0,00136982577600995
-0,0135728000892384
0,00502015781376083
0,0117964294147997
0,0878225802936935
0,106319266050232
-0,182801087001923
-0,0409621384476788
0,00977423665730524
-0,0267886176937285
-0,0967248229414355
0,0671062494949049
0,114129580440154
0,0772148267942766
0,113071213536513
0,0701367877680419
0,131446210088187
-0,116295315363975
-0,298311856595606
-0,035601561125102
-0,0993503714750519
-0,0757645317085048
0,148813876646684
0,0961466997881232
-0,138297158300058
-0,0811458529431761
-0,255530261045299
-0,114281457148408
0,0205182354431908
-0,1055680193181
0,0871214946771978
0,00146678305199574
0,0307495516272829
-0,284954568056092
-0,00437040517431057
-0,129347972911151
0,214785856365668
0,0450835960300681
-0,0253313211170102
0,152889569814008
0,0765805520720739
-0,38853021052656
-0,130004718868443
-0,135887851080004
0,0200370243637215
-0,0111710300863031
0,357819478381783
-0,107927054958215
-0,258656624320597
0,152373355400447
-0,0754942422882881
0,00669043641103818
0,000866636199345976
4,51996134683304E-10
1,37441982837536E-07
-1,25805804821815E-07
0,000131149801071297
-1,83411972076711E-06
-0,000315005825131166
1,05242333696931E-05
-2,6435275132052E-05
-1,87967137314815E-05
0,000149043086407349
-7,72750771152461E-05
-0,000765917438489144
0,00206556253439483
-0,0140991454194764
0,00136869119809733
-0,000287094181568025
0,00115675541532655
-0,000185677703506061
0,000240851978354398
0,000927896745037343
0,00122835253929968
0,000367443123042113
0,00017630692917699
0,00105248470486065
-0,00213511932671715
0,00152586283075317
-0,00396095541427806
0,00189417912175712
0,00180234145490072
0,00339372172235962
-0,00349699031038588
-1,89959842551939E-05
0,00179239513378679
-0,00906239145602934
-0,000317711367503124
0,00627456130295289
-0,106282983675024
0,025091602448934
-0,0606378768919061
-0,0150182044576123
0,0622076924100783
0,0278162278609806
0,0245171026927681
-0,00639648168430682
0,00402096502724517
-0,0102815268266948
-0,0060111938057295
-0,00103783315334701
-0,0159529382509873
0,00407169356636482
-0,00174183481500678
0,0233996196239231
-0,00485096877270171
0,00223372530022414
0,00949753567917279
0,0299261138611309
-0,00212200924042198
-0,0553330369355679
-0,143863439548201
-0,0222748733981205
0,0315466813039371
0,0262985128667396
-0,974869886716284
-0,0136112909212669
3,94590512145118E-11
1,86382115045957E-05
-2,27882338025391E-05
1,35889565371301E-05
5,00040729671361E-05
-0,00212858254969477
-0,0354953266188707
-0,144413129171735
-0,00195323297460163
0,0003523100875058
0,0213125363868691
-0,0560195806033989
-0,0769151502347789
-0,0102171634357242
0,000314652583983522
0,0614847194041891
0,0874885995870245
-0,135790811063161
-0,134063300925732
-0,0663653837189276
-0,096862175657545
0,151390024585655
0,209567610078926
-0,0666967649276323
-0,0344358785044782
0,0511701959839024
0,0028992865700572
-0,175121291575351
0,120380178860635
0,378264456214689
0,0996619233730881
-0,0765689277518597
0,110411043045025
-0,320105263371126
-0,0720404396899268
-0,108861382746489
0,086105005650842
0,068372181275963
-0,183791497051214
-0,227309259346978
-0,157766082670705
-0,05617990998742
0,0568136444358482
0,285091723946013
-0,221138304866342
0,0168744750486295
-0,0466237040902361
0,303216393579268
0,107053742172054
-0,0213654730647422
-0,228236442129426
-0,119122187026651
0,0121654050397028
0,150043861648459
-0,00872974802716724
-0,0727470534972918
0,0576190575835836
0,149451403017337
0,0649176553637047
-0,0752666906915307
0,00143961112994597
-0,000960093017383674
-0,0252668846407953
-0,000229084112175452
2,24170316120742E-09
7,82065073014168E-07
-1,94311929405146E-05
0,000698095702015274
-5,23449037454556E-07
-0,100427467153606
0,00414064157655872
0,000177258643720649
-0,000144878284881204
0,0155187612697535
0,00150290689918999
-0,00878673789476593
0,00341455018312809
-0,0638896049894252
0,0105829003910992
-0,000103756062159786
0,0107279248382222
-0,00655914847622688
-0,00320943642623029
0,00315800691632723
0,00530594115956914
0,0114032029909329
0,0035662204887317
0,00988357931962089
-0,0164396790164802
0,0176209266374867
-0,062730153250051
0,0175644070740354
0,0197324056783249
0,0311695095983472
0,00351756320490456
-0,00620463602770581
0,0136143382074009
-0,071445206916723
-0,00151103349703525
-0,000885488465800111
-0,528910249079438
0,133236242280008
-0,301666474650373
-0,0890839091987536
0,308289413757088
0,120028811959074
0,128080130454156
-0,00462769890014396
-0,0355352118912151
-0,0150836136099633
-0,0180275119693591
-0,0026773471364403
-0,0220477924523729
0,0861470277164163
-0,0813935135139825
0,0679762082328215
-0,0213768516378747
0,0327731198906893
-0,00346435324189877
-0,175377793884985
0,126909752564048
-0,221826354337416
-0,533146204107214
-0,0277989791741478
0,0800235411814671
-0,029020936300305
0,200552666872092
0,00302332622197825
9,25833711792094E-09
0,0027328979883482
-3,47991996436073E-07
-4,35222301121653E-05
5,77001924426876E-06
4,93543154249768E-08
-1,65836848203671E-05
-0,000141638901480483
-0,0122033343191048
0,000238173197760263
-0,000393224252204724
-0,0100324152203479
-0,0177543647914622
-0,00522889388370064
-0,0276886022204123
0,0013068964549296
-0,000521922842361326
0,00603569774140638
0,00393540932219208
-0,00740121243866739
-0,0519721986421593
0,00837274931603464
0,112157369702162
-0,118860901696075
-0,0771949728518736
0,0256127398097834
0,00592993558457877
0,0247925033208875
-0,0330117626762039
-0,0408675637678814
-0,203031369786164
0,133698082072965
-0,0560204908327863
0,218004749653389
0,0176939755655438
-0,190817675422803
-0,0702689007927088
0,311364704557062
0,260468300386676
-0,0609626005950012
0,060528845627929
0,0220251270316989
-0,0240558075811942
0,112115579417692
-0,0931778806301164
0,0445231399790523
0,00771929743468486
0,066512463855369
0,00288551092729064
-0,0233426708136856
-0,0471223208558772
-0,0265235822777721
0,00515035140338165
0,0014386625292971
0,0963396520955068
-0,0288128695633361
0,0331094580849038
0,0582824899619558
-0,0178547314594906
0,0145399627530513
-0,32059426478339
-0,695882904552868
-0,0311022458217794
0,00171981837021376
1,76974363644774E-08
1,37215451314631E-05
-4,12652438996747E-06
5,2848584441217E-05
2,60095456901518E-05
-1,59904511375929E-05
-7,32274624204483E-05
-0,000446651470778671
-0,00830004509954383
-0,000372197193336839
0,00689930114867626
-0,0013299610719807
-0,00176534925058742
-0,00821985350166335
-0,000866692631634061
-0,000916635418831593
-0,0364625752131736
-0,0571389627045232
0,00355034805026715
0,0580346820881945
-0,160379777362506
-0,174767662340361
0,0538875097351413
-0,149435811675507
0,383524539780575
-0,139265584288747
-0,225763805768228
-0,0495572720379883
0,0484584709573477
0,254591856818453
0,0275686716549684
0,521305857942742
0,141549551796243
0,297302419978587
-0,0760476109670032
-0,0853657016348377
-0,0478433962179397
-0,255706287002982
-0,120767544134835
0,19195328421331
-0,0810481327371396
0,22256141676451
0,0523933278060386
0,10707966053805
-0,00617778775288734
0,111402727827587
-0,0748642742317415
0,0325481810210244
-0,00959108622512328
-0,0660461551832209
0,0174328671089271
-0,016034593662701
0,0457507040052933
0,0120856391022017
0,0145853114994734
-0,0239610131261204
-0,000465834279606601
-0,0938353357137167
0,0469183535925062
-0,0318155005392749
0,0241389043063067
0,00820618414550817
0,00033488116083861
-1,66712689924517E-05
1,54609381816146E-12
4,07011008412854E-07
-1,87014536377695E-07
1,61054519776489E-07
1,92997859695117E-06
-1,36846282523506E-06
-1,62005256565249E-06
-6,94829765265743E-06
-4,73921973937179E-05
-6,66934730490878E-06
0,000673094921614229
-0,00138009015605081
-0,00205313034167924
-0,000284876217604733
0,00245006756727789
0,00112802313962092
-0,000145199304423627
-0,00758643701765274
-0,0048858115911023
0,00019412090483229
0,00575275327554111
-0,0112207024605483
-0,0331733701260908
-0,0440362737190876
-0,0104291886362998
-0,00292726074415144
-0,00310808786378347
-0,081573783242193
-0,0222591401399413
-0,0553261847762516
-0,0178712977112857
-0,00302316734176332
-0,0364374671333231
-0,0145276863426704
-0,0462690858592029
-0,00643138356038323
-0,0219546327734001
-0,00800899468902532
-0,0441081966647621
0,144088860287323
0,00417595179016008
-0,215514667709491
0,217313682545363
0,10412188682461
-0,188666835678773
0,208682205308866
0,0413412343636426
-0,161730158675929
0,0840379528582145
0,0795496822597919
0,0890331982850528
-0,219540379878928
0,0218484068314273
0,244786642688933
0,158370251540978
0,619195427857438
0,0786183915193559
-0,00366250472369051
-0,10638930882074
0,146344345454048
0,376548568040988
-0,165307488580827
0,0328745241596753
0,0015885529591572
1,48080721526829E-09
3,93485974390579E-05
-1,26066889360363E-05
0,000405040374418429
0,000553619211315211
-0,000150065636343669
-0,000390158230699868
-0,00210683244225108
-0,00019031502995828
-0,00120790333496221
0,00614294558760551
-0,000111720280416605
-0,000836661992872566
0,00140712343621895
0,00191054015630813
0,0185085463476872
0,0258197323796632
-0,0657602860203449
0,0862593665717242
0,0898874545449838
-0,0168769817814305
-0,149557470964344
0,0381000109582081
0,00639191649729727
0,0272665949534764
0,0667795997754377
0,131437391374337
0,00500066220841206
0,0159444092517028
-0,0213150139381904
0,0491467433651225
-0,174402713609591
0,0315920983216298
-0,146780826340683
0,230946725673422
-0,425147169334496
-0,048809510951526
0,0374804076614292
-0,0341955592726363
0,359354565385307
-0,105159367245636
0,225187687992287
-0,0559864678632931
-0,0341869013096924
-0,0403050308456241
-0,000980667752024864
-0,0460203964900154
-0,137282822364075
-0,180169286464706
-0,0158786581236811
-0,0690251007186364
-0,0442846370897666
0,502839390892484
0,0632981020989339
-0,0398601562671404
0,0282098167181952
0,00103860494794218
0,267652019131933
-0,14717466473568
0,0747278911848881
-0,123361075851569
0,0820820450144987
0,00276565208226303
-0,000432975137879313
6,0784923325052E-09
1,91054475609593E-06
-1,4835438424219E-06
0,00176477281025106
-2,44855114348561E-05
-0,000477882154080039
-2,89105783608068E-06
-0,000212585259562438
-0,000639828404328246
0,00054618042900654
0,0103780440710073
-0,166804157558315
0,191666355379844
-0,13133989396811
-0,018546109321313
0,00336678681559663
0,0108414876510053
-0,0117483359650132
-0,00202587649570436
0,0116923949250401
0,0104456119077304
-0,000809731879362986
0,00487301919736209
-0,00306866670885878
-0,0173197067310175
0,0067567083066584
-0,00709008188154625
0,0112443684432231
2,72349870045179E-05
0,0178669654318596
-0,0255710933057208
0,00793380999137388
-0,00370087313990885
0,00547815255940045
-0,0166125703141259
0,0186192394111708
0,128916977618815
-0,0497532226358633
0,0730593644334703
0,0781510429917493
-0,108891386187989
0,0538307878594771
-0,0148952015222177
0,0575407041855143
-0,124635404062808
0,0919227538393967
0,00356717418897095
-0,111603875454466
-0,116694169160432
0,482013924644311
-0,421945880830552
0,612020483809488
-0,107078009492073
0,0780263894834389
0,0647060213803597
0,0891789698996584
0,00861534886720824
-0,032142009068095
0,000874154188644161
-0,0110900219983719
0,0108245831913603
-0,00864281525537629
-0,000376251850256211
4,99217842140384E-05
6,03051615970238E-12
3,81502022431062E-06
-6,9634983329887E-06
1,0780932006706E-05
3,69705050337574E-05
-0,00900923420824654
-0,0127976081520085
-0,0534396128051063
0,000120157460306036
-0,1359402317096
-0,000560265845452977
-0,00161977132345724
-0,00287097829317376
-0,00124685223918497
0,0018093361182595
0,0100943461501584
0,0105564608966953
-0,0185059542882423
-0,0455347097388425
-0,0299623645354523
-0,00832731992250872
-0,0231857011967818
0,0271869606531885
0,0144579196264782
-0,0146594819374513
-0,0128469656418277
-0,0184460170980133
-0,0809891421308913
0,00866248558903516
0,0315544882771688
0,0169656474819024
0,00228302628542722
0,060216280191944
-0,057031365251388
-0,0313066107549945
-0,0264389192335958
0,0427559386065611
0,0590409859684237
-0,0207158684647523
-0,103168819646174
-0,0155491644976712
0,142562161663826
-0,149415322234743
0,0401321063721979
-0,0821210407560143
0,0925560032980531
0,0543718592913818
-0,147061631083581
-0,0119718819095196
-0,0699458057728949
0,232840655854537
0,0285776700465549
-0,223906568619904
0,150532681923317
0,0401686775814013
0,407001943672223
-0,0878834725925306
-0,125059971071193
-0,202456378934221
-0,257706375438045
-0,599614758824632
0,251167761239839
0,0427073476831131
-0,00113333464782598
2,35704736076596E-11
2,44303163224015E-10
-7,90702191076629E-10
-2,78603221942263E-10
3,92663528007335E-09
-5,62191755150304E-10
-3,11964003279592E-09
-3,80226990801733E-08
-1,33432832457111E-06
5,21562472533363E-09
1,40657736291433E-06
-1,6458296434636E-05
-3,35762290634869E-05
-1,17493813913367E-05
-0,000102845482322841
-1,89213181498294E-05
1,03606640397897E-05
-1,23664158861338E-05
-7,14788833869901E-06
9,2136393696504E-06
4,91454825474065E-05
-1,93466849941546E-05
-8,84863043467232E-05
7,55415980825191E-05
5,70489458467225E-05
-3,24127191886609E-05
-1,49752417636127E-05
9,112777421593E-06
2,8297717407954E-05
-2,29623722091501E-05
-3,23407698900901E-05
2,96976850351197E-05
8,90128089154449E-05
7,09530329296671E-05
0,000104809215077689
0,000124832364407826
0,000227421866191983
0,000563536506036621
-0,00037184106487054
0,000268692052920562
-9,96129085279851E-05
3,81214445929442E-05
-7,53573933570319E-05
0,000109298577211536
-4,41285784373699E-05
-0,00010059550546988
-0,000101048488393374
0,000684303086038178
0,0006483408600675
0,00082341275391472
0,000850928668977925
0,000253473548213647
0,000344463996339801
-8,55975419632848E-05
9,86882656712417E-06
1,63845518704956E-06
2,46644212574294E-06
0,000182629798742033
-7,94774099020738E-05
-0,000343883855864853
0,00142081981763365
-0,00371761239673443
0,0139131812851157
-0,999893613051811
