0,999906305030194
-6,21963070424249E-05
7,8445484034904E-05
-0,0134888002169922
0,000190271921011928
-6,9485012508964E-05
2,46347601808398E-06
-1,52047389105356E-05
0,000329864497446318
-1,86502643226298E-05
0,000142058112724192
-1,25278934112392E-06
0,000566420306738846
-0,00131166931958038
0,000687380921680825
-0,000145550654533347
0,000147521341456307
-0,000388220728014048
0,000489267927242353
-0,000278822533053832
0,000249716814831221
-0,000152173640134868
0,000163399245350609
-0,000361004128157847
9,35792714564384E-05
-5,80434421164197E-05
3,41147159771571E-05
-0,00011879056921875
8,11436939650673E-05
-0,000140559829052997
0,000139006923953903
-0,00010523864363291
1,21523399827758E-05
-8,03301469986597E-05
8,16343731560538E-05
-0,000203322956833941
9,42200680987962E-05
-0,000124651259765643
0,00023428621700149
-4,25722925953446E-05
0,000211530663410624
-0,000184287891321461
0,000156033308343307
-1,23427465182492E-05
0,000101424753313843
-6,40719432002106E-05
5,53309324821563E-05
-3,92070190910929E-05
0,000294852055871949
-7,75767112134409E-05
0,000177171953728233
-0,000105455667218045
0,000245766082003601
-0,000268521098962756
5,34858909842562E-05
-7,2624182167037E-05
7,82685360388277E-05
-1,74063980634522E-05
0,000691799685107958
-0,00089390605532925
0,000273913527751902
-8,80826513828987E-05
2,51193088091186E-05
1,49701763944598E-06
1,37261720462599E-07
0,995576261326312
0,000138431982942866
-0,0109963912708663
-0,000349358072499763
0,00027452433747333
0,000119749631572568
0,000455468168394649
0,00331107374519227
0,00976003916345713
-0,00129080296270669
-0,00256850569028366
0,00193905186324379
0,00363191476327446
0,000442032047663327
-0,00671124921154527
-0,0154949776170219
0,00397450010001616
-0,0135538410455463
0,00834212933084924
-0,00749442129809259
0,0115512917900639
0,0387015932677484
0,0219417064592052
0,00163158012884759
0,00749417726871066
-0,013641899998648
-0,0279451113294961
0,00252308390260078
0,00115599530054204
-0,0129336384968736
-0,00608876004801609
-0,000883536860118566
-0,00264431010493073
-0,0140693813856585
0,00215021844272093
0,0198904928490212
0,000706512108040507
-0,0182429579145318
0,00156708473901425
-0,0170572544199995
0,0177694775795055
0,013665081205077
-0,00415316335471631
0,00626913829861549
0,00793190254782064
-0,00443308519359125
-0,0101313795990301
0,0036957861509448
0,00154424208688484
-0,00213681096969869
0,00771873941552957
-0,0126438806186717
-0,0015715661508519
-0,0051868150541609
-0,000638695040880481
-0,00577160877558901
0,00130244803991431
-0,0282178688842116
0,0378573202036896
-0,00932870455626103
0,00381836950548341
-0,00105455427133027
-6,20420910587995E-05
2,41145507905626E-07
3,52437743148103E-05
-0,988437223884517
-0,00850926088791276
-0,0364687767032198
0,00378073883566417
0,0109176664048342
-0,00369843604640442
0,00873905673176443
0,00404308692462413
-0,0707118393096174
0,0418471981591186
0,000628640140558202
-0,00264971415880646
-0,00508974928172806
0,0275679558249807
-0,00595121887802009
-0,00278155631820898
-0,0205807839058679
0,0143787564595132
-0,00913239866443603
0,00389027366333682
-0,00770259934571709
0,00457343531427056
0,010486004251903
0,0296917984269251
-0,000464936789831275
-0,00678981958791698
0,0476111065220494
-0,0114622831349099
0,0339610366263623
-0,0103870580910786
-0,00718353050918443
0,00300157396079991
0,0547765837890734
0,00132926132134258
-0,0137523041607342
0,00343168823833054
-0,00900478173553612
0,00355510903882321
0,00802015255178487
-0,00553493059026716
-0,0113557199272295
-0,0149617199592415
0,00584019687581937
0,0134222335678103
-0,013868127971598
-0,000930525190884867
0,000243582950994502
2,74376609633046E-05
0,00622681018309064
0,00849708734814065
-0,0417893430654032
0,00352253159731637
-0,0274704234303641
0,0195020437561169
0,0261480494857097
0,0122559947127148
0,00388310382956878
0,00589787817307312
0,0107005482240566
-0,00629228112537894
0,000124597236661624
1,24880765900138E-05
0,0136769624331421
0,00432812861258585
-0,00507489570993439
0,985472970075781
-0,0149139574776354
0,00515437620373402
0,000103938337323979
0,00155408584673207
0,00263499364318851
0,00145335955879093
-0,0150442062732562
-0,0022132582817123
-0,0390483996105869
0,0994402329012403
-0,0510460858019829
0,00313855624308034
-0,0210481971888017
0,0181913796614564
-0,0355786627148572
0,0048630148447986
-0,0243668556627566
0,0161266433933317
-0,010281698047185
0,0166528881364857
-0,00133431814863297
0,00502001229310314
0,00159459368977473
0,00784845075507802
-0,0045095473595888
0,00709032533582463
-0,00653492089061582
0,00397052229861501
-0,00175080155939121
0,0119387345757473
-0,0044787544471921
0,0180059335055804
-0,00130317847343768
0,00123592257994187
-0,0180964527258544
-0,000415912008597214
-0,0148058118004669
0,0104314213383477
-0,0123184587867042
0,00100239562738222
-0,00794618987586456
0,00464416513829046
-0,00600510341626941
5,5759191384208E-05
-0,0218096488934911
0,00849597339732284
-0,0115050446670477
0,00486948225292676
-0,0185467837107973
0,0193431355392207
-0,00452854361698463
0,00616648265066678
-0,00554123574395707
0,0010309755945059
-0,0518060688652473
0,0670059590041515
-0,0203891113796505
0,00656246356765526
-0,00186333257499334
-0,000112575922257896
1,50273642845442E-07
6,88867358597546E-05
-0,0160603333879137
0,010537328784406
0,971611148655073
0,000504283458593389
-0,000480682270568543
0,00101069821417719
0,0202010410046656
0,0173289406365498
-0,136310457062693
0,0842758295363134
-0,00460299122470202
0,00753353047150727
0,0216154994238762
0,0273411028272551
0,000591445207319609
-0,0382692884224863
-0,0559980532851553
0,0212629315748214
-0,0336007676468822
-0,00109384479917224
0,0510999242581963
0,0356512682755464
-0,00276120745605027
-0,000243542309488441
-0,010534729760614
-0,00774642820472624
0,0193988930419454
-0,0227432066275809
0,0768334598394046
0,0445388783887253
0,0260690098451842
0,0583095471914965
0,0215418779049733
0,00379723660816947
-0,046280846826635
-0,000532859294404546
0,0210014385123706
0,0096973328292593
0,00154266658336765
-0,0064943909508021
-0,0144427596406817
-0,00576049304501049
-0,0247263160810947
-0,0126436601024086
0,00188290333578831
0,00271200698008912
-0,00367950609643632
-0,00748531727628551
-0,00823354929489064
-0,000461391649508527
0,0195884742119119
0,00432634651253748
0,00315706527784454
0,00203781286224774
0,000374239865296097
0,000154713155192103
-0,00302685079923374
-0,000549318555356882
-0,00465685024754996
0,00185220263348069
-1,30059475195247E-05
-5,18387074265658E-06
4,50748417565992E-09
1,01348689443332E-05
-0,00100185711003792
0,00208260404395966
0,000153662186459591
-0,984167489491083
0,0728714974420358
0,0118349354126796
0,0004453216593775
0,0725263949853954
0,00213293507993692
-0,00604499949133392
-0,0116728999812971
0,0342904155931676
-0,0158290018579313
0,00356803904041407
0,00413085758080746
0,000253097852387775
0,00187117475526291
-0,00135808080588045
0,00031522177758922
0,00285026400758417
-0,00575274611207936
-0,00256322564718592
0,00257748681436312
0,0214867481977301
-0,0109581172747254
0,00773677119885908
-0,00250952562934532
-0,00800098730385921
0,000292541633235365
-0,0055052539145862
0,00775078222414862
0,000507731527317128
0,0182910835643139
-0,0870032254001141
-0,00888801201812876
-0,032826811633724
-0,0165926226176322
-0,00363221761324494
0,00548221816447904
0,0204039705677666
-0,0147480841526863
-0,00950408223016119
0,00258681512526576
0,00071490790480703
0,00739878375067763
-0,00187943869902685
0,0216383608247462
-0,00548887471466188
0,00143505397000746
-0,00364369221163143
0,001745604781281
0,00188698685948551
0,00429974276543979
0,0229541856317496
-0,018211231628139
0,0278354136622419
0,0608256485419399
0,0341590970668325
-0,0233515264352014
0,00406298317894325
-0,0207864690849512
-0,000853693956535189
2,10851550475994E-08
2,15795593132569E-06
-0,00347779598517391
5,40226066405509E-06
-0,000451851131290959
-0,0615601835625984
-0,934533815400637
0,326922480938053
-0,000713356708015996
-0,00356235074576788
0,00178887128762593
0,000954406516181679
-0,000673308657987758
-0,000241575809379594
-0,000260549736821418
-0,00589760932023907
-0,00428719258541984
0,00161976329419345
-0,000255644407054117
-0,00204256658644652
0,00162509042891611
0,00122857485038628
0,00144323328023702
-0,00177121821355709
0,00487294664709597
0,0631778823452497
-0,0244221938874665
0,0186635867497016
0,00480858229552163
-0,0143652634279361
0,0100559739055302
-0,0228682123973718
0,00828220717908015
-0,0151268608615273
0,0342187523586626
-0,00855652595505513
0,00835150201370023
0,00311444063713367
0,0168247574566708
0,00538702715981689
0,0153089447809899
0,0140754005117272
-0,01252482495104
-0,00239592078244587
0,0042493511096582
0,0168184438306963
-0,01168785344263
-0,00490313096526922
-0,00284254296950937
-0,00806973321118507
0,000984026678871599
0,0243318193170388
0,00540929673315896
-0,00165401626184971
-0,0344169232055753
0,0430961341346772
0,054248691618482
0,0145447180511909
0,00316479321834897
0,00910073387596089
0,00813640850078511
-0,00469492752307133
0,0004124613059552
1,18565825002979E-05
2,09929180051831E-08
6,42815964718787E-06
-0,000149816323910141
0,000158358425428295
-1,41426647601414E-05
-0,0276109978310014
-0,314701439851795
-0,90244957465029
0,0116055868943254
0,0274300888590272
-0,0383724725543546
-0,0335979258942301
0,0267259970651194
0,0183355910598604
-0,049114855950928
0,0220300668976151
-0,0349103801828791
0,0151558470248235
0,0573480065181902
0,0259119290282838
0,0462880316953782
0,0557037187052523
0,00574540414772618
-0,000211943620162691
-0,0183223993102826
0,0878220742454865
-0,0799344784937662
0,023600905291063
-0,0540293757106651
-0,0157306754655689
0,0079453537352048
0,0320430793973219
0,0437298260374813
0,0110254271941466
-0,0140894448836834
0,00437918190837909
-0,0279349705261298
-0,0375243875683984
-0,0761612056080895
-0,0269622677627986
0,0156729442929846
-0,0990785397486788
0,0436269601983059
-0,0390287326963289
0,0361261430860225
-0,0347595698481409
0,0315582066479967
0,0230390828252694
-0,015926989474977
-0,0179662854966416
0,0490159470056617
-0,0518041150036564
0,0211225444968845
-0,0133361590649173
-0,0540477082637138
-0,0235638144858108
-0,0755597591006309
0,0489931577132917
-0,0191230914291117
-0,0108997039244011
0,0375546105050925
-0,0119728966479109
0,00174765133315455
0,000115518045892674
0,000239458738426645
0,00210084445715823
-0,000334635681400368
-0,000109146287381419
0,00161611821021443
-0,000120707157265752
-0,000590784512695799
-0,00458379503395962
-0,917852393106579
0,00494208384243992
-0,167840640056883
0,020242039289283
0,0222839807989525
0,0740386570239292
0,052300198769474
-0,114092545373657
-0,109213738532902
-0,0683787513224188
0,0231902572883954
-0,170217631202271
0,14537886558004
0,0421520405573378
0,0406598265313436
-0,0513091728993951
-0,00157127080777068
0,0267211886379772
0,0395727280210086
0,00721061768529507
0,0406638602378502
0,0582202997843498
-0,021870821234886
0,0437634969746243
-0,0222759299336408
0,0794671693690324
0,0361014509346421
-0,00536484593544756
0,0720543708749151
-0,0157862905800849
0,0104066422501543
0,0371592781428554
-0,0530902664793315
-0,0230917935584512
-0,00267970941054316
-0,00833260677434734
0,0249857511454627
-0,0166138467453784
0,00738452353887429
0,00230799954829503
0,0150610602819404
0,04491004684539
-0,00517028622754347
-0,00636477891166354
0,00202449851711366
0,042048316527072
-0,00379715530702597
-6,71801198984725E-05
0,0152468335087057
-0,00456591819603527
0,0111574330915591
-0,00272430830758623
0,00425720954716198
-0,0116635902781154
1,89646030978738E-05
9,82165929996182E-06
1,40941551654964E-09
0,000606313388211576
-4,95364226433147E-05
0,000408652988852603
0,00183611496909093
-0,0755843505098235
0,00317531594547839
-0,014541990534785
0,000454796277479068
-0,965692408943993
-0,0475476962515281
0,0267698248102082
0,00881076058519278
-0,0232639711646448
-0,012151423385585
0,0256118855470395
-0,0187923856983653
0,0193055906334106
-0,0572943316418328
-9,4904243866852E-05
-0,0084513434020204
0,031983153977253
0,118576423914492
0,017464385757573
0,00786358248129439
-0,0131870731562856
-0,0295387610926863
-0,0193991394065118
-0,00771682249656938
0,00698880675326486
-0,0170599915510056
-0,00925032864163675
0,00994959175633467
-0,00663134953124961
-0,00858969061452947
0,0196055029786354
0,0172801866727062
-0,00855629969871689
-0,0133881675080354
0,0170521857403839
0,0331373671807745
0,000707743745618267
0,019343553253448
-0,00507139871443398
0,0260220952713449
-0,0245530763154521
-0,0423517311716917
-0,00254941256986123
-0,0310447299450836
0,0130647634907488
-0,0307124399133326
0,0319009144439185
0,0410690111045511
-0,0210673126017823
-0,0543292983475102
-0,0792748496132391
-0,0213034887595965
0,000252696930971893
0,029741778093864
0,0630649683175872
0,0915555617559873
-0,0384430983160312
-0,00147451654440116
1,90463750903712E-05
2,29608127044746E-06
2,91369441217105E-05
-0,0779057533478774
0,0107000035629672
0,157439313971279
0,000503341463550502
0,000656717511782062
-0,00304459064377653
-0,0750112840372751
-0,0323540204959061
0,71072186514848
-0,460693702255041
0,0619355607223013
-0,0679631059793006
-0,147113410494711
-0,023643427268356
-0,152467750906099
0,133734363843086
0,0115248422049228
-0,169932908374348
0,10368167116625
0,105959932500889
0,0853457010385605
-0,129361371425051
0,0314007490883571
-0,00180364919132805
0,0369011791160048
-0,0159315009218692
0,0219528223447919
-0,0348101317833899
-0,123968260285894
-0,0505055892717247
-0,0426756524376978
0,11573280155316
0,0812478932019722
0,0354961562986843
-0,165787421255137
0,0165955339817907
-0,00688677964349532
-0,0370489948307291
-0,0170333000083732
0,0507654744757099
0,0112325329108418
0,120171798613903
0,0611186224986466
-0,00403263270751927
0,03723797203657
0,0138696954969953
0,00865122947047352
0,0154001103159749
0,000164962167111874
0,0113160467417784
0,0130788617130595
0,0142692934855795
0,0033034455885331
0,00669638957009541
0,00579391389702006
-0,00542121583057471
-0,00011236468889371
0,00342446913849873
0,00120727573063572
-0,000976468854430002
0,000374480206053458
1,4818254567047E-05
8,99900294681641E-11
8,98037062038056E-07
-5,01799417199561E-07
0,000132976551459539
-5,70735651569544E-07
-0,000151708374750366
-0,000181640866372795
-0,001401691604445
-0,00501147146427387
0,000764281201834916
0,190005845659854
0,365543899865575
0,735970915229738
0,285900063006098
-0,215493428208302
-0,151224916655008
0,178292894234457
-0,0140638870892751
-0,0975131927577389
0,00506954997087569
-0,00800875871815932
0,0244539793393732
-0,0182296360415942
-0,0117262047059975
0,0394210920993842
-0,00893295842966173
-0,00110091824389952
0,00154369146590169
-0,00513007760013876
-0,00241204611854015
0,00514775232466496
0,00446602541102836
8,98110710950714E-05
-0,0212568827981214
0,000969393545745671
0,0583547859720448
-0,0057189871429246
0,0754108614111805
0,0465280481218145
0,0107895238070245
0,0171010491194739
-0,00697823649159971
-0,00175736785915324
-0,0239168100299809
0,0643109353302033
-0,0526202894545468
-0,0407085198114499
-0,00132598510768455
0,24746146296953
-0,0887964542131555
-0,028519097110806
-0,0201161988149027
0,012372166747094
-0,0032442271165005
-0,0244321979979827
-0,0260686295717975
-0,000436511892997733
0,00549154854879943
-0,00497410992900501
0,00180453698371705
-0,00144147764452906
0,000908947025159983
0,000682633030635184
2,57310350775731E-05
2,02545136603962E-07
9,73855080288243E-05
-2,37488322652743E-05
4,87286194324433E-05
0,000138604875658332
-0,000807625574675596
-0,00327587483049993
-0,0146636113039548
-0,0323033907870439
-0,000933772388322037
0,385757864530208
0,627350516063683
-0,195352461982605
0,070880485573013
0,140717636882071
0,270777272512183
-0,308028557050834
0,0724864798274086
0,207550042953438
-0,0603907638688133
-0,0225857052641161
-0,0645758369459369
0,0619479775117825
0,04956103793846
-0,191619042182612
0,0108981952544284
0,047296225120529
-0,0135297145652287
0,00863007941508926
-0,0344408830837431
0,00697859024940554
-0,0793200101237697
-0,000150895040753168
0,0873649898386528
0,0239448143226877
0,067084206605511
0,104438515997227
-0,191990025318967
0,00668424790145293
-0,154662975756238
0,0646496947113454
-0,047140730865865
0,0319922647681761
0,0343697496460283
-0,0759510529589314
0,0668978923447316
0,0130308489385715
-0,0565482750952989
0,0287021974906984
0,0587745822801224
0,0322006081067197
-0,0259620723853609
0,0405629275481159
0,00520721514428444
-0,0249597080196327
0,0115801514463748
0,0020704743769586
-0,00165061165057089
0,0119121317107255
0,00329734868451236
-0,00989391705909003
0,00174671286746895
-0,00383274824069013
-0,000182842518564721
2,92624390435679E-05
0,000583119573088163
-0,000394491918138817
0,121184165628742
-0,0024683125347638
-0,0223602278837835
0,000773721812861432
-0,00425541318083812
-0,00529865112378557
0,0147328764059402
-0,00149675228032563
0,0703178825067773
0,322681850821594
-0,809123791657242
0,322458045608136
-0,0571784499926481
-0,123888822860157
-0,064117540975325
0,0844775344290532
0,0563376435150467
0,0701976750408208
-0,0330202001700604
0,00946218518101196
0,00639078742675629
0,0141744061217045
0,0222375417806096
-0,0307070470551614
0,0011442254219366
0,0040166852119388
0,0239145797784122
-0,00871459410078284
0,0150657010018931
0,000443580198431608
0,0157728779755544
-0,015451776803011
-0,0870199793140522
-0,0116264042218765
-0,0437816551877682
-0,0288243342568848
-0,000887051350070179
-0,00321054384747929
0,00105701157714996
0,00128803681727882
-0,00115403544004444
0,0152679491899729
-0,0172897837079027
-0,0179716306814545
-0,010018564429376
0,231182634098104
-0,0728332783045887
-0,0227306159265606
-0,027044158413665
0,0155588577367831
-0,00369029888560475
-0,0403262268597093
-0,0348333364821851
0,00132461955393997
0,00695937923999287
-0,00316623719334672
0,00362485306994084
-0,00363538342555399
0,00104903916076127
0,000104849755024658
-3,95723307230415E-06
4,34813564075916E-08
9,55621714840669E-05
-1,70168782956359E-06
-7,4512536436566E-06
3,61307860693176E-05
-2,16615029285471E-05
-0,000204984063603552
-0,00148623421744592
-0,0118235307044424
0,000556503276926205
0,0626235014770473
0,131495400935387
-0,220955207884145
-0,268001794464101
-0,539583091037426
-0,249504096239364
0,175313832451387
-0,416925227479392
-0,118117610534097
0,119976781744492
0,206910771784363
0,149485427955049
-0,00576219483229656
0,0603675249004062
-0,34906747218569
0,0181294372877767
0,0540226129794731
-0,0248991582207285
0,0506256305960656
-0,0401172957777062
-0,00194498557111541
-0,102001451837213
-0,0468122299917266
0,071608058817806
0,0105603375707204
0,0315683528800419
0,0887857813243802
-0,068347211505947
-0,0183051141341592
-0,122725683673529
0,045430289407285
-0,0217208615694824
0,012683689641173
0,0450116178598717
-0,0785736860987155
0,0416212617973345
0,0252302477109195
-0,00971312583917314
0,0141361536598549
-0,0261380856078045
-0,0476104627713311
0,0912142848149512
-0,0019779979620112
0,017184408000395
0,0122529443819238
-0,00796242508917406
-0,0244196632381717
0,00646177445023499
0,0106282599967103
-0,00895281680147958
-0,00125021223403862
0,000863437624795977
-0,00195768574075115
-4,44531319069829E-05
0,000238377833051284
0,00194976428624007
-0,000562519256478553
0,000206910991385899
0,0409272260255304
-0,000425833414269981
-0,00011131398929154
-0,000917510419200983
-0,0745781655253902
0,00532392774779788
-0,0323583311919027
0,0965388664627987
-0,0982396909447331
-0,107840553479326
-0,0669981476389748
-0,176619311692241
0,284576319365357
0,78454795105044
-0,0342985007436655
0,253554778742253
0,257600683670847
-0,0209145794663218
-0,0461158421092553
0,00388821178074274
-0,0661316148747481
-0,052965409245972
-0,0443531047976552
0,0640814061932975
0,0957504864369238
0,04742343495598
-0,0523157042445695
-0,010997181204414
-0,121013737246232
0,00928712006693203
0,0327523086577966
0,0213014156868916
0,095545754919847
-0,0466548400994763
0,0196124955182457
-0,0481033777607207
0,0354827254352256
0,0422003962402096
0,00213488493165477
0,033458240546006
-0,0538748164835049
0,0685530051249573
0,0933564937677415
0,0126938663704803
0,0264133430393652
0,0332741360308625
0,030101975825622
-0,0631725140775474
-0,0121161913188441
-0,028360424484223
-0,0722042389209079
-0,0423789074248405
0,00943062186303547
0,0143458348700378
0,0236610034900226
0,0194499605488228
-0,0102283824473285
0,000988426681506467
-0,00799883662997503
-0,000351725517322194
0,000342185172990188
7,92065127932121E-05
-0,00135872301643126
9,29393330353894E-05
0,00612510152243679
-9,72834007440024E-05
-0,00152208414571702
-0,00330540975322108
-0,307337906421526
-0,00601845295407247
0,170010112572914
-0,139865879990808
0,0534468180623331
-0,0435246308852235
-0,0655727811412772
0,375618057714432
0,135844334339622
-0,0832060184264078
-0,0998987705114535
0,477301985132621
-0,225145212821497
-0,159249307245931
-0,10691025123865
0,39067513621294
-0,00369960058181931
-0,00239426554271381
-0,0344626994704218
0,0152469491765142
-0,0402611990035213
0,0394217345868214
0,00612931502830581
0,047290174708525
-0,0518531930168753
-0,243271528684698
-0,0279468684138254
0,0406940173852203
-0,179214286118155
-0,115708667861537
0,0619212010892141
-0,0391365845496937
0,129552003066698
0,0680121814593144
0,104799631235811
0,0225601167476332
-0,0141281492633325
0,108300485561975
-0,0290895344619908
-0,00416891779356609
-0,00666665964340376
-0,0891610329308366
0,155601579187151
0,025522301484774
0,0474919716253278
0,00919791962708974
0,000370436398708096
-0,0126806766065659
-0,00332833886296343
-0,0195479610153349
0,00543341991632019
0,00298836141839218
-0,0016068110528286
0,00366944750282362
-0,000569530847681358
-3,19927884300221E-05
6,27399622103258E-06
0,000530327600463545
-0,00367984265552068
0,0259159531151734
0,103863819953514
-0,00127361430854269
-5,66987418939063E-06
-0,000713024571423081
-0,00385736207754753
-0,0794246758306275
0,0914753863726156
-0,0587772506770841
-0,016825141884774
0,0739157640377779
0,047995532575598
-0,143799431037058
0,130666801216029
-0,110193685775992
0,477702021942961
0,00497892478735353
0,0533798277316985
-0,137082365040078
-0,389235422181024
-0,0245854640063418
0,042861293130783
0,0555334105026194
-0,14069539253188
-0,51639084226019
0,148352121508958
-0,00115788269355265
-0,129880523281788
-0,0523213674489778
-0,13400691436834
-0,195570507995695
-0,011229235694421
-0,0149558744687284
0,15485013985968
-0,00933424505319233
-0,0838499414886715
0,00339417134409401
0,0147586520781713
-0,040682313399858
-0,00486491874297042
-0,0804864366444906
0,0471985128674585
0,085646755113993
-0,0820757568717411
-0,00113435704789356
0,0204350597907491
0,0180225869492473
0,049062296994097
-0,0251586828732664
-0,233011387030664
0,0140680441075369
-0,0424689581723311
-0,0235483463379979
-0,0112806668987023
0,0138221071384825
0,0381364260094934
-0,0242454680212765
0,040653038494939
-0,021989524835256
0,000330256256037155
7,85619304528912E-05
8,13521613458235E-08
0,000561060286624534
-6,17419517038877E-06
0,00260389502721635
-5,44343290357772E-05
-8,44637049755949E-05
-0,00148880134611917
-0,00347218985990135
-0,00465618944608346
0,0004325613447923
0,0151740807983522
0,00940017040289636
-0,00432749546426628
-0,0332657227274426
0,0365241369154732
0,276005614548269
0,341292594718417
-0,0735307547077293
-0,0221042998519618
-0,198456721212341
0,267878331322262
-0,159954033131051
0,129706102887849
-0,342936931608972
0,0139029285878764
-0,0330262257747889
0,0253665962980038
-0,00818576319549027
0,0408302679276467
-0,0666162238998408
0,113156123758796
0,0567366457498461
0,0115190868183737
-0,133607803337663
-0,0437014740136257
-0,0825978848280726
-0,022360479675714
-0,0537732483756742
0,149685091147099
0,0725146946356018
0,0410906197033718
-0,240059796345946
0,230439220156143
0,207260378080305
-0,103873081870901
0,151009309737749
-0,129630588114817
-0,0349531287721651
-0,0282758380136492
-0,166550453109134
0,126880434189183
-0,00903254489820049
-0,0373515785835173
0,0830241658506348
-0,0485567404447672
0,0205175934974099
-0,0667159674004363
0,0201383356250785
-0,197180965669028
0,353661661650023
-0,11216340109544
0,0361862785639321
-0,00926520578514116
-0,000578696031267524
5,94188314223412E-08
1,87811884009092E-06
-0,00216524695747113
0,000903338464813532
0,0037815908607916
-0,00128704707260921
-0,00499521371805427
-0,0232794903406168
-0,0143826068629034
-0,0136824493307839
0,253066549931405
0,031686392118241
-0,144017991089542
0,072644862211806
0,432079550874259
-0,325918835934725
0,168021971639204
-0,123727737628111
-0,458158726291807
-0,0428542069455353
-0,0509784125201654
-0,157698766350849
-0,0749949881491028
0,0271595498917894
-0,116817290791624
0,00458041734838274
-0,104025215131199
0,0778124963350761
0,0252770204296529
-0,0486946414413059
0,0836419287898144
0,0305069539519759
-0,120438048948224
-0,053683773606532
0,101628293215459
-0,00479298890131256
-0,0291371745836857
0,00528722693133558
-0,221251980964814
-0,0808673598895386
0,126748485495679
-0,22601698544561
0,072304175882242
-0,22044644329755
0,196429989681395
-0,000618801251312894
0,0727865672164731
0,0496064802413919
-0,023336105669866
0,0591318787714912
1,96026026477073E-05
-0,0949906650674787
-0,0348383912283126
-0,00340086602545822
0,0269564520745467
-0,0257710194723638
0,0842601861319012
-0,0348578274800405
-0,0166886105210613
0,0928401921310526
-0,010188892203623
-0,00203454449911823
-0,00392088971375906
-0,000218146485034337
3,39691858325795E-11
2,37674704927079E-05
-1,82399172602184E-07
5,32396840647715E-05
1,33939490687855E-05
-5,93365628713922E-05
-0,000327789189104779
-0,00186602541756207
-0,00223750203287746
0,000476084749746525
0,00220898193743333
0,00706909146178336
-0,0042584591732046
-0,0590518472318375
-0,00412825502236149
0,0563184664513035
0,187334729553038
0,0691761381554243
0,0194290024194006
-0,37557218028408
-0,179317073206152
0,199421735699327
-0,0967982255419833
0,385666461380652
-0,0870960591764352
0,135134367689505
0,0114244655785613
0,0166516329523183
0,0380613046521524
0,181159664472665
-0,0420096290233096
0,0420968089118738
-0,038505359773974
0,084100065223394
0,0189183013123265
-0,0499902072331739
0,0335379674863195
0,0228285075147915
-0,0595703307637837
0,011296119991764
-0,0862366237857876
-0,0951063351698295
0,167524077294335
0,251390373959309
-0,108245522507764
0,00686105405888903
-0,158128902349528
0,240954132120252
-0,0443852505902191
-0,169398955168453
-0,125615565019745
-0,270607773118943
-0,0699057344085316
-0,371450392116671
0,011078737581371
0,0236408434856208
0,14198720659056
-0,047788460847776
0,0952444128926744
0,0473997230980233
-0,00121945637660314
0,0393929018776499
0,000325656562975928
-9,7679324294167E-05
8,84703147378789E-09
0,0705788765621973
-0,000408283654965086
-0,000291118602222714
0,00388721136665367
-0,00321942356539576
4,85430882561031E-05
-0,000818523609007545
0,00232390416013229
-0,130841436831233
0,00588338605486486
-0,00942332185748885
0,00512015900150883
0,0165881487866827
0,0131365939241635
-0,0219464472459852
0,0208877151823597
-0,0460351427752578
0,185541996498928
-0,00821242169042148
0,0595167626686123
-0,0975654121840989
-0,613111139630838
-0,110743558723391
-0,08623534019945
-0,0375060647149221
0,154845320791999
0,397370564831409
-0,0644538311382395
0,00159853395040459
0,101364325778125
0,108941026235003
0,0139804539963715
0,150668436576869
0,0967334656656203
0,0307447304633913
-0,276389367989703
-0,0658499868504113
0,134540326785584
0,00189838265275605
0,104377153187172
-0,123882771057702
-0,25245773568435
0,0642402750929872
-0,149853152242363
-0,0992355253444182
0,00151538734750117
0,0891931578437564
-0,0316585610817889
-0,0510719367430341
-0,0866883339857865
-0,106957154229485
0,0343111534598592
0,165252945646529
0,00323374181407257
0,0276309479789068
0,0433611279424155
-0,00671847378312385
0,0039233021182719
-0,0240403779840217
-0,0270623888085699
-0,00358916895516407
0,000924950297975979
2,23785468034587E-05
1,15376349486271E-07
0,00751295652573994
-6,03051079976428E-06
-0,000203427991878337
0,000575014957715856
-0,000274419940617184
-0,00248932651153354
-0,0117365615384264
-0,0499692474365805
0,00212343829436771
0,141060382307377
0,282419407744595
-0,272957631650479
-0,213912312267817
-0,331299234183665
-0,118738089937498
0,0477254233077993
-0,0222038644785356
0,00496238351161354
-0,0671392734875944
-0,172002039879816
-0,155553070143688
-0,00330309846142464
-0,0863267244404963
0,563214388651287
-0,0259732320064466
-0,0705527637175808
0,0414529101862283
-0,109317020091666
0,0677583615090747
-0,000578538339306741
0,164300630835843
0,0232031381866687
-0,0313598268737944
0,0103990060106478
-0,00211209931438028
-0,0685413161165654
-0,0648074264840109
0,1062245443645
0,22097232853468
-0,0952035216872175
0,0246823292271971
0,00898583040032626
-0,134758222917215
0,212918003934884
-0,0779993467553395
0,0305671477416066
0,105373910769996
-0,0442979144861971
-0,00120205451335205
0,0873503294429833
-0,190436586582887
-0,00490136906855138
-0,0430115309816742
-0,0305500982864089
0,0203719657626995
0,0639430632135452
-0,0170959340774938
-0,0275667272263267
0,0240210827604977
0,00269400627866173
-0,00221456546832935
0,00499026767252721
0,000147116812043335
1,31082456487051E-07
1,98085776320868E-06
-0,00177196966328966
0,000398511099605847
0,00750343215521637
1,37650560860305E-05
-4,93626572423643E-05
-0,000523854026329286
-0,0364129607915592
-0,00905160553730683
0,196179059568259
-0,135931514161411
0,0314640409895565
-0,0389747852941267
-0,0847444701998425
0,0888327422128513
-0,0421888045496306
0,0543192363526949
-0,0216736293229297
0,0791901722061984
-0,0258925784331942
0,0185998730479895
-0,0215375576530175
0,103335940222233
0,0391319649300234
-0,0119236951408326
0,104635425127223
0,0607784518745032
0,243844520337551
-0,0854687844499608
0,479265419872417
0,180905666316394
0,211910195790718
-0,0959901713739377
-0,183282169480767
-0,109270127227837
0,52967009506019
0,0173752694461197
-0,036116657697093
0,123118881777911
-0,0299549477819614
-0,227714363706296
-0,263057432501086
-0,0314798809192089
0,00687525786937509
-0,0875898325988636
0,00165458073844743
-0,037424552432767
-0,0174609822376476
0,0372479174300174
-0,136468216535814
-0,0436132475262334
-0,0536985045691685
-0,0125188196695746
-0,00645519048977451
0,00264254834972595
-0,00710318437920965
0,0193433466100027
-0,00217281198635527
-0,00399827583809776
0,00808197885164578
-0,00215299110020383
0,000397892647783194
2,83283443342542E-05
1,6291946113849E-08
2,99984724565397E-06
-0,067904750380027
-0,000539852361757669
-0,00257498167297218
-0,0383264973487821
-0,112738083448676
0,0488284736825601
0,000362121844808773
0,00644942010753627
-0,00392227206084065
0,00299564208470316
-0,00119392204456946
-0,0019528625274696
0,00677890100956741
-0,0101135347626553
0,00641105234219128
-0,00127556681649838
-0,00622384679989714
-0,0147272560982796
-0,0333144343949722
-0,000651213649137263
-0,00039879933505025
0,0140357397215556
-0,0405865168278277
-0,466959636290519
0,191164197647903
-0,142024460328997
-0,0148576436372585
0,116180998157575
-0,0599918170578751
0,183805830236232
-0,0587678984487476
0,0709296274651668
-0,282088745507518
0,0822106613610839
-0,0812744090622799
-0,0614749401053858
-0,124190979561064
-0,0474908807872185
-0,0852332007681964
-0,106654106811423
0,0889004583346909
0,0238627407774571
-0,0423206687626413
-0,118275240364127
0,0849130520776824
0,0392759968282167
0,0170161667996399
0,0390700801145646
0,0243279887743931
-0,202323802377604
-0,0344167587741164
0,0222294645136762
0,278483616662763
-0,356668445204362
-0,444791264059398
-0,125798229423274
-0,0217356931645713
-0,07307375819083
-0,0653893326316439
0,0374175732265557
-0,00350601269327598
-0,0001025921593537
2,88593696271125E-06
9,20365090394129E-05
-0,00107247192688279
0,0120341481648717
0,00124302191668748
8,89567432779848E-05
-5,65783457809623E-05
-0,00062220354951114
-0,00341645420515065
-0,00772121286346896
0,0426270487494807
-0,00748818456586289
-0,035657980973507
0,0656980838422697
0,124169019875385
-0,145311183048544
0,232039032271782
-0,10653403897173
0,401000059505577
0,184827833556549
-0,0798671587878389
0,141052811568222
0,335613201649884
0,0476686184220374
0,132684569309434
0,0623686991849047
0,216844765851431
0,298499341277802
0,205454840786329
0,0484686149688534
0,00974736975565769
-0,0155016976474037
-0,0385026815946924
0,159965805829541
-0,211901149027051
-0,0627014975974459
-0,158142721426979
0,0704304071847555
0,0705318641898874
-0,142988184218216
0,158339784234527
-0,0531872273474505
0,0226769368965041
-0,086914612391939
0,188825137119307
0,264886142782247
-0,11165409845815
0,0635990817781891
0,0100505297557361
0,145040473257596
-0,12786476103607
-0,0337097378534139
-0,140383501434331
0,0112871570678357
-0,0302491555080357
0,0211582924664044
-0,0380487829494251
0,0244051067390595
-0,0156496714191222
-0,00797302953411247
-0,0126540821346926
-0,00241693288449972
-0,000979368483678078
-2,94804598445414E-05
2,23159721281197E-08
3,30951683861992E-07
-1,8456712201775E-05
1,47889240468797E-05
7,09924408980268E-05
-6,00775002070043E-05
-0,000345637394791513
-0,00204866170421689
-0,00341311044258259
-0,00123495125642126
0,0567128041674641
0,0521885304998253
-0,0562084022317912
0,0276249502693683
0,1567341771533
-0,0135865433960897
0,0395882715713124
-0,0526629383104609
-0,128936268975932
0,0917341555783991
0,0700937847589209
0,432365261783325
-0,160829865553373
-0,0757197212659227
0,146071252995095
-0,0573737855747873
-0,108610399884518
-0,0613864707895194
0,100420397291554
0,0641950216647073
-0,00224226360619872
0,0351680237806893
0,314147925501988
-0,301635120399657
0,0364811031400413
0,0532683618430285
-0,124286376997496
-0,222339302700402
0,248697683823198
-0,134885040992718
-0,180249079646942
0,0130845233841756
0,224205571969072
0,0690901272342906
-0,0900838298416991
-0,0620982240545834
0,0623563547949212
-0,00191676606784109
0,0764476924346458
0,291992459911555
-0,303659258994463
-0,0122463131746158
-0,0582133313567346
0,0124709455026076
-0,11439757357724
0,0916669730132523
-0,0627782075590919
0,00839951753566208
0,00540184931948828
-0,0443197890774825
-0,00756885540562894
-0,0020817517779528
-0,00028107500009292
-4,59575767818941E-07
4,3618254707226E-08
0,00251115603260586
-3,19614016847562E-06
-2,59856597570799E-05
0,000522408466913209
-6,13161201614434E-05
-0,000296569585511384
-0,00179018339859931
-0,0154887753720978
0,00113151261604028
0,0086515324458262
0,0332896281478505
-0,037871758846658
-0,0854526910777682
-0,0533484330860575
0,00314254178136397
0,182058916550227
0,151637194424213
0,0108734751273399
-0,242682895953572
-0,202797522710267
0,120749215295871
-0,0912881831847974
0,196232606342038
0,0904467725539038
0,0467075069717055
-0,0621867143685118
0,0162346310748589
-0,050748961667978
-0,00949639723846461
0,0116722009656285
-0,141561508885937
0,0110948585752352
0,0682370046990328
-0,116361392061797
-0,00641064611313336
-0,122826526850982
-0,0324817257642947
-0,149031881105434
0,147630547205837
-0,187928877000014
-0,37298488828368
0,024104754967254
-0,0355663547296518
-0,0719030346337114
0,168260340847274
-0,02852856746959
-0,234549057219151
0,152277227745404
0,139586581349522
0,0673016646262206
0,393928783020135
0,121183390932535
0,377459249127132
0,0800560219285314
-0,0183649512198654
0,00662451157091106
-0,0416254119598972
0,0970117902762597
-0,0751921433693407
0,0309826968670044
-0,0612370048356468
0,000853688779283545
0,000179700641495112
0,000151953808970746
0,000308319922172305
-4,4623893308972E-05
0,00136429433912746
0,000202569564222921
-0,00137192137316401
-0,0205364741715115
-0,0161788490779987
-0,0410284639730293
-0,000553782319643904
0,0827357908356901
0,0394997643297135
-0,0212446389013695
-0,0219319885273894
0,0644745431069714
0,428462514256655
0,315518596694209
-0,112599597156098
-0,0484809807873397
0,165678787458749
0,161597725389315
-0,113944613682438
-0,0199383411984593
-0,00631030028449679
0,066058790022969
-0,0298878665981632
-0,0715480804691467
-0,019735254972769
-0,136693922172871
0,0122372105710518
-0,243832189119447
-0,119554462160918
-0,00242331863685702
0,364328078906186
0,0990030396289801
-0,0606656574990459
0,129171122862416
0,271651658213967
-0,0956906627969669
0,0390859638981226
-0,246768748386044
-0,0308096326501811
-0,0858707112648478
-0,0779338399257653
0,0409943800327524
-0,186250264780714
0,0688066038209739
0,0455085291770114
0,0266266602254586
0,201067366114813
-0,308997064070062
-0,0282707738959332
-0,0965039868657265
0,0160870651973993
-0,000531973946833465
0,0234579509559643
0,00818224711100147
0,0439823098594449
-0,00907914334086794
-0,00848451435046423
0,00504872912082949
-0,00816659070876267
0,00124292187891788
7,59506849511447E-05
2,0058041232282E-08
0,0045085602343418
4,2539240635018E-08
-0,00012687924915574
1,25668439076884E-05
-1,05933847375688E-06
-6,30894670572122E-05
-0,000442908365210324
-0,017902511170897
0,000829337091591515
0,00555286562863442
0,0213136721135214
-0,0256986112097904
-0,0215519112894398
-0,0391208669328018
-0,0217852017360459
-0,000627312906442767
-0,00679177027556672
8,53386876174777E-05
-0,0234918877145848
-0,031709116397358
-0,0330999729182603
0,0147461291755108
-0,0345870612022952
0,209245156902379
-0,00246858999717904
-0,0374148792882399
0,00797421567433876
-0,0766890879562011
0,0985426866834287
-0,02869149394485
0,248025144421047
0,042895920136267
-0,0408528554565599
0,154855251681638
-0,0173136252866206
0,0849833648338914
0,211681182397684
-0,156296918016372
-0,348825549491944
0,170761869538433
-0,0366571613899706
-0,0120217495759878
0,103271222982361
-0,187738467764346
0,0619643021933871
-0,0217915874290171
-0,0610350943705857
0,0251263707098052
0,00761811234623482
-0,0424656670701129
0,106973179129608
0,00705572048966517
0,098793600376176
0,00111799568163153
-0,0156289271682708
-0,0245550769160838
0,0141719005646932
0,0711705323944695
-0,00448317847022638
0,260996885141276
0,678310545041669
0,010672869126658
-0,000176039146828294
2,17936056878746E-11
6,24891435015606E-08
-1,85469312045273E-06
8,05870928708596E-06
0,000124155042838625
-0,000290158330858148
-2,52177362541567E-05
-0,000279801060915594
-0,000379610509425999
-0,000239879594264191
0,0045217925417762
0,00535871128129856
-0,0066153960415241
-0,00199683502546376
0,0234289537242191
-0,0093604728232262
0,019975240188333
0,0160806210517594
-0,0248643021020628
0,0362569229661133
0,0191119773775328
0,0490425565983112
-0,0226194491144575
-0,0110733528227153
0,0422685590895047
0,184451186544316
0,37747451956853
-0,195085732632971
-0,25083482991887
-0,0185260270571576
0,0199299718467535
0,0229229478366165
0,140237059620047
0,0234911133745382
0,0370450674709326
0,0931721623613981
0,000398090503462876
-0,0118606610451006
-0,176355654918515
0,377687526667344
0,376469480665528
0,0323320762280913
0,15821700216051
0,0482459415304523
-0,0608236486397307
0,0626569738345032
0,145893221507955
0,0212250979233469
0,0175540364777082
0,139983335540178
-0,138858297279464
0,0278040187811942
-0,0370355383161287
0,00517520725116063
-0,196474844864176
-0,233685112635347
0,106610503398929
0,0898749855101594
0,0620992588417146
-0,082343114869305
-0,356272413694052
0,124857502613595
-0,0436342695663625
-0,00208296136794902
1,61917165671687E-08
0,000283437953115091
-0,0594461151146677
0,00105246585977405
0,130027363826594
0,000266419314772535
0,0006053754337214
-0,000251303048072729
0,000642292820928339
-0,00692338615068147
0,0386267348652558
-0,0294204550478081
0,0102746353742593
-0,00136243732708869
-0,0131163576677651
0,005693308962712
-0,0402846610662588
-0,0376480741112559
0,0280548991198129
-0,0651430816772488
0,00980254276603139
0,0128580017027894
-0,144105298027993
-0,111667205737487
-0,0230133046535014
-0,0336322035252359
0,136515449877523
0,452893912937012
-0,296279925059899
0,190296533276533
-0,336954432688271
-0,241949205138914
-0,0263319841684481
-0,412997712709257
-0,252167501274481
-0,0623611473995566
0,371637079557726
0,0186476924462472
-0,0950660187833421
-0,0165434779100973
-0,018265117644168
0,0203073169834273
0,0964097757957627
-0,0223455097243061
0,0940370127204022
0,0361274083946883
0,0142432837664301
-0,0337554116420703
0,0051868239595743
0,0228966939036102
0,0207081154633992
0,0245052328842741
0,0134782306665724
-0,0547395054779541
0,00645841154846861
-0,00661228447497779
-0,00118281966668229
-0,00542175784084494
-0,00472976346679957
0,0179992604064182
0,00388832827922594
0,00328714052225514
-0,000549069776604802
-3,13501940315494E-05
2,61341927194838E-06
8,90081323745496E-05
-0,000650476263449242
0,0105899249002147
0,00118533077571702
7,62312072473444E-05
-3,18238192802632E-05
-0,000358938347595367
-0,00150122323299248
-0,0058727770845117
0,0239254540346435
-0,00984305406831357
-0,0182281284625929
0,0421900701718407
0,060662919582205
-0,0935594961948186
0,130303355112859
-0,0619883079603892
0,252052808549789
0,0763079351295857
-0,0185445436868778
-0,00327249026442649
0,167916458055447
0,071442912955157
0,0721498100175919
-0,0196967420820291
0,0708938948114815
0,0973453770820857
0,0966094033275825
0,109411293706764
0,0943632312708188
-0,173165935854093
0,0553974127266442
-0,0658343357607252
0,111526556518677
0,0280219401086356
-0,0450256137662857
-0,0298884490858824
-0,104810224442728
-0,0122412830636491
-0,00518361346732116
-0,0261717624466587
0,128128832101934
0,117221280142341
-0,158942207506856
-0,599247129978499
0,333117276705912
-0,19138822478428
0,00846174770200754
-0,0885057216617318
0,198828094474102
0,0806186759762711
-0,151719610209373
0,0046627774476791
0,0507837949961555
-0,0508287746441654
0,231480893780962
-0,135607739652628
0,0486370627335275
0,158525938555365
0,0319007925284109
-0,0190639486583756
-0,00396631172788897
-0,000211502991427043
2,0423034769178E-08
1,00835385964649E-06
-1,62504254072657E-05
1,9558718501796E-05
5,07277891755284E-05
-0,000745409898818717
-0,00622657080401877
-0,0245257834056107
-0,00166607554175345
0,000338714568668677
0,0255535294852174
0,0100303277877511
-0,0236002109646783
0,0100913227565752
0,0774762776548182
-0,0144503720696456
0,0565344924451683
-0,0404617587173724
-0,122729380619864
0,0266802180531454
0,00684442403392526
-0,000490169235949972
-0,0851800396525297
-0,0223420401250283
0,0631914858793838
-0,0656013660161244
-0,0457580631775127
-0,0137826590848543
0,298182558675312
0,209207358742297
-0,297287027625587
-0,17510871594048
0,63281807923606
0,218831970906728
0,00656733802363049
0,061428662700755
0,0797918725778474
-0,00413061731062505
-0,0148504197873855
0,0662225022059762
0,163964432917217
0,0264893763893787
-0,164989986589859
-0,0150815791485663
0,0191255052168541
0,16425802870637
-0,0248053903197558
-0,00149298714080977
-0,0342409956676091
-0,201958845156012
0,250915784530108
-0,012232297599626
0,0425784761974642
-0,0101197022215906
0,020672604212532
-0,0230690373046115
-0,0295738398367212
-0,204029737595484
0,0347226378280027
0,0197822739265901
-0,0486399692572778
0,0212370596638797
-0,00280779754067693
-0,000185871418766907
5,74312785319523E-09
9,28010005279202E-05
-0,000628742808075371
0,00121359326060734
-3,69961676010613E-05
-0,0280905539357628
-0,0637281342237074
-0,177580845542996
-0,00227848435115979
0,0107041668295675
-0,00423947397130962
-0,00464313625712713
0,0186168133535341
-0,0541114123029496
0,0247050252151586
-0,0220785199885502
0,0276837421478481
0,00350371065041748
0,041922780744769
-0,0358121828076189
-0,0816871988770187
0,0295665794495817
0,0258149631937808
0,0288643391517991
-0,0745189196581668
-0,541118057059541
0,194613929920625
-0,11962367705147
-0,12269598307134
-0,0265110092235434
0,0334411734485055
0,0346295434381367
-0,0238348092149857
-0,0659610635075353
0,181486728529833
0,0351371610216197
0,0708628387223313
0,0810586234048154
0,211869686180909
0,0187936076802655
-0,0178179112392319
0,102364049463892
-0,0987820581726397
-0,0446562567554924
0,0497086120157942
0,224801424646192
-0,0651332737878138
-0,0213577700205534
0,00675356453303708
0,0927721670838062
-0,118225579797663
0,120673674424933
-0,0468172358076683
-0,00507191353043118
0,127350351400058
0,00958805807190009
0,44906218433468
-0,281884220820143
0,105451972385655
0,23020354933955
-0,015309325612491
-0,01336811871771
-0,00740870502810268
-0,000454547655887055
4,38708191358342E-08
0,000315260223975108
-4,35079098709638E-06
0,00145823290349374
-2,41877086148883E-05
-0,000601871141947268
-0,00720842764149977
-0,0277500462050979
-0,00334079537346817
0,0018616719387847
0,00798552235991979
0,00730020078021552
-0,00199861044867751
-0,05359327841168
0,0177207625444038
0,210926664029923
0,323786152635235
-0,00914969560358452
0,00450271926830253
-0,355088616515857
0,0929249406390158
0,0151049932283051
0,0389553547991442
-0,0170525566271471
-0,0533238868595705
0,105976447857396
-0,000422091462479943
0,0178457429763667
0,0542939891373354
0,0979356952058018
0,112616802174206
0,151522168827662
0,00300118418665877
-0,127777763113813
-0,162685662432955
0,204580740582639
-0,0948952007339835
-0,25331960719402
-0,23852669265081
-0,128322493507548
0,0448230147633515
0,484527375470307
-0,313868297219399
-0,195599095468085
0,0491802534710604
-0,0193304278890845
0,0657266862276609
-0,0602228496617895
0,0493149433630569
0,0546781668868603
-0,0421296887778092
0,0546340889677817
-0,00460926144358408
0,0104926076481489
0,00624392379831524
-0,0397404674673304
0,0697493882677175
-0,0674706511735744
-0,0866163260331177
-0,0491891985678898
0,0183624184650092
-4,92091720526673E-05
-0,000383810162977243
-1,83932383560211E-07
2,00000133576086E-06
1,32817964625436E-05
-2,42547025898008E-05
0,00722042491731247
-0,000139358183566736
6,36235587196522E-05
-1,75392508625996E-05
4,11080082588011E-05
6,33906586883655E-05
-0,000907531903292688
-0,000506571479445077
-0,000197081604654619
-0,00219140873833237
0,00668729212757109
-0,00354917397183614
0,000183931479284072
-0,00111560093177837
0,000992243922356133
-0,000133190518456884
0,000876752724615509
-0,00177533044231348
-0,000478255451955903
-0,0166925985967462
3,72922897419033E-05
-0,00152820741476363
-0,000218926689068057
0,00468607822698482
0,0117370402836911
0,00403379785530611
-0,00622150002407673
0,0258715675469174
0,0151256201075932
0,0137176803548716
0,0385726999969735
0,00648535656844871
0,00480306875818474
0,00874805198311609
0,0265440072250817
-0,0330980641374696
-0,0101292789645839
-0,082433421503784
0,110405655606273
0,199261778120025
-0,0163109073292306
0,121965051935986
0,162744091845034
0,109514987124988
-0,55875225279514
-0,197844853849298
-0,424981292856381
-0,329178512189227
-0,352411787082986
-0,0164037239221293
0,264449118524988
-0,0569193936691086
-0,0451290013266792
0,0606850470986485
-0,00695564906621973
0,132598897106539
-0,109954341865315
0,0782148276130014
-0,0541619400538013
0,00339551332377374
0,00026066505739745
3,388428235204E-07
0,00261608726171555
-2,98837975264523E-05
0,000812900315832085
0,000725360707375286
-0,00059601721148592
-0,0012385562539078
-0,00574801971218613
-0,194742563732523
0,00229041677137763
-0,016055126064279
0,0288840989651135
-0,0150267811847914
-0,110439849259147
-0,0344446845969014
-0,0176513025858534
0,125712790826016
0,112060287706983
0,0119919600528952
-0,0026737442575554
-0,401436548575822
0,0521459082163403
-0,0560191478296924
-0,282744646972272
0,00570670153698573
-0,112977552093326
-0,0783621462491691
-0,0715617468470824
-0,131677873506172
-0,408934656193876
0,129721151489813
-0,424993488905401
0,133017526714022
-0,00722540917285815
-0,151486431166808
0,031490151106986
-0,112811168856016
0,0635978692668454
-0,113599442020921
-0,163819728132387
0,11444184449736
0,00717652951918777
-0,10630680702038
0,00187461533120629
-0,106920418411538
-0,0479159696507221
-0,0317205961909236
-0,0452171099781717
-0,071813252535755
-0,0888496226504192
-0,139568250755786
-0,0455635039926685
-0,0765279335371593
-0,257256575043229
0,0121068835408476
0,0290398042280508
-0,0775444025154692
0,0475432351648053
-0,0744681828962873
0,0174402350601079
-0,0215477848841325
0,0618440296395163
0,000797076627615743
-2,93680141380664E-05
1,85763853689608E-10
8,90500405064338E-06
-4,30695812674115E-06
3,17321442438618E-05
4,9222958731271E-05
-4,03212982423408E-05
-0,000191202052553568
-0,000672587399187523
-0,00616910366967478
-0,00187025685381182
0,00405976490169905
-0,00121511220556144
-0,000807069867871773
-0,00842591888413025
-0,00420056818118972
0,000421975612497153
0,0103440792597533
0,0107596918995094
0,00325496287328191
0,00386343278690149
-0,0483950712289538
-0,00121102973589428
-0,0413603938860151
-0,0435763895708879
0,00486180135227406
-0,0247910170484295
0,0076315066577451
0,0109720991162139
0,0179428813316945
-0,158263811395781
0,176963206550302
-0,0972935454306252
0,116831978363588
0,0544381175577178
-0,113370301398694
-0,0273983798453264
0,125531347190439
0,133236069711258
-0,164907575427399
-0,140477794579449
-0,0811309706490774
0,298155124594482
0,315127398345586
0,0343336025136336
-0,0658060551274916
-0,0299704380251541
-0,106987318331144
0,484604492546135
0,0215186665150587
0,0189388078730658
0,132761766391211
-0,153755856998938
0,0617744773609869
0,517897762114035
-0,0757616648614752
-0,0503022547176804
0,136551646348316
-0,0597577911264575
0,105164133440542
-0,00804885481532095
0,060245353095277
-0,0958235101479478
0,000703750396939699
0,000129980869094879
7,12558742726148E-08
1,25373790705589E-05
-7,5121589372538E-05
0,000579550849966168
0,00857156231596615
-0,0130107680115655
0,000974623711909192
-0,000122515905238313
-0,00402192061396541
0,00334217553796709
-0,00596927005897045
0,0150322323401653
-0,00489733841376791
-0,0461058024019329
0,0165340852144112
-0,0406220598676448
0,0576906793661569
0,151434316095946
-0,0288409906571573
0,0812668748861562
0,0676001281987651
-0,0223222385686329
-0,0164285186355602
0,00618575569810917
-0,00690764260121546
0,179708594652721
0,365650386047536
-0,162144926702795
-0,169550499818079
0,0165285490274788
-0,0162745621530312
0,0166870182711462
0,158057737908932
0,0118081352146012
0,0954434982010515
0,0432078520160614
0,0188082842798647
-0,154894247197797
-0,0236862420805577
-0,134836757398808
0,0239505061979105
-0,0513796524884191
0,105550418807381
-0,0456871678037523
0,262619535830193
-0,304707504796885
-0,509267945477309
-0,0650913248808901
-0,134687319656957
-0,0585708659779121
-0,0445565554705708
0,0927336352066006
-0,00375886108785288
0,0736684061398471
0,304275434228479
0,227836301903323
-0,0298241374289767
-0,0800971311438826
-0,115344557287369
-0,0746815974024564
0,0597125343966044
-0,00845444914774002
0,0383686361997801
0,00163592667838216
5,78880979336887E-08
2,55719133355045E-06
-2,57402903918876E-05
0,000141741387734916
9,44959636972741E-05
-0,000104938601606344
-0,000846237386388294
-0,00264284229206807
-0,00730717405069596
-0,0019668802444286
0,101646282668581
0,111883087367101
-0,0905418904803324
0,0451264922678158
0,226511260298851
0,0678310002149963
0,0736937784956451
-0,0819641419168097
-0,0606730688779766
0,180963230843971
0,116564818143035
0,627205697233801
-0,124971758337623
-0,0870319874591307
0,225465829254363
-0,00692683904906827
0,0184406465744835
-0,0487668403105257
-0,121138957043322
-0,0583830926107844
0,0688037948016181
0,0375461443155385
-0,307468039521415
0,0914858531127913
-0,0554896478589172
-0,0295295473703336
0,0980195281054711
0,077756626071906
-0,0402122210984176
0,101682241410759
0,0164648324860968
0,0842156166061035
-0,174018322463402
0,0440923286555059
-0,0120148939318557
-0,00929634390896245
-0,0916121703276071
-0,0326544048003947
-0,0649113611646026
-0,268527753737462
0,276233519699674
0,0409690721211361
0,0924212339076595
-0,015195424031528
0,056335761683217
-0,0602060536066676
0,0220188496806376
-0,0110677938974823
0,00452553845240735
0,00494463365002118
0,00905539288340592
0,00324299837555753
0,00164034288949845
6,60467124633974E-05
1,54917381924012E-11
5,50880663592967E-07
-0,000686849371974413
3,54669631158538E-05
-2,01600936779171E-05
-0,0256031345776089
-0,00395614720366518
-0,00637411677833239
-0,000494307753471185
0,00527149557116051
0,0115191917127144
0,00344055156795614
-0,0110414174066011
0,00275807992696474
0,0364738973830259
-0,0306096944233857
0,0208225431455397
-0,0137361147475193
-0,0539301936383427
-0,0150889865706593
-0,0387687372808408
-0,0357042848600217
-0,020690553516294
0,0103997569849834
-0,0285333478090755
-0,405332298161364
0,167308986751291
-0,111663770076137
0,0731021980793873
0,135434797648985
-0,0919249201386549
0,115169256038312
-0,0195326374489293
0,106209762290337
-0,253437462348923
0,0611665129220874
-0,0451523559600186
-0,0184908309935202
-0,150633248410381
0,00184880846163021
0,0210793133919884
-0,0617708785512889
0,0557982519262971
0,0319335411847641
-0,0136315601920189
-0,114986105688634
-0,0116567029725664
-0,013809778537817
-0,0412186188552489
-0,100917901581743
0,0607758520286084
0,11784040613258
0,0730107617901686
-0,0273180786175555
-0,443796528775588
0,396936070607308
0,173285230025599
0,372835663781416
-0,126804257211246
-0,142910597435013
0,117273352244288
-0,0386699952396708
0,0316032074716238
0,00137611978803772
7,1740893261836E-09
0,000135404714339516
-7,09222132097662E-06
0,00147911484246298
-2,1521571751097E-05
-0,000893929871436552
-0,00147267747760163
-0,00628764699973535
-0,00763378427018409
0,00150175297589988
0,000852917514214254
0,00915287236148934
0,0180867020822472
-0,115765206580246
0,0244296513888931
0,0393120517163556
0,152328694393502
0,0515912616692053
0,0345237609157659
-0,273228526386839
-0,213030015395126
0,165410503065635
-0,0609749292578329
0,208933034990833
-0,124352281628748
-0,052696857447058
0,0680235466685677
-0,0246080908004009
0,0126035279129834
-0,0831514995108371
-0,0896033364705627
0,0188142922204088
0,00162093252942799
-0,012503056756328
0,228231184969489
-0,114410615914382
0,168913760271791
0,205245487304773
0,381064934413195
-0,0618507324487739
0,241554574140277
0,113288289616096
0,0148996887013774
-0,122340221203467
0,170815894266559
-0,162697800649065
0,188959243370449
-0,0586453179398738
-0,123941924746992
0,0706893895414483
0,155056187318439
-0,016175785165888
-0,00718783240898139
0,214676232655078
-0,102863334921211
0,00953846123284504
-0,2943162778528
0,171887788582705
-0,190799356492711
0,0330393744684051
-0,0427673473005733
-0,00473851622391927
-0,00111043672646981
-1,58709049213941E-05
0,00024191210306082
5,29713368114358E-05
-0,000253644637008879
-6,73314174848661E-05
0,000750695072789522
-8,95261842593338E-05
-0,000393089457652923
-0,00269239448604834
-0,0590673213104188
-0,000124055008635083
0,108227245490417
0,202407715496969
-0,138906663862968
-0,0209883449126911
0,00703155902700891
-0,000407520901045856
-0,0679863407635297
0,0924247895597544
0,0721179404968838
0,0130220096083796
0,127897982677972
0,0514514093167987
0,0286247952624445
0,0318767571366473
-0,252470781852889
-0,00766204520708637
-0,0491499734861069
0,00603296032012688
0,0332469048344379
0,0384419636675192
0,0122164919074665
0,13710329460599
0,206819144633612
-0,330460867509254
-0,0841660867485429
-0,172401796358278
-0,34429378836096
0,506524465059804
-0,105766971249222
0,2293910386666
-0,064145822800926
0,0584834973848185
-0,052318673705956
-0,0355528474371609
0,0888892685917212
-0,0539008642122305
-0,0142738597972632
0,12442753120864
-0,0496030736682824
-0,20954178673419
-0,11224049921939
0,205282045358857
-0,138404983505166
0,0116953309034136
0,0751904915859781
-0,0129565668652716
-0,0538871621119074
0,0164681138311454
-0,0162487657390464
-0,0267018820885036
0,0269243465138672
-0,00249754336560755
0,00691102345917643
0,000404044125582172
4,10192974896591E-08
0,0049838633620723
-1,12556653015938E-05
-0,000125487346412651
0,000115568155156464
-1,01320638671787E-05
-5,68598493851174E-05
-0,000318388864542477
-0,0198889133707662
0,000400942112706277
0,0136197933721252
-0,00866606491781128
0,00246149592468072
-0,0267708661404804
-0,0155471342828507
0,0344952432261622
0,0566929138488942
0,0251588976230176
0,00153714081082427
0,122034360792065
-0,343901139736482
0,0493859596041411
0,0122149570629191
-0,391587261798978
-0,277285304008565
0,10685700947465
-0,121082920108947
-0,139705815265222
-0,106492083427087
0,605975957476322
0,250987457195442
-0,0279300834888572
-0,0531629423859964
0,0869658563854719
0,0209114447198457
-0,0468864156299065
0,0306848245721116
0,0149931835005804
0,0553185174752762
0,00882699533051796
-0,0155437520363745
-0,0201109923208512
-0,0572889581108743
0,211356962495419
0,231401400340138
0,0195684218687466
0,068610339281978
0,0274906408114864
0,0127323446392322
0,0700641783420929
0,0177200495842124
0,002159694306039
0,0101015206825412
0,0874466994388116
-0,00938651906241164
-0,00222782683097508
0,00809518734504385
-0,00149713532859207
0,0197623667358813
-0,0155732932933694
0,0127952832886505
-0,000857848146923071
0,00044776151451286
2,63385122161224E-05
3,04217250432238E-12
2,05577053193175E-09
-8,00883297359453E-08
1,24894017442423E-07
5,59030940071387E-07
-6,25640848684775E-06
-5,51946361936312E-05
-0,000305141196801477
-6,55884990530505E-05
-1,20419789861516E-05
0,00160023254324169
0,00119314378465868
-0,00201985980141445
0,00109801328962602
0,00735089095385387
-0,000960866689939038
0,00370662287856697
-0,00363983701322374
-0,0107712256249345
0,00525594890291925
0,00342667791859317
0,021355062525645
-0,0145026228649197
-0,00612927231424596
0,0142663420211509
-0,0101910293534504
-0,0123540365100842
-0,00636992842556256
0,0447689215879622
0,0344566593346387
-0,0415146765304019
-0,0211999513658441
0,143688006955896
-0,00211926677686
0,00661032235784098
0,0217335299471434
-0,00360110489652987
-0,0426085478699118
0,0483933373433811
-0,0114477452622187
0,00881049643765896
0,0145947387525812
0,00304560687292631
0,0192839641928008
-0,0284573439524242
0,0790914597353081
0,0164487464411917
-0,00294411708183784
0,0369526826402936
0,0351310019260785
0,042066691950156
-0,0740846221242713
-0,0154438872126508
0,0128953494094768
0,479429104374925
-0,288400208079832
0,311327422020795
0,702060642824913
-0,123438700932502
0,0439965881919024
0,161643424639515
-0,0567325958967744
0,00872345613699808
0,00053737900569595
8,49060854798536E-05
5,48948948843219E-05
-0,0919218354421518
0,0234021388869442
0,00273416961382984
0,000503380448149773
0,000792243584008937
-0,00255597943671382
-0,0245739154256562
-0,0151471497711376
0,14099990585213
-0,0511758134303768
-0,0585728691224746
0,0807974221398392
0,166575770668891
-0,264326088882686
0,197461011873173
-0,0469302574033419
0,195327485800288
0,0274418533011327
0,0379206093077223
-0,128957482862835
0,109078968725308
0,107669896362631
-0,0917797875248987
0,0523473625391671
-0,252334642547355
-0,0914238230434024
-0,33868910953639
-0,0553581687735398
-0,021645061826018
0,165158165249964
0,171743490937996
0,0856056251646427
-0,293156585166423
-0,0641415656781031
0,104530798238361
-0,0157773997293062
0,257835941497032
0,0347114519379408
-0,000312648291107129
0,0906807779814838
-0,00991145776866589
0,0716307814660261
-0,138014227808107
-0,0797450619500555
0,0532486456349258
-0,00848117638958447
-0,0252935750159739
-0,0556850450426077
-0,100829934240321
0,0337070707050756
0,473729516291314
-0,0324436857545625
0,0904044217274953
0,0499608335952323
0,0393295458848703
-0,0346517790317944
-0,0239458173236417
-0,0247163468560069
-0,0736177977035379
0,0407732688423175
0,00131083956228473
-5,37108213726614E-05
4,79379861987577E-09
4,17691919217133E-07
-0,00018130173162415
0,000109656374685218
0,000205527027991952
-0,000671256533579601
-0,00167078252949989
-0,00739616515641733
-0,00133165487959072
-0,00665122988573122
0,0235990599530891
0,00795843040996202
-0,0236946718475728
0,00491703687724054
0,0750518877062167
-0,0719964100290159
0,0533081172267226
0,00152185600543786
-0,0970894238957131
0,0242112220459499
-0,0270713921094131
-0,0916855289978273
-0,00645259637114207
0,00498711582634385
0,0189577604249697
0,277348525676446
0,50759061260055
-0,196703011830763
-0,142270608782578
-0,014972436374663
-0,00621401441527854
-0,0154056728754131
0,103659756244673
-0,0603639922747675
-0,0549965532534826
-0,0257876560966953
-0,082945563476472
0,105917303052978
0,142598576973856
-0,227494843400395
-0,38200203179849
-0,0566833031416231
-0,199452921905076
-0,0386937254511853
-0,0959274912131831
0,157190916000673
0,24842965819927
0,0399292615044235
0,0277040515184066
-0,0590135008245506
0,152139612546766
-0,0600676646947127
0,0359840251978019
-0,0782756319316005
-0,180021735924276
-0,0842602300573331
-0,0498482781897327
0,008934785617447
0,0639570026987391
0,143190533288696
0,245866978711493
-0,0999973936779583
-0,000469878837735279
0,000173576738107962
6,10743323472291E-09
2,88297056664329E-06
-3,26512474538115E-06
0,00129324212425463
-3,45823846718305E-05
-0,00330870369982523
-0,00144840510962975
-0,00688734105699852
-0,000165129870547652
0,00258636950211883
-6,23395628660819E-05
0,00484946003357423
0,0294778233036836
-0,0888086880178373
0,0377813479631996
0,000653305519237308
-0,0062035222116694
-0,00991804569502668
0,0154806522125909
-0,0065926780926743
0,020813258787926
-0,00709791667783999
0,002980650751219
9,01617708917598E-05
-0,000613833451966914
0,0520537199320212
-0,0325358881294233
0,0193618889403095
0,022060213509668
0,0259998893541625
0,0311867467151212
0,022677962825322
-0,0257036080759526
-0,0339094416039724
-0,102794185112768
0,588981506450075
0,032175655823577
0,180914671974939
0,0581367853131571
0,00215940635136038
-0,0335214164440954
-0,0180742367997118
-0,0114609563135661
-0,0385451302044757
0,0343758301456605
-0,0339608085743844
0,00337168683226518
0,00980076559092824
-0,117343766110322
0,0166752049571955
0,0381387667547497
-0,0072083329834288
-0,00642081781258977
0,0303429839876337
0,124570961426358
0,267680649951772
-0,161956531108548
0,224462772119988
0,522882251438343
0,289226377066836
-0,203898174917454
0,0337874010497422
-0,00281085124807371
-0,000322536729577423
2,92495712917131E-05
0,0606587109580431
-0,000363517038696295
0,108952596443994
-0,00193107425650547
0,00019237751425568
-0,00126140797805025
-0,00356117888319438
-0,00221192681965519
0,00185438515344965
0,000330641507081682
0,00754280373724258
0,00518961715132087
-0,0359605309060758
0,0297301044591903
0,156746701126364
0,194930211284885
-0,041512041494586
0,00143038699153863
-0,116337674658902
0,120254080637283
-0,0618568028918143
0,0852901538374858
-0,174162678377537
-0,0068235781683942
-0,0810614741202659
0,0743450602996424
0,00244634844388966
0,0710605312777442
-0,0810716931217835
0,0757559959964708
-0,0619450769479638
-0,0085697225605
-0,132711996576124
0,100813393629145
-0,0660588331007822
-0,0113454050281755
0,0383154613704921
0,163957377190272
0,00155982648733304
0,150273868271876
-0,131868277004195
0,0756957981796359
-0,0246749633241617
0,0632088987415598
-0,0248694867977813
0,0652712792043164
0,0710341660461272
-0,02859432321935
0,0245498028218491
0,133780806619361
-0,0106431417945643
0,167236099874552
-0,176129454818445
0,0825817457746395
-0,0211139998516532
0,0447078221191779
-0,0136480023150743
0,460497566296322
-0,597025425719168
0,18454655942915
-0,0589382004166734
0,0163355444755388
0,000998197898349371
3,31545366232075E-08
4,90697198629954E-07
-1,143856267458E-06
-5,29675877075789E-07
7,22822923067146E-06
-1,59184001301285E-06
-9,61314790604743E-06
-9,31513809706066E-05
-0,00197481818680002
2,08666228450522E-05
0,00771765761583351
0,0156531978639717
-0,0229423804419358
-0,0232685243825586
-0,0464961134697743
-0,0226309780678241
0,0124096369632583
-0,0369286846086894
-0,00728969342035154
0,0169332236053392
0,0416372744628072
0,0298263381943216
0,00276768574845642
0,0161184950679755
-0,111095591559877
0,00292609166581639
0,00405559726662723
-0,00556437898566781
0,0243751092856308
-0,00393540339201641
0,00285881686147485
0,0011531271843491
0,053594459163759
-0,0969056862705915
-0,0318818823463798
-0,0689212045780699
-0,139905970267485
0,27093663349391
-0,102546527451422
0,0669271681778942
-0,00545471213252591
0,0501956998114067
-0,0928193896410493
0,0836970258444625
-0,0895605124319649
-0,0692239565209383
-0,326147226881329
-0,390150854229764
0,0631036269227314
0,467847273235663
0,281739380285637
-0,457738283699083
0,174748135242515
-0,0376093719115315
-0,0945942921057141
0,0238848459063445
0,0833716748628503
-0,0237667119163537
0,00220450081109201
0,0358363654222212
-0,0233942999668873
0,00126132263039635
-0,0040656685168127
0,00123118809232458
2,69780060121308E-08
1,86640965923971E-05
-0,00111031523628489
0,000216901025206936
0,0046486429554199
2,03571387750284E-05
1,69142464715471E-05
-0,000236388549488733
-0,0120195121382026
-0,00378563256613637
0,098686165151437
-0,0670480871827565
0,0136141896437645
-0,0192051995883572
-0,0394871900802068
0,0192497913320508
-0,0282417513886786
0,0358812461016716
-0,00269609807677848
-0,00282848926010434
-0,0347022700538699
0,0424559577053577
0,0205666852136036
-0,109553111065104
-0,047858020554511
0,0264100434503344
0,0149932034777466
-0,00449926027770873
-0,00789138913996125
0,296098998856696
0,0995294120879989
-0,0482171356852392
-0,0439635134034777
0,0716746029588287
0,0149983463865065
-0,0521811194241137
0,00596807206801481
0,06090142955574
0,132285322327641
0,036660715460486
0,00890398028509764
0,00563949647174169
0,190659382495478
-0,70399714518405
-0,503141458821378
-0,0277790684653098
-0,173190674964203
-0,0245379761152076
-0,0255020461203989
-0,0786473458846622
-0,00423474610318686
-0,00673565716971553
-0,019713522943076
-0,064465343978375
-0,00843009501266953
-0,0213727581474998
-0,00219377985371658
0,0117661623430661
-0,00796295550200382
-0,00174863146131771
-0,030340703263107
0,0075699072028135
-0,00284763449269659
-0,000136421580599572
1,23117398276953E-06
0,00049388859930425
-4,78556935468808E-05
0,00470423904560391
0,00116255402710997
-0,00187219814890688
-0,00324458912671258
0,000990386127377608
-0,000963684896032124
-0,0690316839407858
0,0082451220940726
-0,00596166038517886
-0,000258355545836011
0,0083457361592499
-0,000785817468609571
-0,00151408524034839
0,0183815400817178
-0,0167474506580965
0,0892025483465275
0,00973491585701933
0,0202665783129912
-0,0523546902136973
-0,301953312746527
-0,0428739719129809
-0,0219714025963162
-0,0162904445395301
0,0614410480460465
0,128595736667133
0,0562554515260395
-0,0791787880270477
0,25820308457869
0,125946704153056
0,11001646169792
0,239471138475206
0,0534528615067988
-0,0197434535904958
0,0473770986513
0,124233607745087
-0,0893259440229514
-0,0349107952076376
-0,222236934258727
0,248559996067926
0,425379246764872
-0,0305389732224804
0,192526722074885
0,152529919296201
0,113100529965402
-0,183604955084444
0,0923103909991123
0,0824428044373854
0,190479956659955
0,236410233767708
0,0640210169109861
-0,366658887400448
0,0876705784621088
0,0455542658820963
-0,0760297718670243
0,00800466353084039
-0,0749400081571314
0,000251497172073804
-0,0732841948394787
0,0712544536205629
-0,0006721277561087
-0,00013126669963285
2,52388564821684E-06
1,77201526459922E-05
-0,00181596331349696
0,00991148439920665
0,00242199416781979
-0,000288780264123462
-0,0010543493583431
-0,00507959473016006
-0,00616632979989867
-0,00504292759088885
0,09626860249049
-0,0349703771328302
-0,0339429766961097
0,0395636517561291
0,125470364420115
-0,162524078791717
0,117815436905461
-0,0486275086788545
0,0298955669022107
0,00185948651836223
-0,0156903119808146
-0,0699776679405616
0,16055253283141
0,0824657247810178
-0,0773962972527467
-0,135377048263773
-0,0901765518559403
0,165763131055749
-0,33345815789468
-0,0203462335655644
0,115070629155634
0,0282375454545754
0,146642891780517
0,0316681985604705
0,248470390124004
0,112542921263211
0,0908389029072183
-0,141808218719251
0,00563039579883334
0,178114814920126
-0,178364484412839
0,141628243623543
-0,0932923322322598
0,125834476730846
-0,144443187987829
0,100186639259448
-0,232038704851139
-0,0405343108175709
0,0560016142947116
-0,0392860713390887
0,165315718028121
0,0145527792422218
-0,452894207076924
0,0162149272301702
-0,144409050352124
-0,0346521641135262
-0,227492762631269
0,138493923260534
0,0662735999368285
-0,191750004937165
0,103730845067316
-0,040437651215616
0,00595019243199941
0,000474926806721687
1,07170739598071E-09
4,32746292543787E-07
-5,29601296718363E-07
0,000225987477165942
-6,0393715718421E-06
-0,000556278783838564
3,71792549949793E-05
-4,81824164094795E-05
-4,04760951898738E-05
0,00038973518545641
5,67967211697101E-05
0,000907119237118163
0,00506609931522393
-0,0152829778405831
0,00668110199471269
-0,0011070442372549
-0,00283916943274546
-0,0017389893857193
0,0023694536393822
0,00136880847340299
0,00261233956407102
-0,00173663138279839
0,000101838986316773
0,000195611874656
0,000642519799090177
0,00678092817595938
-0,00480806375457142
0,00281898102027903
0,00355855764804524
0,00289680291992492
0,00311107394346592
0,000499564500390492
-0,00514846626438996
-0,00292177815560641
-0,01297026667469
0,0932194245064873
0,00893602962588166
0,0391511311523332
0,0201309477258651
0,00620159583573891
-0,00791012860745985
-0,0231751086506024
0,0140592190757903
0,00758659886640627
0,000292524771786699
-0,00174924664816293
-0,00671894640697831
0,00590664008584745
-0,0214146232557718
-0,00378573045372392
0,00580115515305798
-0,00428226320830999
-0,00397231965018807
0,00131424625565905
0,0225261247360319
0,0359016296744038
0,0158976049977179
-0,0248870478318176
-0,0832333353933446
-0,0609715943347333
0,0813493633132135
-0,00398341189901535
-0,982676011210582
-0,0390790487759641
1,58658704401221E-10
4,48085404030257E-05
-7,27892696857767E-05
5,48972827176512E-05
0,000157993566599084
-0,00649451017500137
-0,0646993352346875
-0,19152580352325
-0,00509767975561074
-0,000728258872900698
0,0887969450988148
0,0829583205337528
-0,0975437103843243
0,00313068012579873
0,124987533296796
-0,124531159199277
0,0206661762840909
-0,0456190282609894
-0,22777694379875
-0,0400182941888807
-0,138013001031654
-0,255156646573862
-0,0735083273380213
-0,0255711647756436
0,145225940856212
0,0658489425058944
0,182922157335888
0,0130584473394841
0,34673086727143
0,0744697519793304
-0,030324691326487
-0,154478413613608
-0,243350351922499
0,00361300780406989
-0,102559861016196
-0,0873324928306268
0,0487291880448992
0,0829893169459768
0,191959013003541
0,152511729260752
-0,00418138762036024
0,337637103006677
-0,0184497734905452
0,280037333260377
-0,209389718705557
-0,0902701370653593
-0,186477210488006
-0,101304251419513
0,0254364779645711
0,0242757641851539
-0,186423596644282
0,203180742063357
0,0144080935267264
0,0260760123623773
0,0706075041112484
-0,0653609199152876
-0,128464321552214
0,0362335103138732
0,0580460147762625
-0,0501504948343722
-0,00651683928391047
0,00388281253937
-0,0100478655716518
-0,00032611611897658
7,08873289856401E-09
3,21461435637234E-06
-4,81024304287908E-05
0,00164357037543201
-2,04557529121408E-05
-0,13107668607042
0,0101893813116547
0,00103613330570502
-0,0004335825208847
0,0267415443381525
0,00700830091378921
0,0102273456333703
0,0252121331788057
-0,0868617064530388
0,046643936215959
-0,00750540739932468
-0,0198952530580212
-0,0138989382461898
0,01155071707293
0,00609695887283428
0,0156151519382729
-0,0214488580197976
-0,00873055754749952
-0,00067070626821515
0,00421228447791893
0,0984989813940113
-0,0553204148914937
0,043464802277575
0,0452087788574893
0,00357156493843575
0,0333880352337642
-0,0265825999000389
-0,0507799146907529
-0,0246835714397203
-0,0537748032667794
0,607670903724002
0,0734120654098066
0,266609632782789
0,152781379025994
0,0472198859241982
-0,024650584865703
-0,12820243098246
0,0839125892176846
0,0720179563715627
-0,0436109730035404
0,0397875806398313
-0,00980598841746094
0,0183629931828034
-0,174278241428746
0,0510021450264902
-0,00090114354928493
0,0278556702945213
-0,0135808385589258
-0,021808700184578
-0,0602179082712052
-0,186952709980214
0,139422545834865
-0,200432871688484
-0,441199623519219
-0,247377982999599
0,168993152063917
-0,02959791181012
0,151130584728864
0,00620227476801216
2,58888689806068E-08
0,00483992629022837
-5,61935207257978E-07
-0,000135012017888435
2,01342809801865E-05
-2,89255010267078E-06
-7,37381750452283E-05
-0,000507318312295373
-0,0210702648892786
0,000881986108240716
0,00664689752766143
0,0224833989438231
-0,0274707836567318
-0,0251571308936756
-0,0428559563250743
-0,0207675071407415
0,00406970361780898
-0,00587189239679924
0,000442086875651687
-0,0171859488359649
-0,0557250229033124
-0,0334867854329004
0,0153248003851502
-0,0555192210636765
0,21225573415964
0,000679185173834713
-0,0445670873405614
0,00537393955234049
-0,0841990210715078
0,103124938685045
-0,0316615292524594
0,267718947119382
0,0482608226216779
-0,0482917801252292
0,165660969204057
-0,0143292560014507
0,0876097970766273
0,222755736426014
-0,178321886945291
-0,378571433415813
0,185057189365205
-0,0389149493172414
-0,0218840586390557
0,136509217766253
-0,203458101905153
0,0617481879179531
-0,0231380817356007
-0,0714022240275184
0,0214246063286119
-0,0219210525992082
-0,0574637654123504
0,113700947336653
0,0117124338131197
-0,0518239676372413
0,0368024561905429
-0,00651607645675218
-0,0429245091018391
0,00492138105367436
-0,0131079083788162
-0,0576854156296819
-0,237271581362141
-0,629510211532886
-0,0139562423039198
7,39398878727674E-05
4,21398821858429E-08
4,04515839772567E-05
-1,32990566925627E-05
0,000128713908065954
8,45525319779257E-05
-5,62229409859253E-05
-0,000219798171580916
-0,00107175656365196
-0,0203141726088359
-0,000977318135753586
0,0124325003932544
-0,00335668600477488
-0,00143928603835793
-0,0263038353840395
0,00938045926792948
0,0147793737064764
0,10982799540558
0,00720607947418779
0,0599867746188898
0,125025803614726
-0,388691573213435
0,084464468968227
0,0729684836623935
-0,312794858651296
-0,24346538335185
0,126748128330954
0,0668699958642865
0,100540553840447
0,211416257137734
-0,282532984967081
-0,397915921634414
0,440249295369947
-0,0135540472972307
-0,0363621009957691
0,119812349926083
0,0641018609162531
0,111448707309144
-0,104441278894654
-0,0886170545365145
0,16402977949551
-0,163548182255491
-0,0137666718562614
0,0410469093495613
-0,0461084711151534
-0,106379847911973
-0,059635660255223
-0,0174736687334097
0,00213125185337689
0,0426872255310125
-0,0248843089317831
0,0200202230550835
0,0165600009501546
0,0477728625917964
0,0200745217694612
0,0166264173250121
-0,0137954799433375
0,0706064021977367
-0,0389107868521957
0,0445924423441597
-0,00187066051145994
0,0185005476816381
0,00216717162825772
0,000513425930148582
1,17277450636939E-05
4,91076973166578E-12
8,81869476822252E-07
-4,84666051256143E-07
6,41386628479994E-07
5,08298214847965E-06
-4,46326811049545E-06
-6,92630074592768E-06
-3,43149925377177E-05
-0,000171446672833612
-5,35888809084886E-05
0,00270861256624901
0,00242134237857951
-0,00280894521674783
0,00115818258935789
0,00903879248752925
0,00210161616336985
0,00446651255854118
-0,00189066694824244
-0,0048233195220419
0,0133355717976843
0,00560843952559968
0,044894485306376
-0,0107333041628713
-0,0125522595577058
0,0205883888418777
0,0309076720224553
0,0640217596634989
-0,0430018136607967
-0,0697808001211275
0,00361262930198041
0,0212295792668949
0,00992212175812773
-0,0121117771815563
0,0292552493384631
0,00318510185190584
0,028740922015663
0,0273632565425081
0,0188212542465136
-0,10609108726091
0,29509937259144
0,292057130279914
0,0760409156503076
0,0907613985066441
0,0368251628022135
-0,168808529884027
0,141173653493935
0,242457507502391
0,0245699472116502
0,183889502934385
0,0910662580267452
-0,06910536319953
-0,149859712634759
-0,0312605315842618
0,0057423473807167
0,275724863822824
0,436130453989786
-0,177743193821545
-0,122404031725589
-0,091679111018596
0,112856217561167
0,486596401810037
-0,174031348465689
0,0586927073640222
0,00281073771741419
4,40112961089115E-09
7,10744190587224E-05
-4,66145829605611E-05
0,00089261771580794
0,00130187972219115
-0,000384322585309234
-0,000910348424554741
-0,00362934473613284
-0,000633406949912457
-0,00445683937104137
0,0143745433048448
-0,00613083145779331
-0,00672933088569239
0,0177178976815186
0,040652951943311
-0,0566775751861503
0,0900873830582478
-0,0470373883167757
0,189125628931734
0,0455085722363772
-0,0180232221110665
-0,00115916589749538
0,0974946354961014
0,0406595267800633
0,0553532146777028
-0,136212328488844
0,118791717154136
0,0215445611546313
0,122159347953435
0,101379749806947
0,106389286909566
-0,219881138844193
-0,0228134260438742
-0,214039652218415
0,462326056166789
0,105393947381954
0,0202498934342235
-0,0214154858607318
-0,259186607489835
0,111572115462032
-0,194862044931716
0,00493127697621175
-0,0807542516995928
-0,0180705018597469
-0,0225994553976721
0,0995627994904705
-0,00997052500887991
0,132534460676653
-0,0330386495634034
-0,0891156561552152
-0,133759267801291
-0,0750117299299105
0,511261273011277
0,00524598373558991
0,00293508416716198
0,0432593516876241
-0,199716811003674
0,114283410312374
-0,170202390165956
-0,0039282070683108
-0,0927929117323503
0,0527112688859764
0,000927059086622722
-5,15664140211132E-05
1,44234376012545E-08
6,07802319861078E-06
-6,51803989833414E-06
0,00304411592474954
-8,02542081377087E-05
-0,0011413039667559
-1,72791627710755E-05
-0,000761130455499338
-0,00215791617161823
0,00210691166096337
0,0622976053519672
0,131214537228138
0,311430742282352
-0,0918167584269365
0,00656570504605711
-0,0671172675061043
0,0272598553446529
-0,0248718221416606
-0,00504875374582767
0,0244112221871942
0,0222725121629336
-0,00557953222946274
-0,000733502006784998
-0,00385139669325441
0,0222031956321507
0,0129969452116327
-0,0217956074109011
0,00349477137754679
0,00754680784185089
0,0234067902902975
-0,0161907644972511
0,0293905077246971
-0,000154192833262948
0,011197881840906
-0,0147946433267028
-0,192934135343708
-0,0374251344531748
-0,112125192452003
-0,135296028033077
0,0478336827888468
-0,0826504100263101
0,0446543568708191
-0,011055639751472
0,0545054787909993
-0,156390734110617
0,1270668641497
0,118415382716153
0,0329654784061607
-0,794239071141887
0,250213632724485
0,074071529172338
0,0773934339194419
-0,0603597988163205
0,00780706111742162
0,0917669782715151
0,0784928291154421
0,000361364130278891
-0,017006497101438
0,0101094145701533
-0,00755407204874691
0,00973896799112923
-0,00385121649048393
-0,000268821387454101
9,43504953544658E-06
2,34815823407428E-11
9,13167883695404E-06
-2,24909301582013E-05
3,97798999167491E-05
0,000112126163804459
-0,0163102136732131
-0,0225140301611786
-0,0694704099668899
0,000577970372071954
-0,172485693301086
-0,00285134458521742
0,00673871643196254
-0,00592754105522199
-0,000970105267346997
0,0208327092950471
-0,0182746392617276
-1,36611068005826E-06
0,00101495596504377
-0,0710939167771008
0,00161634273231757
-0,0230998990084856
-0,0171550104607383
0,071676936327328
0,0115852833667853
0,00896662289669897
0,0531524640280627
0,0672903595772885
-0,0437720292125867
0,0177045809801972
-0,00446423977221928
-0,0186640475761282
-0,0363079425566021
-0,0585837538579374
-0,0711486429254852
-0,0360893239295603
-0,0464804787433332
0,0178277716750089
0,0670837956967008
0,0527272275546732
-0,0766572908296454
-0,170539864207778
-0,011613278708885
-0,0763231644801453
0,0272773100647805
-0,125585013309038
0,11822821230331
0,208015915583841
0,0200219451212276
0,138923275184635
-0,0678929732356965
0,145503320558053
-0,175794996040234
-0,204215297708734
0,127575209087657
0,279843754655597
0,399144885125936
0,131100674254905
-0,0221400456446927
-0,194952186250119
-0,352179765013855
-0,464945106943009
0,19671047865241
0,0216200385021221
0,00046981784457653
5,58788284779959E-11
8,26835852748513E-10
-1,92713907594205E-09
-8,92200016530631E-10
1,21731454167475E-08
-2,67982424739213E-09
-1,61820904532952E-08
-1,56731433389114E-07
-3,32096004731937E-06
3,50673038930038E-08
1,2963592437838E-05
2,62906080903308E-05
-3,84974090131512E-05
-3,90174718034733E-05
-7,79430076496165E-05
-3,79292642734376E-05
2,0786425359377E-05
-6,18352773713906E-05
-1,2199983834761E-05
2,83166680930421E-05
6,96042898320466E-05
4,98036385864153E-05
4,61818462106631E-06
2,68700260344876E-05
-0,000185064663371468
4,86647257463336E-06
6,74234642379605E-06
-9,23912037242467E-06
4,039150380569E-05
-6,50876837950167E-06
4,72468575371865E-06
1,90465251044735E-06
8,82663648390254E-05
-0,000159308549972856
-5,23171554025016E-05
-0,000112785654176828
-0,000228264038227756
0,00044153895689368
-0,000166449129195683
0,000108171723209487
-8,78570244724318E-06
8,02422686262299E-05
-0,000147205995225637
0,000132087365137481
-0,000140382339874432
-0,000107281785824926
-0,000503307544299171
-0,00058620195233652
9,07917666467533E-05
0,000667474443987258
0,000386618680094478
-0,00059411786234377
0,000203156045166045
-3,25503163102075E-05
-4,65165721280938E-05
8,05484225336051E-06
-7,13436746007737E-05
5,02432243347561E-05
-1,34410381469016E-05
-0,000285554583981073
0,000550038518475093
-0,0011430642514487
0,0398017382811996
-0,99920571091085
