0,999853460406914
-0,000122535291712373
0,000193025802351768
-0,0167333937199151
0,000385769859827721
-0,000169787007682486
7,00262618397041E-06
-4,55395804770139E-05
0,00048114862228902
-7,79602545288259E-05
0,000205826339028606
-0,000238023330488968
0,00114007926310923
-0,000165531893287916
8,05247437010298E-05
0,0020733416728683
0,000369611853424024
-0,000984786771471211
0,000423336039191535
-0,000268602774827963
0,000322065040830568
-0,000303986938923104
1,73773531769274E-05
-0,000330524386222572
0,000621226630866646
-6,97049504694486E-05
0,000306054385215151
-5,24729473229005E-05
0,000231648320583909
-0,000238966094765623
0,000287116367631664
-6,57041538776429E-05
8,65562244207531E-05
-1,23434280045046E-06
0,000308256230190835
-0,000325288880428332
3,03104496046867E-05
-0,000570922847553294
8,76966272824418E-05
0,000246229539113874
0,000186841167055283
-0,000304087581587741
0,00025972609472582
-0,000134171860273491
7,71053313021178E-05
-0,000122845371586699
6,63638231907324E-05
-8,3704295673435E-05
0,000536487929707751
-0,000248476338214605
0,000353893099987873
-0,000177124714320219
0,00042015051733973
-0,000399025380970934
0,000108118494937946
-0,000216149280686678
0,000100461271891836
-0,000431449663942967
0,00148506036587757
-0,00049559590719763
0,00031769527498931
-2,84998682291368E-05
6,21837127429945E-05
1,18111596161229E-06
2,90857021973083E-07
0,993057108876361
0,000353448454361416
-0,01700971795511
-0,00055857308718723
0,000514637837190487
0,000368184530711124
0,00117439412840054
0,00600101890861092
0,0147249338050775
-0,0010853575481756
-0,00502280240880326
-0,00213623791702133
-0,00825077465350664
-0,0153538094664931
-0,00578753994806465
-0,0160229426612401
0,000791965293876997
-0,00686585759951529
0,00634397323602946
-0,00861740589115428
0,00402036109182856
0,0534863993945972
0,017061969459062
-0,0114788059837801
0,000794418689483786
-0,0169069078624511
-0,00401509906158832
0,0223759080260914
-0,00950381664595753
-0,00138864289565054
0,0246742581142782
-0,00995710247527472
0,00674343410472767
-0,0124086944961699
0,000248142629723928
0,00551747694018988
0,0167159683043392
0,0367117196582877
-0,0271961206574085
-0,0174843136610346
0,00359058539468039
-0,0196757362745085
-0,0216779373694286
-0,00369012311420178
-0,00577045495379193
0,0114888632860647
-0,0101404551498001
0,00388427974440348
0,0022753351705196
-0,00654825213825995
0,0143334428436496
-0,0140810061359859
0,00313852047531876
0,00394080500043456
0,00873329947039274
-0,00328840419297172
0,0134351890250799
-0,0487184658804744
0,0179882819303854
-0,00928977925073957
0,00100110710624646
-0,00205497436389047
-3,75874980650921E-05
3,96147657268541E-07
7,89671703623558E-05
-0,981028061561
-0,0173557626184765
-0,058213187609433
0,00630310507313653
0,0157806923682753
-0,00641814402809614
0,015496487024756
0,0213016775685422
-0,0380431712903617
0,0974715564054928
0,00452946456003512
0,000480439337820756
0,0302015415394411
-0,00616961357136711
-0,0232164094943078
0,00744938679150747
0,00256655095836315
0,0276167488684422
-0,0129520187293145
-0,00469853981765365
-0,00855306739316176
0,0258840599380877
-0,0095661314377694
-0,0207290369218199
-0,0197919752637708
0,0459750594521214
0,0412760645823789
-0,00549260991671608
0,0300462788647029
-0,0272493365574678
0,0135542427848335
-0,0443429124555462
0,0365954281666198
0,0164952565267885
-0,0056329733674089
0,0121295050527212
-0,0185417424402864
0,0103467937787504
0,00752474112105822
-0,000946698291249146
-0,00335907339554566
0,00982688760509749
-0,0166903752844293
-0,0115977388862274
0,0212134908428126
0,0048577374822423
-0,00223942538044818
0,0022234196370243
0,00595813807489199
0,0261452314693196
-0,046089249797123
0,00834849848397341
-0,0127879154093874
0,0444481228702986
0,0298690485750111
-0,0232597489870609
0,00403754216909877
0,0149455915475426
0,00639363122460924
-0,00513803026857625
0,00180321317615211
-0,000102836948815244
0,0170991182935634
0,00678560539794377
-0,0103724430186409
0,977401260445749
-0,0241144003576432
0,0101047307408331
0,000216908886188292
0,00383020595540893
0,00550591915436834
0,00481374630542953
-0,0154453186450107
0,0122483429017779
-0,0666677939405057
0,0072055271876706
-0,01276662636899
-0,1229314693884
-0,0258893100181852
0,057009647924224
-0,0186665275636797
0,0259472409287635
-0,00175322169345525
0,029076717993307
-0,00033313973785607
0,0213612990381996
-0,0240102085550667
-0,0019370060908274
-0,014412015322743
0,00116531189600906
-0,0117531007988729
0,0119628772948028
-0,00976142327365546
0,00158701405906992
-0,00283078697984809
0,00367030443692176
-0,0136649785890342
0,0263810481612073
0,00554149709516935
0,0301655898344817
-0,00353233198804658
-0,018080516122558
-0,00781162610140045
0,0160775545384951
-0,0130100461805842
0,0105321939101519
-0,00318009292306044
0,00557391978610689
-0,00254499291977432
0,000912339560363707
-0,032249892065725
0,017049162960105
-0,0195186905258193
0,00804192333014746
-0,0262682885259081
0,0226115534683202
-0,00693763891576811
0,013851692501866
-0,00573102412710374
0,0260040409982238
-0,0888712220471696
0,0297000273686924
-0,0189054342084175
0,00170978280249009
-0,00369824886909152
-7,08561850368813E-05
2,95509470572319E-07
0,000136408322742024
-0,025665954302246
0,0164950329218366
0,955331535858832
0,000791006501698197
-0,000919797872000584
0,00339706646602729
0,0359333850190603
0,053966272413742
-0,0580452131698449
0,17447070492981
-0,0180115461067158
-0,0475857501859026
0,0450490074696287
0,0054490228112758
-0,0241135544081307
0,0221778684505828
0,0346353191883405
0,0608988775887454
-0,00410748625500387
-0,022785778356434
0,0822301534097665
0,0348081499596573
-0,0426534564557894
0,0259951368138123
-0,0268384165468063
-0,00925382033143718
0,0435517092815815
-0,0247351300473002
0,0128751476595808
-0,0972757757199649
0,0694746208337421
0,0240593933969065
0,0367215509926823
0,0178351248189059
-0,00857797960182004
0,00763100378349716
-0,056702599004498
0,0278016555168925
-0,00770981092980178
-0,00599121196486631
-0,00480193814167151
0,0257896958857589
0,00529274694145596
0,00630233639615996
-0,0227480312873836
-0,00159771957250827
-0,0028174537272724
-0,00453161454118239
-0,0144762606459978
-0,0084307221905724
0,0285879012286294
0,00461302773605604
-0,00517477115573923
-0,00184969817503082
-0,000108002399617254
0,00248598046970201
-0,00682527558390303
-0,00194297521808459
-0,00283045204874042
0,00132998026400825
-0,000719531540475311
1,77874233138084E-05
1,10179741370238E-08
2,28451380762834E-05
-0,00157874005936601
0,00396513166938553
0,000144064746882731
-0,972007876248863
0,121761920902375
0,0205969977469205
0,000651477271238222
0,0813504530337499
0,0106424514838714
-0,0187402140964208
-0,0291466491347199
-0,000431359557013504
0,00464779330398481
-0,0542596432936461
0,0154602677290151
0,0172124761816946
0,000961224113216581
0,00259761940958887
0,000653882228968181
0,00814744999350021
-0,0094861173440464
-0,00189349571852202
0,00586029271104111
-0,00794244178467785
-0,0235586632628796
0,00236569056248272
-0,00625806479741196
-0,00201987318963215
0,00824470133556549
0,00763505592317942
0,00492246402231753
-0,0114151228110216
0,0802132457894131
-0,0825909127683755
0,0349246948333966
0,00533062548522174
0,00305138412325329
0,00312371155911614
0,00627487357152604
0,0125215725343899
-0,0137405926925205
0,00207461391673863
-0,0204989883607092
0,00307637911613683
-0,00399610139269734
-0,0052117930543853
0,0312515644441382
-0,00288983270137765
0,000351996083897583
-0,00467027345384302
0,000339912332405192
0,00089519287897283
-0,0288686844317485
0,00100393482304114
-0,0394003623750837
-0,0361135022175325
0,0259915826845285
0,0543271779576274
-0,0568862674583803
-0,00540158793789634
-0,0192969869979162
-0,000678208570547383
5,14882695159777E-08
6,20583989952937E-06
-0,005358586994328
-8,87145134405203E-06
-0,00106636185174764
-0,0974356502362529
-0,890792175347466
0,415300625650952
-0,00530229721153875
-0,00812445590065726
0,00881452344354345
-0,00014631456216012
-0,00363916796340909
-0,00260773073701745
-0,00980590376635203
0,00405204650788873
-0,00444707237240599
0,00221651262562955
-0,000836313546539945
-0,00214349572454178
0,00219029695651803
0,00125202062538626
0,00188641719922529
-0,00475178551772129
0,0148768971791804
-0,025408899534438
-0,0642526071017061
0,0176074688554848
-0,0071527786086865
0,00478847498549976
0,0297306071719809
0,00753214311353209
0,0136675949890263
-0,0347032762354925
0,0271077538216199
-0,00433425902663357
-0,0129249559280452
-0,0255862888167506
0,0071513550125069
0,0181762971487472
0,00852727922404507
0,018560838793246
-0,00767822388594135
0,00473230278273527
-0,0131465289953848
-0,00785677910638346
0,0208318159380518
0,00196857813158842
-0,00409510419092029
-0,00479248166687186
-0,00787923360865648
0,0197136743108432
0,0110436110730252
0,0167548642911493
-0,0397155826399152
0,0747864608847876
0,0593934495241955
-0,0329382933084185
0,003479174920598
0,0223623197982247
0,00781077321862392
-0,00563600208418891
0,00205116478449661
-0,000117774333722427
5,12766843606531E-08
1,71757216157689E-05
-0,000294731775967796
0,000389433913214753
-4,78438908735588E-05
-0,0545404560580952
-0,389008184137769
-0,840038204270899
0,0338556759948164
0,0525342311699196
-0,0985461340609284
-0,0073934067331717
0,0332440835974695
0,0384938883779541
-0,024933363151943
-0,0863473025823843
0,0298967524728464
-0,0841912253537472
-0,0361896840073326
-0,0268967711405248
-0,0682984039712313
0,0562503065185224
0,0139217027773762
-0,0510150918711905
0,0264352961925182
-0,00579291867842304
-0,146693075629451
-0,0402813676471842
-0,0261819164201439
-0,0108170910569784
-0,0025375806820835
0,000577741472621572
0,0576826361488256
-0,0155470641823661
0,00154722008643688
-0,00883493306893173
0,0619532534189751
0,0651601915515939
-0,0238916478216575
-0,0324787652544549
0,0585604820621113
-0,134531213022012
0,0590459394759012
-0,0180033209776136
-0,0269732794531029
-0,00613373477729121
-0,0123359274703411
0,0115638714674222
-0,0136168475629813
-0,0450438000137423
0,0510352022937929
-0,0574636643120424
0,010480380206057
-0,0374318369917271
0,0902283978288937
0,0340588145733776
-0,0863598942530951
-0,0511615532607556
-0,0194215440610923
-0,0105794243006976
0,0328849224212488
-0,00585728209350924
0,00336665174391167
-5,18565287472459E-05
0,000374182314297279
0,00330159545018999
-0,000556634945198145
-0,000233905272683163
0,00302794366351036
-0,000360760032631399
-0,00163893912743267
-0,0131360166586872
-0,859069699366799
0,0414221626766969
-0,186647182543598
0,120649519266335
-0,0432109645331729
-0,184143405816866
-0,0983327588514061
-0,0582728046339211
-0,0710031834393552
-0,0860971197509409
0,144705371397135
-0,15629887555169
0,11549233732867
0,0963165483339773
0,0388622624293986
-0,096202057487289
0,0854466023546014
-0,0957756450389159
0,0296761948030022
0,0427912205928581
0,0257373314521424
0,00584700519955507
-0,0837829058685963
-0,0315767921959566
-0,0346656964813877
0,0417245451791899
0,107322817800806
0,0865615107473854
0,000864337987982913
-0,016338845549867
0,0428554379979249
-0,0412841409145044
-0,0682354739609549
-0,0273790552430465
0,0414290342133771
0,00199843206274175
-0,0245881060498279
-0,0122827834829474
-0,0395727267570671
-0,00772607243052256
0,00501344970682401
0,0652935732537949
0,0042017890798861
-0,027498918552705
-0,0184563704288032
0,0394291028733447
0,00266898800420093
-0,00070009703081184
0,0116883621219664
-0,000477581616335606
0,0147612524173875
0,00577646532163702
0,00380185001612179
-0,00935987329425225
0,00503395217342783
-0,000138497346654092
3,60284291976177E-09
0,000939609956877853
-0,00011893819967166
0,000823432543977414
0,00343555194117124
-0,0904628764043671
0,00688819832479581
-0,0195838055240136
0,00184814941936674
-0,919315351430626
-0,161639684401705
0,155909030793106
0,0387203145573634
0,0379339364528531
0,0198539077772869
0,0166145972839593
-0,0558394888586685
0,0312755782967285
-0,0116376547336763
0,00213922786767058
-0,026303569751252
0,016185902878094
0,174574812732652
0,0153751335487389
0,0210074731652082
0,0280901421667386
0,00283543442484096
0,00175044618310989
0,00746224311498846
0,00440294862757514
-0,00500887170962653
0,0346754162010707
0,00311181607746432
0,00508675719942052
-0,0197974918716658
0,0256625774546307
0,017082540265402
0,00476726387908301
0,0313589993378949
0,0249298951633818
0,0278255632037475
-0,00954182750885997
-0,000924113787074642
-0,024910637443941
0,00458590971557645
-0,0760425965893511
-0,00890350554492857
0,00811654649424091
-0,0479430050402012
0,0248720598637565
-0,0301748807420853
0,0387753328323603
0,0594661936660238
-0,0109850126474405
0,132340851104927
0,00390336908166452
-0,00359609092931564
-0,0104265365209833
0,0079929034662656
0,113631882631038
0,0537699126104689
-0,0254721965259353
0,0118917480107485
-0,00040841690308683
4,42486789524507E-06
7,17770270437777E-05
-0,100494755939172
0,0166626756648971
0,194626284004642
0,00113484924798712
0,000731015107746324
-0,00815395887245861
-0,101428742379124
-0,128933203483747
0,223997461710737
-0,716669423739542
0,141920905794782
0,244721551694364
-0,128384119362822
-0,0480364730458224
-0,108787598917714
-0,00594777136630975
-0,0832737954794217
-0,174843148008625
0,0215352215617783
0,136678884447477
0,0688639822343669
-0,0736152332065238
0,160522934660219
-0,0851950801422143
0,0829888153739774
0,0514474777749293
0,0216995117310673
-0,0935151803781349
0,0193028708468716
0,102756392485283
-0,0717499664473995
0,0251925390207098
0,100739779844901
0,10404677334951
-0,0153090918976928
0,105053523561108
-0,186134895087325
0,00200741705936315
0,0282817161782549
0,134625854271778
0,0597396489234049
-0,138834580686571
0,0334762093342934
0,0537902084761185
-0,0281229642127044
0,012900909944742
0,00743107028842621
0,00998940645033806
0,0117718632039593
-0,00286965596990093
0,0217818956137896
0,0199350514977155
-0,00983368419839566
0,00248690881588282
0,00272607642003541
0,00729981996896687
-0,00101826519190474
0,00295881235323915
0,000803827194312455
-0,000355157462835054
0,00077477640143275
9,06696539330903E-06
2,19780990425226E-10
2,24625842112627E-06
-1,6826102705489E-06
0,000241523874767686
-1,89181981724676E-06
-0,000371281167145628
-0,000544298864888191
-0,00371667420163906
-0,011366021998295
-0,0170518424576905
0,230683542770992
0,129283469159169
0,601612697892631
-0,232292661773929
-0,251030156209868
-0,304653620580324
0,249910465597136
0,330068905892218
0,134981046194636
0,0387078438885615
-0,0969418841282205
0,0834396693708089
-0,0248357002837052
0,0300479304452932
0,0280479186653924
0,00669575625218298
0,0109174337938216
0,00523523164751021
-0,00454080687345148
0,00268332254567633
0,000448924109140284
-0,0108948634282735
0,00238105503690409
-0,0292679233409583
-0,0805301397367151
0,0648452329012683
-0,122923653368718
-0,0315412393801818
-0,0230031438807849
0,0341364450891685
0,0208343335953467
-0,00670606885777185
0,00670290706662088
-0,0372935794035055
-0,0699308308244789
-0,112310000286894
-0,0548982200970559
0,00420188932151585
0,302214267829138
-0,0430518546464051
-0,0306038837532516
-0,00433885458542554
0,00762149082919101
-0,00470124104540192
0,0387052928927798
0,00379563242714455
0,0117331796781394
-0,00127576629695364
-0,00971711754359099
-0,00364309487512474
0,0002359999625991
0,00111091455917812
0,000606280439434057
4,53294573174051E-05
3,95815479184141E-07
0,000191743866522599
-5,83523228563037E-05
0,000120195544124172
0,000336172162575607
-0,00195115714501803
-0,00825195240670845
-0,0323883709043862
-0,0682100629716057
-0,063685948130235
0,640580803417212
0,271120785450597
0,0472559312397293
0,0133317939839995
0,144244905346669
-0,216561601150321
-0,135857988893138
-0,281491563156523
-0,248008613855518
-0,0476496829807787
0,248683537827176
-0,124881088970811
0,071092326410912
-0,0808152484030251
-0,129058649309287
-0,0382521667617316
0,0137175854737333
-0,0288033778553618
0,00423742566605231
-0,00615740317362839
0,0887657580380991
0,0392019116297985
0,0205496932952321
0,0646675666508438
0,0740217411754389
0,142521929385769
0,184680497522463
-0,122090975669585
0,0501108699155174
-0,097492724611274
0,151654920861542
-0,0380315489450613
0,0144269517983384
0,0325869467627315
0,100266434477423
0,103086649999643
0,077484209621498
-0,0688973867849325
0,0353769273213821
0,0513457231093297
0,0343860922287032
-0,0337837635127993
0,014077491665107
0,0115758426717724
0,0114420323107461
0,0363127013972775
-0,00278938330087427
-0,00778768197596994
0,0127202682670023
0,00693253455029741
-0,0152595844758341
-0,00233882691805782
-0,00393123009090066
-0,000188479184361182
4,57420688246322E-05
0,00113862945337442
-0,00101306162733602
0,148906719129172
-0,00499524283018323
-0,0350306575986319
0,00238900299994577
-0,00719957848430977
-0,00723389698571367
0,0378079837010383
0,0182766843946455
0,0750500594017713
0,441113111003929
0,0139464182169356
-0,0758652081559524
0,71018919549669
-0,164334180112923
-0,329692144117657
0,0216254596380356
-0,0411827777845031
-0,0422959701213655
-0,0936486250085993
0,00468839779856428
-0,011211722012499
0,0254528196670611
0,0131790609175002
-0,0396897681478798
-0,0029851273189572
0,0111432180075442
0,00433578530142092
-0,0329582334740286
0,00460219789534545
-0,00928333608557349
0,0313656462061342
0,0751412050280607
-0,10230371590525
0,0725311792528586
0,0261387724510855
0,00634165359522545
-0,00913417521946065
0,00220291248599032
-0,00314748262377042
0,0037861745626249
-0,00972675450743813
-0,0176699751841756
-0,0433490065717876
-0,0243332145067607
-0,0115649175604993
0,28211307964298
-0,0332110422716192
-0,0240188661084896
-0,0102966545496879
0,00647923342712398
-0,00380348046872823
0,0592873218359998
0,0158475884036402
0,0180123373178434
-0,00409094862313584
-0,00928467230294814
-0,00257541012266326
-0,00404652000847611
0,000621569798314132
-8,54653306961422E-05
6,39359572001227E-06
1,06218366774973E-07
0,000185883134942455
-4,36359612246642E-06
-2,17029484230881E-05
9,13554850983996E-05
-8,39168562111292E-05
-0,000566476098508296
-0,00365073417307369
-0,0256976946441191
-0,00781124352173935
0,131230420730084
0,0955750964350123
-0,140151229921132
0,413800033582762
-0,206929447974689
0,0756625778543951
0,136020830350458
-0,0106807188644472
0,54799930649223
0,13160710191349
-0,259985147458741
0,150138787579966
0,0304941781537466
-0,259333165497249
-0,304757328666471
-0,0645549813105992
0,0244632657534945
0,0316197609310147
0,0200702178327364
-0,00185030930211441
0,149281111456759
0,0390603053690874
-0,0783836298396535
0,0686955688739652
0,0730407618178597
0,120038641988102
0,0910541218175232
-0,065402474640324
0,0735383041692986
-0,0943644205210517
0,122892762651225
-0,00769599204376438
0,00722400570509207
0,0373761084218436
0,0789970291817687
0,107031017995646
0,026314295697053
0,0256158817955153
0,0289958562690717
-0,0212611267699688
-0,067861263411627
0,114528398325347
0,0241495276704914
0,0383989742844154
0,000430528200779596
-0,0131206935100243
-0,0363621989517839
-0,0085801314783286
0,0135120136627551
-0,0102564877015977
0,000772739789533647
0,000958049900219839
-0,00112634126986073
3,56263359672708E-05
0,000372515012576157
0,00306468529768745
-0,00101831063630744
0,000363868072229891
0,0493047307243727
-0,000671833844946821
-0,000422110938445487
-0,00313954988629483
-0,110472854210804
0,0181259596110891
0,032291137991687
0,139663151363433
-0,112391117420563
0,0929474760321239
-0,109226380307225
0,144758382736239
0,132740813959847
0,295413060916366
-0,45815782428408
-0,408115234230368
-0,498632861731753
-0,127492118439643
-0,0967667539506393
-0,0407412549895785
-0,0357703468847618
0,100187216597922
0,0259011063348356
0,164093145365439
-0,0323941172276562
0,0436530878929042
-0,0221240998039491
-0,0142440653587458
-0,175001633270351
-0,0085143691401069
0,0283170614849871
0,0719175094126359
0,0484230015486627
-0,0808067112884572
0,085699363030828
-0,0284602290413949
0,0594031500545808
0,0442478906573226
-0,0249251488066066
0,0122644865849649
0,021166064627588
0,163773344085755
0,0345932592867082
-0,0144804548656047
0,0355820053370596
0,0189491521865356
0,0562071134024193
-0,0413429305591887
-0,0269415734341988
-0,0395982478737412
0,0856258408971341
0,0400057903380949
0,0241242842884453
-0,0264607423308742
0,00913151202370163
0,0321485999198171
-0,0398348011120523
-0,00354732069482008
-0,0112437905700099
-0,000436247325174633
0,000427947754830769
0,000169630092683393
-0,00220589421622035
0,000297127014169056
0,00956107693869623
-0,000347457620745953
-0,00331061434009124
-0,00866841276825753
-0,364763016126743
-0,0215472107921452
-0,0105549156564437
-0,213444700558946
0,148820917180842
0,123233094009753
0,255221599705295
-0,0708711205708184
-0,0198373951979398
-0,00288201568519668
0,0102199354384037
0,279814771606687
-0,194551717489829
-0,233622056840839
-0,0317160552181309
0,315403933335607
-0,372848012676223
0,112951345921421
-0,125775771289318
-0,0232403153536374
-0,0481242392409539
0,0708571671939632
-0,0518217082432958
-0,0348330464683442
-0,0284545788122382
-0,141738426380362
-0,221463010279085
-0,13719349505287
0,137577046407888
-0,096533332603732
-0,0914040062210397
0,137118648984469
0,104337747431451
0,0486722971627296
-0,092358575810781
-0,110489540725807
0,0794831144779779
0,0177081201133142
0,158390011145592
0,0394355545354096
0,00672554769168647
-0,169908624423269
0,122151548281107
-0,0254322428881327
0,0618525681747698
0,0431832072533405
0,00976552355446154
0,00862858416976274
0,00397352378539633
0,0109325598405033
0,00532970047943404
0,00961989498922126
-0,0034728882377918
0,000361647525515266
-0,00134228845926878
-3,07664255437635E-05
9,8096844810683E-06
0,00084520378354435
-0,00659038235800724
0,0327855888818824
0,128246877237993
-0,00213028608682582
2,87471518053003E-05
-0,00159869845296
-0,00417445968369536
-0,135016905353318
0,0220112243895258
-0,098869277968355
-0,0589941224179937
-0,0791203566097499
-0,0780505509221325
-0,0129616714605723
0,301310599581244
-0,22454469228692
0,0164467206388734
-0,031206337641759
0,105800685264
-0,0525167854484042
-0,462906531262747
-0,00936652096700975
-0,00180852082372829
0,00346667161072387
-0,0688718334918609
-0,0620208267140435
0,435411820360749
-0,197678722135326
-0,0425648434005591
0,217440935214862
-0,251574355323736
-0,148512906682189
-0,125330405406227
-0,0805811256591382
0,0393096677558133
-0,0401936365536289
0,184544027085077
-0,0454898423943199
-0,00131072645151988
-0,0518407934705479
-0,0194033270739545
0,0636471409010662
-0,0601123839023833
-0,0856279626124174
0,1422899143803
0,0364365081550231
0,0220382289787618
0,0125860795088325
0,0690742549240883
0,0662728051825269
-0,274921531365862
-0,0122236588015794
0,0481919001703116
0,0108579513642411
-0,00710581537587791
-0,0351846039922757
0,0670160934219015
-0,00374733108192071
0,0194553176999875
-0,0115180980044571
0,00579595264160236
-0,00015481030070486
1,589101942819E-07
0,000873016874458431
-1,92805517282167E-05
0,00389191351050309
-0,000141377218367183
-0,000299394252672586
-0,00315029463409312
-0,00627874962729609
-0,00796040000238058
9,01276735096738E-05
0,015054353365665
-0,00139313230469083
0,0516779880710495
0,0516173263286504
0,332015726435636
0,0359679451578758
0,15564563118729
0,0927643578849532
0,166447195043903
-0,155169520468407
0,01472111862128
-0,124537915168237
0,0218312868833366
-0,215147280215675
0,280985152302688
-0,0436201184551016
0,144035088676988
0,0323734361344354
0,0414411274017405
-0,0720233176996731
0,0625656378217694
-0,108587066291305
0,0490642052560736
-0,015555773640909
-0,0349417360558775
-0,107001281790079
-0,00969017592875356
-0,16169383866125
0,00950340566849748
0,116872012131659
-0,0724016989688381
-0,12426794254335
0,218894862682122
-0,0110087756439059
0,337122021988628
-0,0367001142375506
0,206933580683317
0,0332985896727547
0,0172636692906369
-0,234031559658793
0,00397045223762241
-0,041337299781814
-0,0854670083824766
0,113399406782022
0,0156145528539441
0,10624157282479
-0,0777464219867706
0,0901316300887712
-0,414111828525364
0,190479725237678
-0,128826095716802
0,00943689369208802
-0,0185841283564765
-0,00037079053332193
1,05505285161108E-07
5,76989397882209E-06
-0,00348975044989719
0,00172415746695941
0,00588276264927565
-0,00328288473597494
-0,0128694664035213
-0,0492028061287047
-0,0309818725236629
-0,0822138282461073
0,317225051403086
-0,157406363314958
-0,233773253672483
-0,379491934676792
1,38022669747118E-05
0,269436060529877
-0,203471772054108
0,342687318116892
0,198887505001881
0,0510818518182888
0,0404334076314419
-0,0753779387693255
-0,0371044541942657
-0,0801823569908318
-0,0605490597694115
0,11687082939261
-0,062197388342935
0,0633450924719863
-0,0233304598736967
0,0117387267308269
0,0677497838177208
-0,124593638567061
-0,0658707439733806
-0,175553982917553
0,00425876586191628
-0,0271869028386461
0,0388474795347212
0,173468036839686
-0,00760199848456938
-0,0345025953621105
0,231125054090772
-0,335205658384657
0,0801242385244352
-0,0850993138345965
-0,209325855701028
-0,0204316264650863
0,0561591562720932
0,0318603617400988
-0,0446748971034465
0,0661723125827871
0,0205307555621726
-0,0850292885075736
-0,0565186036993371
-0,0108169315715962
-0,00708528675073501
-0,040920037954792
0,079278517149582
0,0325807289849369
-0,05600601854636
0,0638533902141677
-0,0240965673026725
-0,00407506967701629
-0,00303085510074676
-0,000248207629603581
9,29382938843782E-11
3,96050049902354E-05
-6,97897207930602E-07
0,000122498854502071
2,12140656305828E-05
-0,000198902185020857
-0,000834136337737701
-0,00370806641958443
-0,0043049023888443
0,00169959069818485
0,00512573045120429
0,00780123402056406
0,0209814239036845
0,0556088450297716
0,0975025533539219
0,100208478718293
0,122104662801865
0,143815993484239
-0,0387375581499475
-0,116203755032767
0,256244858305922
0,266193364148912
0,0200432096839335
0,128758267738326
-0,273262320584064
-0,0703403187591257
-0,180659205861381
0,0383474693923545
0,0211029123609481
0,117752668976922
-0,114076832832554
0,0168893906298248
-0,0532399503945412
0,0391831957483981
0,0538179148265824
0,0272164498911832
0,00998881388653822
0,112035957842134
0,0241304791436304
-0,0688235598141925
-0,0793452606418697
-0,0270741946326045
0,141424521934926
0,00576056742055774
0,32311134190277
-0,0283832817187899
-0,0189546360218617
0,292584183069136
0,0489380993252014
-0,0876949970840634
-0,0934280017694005
-0,11265050448433
-0,0709036671321619
-0,522925669613059
-0,0505151950616076
-0,00608428668838645
0,218837880558733
0,0284693544633684
0,05850419747438
0,121350245273124
-0,0756604226656844
0,0374186746030802
-0,0245591137695253
0,000280420404896731
2,08147422767323E-08
0,0877910682352161
-0,000659359114157994
-0,000710886631473764
0,00587029580131332
-0,00470154747534428
0,000307962347489981
-0,00117904390408967
0,00536491131645924
-0,161312236731086
-0,0275563588920725
0,00313066769076085
0,00765925256247233
-0,0174613152864738
-0,00636631288972561
-0,0117357045522386
0,0527304253888877
-0,0937129046626986
0,0151386433152083
-0,0266698280273691
0,0583533705522298
0,00397897980517775
-0,611941015417109
-0,11734083097128
-0,0826316826974205
0,0078717592077368
0,0291487665669581
0,00928817363455368
-0,297463939456973
0,106457058892508
-0,0362395150303407
-0,221346989676236
0,0816022874358616
0,0362187239041391
0,105857366180804
0,0647954884565294
0,0529507956654026
-0,0307224434445057
-0,399240081652454
0,196364165654693
0,103799455033979
0,064190988499379
0,100377169169345
0,277713896621661
0,0272601762881352
0,058826351988456
-0,16663236533859
0,0782478164025326
-0,00520165565352945
0,0143584442240657
-0,0963445272421157
-0,12534838161062
-0,0183998531520217
0,0953702823596825
-0,0385346376436095
0,000911754736402878
0,0202193880970429
0,00465528973033474
0,00391562659545705
-0,0262453694558653
-0,0145169527269095
-0,000475959042843807
0,000835740858944884
1,6598055912444E-06
2,81913236354153E-07
0,0117560076222596
-1,4907637918517E-05
-0,000487988626299517
0,00112599477301146
-0,000861580243642407
-0,00547010805767841
-0,0223983827793844
-0,0948386791617589
-0,0174689510698243
0,305480250601099
0,203179428462436
-0,17174167490186
0,447401093791205
-0,184558302201256
0,0797240565750451
0,0960957002455315
0,0464547851759809
0,100719761157079
0,0767782925467258
0,0714887649361854
-0,0503671265850458
-0,0491574831813609
0,34251177181972
0,380295129138542
0,0615413733271612
-0,0290830006794123
-0,0864416166081302
-0,0425485180428509
0,00510868199274851
-0,194359310642334
-0,0901762554471781
0,0380840463837602
-0,0512342653472383
-0,0211609679450625
-0,0336907491117054
0,0265121300606349
-0,0563702977096291
-0,0846124785553173
0,118062778139098
-0,209101752913315
-0,0633922480554298
0,00255867544993893
-0,122165697978789
-0,216473777878419
-0,101781890542798
-0,0726991102077221
0,0537646672923286
-0,0554213316362574
-0,00290621570441668
0,099717222488029
-0,195136247987075
-0,0482329332886677
-0,0766650143547669
-0,0013397102199179
0,0268268371864884
0,0755836298136694
0,0178855315794713
-0,0282059792206529
0,022079189737375
-0,00232553298535742
-0,00216473422688804
0,0022324616980817
-5,85108808813771E-05
2,2387766274762E-07
5,39758510747425E-06
-0,0028468694931432
0,000768542946861392
0,0114026381680401
2,98606891504891E-05
-0,000179198534436372
-0,00176826936947584
-0,0550502903713155
-0,0390090626720859
0,054716585131918
-0,231650045479268
0,0897695166218639
0,13920303820126
0,0111491614888006
-0,0433348802340486
-0,06061375068731
-0,00682034218297589
-0,063353457020365
0,0038902165710996
-0,077236689149725
0,000170717190117759
-0,0195251324051105
0,143770546609356
-0,108761168891368
-0,0460219146448902
0,0345731441891112
0,169924766649498
0,0785257959905824
-0,0287856991755228
0,08274419668583
-0,362271372198965
0,312760584373862
0,0787657525905361
-0,0594612530835816
-0,126456282482737
-0,0353568138774579
-0,157040992674063
0,444306110151784
-0,0872448485949617
-0,0942948059009864
-0,116794486291467
0,259051265396561
0,364054521545572
-0,169567730085887
-0,0818698502359578
-0,124812705918067
-0,0665190239759879
-0,0277400320233185
0,133006634433475
-0,149309991355803
0,0165540534446917
-0,0931571239922483
-0,052452461393805
0,0117613223910056
-0,00600723054909351
-0,0102009395850443
-0,0190877320846196
0,00174125205489123
-0,00274217689213808
0,0108886356185478
-0,000498666023921888
0,00118359418348944
2,6428864067409E-05
3,34836839160248E-08
8,28125309820732E-06
-0,0845389203717546
-0,0013931119839917
-0,00519164391174616
-0,0514653309944199
-0,128391289802483
0,0758529295384795
0,000124952598971772
0,00973520525893136
0,000769390711020582
0,00634204858627926
-0,00492801558579187
-0,00617655235521939
-0,00645915482024343
0,0106162037061562
0,00220302645114673
0,0129029961252545
-0,0044927222732793
0,0103838126777305
0,0297947979708732
0,0207645850071217
0,0042419974885372
0,0236798651159659
-0,0859486823317845
0,127312432159846
0,383558225105435
-0,0764928990845629
0,0592027545151739
-0,0257277770574174
-0,175888560374462
-0,0619196411435994
-0,0639513018399949
0,204871744479846
-0,212623404767699
0,0118765033834378
0,128555987427279
0,131396659660323
-0,0489691995678288
-0,0872912319688381
-0,0246655139066035
-0,100762042666206
0,042929462086294
-0,0155813600235244
0,0840943441368078
0,0491889808366945
-0,108885380305243
-0,00751165550681764
0,0243720758189768
-0,00746051582320395
0,0726147623515413
-0,142224030380395
-0,0646376626092346
-0,101493611813781
0,268696988514645
-0,489925031358225
-0,392349031562738
0,220759680487393
-0,0192928109674994
-0,142672037361475
-0,0516909450976737
0,036202454954884
-0,0133143743951549
0,0007525738328633
5,64152199147228E-06
0,000163692815344924
-0,00220197068384871
0,0188931855855637
0,0023113087887945
0,000292170172474627
-0,000224786678110503
-0,00205572324253891
-0,00844969436463652
-0,0353363244361479
0,0567419234292271
-0,0670925425064427
-0,122207737431606
-0,192818616116662
-0,037419318694551
0,0695572568806557
0,459284195795237
-0,261837431383364
-0,0466950751148841
0,109660108724423
-0,0823247386761438
-0,0157228082470736
0,210139520443059
0,172533108573098
0,0341507582181346
-0,191036413731558
0,0554395449069244
0,287393689019323
-0,146615762149229
0,101519729454708
0,0203330158773853
-0,0838914535314491
0,0232078307849848
0,344202720643754
0,0029190818749951
-0,082103235150942
-0,0963128860292298
0,0096633452764829
-0,169544169517861
0,0465084190067172
0,176456707333484
-0,0293424240494941
0,0307822956599184
-0,129474172576056
-0,076532466872597
-0,0174257456805262
0,269905907126872
0,117100785294749
0,0154676182476202
0,226639940649613
-0,0525776772479007
0,0267729698427327
-0,164452725861037
-0,0228204093863039
0,0110605447749731
0,0293062302471126
-0,0419274431628765
-0,0176947324851204
-0,00612424828041882
-0,0264343906562375
-0,00881550705192569
-0,0015191819689939
-0,0010150828464558
-6,18452807395996E-05
4,36422021564365E-08
9,28557766565762E-07
-4,65412163089361E-05
4,51305776590653E-05
0,000173544575859258
-0,000231072497968471
-0,00116814106358501
-0,00599240278997501
-0,00911342343020689
-0,0186293198967941
0,115195967894215
0,00207576640402478
-0,0728754336817888
-0,147120498172979
0,112571019561528
0,0634001885546064
-0,0922075877126285
-0,0114245555314432
0,0250759087670157
0,0622543257167422
-0,222145988474936
0,375334494117029
-0,0956042835671959
0,0277274821902933
0,0943350925211832
0,0885990943053273
-0,0135976161031035
0,069969113441228
0,109187321990466
-0,0191695050435578
-0,127116165043657
0,139511374443333
0,318143361220601
-0,172121952559378
-0,149188129719755
-0,103301166491315
0,113980418130184
-0,298964102608168
-0,155938254674112
-0,054424951690634
-0,115599880595113
-0,0625237280608728
-0,0739303511907363
-0,205451841785018
0,271893761292722
0,142045539474639
-0,134812332183135
-0,0432489641325734
0,0640689814684342
0,355450391295315
-0,143717423221099
0,0527703350011119
-0,0702249832112656
-0,0224224791503381
0,0211385506126216
0,125120809018107
-0,0834523237197806
-0,0167072184140644
0,0435246481104608
-0,0501826766568416
-0,00109202129857439
-0,000331177292276226
-0,000544186433867526
-6,19334556088334E-06
8,52956567151339E-08
0,00315178137241742
-7,13258870573075E-06
-1,92097990089976E-05
0,000781719136348461
-0,000221205482406542
-0,000892931175029332
-0,00438581364206183
-0,0260471306934922
0,00255049539016472
0,027294852020852
0,0348080187912184
-0,0097765573558969
0,115133825861617
0,0446577187568282
0,125576180205548
0,142169252766167
0,18920635040747
-0,113760177652425
-0,0876920430556519
0,17826533337359
0,215353525011187
-0,0293073800420845
0,19518501288657
-0,102793331817093
0,016854708381075
-0,150113003719484
-0,0128724431042132
-0,0129968623971374
0,0811349060775907
0,0515637168165793
0,0781134125155454
-0,0251289045805219
0,0713532759998494
-0,0153038971145765
0,00116933543747828
0,065145412934317
0,185832842065737
-0,08871462718668
-0,0163777351323987
-0,229755846172607
-0,246125808261339
0,217585302220463
0,0935154783108187
0,108130482028473
-0,0456499748316118
0,205602074439938
-0,180691408989072
0,111012893475054
0,088837057943368
0,0358179515494088
0,195008502652175
0,154256470675365
0,533384118793041
-0,0414230855570717
-0,0890200955308541
-0,0556536855132722
0,00375368110881383
0,154913207044802
-0,0242399717467092
0,0615302252970776
-0,0468837257015076
0,0350293980105738
-0,000315738454810636
0,000237453441984761
0,000603834312121118
-0,000103354022890868
0,00259233525612221
0,000345969912306026
-0,00371141773599791
-0,033788203470545
-0,023158521790217
-0,0616983927145579
-0,0113055316127148
0,0837240596910267
-0,0225807998790146
0,0952496985311926
0,0672685889164003
0,531224980306413
-0,0259107468538783
0,130296013996813
0,000948710877824794
0,155808924306166
-0,00774390305442926
-0,197450416195397
-0,245720402282914
-0,0473102117330196
0,0417707289638676
0,0278421588679926
0,122733865381501
-0,0333170898636747
-0,133859847212858
-0,0804950785193677
0,00485116348804904
-0,0698098202290776
0,218772970062845
-0,125323147666756
0,0861862775098273
0,241590511957308
0,140102557147611
-0,255802318353903
0,213833718986522
0,00871321255832176
-0,168982779919288
-0,145444810514583
-0,0604850851429073
0,00753115856076317
0,0225120287387237
-0,0949525390385809
0,00177101386618426
-0,232735208180009
-0,0114128189793988
0,000213873390956371
0,280967429278165
-0,171942707378867
0,0456318901240468
-0,0946173749903727
-0,0317101282734598
-0,0137708683443736
-0,0204413107678672
-0,00779255635737366
-0,0199901510472393
-0,00670037485419162
-0,0173031504204862
0,00583792948150646
-0,000676995825367004
0,00234736199447068
5,63584423587831E-05
3,9221833503354E-08
0,00560671433428097
1,15656492978073E-06
-0,000241068098549732
3,12800215259586E-05
-1,32878247198368E-05
-0,000169133277667871
-0,00108584532254439
-0,0217207116444066
0,000934741518133053
0,0176454871995734
0,019635775302923
-0,0207645674813959
0,0450486071386739
-0,0305223582655986
0,00732619866355348
0,00836456547604349
0,00341401706673045
0,0253417105828193
0,00835255718765433
0,0229962104617756
-0,00267377911864819
0,00561798406340729
0,105811757550947
0,151399020735171
0,0111261595927645
-0,0166633396446384
-0,0462394866069968
-0,0062331150888061
-0,00349839403211373
-0,218875182370158
-0,0907841039277818
0,0311180727727675
-0,125642107895987
0,0112876331292289
-0,0315801753200165
-0,161923944207203
0,101735686857984
0,061748670383529
-0,131680168075208
0,316462240951926
0,0531865392594092
-0,0105708750335911
0,123242717195658
0,175771858890651
0,0818072470622613
0,052908547716759
-0,0215422906801955
0,0302295396624665
0,000724858052178852
-0,0435661536677062
0,0868650473161602
0,0222599444432298
0,100470679907217
0,0198650808393907
-0,00653431227497222
-0,041995973122723
-0,0344662088758703
0,0743180676461023
0,0805751091273413
0,170299558036419
0,701441801257729
-0,33000153347246
0,0113221199210398
5,29222697808519E-11
1,62686287747857E-07
-4,44361171346343E-06
1,7146742000288E-05
0,000229005884993336
-0,00044967249875783
-9,61296628991217E-05
-0,000766467200699588
-0,00097073993651368
-0,00201447422304649
0,0111876960474576
0,00185971041906121
-0,0110284531087195
-0,0211006878298714
0,0114247112113906
0,0214913101533996
-0,00762119678422751
0,0199690944667726
-0,0141193972167088
-0,00323355567829398
-0,0721524408125962
0,0116660023741519
-0,032709232320276
0,0539872021527416
-0,0281994539200452
-0,347570223556531
0,0821941216494777
-0,280025967960398
0,00853229593287878
-0,0217562916149815
-0,0344250380424949
0,0463681235750457
0,133049322686302
-0,0251144449461558
-0,00450518538812932
0,117862859704684
0,0576925466982192
0,230196748173011
0,260368007649676
0,521893932189431
0,0499942482680518
-0,0760350304806121
-0,000690428235563707
-0,0882374537225104
0,0446598145374477
0,132459456008475
-0,0119195078601454
-0,000649526134189751
-0,00518967101048699
0,115263756045912
-0,0526938776577013
0,0595692086314982
-0,00491496297761931
0,0480546212168588
0,214543153715569
0,0121542069707519
0,159562802632429
-0,113586584699565
0,00363362231539786
-0,19114407695577
-0,396478553295534
0,0620017672779209
-0,0973830216790378
-0,000949021565328224
3,49227790679624E-08
0,000447432343534088
-0,0764657761178287
0,00182040120215622
0,161120422776216
0,000602326719943874
0,00108673374721541
-0,000464144028211242
0,00251743158369953
-0,0146085456879659
0,00958558929097159
-0,0549244148268301
0,0273592554490028
0,0288327964752937
-0,0101731829664386
-0,0203107948674678
-0,0324332569059723
-0,0407799863986723
0,0304193903079024
-0,00144356147967258
0,0863763034122062
0,0757245362752268
-0,154667839533098
-0,10939350719878
0,103145744749813
-0,067850780717896
0,109431284315148
0,0179053436852936
-0,596633589782414
0,376049007897011
-0,051675147858998
0,312862069746488
-0,114241690837565
-0,0524280407101029
-0,242833412455206
-0,180537780473134
0,0107804648914868
-0,0901512427997205
0,370413112918792
-0,119937722806623
-0,0127205178151468
-0,0691619771183939
-0,00925723759417847
-0,0612559698334582
-0,0350778844498592
-0,0311798886310014
0,0578766373554571
-0,0295232135668541
-0,00561532872865385
0,00404630962605604
0,0172940143406885
0,0177123320012617
0,0157949452981851
-0,0317971118373221
0,00661691432108657
-0,00291120852505745
0,00186437295316261
0,0029202347418967
-0,00642641033353914
0,0112379288692682
0,0018652682166352
0,000803784918904657
-0,000743863431230074
-5,62982532589019E-07
4,08799050468686E-06
0,000147867203165991
-0,00110850713441844
0,0134747524903655
0,00224328737506536
0,000184746981589049
-0,000114176922355022
-0,000991056766636469
-0,00311677376542779
-0,0219812383155511
0,0224053747577382
-0,0405422452769078
-0,0653007814897121
-0,0979380411440258
-0,039448424638593
0,0285456982433744
0,271596970264821
-0,15427216140444
-0,00471466061553409
0,0198649798508543
-0,00191491364549866
-0,0675833189626629
0,0695433864588164
0,116758631592164
0,00251135039805419
-0,0577327943973008
0,0677373715201437
0,181543018471851
0,0501882335953475
0,157591292496549
0,0911060341152582
0,057018479314153
0,0649986253252517
-0,118445634706046
0,00583164272728826
0,0106802781101132
0,054674940354049
0,0718294446255408
0,000987478680552654
-0,0170744090642747
0,065354746396519
-0,128404204858867
0,0332752964790301
-0,087043215326006
0,125570421388912
0,114427807612939
-0,592669183676758
-0,335675729599553
-0,0514452436851097
-0,298359290189833
0,15648722929011
0,119605032373555
-0,061283740923702
0,0691251823703979
-0,0393112742923529
-0,0700097635846996
0,220327735316766
0,102541499232744
0,0120045427086543
0,161550472275966
-0,0105832828240509
-0,0134403091548738
0,00403705482519448
-0,000349780380624275
3,99061383697437E-08
2,58334063325214E-06
-4,03234600727475E-05
5,24453489094461E-05
0,000122968598740848
-0,00187362346823615
-0,0108989568115806
-0,0335496243589589
-0,00361364670352763
-0,00741720822844651
0,0463704687804285
-0,0145278035407085
-0,0415741229591384
-0,075481705133538
0,0533721338603226
0,055067197413521
-0,0558696246579107
0,0939424379133181
0,0807273076501119
0,0406491049539429
-0,0494831744958151
-0,00176281517680128
-0,102623851169635
0,0353834141272454
0,0276491186953102
0,115781777104587
0,0112811213401112
0,248452246204141
0,113409230318749
0,0419744787428957
-0,242845100244381
0,474203511759504
0,460851828746713
0,252554252606417
0,137397946852558
0,182826156097058
-0,000148706054926905
-0,00150053612441149
0,0841473268291868
0,0749533475172318
0,0705854363987301
0,128604105469288
0,034441487999356
0,169009710359332
-0,147599257402459
-0,0103358763754751
0,179100702349663
0,020491310628913
-0,0153162908524547
-0,258137655212156
0,132109064944417
-0,0516166804126547
0,047605749500986
0,0169852284913036
-0,00876685517498944
-0,0179989631008311
0,0238796870113541
0,175020265108447
0,0500492485938113
0,0277642503008435
-0,0528144389841199
0,00892097450895494
-0,00703811983413317
1,95372695906908E-05
1,40587504786271E-08
0,000183502608175767
-0,00102169060228671
0,00232774330603781
-0,000126229478753333
-0,0482965849785365
-0,0964639941161821
-0,205848601120341
0,00135003144099194
0,0226937427387577
-0,0195808620616735
-0,00323435484486095
0,0312184239520158
0,00353833031801143
-0,0231752240388414
0,0828776134659661
0,0468057216026956
-0,0263377506068292
-0,0426293814056353
0,0142365512414113
0,071153569041207
0,0659509184062458
0,0396109442421781
0,0353900603713987
-0,151846988348992
0,205513814919546
0,534307623616766
-0,169397445740433
0,0171482141026077
-0,0275419394453495
-0,0542359682562703
-0,0540835736805595
-0,0203159251374488
-0,108589191548045
-0,00208058226020707
0,0718295837319657
-0,143725672397702
-0,173258550116157
-0,0083089996004772
0,0280445400108072
-0,035562058030969
0,0986161652595924
-0,0554613463250942
-0,00561577641806304
-0,069557604929728
0,0301333766559752
0,176050901240598
0,00221298063951552
-0,0214446837809138
0,165271368646323
-0,0969315426137569
0,112863768716494
-0,0128520648940182
0,0945257241344381
-0,17385038206112
-0,110206154515579
0,430058206091105
0,23116167643521
0,046649745136003
0,257960426955406
-0,0680447556959857
-0,0169516964644892
0,00205706790981171
-0,000590996805148734
1,07154453528823E-07
0,00061636162060336
-1,63536440348897E-05
0,00277012851409283
-8,74229579382286E-05
-0,00189073974206902
-0,0144045865225017
-0,0420696007918736
-0,00669959792701936
0,00513033828933836
0,00728901169258804
0,00347860352568522
0,0608357695206256
0,0843691216870681
0,336606860746163
0,091631449892618
0,219579128998873
0,167268765559006
0,112154726208416
-0,229531214902802
0,194425842659993
0,102676084547398
0,0431861713016987
-0,130285982637592
0,0690129034039492
-0,1176997666526
-0,0791991459191932
0,0660636269701026
0,064623943873328
0,0338285421507267
-0,0512211056664378
-0,175801834134079
0,0857583321470613
0,0272594176395276
-0,264535640525963
-0,0241859742596494
0,367625320896966
0,0994360071950182
0,00875076393623715
-0,0676840286348556
0,127909568038659
0,315170507841846
-0,341057915142241
0,0274476517119619
-0,288959441543988
0,0396669592280712
-0,0482559035870745
-0,0806388392732469
0,0254691835515317
0,0818853798116404
-0,0287373010745134
0,0561945938757185
0,00699466686706281
0,0329624264232839
-0,000106932775659937
-0,0180084351323704
0,101352699979131
0,0693155625800573
-0,0185267159272134
-0,0567676938918999
0,0463143244513639
-0,000639742396458178
-0,000934929886555116
-1,24279065284394E-07
3,12467982037014E-06
2,57724212643482E-05
-6,1259583945488E-05
0,00865481256001144
-0,000270538640603928
0,00015106450618298
-2,20213989468206E-05
0,00010987169054899
0,000152912250649831
-0,00153152340840946
-0,000905188215543086
0,000549034944246931
-0,00398044304013034
0,000592393367690037
-0,000830469971038475
-0,00909644540311753
-0,000884269180790687
0,00344920198316818
-0,0017902041415525
0,00221650814285389
0,000563724397369846
0,00284785435424918
-0,0189400565852835
0,00166673620782086
-0,00690644741993485
0,000929372682843408
-0,0026142099054074
0,00125144107325136
-0,00424596946475818
0,000298185515631808
0,00103464793309941
-0,0313541533959718
0,0247592719043379
0,0144513185081734
0,0184565236402805
0,0197323964740673
-0,0221898214283453
0,0411154115889455
0,0300152391601547
-0,0566691559883057
-0,048227612924269
0,0126993737393891
-0,0655389930888304
-0,203633904664434
0,00525433918411845
0,057020032836491
0,17166473855784
-0,305096267408375
-0,0818351505154454
-0,334249073784413
-0,632036201394689
-0,381621342539559
-0,224069239530931
0,121059161899539
0,119030370873038
-0,0198059819713052
0,0463803081991389
-0,0781920027391769
0,241150716468466
-0,00499899879062753
0,0731276313430729
-0,034266622604044
0,0230545591903596
-0,000321127205864001
6,83045542492141E-07
0,00415004152045418
-7,26888755862705E-05
0,00118340295013611
0,00147149695272142
-0,00133378678275307
-0,0027266366008368
-0,0117658057029147
-0,252097630382959
0,0128622053734629
-0,0173741116819256
0,0532272315008714
0,00274709965426204
0,099296202017943
-0,0150394808396951
0,163251297809684
0,118619610394544
0,174363757377392
-0,24592337585075
0,296662811532555
0,088847447118549
0,0683440011665163
-0,0956746430827964
-0,0177780470196041
0,179803056670973
0,135660550856626
0,0794905615997098
-0,170014452153763
-0,0297824388549879
-0,120496115586188
0,562234522234905
0,201064374463393
0,15656741907206
0,0869418114376257
-0,0934141098081335
-0,0602619454235794
-0,0218257728264533
0,115446433785712
-0,0786097888213387
-0,0206640068521181
0,156678263847151
0,0171422145650614
-0,050452709253029
0,122605856554002
0,0168531194906447
0,000243394671423138
-0,00419817186487557
-0,0709970854940796
-0,034536896362874
-0,0354551353569855
-0,141270619498823
0,113137837658187
-0,0154901333210439
-0,247290829498318
-0,0326541505907604
0,00677078877638389
-0,0542441447136444
-0,00777630256749783
-0,0790744514682353
-0,0369318296539483
-0,0122484325891134
0,0425494150608486
-0,0211116020113375
0,000668525096363753
4,86579508662374E-10
2,1356292215249E-05
-9,08854624804627E-06
6,16405602655304E-05
0,000102983432573752
-0,0001082071121506
-0,00037757998222993
-0,00122215447382285
-0,0113406430085629
-0,00351582206132779
0,000771980757146426
-0,00193876496211123
0,0019504045007397
0,0124890395738738
-0,00133002956449583
0,0146538769630907
0,0103869447831001
0,0201584083773482
-0,0327166024436284
0,0393796886318291
0,0123297219414386
0,0061398855097293
-0,0604330497770624
0,00743241906307785
0,0240468281885197
0,0265428562977072
0,0236627817804938
-0,0202534709895338
-0,0021758389998642
-0,0469665393720506
0,229934757931776
-0,0446933898852497
0,175457888553921
0,106150098409882
-0,0124076220118215
-0,0466487344103225
-0,104564858342098
0,121901207159055
0,210896281627024
-0,189190520544318
0,0261617106072275
0,0483408853701962
-0,235286481724865
-0,116350639619016
0,189795498605018
0,0145838321396818
-0,169163527387875
0,527886582018028
0,0298468898936243
0,033628712629024
0,176261969513908
-0,321055593092872
-0,0910877811061767
0,419004594492274
0,0955407060254002
0,011779201571853
0,0990437604036269
0,00173062416912373
0,119062212788916
0,0846003620699091
0,0341817758547331
-0,0671168351728888
0,0334162685608963
-0,00105298104670999
1,39195905724534E-07
2,51386487560885E-05
-0,000183662092589956
0,000938499386306215
0,0128151887427408
-0,0157913502286337
0,00190181675482836
-0,00057136612610183
-0,00664681110204767
0,00662698071219637
0,00639849394575462
0,0239814136519954
-0,0109385896306263
-0,00477055861903616
-0,0187025544035875
0,0728525965112024
0,00689375402988068
0,083090561838165
-0,0967668295443052
-0,0896427871495821
-0,163140773223788
-0,0895247548757795
-0,0512385909329792
0,0427673320594019
-0,0755994889220547
-0,378463351408432
0,092578047148
-0,22792756601292
0,00824876891055562
-0,00782957510612962
-0,0673308656912823
0,0709861375898423
0,14373712304378
-0,045181930704213
0,0679045886163795
0,0893863927004725
0,155644333761016
-0,0836805799578808
-0,0197449436329344
-0,121677698850387
0,184969801327088
-0,0347789762286065
0,0185325926146081
-0,144970266316637
0,0933897184094197
-0,588906608635693
-0,0674891370431328
0,0447687361790483
-0,144514937318228
-0,0106573943829749
-0,0904922624840457
0,0109277519384904
-0,0284347985957875
0,0504373302406506
-0,330291078053969
-0,10297735367762
-0,0735751131210424
0,107613390670931
-0,033724931821574
-0,110873987221658
0,158042755203186
0,0112911235790923
0,0445118005420735
0,0016022387931976
1,13774486556495E-07
6,88361988888579E-06
-7,00248634072834E-05
0,000351333401423273
0,000242624662944563
-0,000385143117406375
-0,00236408631886217
-0,00839436282480789
-0,0196833039649992
-0,0330160122522388
0,223195255847195
0,0300475052152313
-0,0864918051889002
-0,205024904736005
0,255622571220332
0,0405902860527271
-0,0544927596817617
-0,173823070782821
-0,0356805338243873
0,0975576092105589
-0,354141024002207
0,535718799735456
-0,0415224656300913
0,111572381974882
0,138890062743863
-0,0577038925905871
0,019471822185766
-0,130458553167106
-0,0193797172489785
-0,0234227888863473
0,066137044369994
-0,158864165487544
-0,261306475395214
0,0570015997732586
0,0210241736418847
0,0145358446043364
-0,0539276303047019
0,0574635097964944
0,0819634163091335
0,0131615830552819
-0,0694342151701449
0,174037488199891
0,00736976187826189
0,156127871762503
-0,0817456969148175
-0,12678014221125
0,0219099874682673
0,00451758414488638
-0,0424173198282359
-0,305820218792383
0,107075661291718
-0,0196890742694703
0,097709546406791
0,0189077468602654
-0,00472899886625464
-0,0570681739367049
0,0343621718291694
0,00851954641053617
-0,00727578472056242
0,0162114801035501
0,00950968498044968
0,00165294272122239
0,00161647467342411
9,00929787274048E-05
4,01527913202714E-11
1,66900028243921E-06
-0,00107528927183979
9,81490092884273E-05
-6,84859967439028E-05
-0,0392171051276456
-0,0051191995771878
-0,0102004476542257
-0,000948579711743183
0,00672375896506829
0,0176123629369523
-0,00784586562435348
-0,0205462322715275
-0,0308783004532816
-0,00338301393193013
0,030229532014053
-0,0153902473408684
0,0488859193235784
0,0197806502666579
0,0205984882301136
0,0367308651679728
-0,00393524056813817
-0,0190477440589481
0,0315237659404224
-0,0927808049303059
0,152310201461372
0,411714775447704
-0,0229967954931765
0,0739857789410741
-0,0140426171268254
-0,204039331899424
-0,0196662470871218
-0,0631421610154351
0,270781081687038
-0,192158989211072
0,0345811947731149
0,109635333373945
0,192727819250794
0,000778421977952392
-0,0552097476097264
0,00750297074219029
-0,0835014849389085
0,0535931221965554
-0,00131843115870877
0,0474199213834152
-0,0502216061305012
-0,10387534323488
0,00492035833519029
-0,0279448516607424
-0,112302297820031
0,0137036997445583
0,0351867449263964
0,0630432713357436
0,00713512604419684
-0,0818164603563386
0,5658697328397
0,0520141655140286
-0,384516911659893
-0,0490708133034789
-0,137260457146229
0,167436298014771
-0,0157528121340471
0,0307609039624597
0,000446564260103361
1,75494245310783E-08
0,000267363996785785
-2,26148801405433E-05
0,00280015047993194
-8,14002412071467E-05
-0,00231050803644171
-0,00357049321163993
-0,0122363580906674
-0,0130215132934329
0,00600399462032023
0,00333741597984706
0,0137327513484537
0,0640689858908727
0,061118128378645
0,0917052228695938
0,196757678685293
0,125052218682812
0,113251115323328
-0,0777500000893978
-0,0506588115698452
0,272778032553149
0,263555184108795
0,0273469250613487
0,0828556256401014
-0,288279399886528
-0,00591387852562603
0,0319702071925402
-0,0102093486203873
-0,0223378359469574
-0,0496200694314356
-0,0527794342687112
0,0583460533334599
-0,0437928891311607
-0,0947297468660554
0,206148329834258
0,0122548089650188
-0,345391881250035
-0,309579869609498
0,0698983020377628
0,103500149501137
0,18423713137536
0,030234172849554
-0,0759742467626727
-0,119057376170789
-0,184559870032385
0,0426544659552406
-0,15009490569826
-0,0728666227475811
-0,184335508269553
-0,0495363506300489
0,096858529022514
-0,0987716304823329
-0,0713398898010912
0,115605496454303
0,107469040570104
0,110573201589021
-0,309800002519078
-0,0938975149101989
-0,219079919058386
-0,095188539319595
0,0049072763001242
-0,00279927305956031
-0,00140064487353455
-6,0111327788656E-05
0,000378089484457858
0,000129436578451135
-0,000412415092115192
-0,000131344554553722
0,00144153361390769
-0,000284355515500438
-0,00129998963332745
-0,00807139798081448
-0,0964597735287255
-0,0186851440401246
0,223721976480277
0,131695804581574
-0,0848263141776992
0,078090904885308
-0,0275334304577563
-0,0323882752313664
-0,0231428179492139
-0,120702155878824
-0,0977254004214607
-0,170112642265003
-0,0568224772868746
-0,00522832115938416
0,0614874448832579
-0,292018052316674
-0,212303207387662
0,0123508163840435
0,00347036696920154
0,0949618196974419
0,0314563482394345
-0,00487168421681278
-0,0911130219140093
0,0480305629321073
0,199260496905709
-0,150661710307197
-0,22241326342179
-0,368059736940858
-0,358583609957742
0,302267999620075
-0,132193079404565
0,157895429205092
-0,149926837760404
0,0510009351541294
-0,015953735854294
-0,0331751520876372
-0,111075901579502
-0,104064477672859
-0,0591298127163883
0,173100580949454
-0,0367433654752961
-0,159705877932796
-0,127206094200233
0,215113217677254
-0,0253201948457657
0,0225807762509649
-0,0456098087075657
-0,0706949952214761
-0,0531377843946899
0,0061936487910378
-0,00924646776291064
-0,0339066817881144
0,0387050801936086
0,00751639747335307
0,00723814039917131
0,000492219961967183
8,03168440595866E-08
0,00734980748260437
-2,74347588124702E-05
-0,000278405260117224
0,000286484322272456
-4,41542929412046E-05
-0,000195529399564693
-0,00111731021438906
-0,0387994650828742
-0,000141744976660475
0,000914591589906026
-0,0215744129380379
0,0220260366497211
0,0525604675349813
0,0309849253161248
0,0511007021243617
0,0647766427814009
0,099738017862139
-0,223342689144968
0,408336512665984
0,00637198027720243
-0,0146994001769778
0,00951207043404725
-0,377387811934729
0,0812866149118487
-0,0241342607345646
-0,059792273699631
-0,135293891807891
0,340646788886884
0,541983553797702
-0,148530842246501
-0,106038598519018
-0,0438912917129869
0,0309133137325124
0,0562574490692244
-0,000140134516705918
-0,0261130202619425
-0,0373496547013752
0,0286008203588264
-0,0187098528910613
-0,0048098703664446
0,157200103702227
0,271555282833263
-0,129139521346701
-0,0677853243960897
0,0289896342072694
-0,0338174601728826
0,0293993436918355
-0,00488099518081674
0,0631726319202309
0,0293222867108248
-0,0442650348948678
-0,0140662165959335
0,0725196521128075
0,0117655941593491
0,0016297680500645
0,0015240197434051
-0,00891796989441882
0,0309337340697711
-0,000194207146877271
0,00990643000072513
-0,00025447261372125
0,000928871403666104
2,06294249912132E-05
7,43113542978614E-12
6,64315026320719E-09
-2,47133202854319E-07
4,24842049305512E-07
1,64243107495426E-06
-1,94040448609178E-05
-0,000120308288675536
-0,000533895557812799
-0,000183894277141565
-0,000505305661272623
0,00323395263952908
-0,000330557134487804
-0,00321972213724923
-0,00673054592881326
0,00528972921730304
0,00399780928583271
-0,00524597561597412
0,00400355365687665
0,00494379660748267
0,00446265657933053
-0,0121550480775456
0,0169411616108543
-0,0125331235372538
0,00422670955242749
0,0079163627796892
0,0153909635647412
7,76783930175204E-05
0,0305513757184222
0,020588005270829
0,00309311387618229
-0,0417035833851205
0,0762050719641427
0,103226232136584
0,019979078070256
0,00412648152768025
0,0187500170549748
0,0185500299871751
-0,0543328991816025
-0,00904405891753729
0,00878789086086331
-0,00554215283598897
0,0327486191931291
-0,00941284679280389
0,00541184209798008
0,0322442920029639
0,0582177900269194
0,0556451518972463
-0,0119582406017842
0,0377788438092829
0,0205922663126926
0,0459898528028551
-0,0408316452240833
-0,0295839461792098
0,00971020844939128
-0,0714590368214695
-0,541590162376688
0,221392317270969
-0,676768023097774
-0,333115783555535
0,0414926728761038
0,199406869437599
-0,0312703723936892
0,026892067653728
-5,33839958752347E-05
0,000110542366456443
0,000131111091512088
-0,116602645715749
0,0354740359594668
0,00341965679393015
0,00127779636420444
0,00107796366361098
-0,00717340371618643
-0,0368142396805875
-0,0637692405316544
0,116770853657616
-0,186051497188406
-0,156629549415264
-0,201586568239484
-0,137733688491151
0,0911860934253514
0,291020806813376
-0,0413785825733998
0,0256459007963369
-0,105358731966569
0,0157392120293119
-0,126497813636109
0,114743188483581
-0,114391717672069
-0,0391049192782612
0,18846211485105
-0,250015476555147
-0,389101620441718
-0,043128343224273
-0,0985988245486254
-0,110511882701582
0,00993692864544137
0,0556470890648642
0,247421843735561
-0,0838468249064098
-0,11850052778565
-0,0425455826317727
-0,228193994835607
0,107946600634697
0,0482898565826363
-0,0611809495906246
0,0262785813235554
-0,0417485360020339
0,067630683598684
0,0815291867853948
0,0449623553666997
-0,121642225282249
-0,0287411526712667
-0,000492868890868461
-0,0242451559112608
-0,127486931815281
-0,135029578998707
0,433476396114664
0,00683462203584568
-0,084872345818082
-0,0281090553547674
0,0254119424363858
0,0342428699444931
-0,0167452798096545
-0,0353789066502471
-0,0199783866314881
0,0184110476188869
-0,00620268719725924
0,000345690563536777
7,94619802772958E-09
1,22053653443949E-06
-0,000302570931853788
0,000220559229441457
0,000471900503311596
-0,00164834379469677
-0,00423245761697593
-0,0151965948395234
-0,0035286389187058
-0,020153528281263
0,0433676935000594
-0,0135810612286418
-0,0556833921379434
-0,0835592335282576
-0,0144519660935414
0,0847057715926213
-0,0370229663108076
0,135729570239431
0,0308281069919544
0,0179002533666989
-0,0292456017342429
-0,136619624834428
-0,0459288535072927
0,0837279540222399
-0,0876838503342179
-0,565113259102971
0,107855497683582
-0,253240111169246
0,0131894330627778
-0,0226262746530032
-0,0119121217174626
0,073805978816113
0,108897781286582
-0,00182892665472788
-0,0859338437291435
-0,0853541403167562
-0,131966982742988
-0,0770720870001496
-0,231467191023441
-0,30626559328048
-0,182564708806509
0,0332045548932511
0,018025812200326
0,150395383848334
-0,120396769668535
0,29234614044813
0,0616979025234289
-0,027809807767273
0,0439394875219679
-0,0732006654604228
0,107633239553338
-0,00697113496468263
0,0502541372234254
-0,0659753950739025
0,226514239308061
0,0935591550425549
-0,0181868072320429
-0,0338108981376637
0,0316354456212119
0,238841840795428
0,113827129781321
-0,0543739295316828
0,0231449606212842
-0,000942987817141503
1,49186251082461E-08
8,50203808828967E-06
-1,23769986106184E-05
0,00243029362560972
-0,000107586053515121
-0,00639263704682482
-0,00179350199007047
-0,00806833205645614
-0,000210327910718395
0,00701388297227275
0,00157667618368921
0,00670359017978836
0,060207478511396
0,00487179120932785
-0,000748190494105311
0,114735381069888
-0,0206332284459862
-0,0650783379907148
0,00961504911849402
-0,021504176885073
-0,00150748528134069
-0,0223802844370007
-0,000957419176476315
-0,0220916012393947
0,0268958238675602
-0,0154831531352488
-0,0931022380244022
0,0318606710109276
0,00839361346184965
0,018649886155471
0,00860275979057745
-0,0507562942985359
0,014507963228497
0,0147298724218502
-0,418441289732107
0,413152473986911
-0,141645780953898
-0,00662470658215891
-0,0272453569068321
-0,0265967507477127
-0,00855973425579652
-0,00648045280682687
-0,0172824510138533
-0,00467664991194039
-0,0396801201431984
-0,0199673952654961
-0,0295464246320452
0,000514596353467014
-0,125499887995663
0,00596503885121289
0,0142183961596951
-0,0352601171317741
-0,0157036451488436
0,0139972810824532
-0,311390429267495
-0,025268774810331
-0,303786899669394
-0,238311962624659
0,187154362912882
0,371902946039288
-0,39201053926917
0,0243535898510523
-0,00615969540711492
0,00018229330995171
4,57556142627811E-05
0,0758350890787608
-0,000924281779665969
0,133190849363212
-0,00403806913527694
0,000308084283234138
-0,0031534295006721
-0,00689905136135074
-0,00307856138753644
0,00674509180647237
0,000655850745210272
0,0112342444665337
0,0523787691914432
0,0351901114184365
0,239776072797672
0,0512547418349845
0,105346819105226
0,0558789502236052
0,101821697746645
-0,0954049712072886
0,0299824884215853
-0,0578030866600902
0,0281939673997676
-0,124022624666683
0,140999580401469
-0,0365773223639244
0,201024938661752
0,079246813944598
0,0281386377252006
-0,0504134717603944
0,123584876870272
-0,0369603539318159
0,0297378485160402
-0,108159838680269
0,037408796298625
-0,0695970930569569
-0,106148235111037
-0,205254045620819
-0,0244171338834993
0,149186001612054
0,0792283104429998
-0,131875836411951
0,112544386772019
-0,0385290116291699
0,0145233442700548
-4,57465252079061E-06
0,0352596532635274
0,0506277686492093
-0,0476625239594339
-0,0554253390853984
0,195330682640689
-0,0445882383335586
0,20703157990367
-0,164277208587167
-0,00881412170488058
-0,116713059096723
0,0205066039840672
-0,18252944989272
0,63802006695151
-0,207997038423212
0,13892102120549
-0,0126938385712351
0,0261787190989626
0,000494266839107867
8,09587195951297E-08
1,59176759507888E-06
-2,89085958186621E-06
-1,66261252949271E-06
2,14290506606509E-05
-8,01907296150861E-06
-4,48308083572099E-05
-0,000390200741498766
-0,00493620219809634
-0,00149013831257138
0,0210488885616544
0,0145629879784438
-0,0200084095556142
0,0502829692842334
-0,0257630096684612
0,00586148009915809
0,0147424706606019
-0,014703093627455
0,0715176835095021
0,000229214919413212
-0,0520042703529441
0,0270758633266747
0,0177193505310684
-0,116437955043807
-0,120948572372776
-0,0152427987728371
0,00798132120219896
0,0362612706637246
0,015991804646843
-0,00223696457422099
0,0353954100262273
0,0368717608779412
0,0419374080095216
-0,0313272245565082
-0,0725940372170521
-0,124282090597392
-0,184432190720484
0,200147222314309
-0,0393453896633333
0,039591541393659
0,0178533616637349
0,167517892457681
-0,0345013870508512
0,138454178230652
0,210940900144545
-0,288937341246341
0,0891646758088102
-0,485665486485964
-0,00231742918532644
0,308567902652769
0,310311563533948
-0,459658447561562
-0,00756355663607769
-0,0780572443627294
0,0462809404751703
0,0885348482301176
0,0997004506034683
0,00483998195476031
-0,008072284844735
0,0452539938641184
-0,0377628578534323
-0,00834237194385141
-0,00549367904521594
0,000766023973139191
5,31410715496569E-08
4,29440511265321E-05
-0,00178536300255147
0,000413104759343379
0,00707939844928353
5,31552729156485E-05
-5,50231446262519E-06
-0,000834470348587993
-0,0209462271297192
-0,0187727418417064
0,031481221670406
-0,12057032913908
0,0419385357878177
0,0728684220108337
-0,0102201407503346
-0,011919395781972
-0,0248308919413154
0,0122233775497016
-0,068978843889804
0,0397532545000551
-0,013348021452221
0,0319695148503278
0,0204911780894889
-0,0953611203591283
0,0550133351849629
-0,0624728160799031
0,0307513687377495
0,0222060213561597
0,14587999034026
0,292127563277614
-0,0726115161853103
-0,0714833065858331
-0,0269556272061344
0,081446419755499
0,112741403269714
0,0339292671796105
-0,102330379847254
-0,0736445086948388
-0,0787962002390326
0,0624966030588187
-0,0772769148590673
-0,47905484813349
-0,662808249481355
0,280923052380243
0,0888524380835468
-0,0939843379843017
0,0696929411566977
-0,0186365888663713
-0,00155570360206862
-0,068424639396382
-0,0135272915098626
0,0352768985763859
0,00296100748832931
-0,0526241376534353
0,00614071084994421
-0,00402242907000584
0,00646350505115457
-0,00356659576778939
-0,0185223098318336
-0,0137426997771954
-0,0263226622952528
0,00310959119119281
-0,00535777858672765
-6,08668355148908E-05
2,40531147055902E-06
0,000774296374103104
-0,000131070582985983
0,00719573621171422
0,00217982951682014
-0,00339627230556117
-0,00367898190781836
0,0012722196458824
-0,00176386252478452
-0,106483675424351
-0,0134150956114847
-0,00133750733155707
0,0033463269924851
0,00463531295641745
0,00235829557017733
-0,0122582249886038
0,037575610910758
-0,0456713115012589
-0,00206679563584305
-0,00623544599322768
0,0188383018945094
-0,00900278440031396
-0,367364865214066
-0,0249786785204527
-0,0573183860101665
0,0203056884389886
-0,00291261362276738
0,0137685395201495
-0,0243586252553764
-0,0277275195471135
0,036828262242647
-0,322591752100954
0,230086178737823
0,104210204812498
0,170103179260777
0,0716898105142994
-0,145492639420647
0,13669469043113
0,151288597206105
-0,213258555481713
-0,161238409353303
-0,00806852508426885
-0,13010365173626
-0,490456655731501
0,0178410425164342
0,0735981498334272
0,191543826050139
-0,192686578254593
0,0524066160203206
-0,0664900486283827
0,18025030955193
0,171393019421266
0,204068932460687
-0,171569407804277
-0,107353510479226
-0,0141888469670914
-0,0390876137889924
0,0298911712595673
-0,0731729981779606
-0,0712773541895403
-0,0452221939233254
0,0402868488064093
-0,0204436698888325
0,00060472069946857
4,93370537895229E-06
4,38219448716372E-05
-0,00357839934749566
0,0155845609931907
0,00423545436867503
-0,000523917239753147
-0,0022346695194693
-0,00955037254269245
-0,0130140669525441
-0,0342145978407082
0,0831160463852282
-0,128757818144896
-0,0930113767004981
-0,138596569100321
-0,0757072642150515
0,0873413100865399
0,146557216610665
0,0121233802280397
0,0421439065721504
-0,0362181459825786
0,0274396493293112
-0,0727055151604772
0,192442303569101
-0,0492120308825915
-0,0410558477476892
0,207308107293188
0,00529043764736171
-0,235296936835394
-0,229027012336266
0,117015450210069
0,0230453338387764
-0,119170201628782
0,213356621276943
-0,224528091675804
0,140678062851107
0,213321687033231
0,118841028120193
0,00772315795141884
0,0288602800680506
0,00492119074821813
-0,244398055302152
0,218714728592349
-0,0570362356988114
0,134128640227435
0,110624477350133
-0,111835541566506
0,0926841507816221
-0,00216397709871355
0,0544200259315772
-0,0989521503209725
0,17111688002157
0,188741567131006
-0,41902238083359
-0,0413149486999291
0,131692026684947
0,0636527579279072
-0,156483437016974
-0,124837343607367
0,126672856967245
-0,083129481179358
0,0658883483587084
-0,0138442764761649
0,0109825160151929
-3,37761239878317E-06
2,09395547842663E-09
1,05120454208056E-06
-1,65049905238456E-06
0,000339421372045253
-1,50071599297338E-05
-0,00085092454253128
0,00010013870425047
-7,24892062995861E-05
-6,60018397072941E-05
0,000864866343021652
0,000400338110710786
0,000943513452507705
0,00809311997668249
0,000228267573556669
-0,00144604804781969
0,0158968020120986
-0,00399513454281689
-0,00961062601563235
0,000873132282505331
-0,0015940638555114
-0,00108733134174932
-0,00406497981734546
-0,000554982810417268
-0,00167578653746735
0,00295146602033785
-0,0010192474108163
-0,0110457525931149
0,0040041561398573
0,000645226069667226
0,00225303927057515
0,00189250739510572
-0,0044777805338366
-5,82671437074412E-05
0,00173638692611373
-0,0520638628041379
0,0569140147390566
-0,0285843697395177
-0,00459531340181033
-0,00341922851049911
-0,00103106867748311
-0,00667621294767144
-0,00962053368191982
0,0104342110774378
-0,00124443121937137
0,0110523923257471
-0,00456427153150726
0,000224907961789074
0,00614521586613693
-0,016496422519232
-0,00502132450077963
0,000109234734595598
-0,00604055302371823
-0,00488125429665461
-0,00140229523373697
-0,0442982651842258
-0,00540080190743294
-0,00895375073984943
0,0278837768344411
-0,00324894955414652
-0,0285884945028137
0,126803166956742
-0,438261490441361
-0,882496209155148
-0,0338682036491696
4,72592921033792E-10
8,91645329525665E-05
-0,000181352690141412
0,000161562902835601
0,000381965955724403
-0,016007054530924
-0,103694604605639
-0,238508001599167
-0,0101060798765941
-0,0251590795860137
0,170368533266857
0,00937933517615966
-0,127483126875835
-0,110303422142067
-0,0422593171700843
0,114072218144248
-0,160804500494948
0,21526360459596
0,0982587092818755
0,102056542830174
0,14623335331551
-0,223946906610182
-0,120962895668972
0,149773209434614
0,0288212150269233
-0,1393913453873
0,0566242486421409
0,286346368540718
0,0680199426745075
0,0533704364692857
0,0778393673207114
-0,0141736318960894
-0,239927051527463
0,156213395786078
0,0168992791009936
-0,0536780349019805
-0,0967476429690286
-0,108937831504399
0,101278842080579
0,168504535109666
-0,180153733897253
0,388222763799757
-0,135504623204674
0,0105076497067306
0,279152059838141
-0,116486694271788
-0,120192418344657
-0,0330027402359421
0,0211612288139829
0,0435077228208491
-0,143662106518687
0,186237548564714
0,0599949258860219
0,0309212880091966
0,0210146937417938
-0,070673584863422
-0,11429525858656
-0,0312083672412721
0,0471819133797427
-0,0366208791242309
0,00187119951273636
0,00334140165875439
-0,00359247946953792
6,6754045768052E-05
1,73179454977466E-08
9,66795817342099E-06
-0,000100912927559901
0,00315859180758097
-9,7940525807202E-05
-0,15915663783376
0,0209622447894873
0,00264954874207416
-0,00103715914598323
0,0387615415807882
0,0174595524624111
0,00149176370921973
0,0531032274950808
-0,00390392400134919
-0,00871191774151591
0,111380079341413
-0,0331882618709078
-0,0722164018310635
0,00961738627269039
-0,0109322912308872
-0,000440996258317788
-0,0407959804495433
-0,0213851987693646
-0,020285361476356
0,0352736925543138
-0,0272649409938252
-0,16269984692564
0,065190196260821
-0,00438769829154229
0,0247760591402472
0,0606742560544072
-0,0386752909793025
-0,00414307440657443
-0,0199308906818781
-0,39074860211139
0,472293143055947
-0,261686559197097
-0,0658394674641461
-0,0139635614996752
0,0229069042171721
-0,0457455340886344
-0,048600287379404
0,0705933599845017
0,00710780129357389
0,103228295934792
0,0412401926081331
0,0506157926922193
0,0284932898773817
-0,214582655616626
0,0181511112834324
0,01192262261946
0,0340488192992414
0,00242618694063384
-0,00891095191418033
0,197684268069622
0,0050065255494396
0,243243399003271
0,208631868903304
-0,151982795664124
-0,316162051271463
0,3291844788205
0,0314347537491031
0,112282375482882
0,00394087431891717
5,94332418387245E-08
0,00752475874248664
2,869771605904E-07
-0,000321239698085261
5,55310190750559E-05
-2,28963634542879E-05
-0,000243213107642299
-0,00154269531428899
-0,0319168352593267
0,00124217473195291
0,0235500504245804
0,0256228909019538
-0,0267612572075903
0,0630767257329743
-0,0388202059784858
0,0130057789797352
0,0153437699022723
0,00974121342224624
0,023368690487472
0,031371008812871
0,0314632448255944
-0,00477333258868599
0,00640986773980222
0,130069960118903
0,204804084182718
0,0154705227875366
-0,0240626084185838
-0,0646215060857794
-0,0075037992124572
-0,00700361516016557
-0,291810372333696
-0,120251489958203
0,0435858387345898
-0,172570342868143
0,0094683119295103
-0,0438175220948746
-0,211182932901739
0,14134392440922
0,0817461030314494
-0,177463022092031
0,431534649295389
0,0857987549187875
-0,000889823507500667
0,166463589364335
0,242434429759756
0,112729326744818
0,0701616562349164
-0,0359477410471659
0,0410294439318679
-0,0246178196693754
-0,0760630323342904
0,147259158909104
0,0577662523517334
-0,00560769388391181
-0,017197961669874
-0,0313101811034796
-0,0481047327081048
-0,00641049353647102
0,017820237406301
-0,102377910780183
-0,116156131110499
-0,518406680240007
0,244026777156335
-0,00829417640959396
8,27171882015353E-08
9,47228871215684E-05
-3,3885431293365E-05
0,000255517094621864
0,000212847308704516
-0,000165399086461995
-0,00056273673165829
-0,00254505413616333
-0,0402011648598005
-0,00353498817406563
0,0053954625389585
-0,0155402671597537
0,00815427527324874
0,0231535453554398
0,038537145527037
0,0870863269326147
0,1476545806688
0,0836005517317742
-0,235260789225125
0,450311402052327
0,0368610530664797
-0,00118264005242065
0,0504422720825276
-0,294743920794618
-0,0150116889715768
-0,148337590976495
-0,0192675114216519
0,235042815747782
-0,253920475529349
-0,51523463795639
-0,321292403109445
-0,0321307815949303
-0,0604664450907886
-0,114940120465416
0,0413402297921507
0,105527696865149
0,0900572159831221
0,0291536435673561
0,0756153966096714
-0,0267252067169649
-0,159712283278302
-0,0765643269471038
-0,0590137195060134
0,0556501994701749
0,0360764293550909
-0,0280110122289618
-0,0519826115898271
-0,00472435466648049
0,0343806325381549
-0,016628005612778
0,0146844839065508
-0,0148266467809629
0,0365690844614164
0,0381780321888575
-0,00668541981816007
-0,0197031256202349
0,0573293873419975
0,016372241340898
0,0373870056243303
0,0266463531972774
0,00500740940006126
0,000902392114102518
0,000421796328301391
2,42658126085787E-05
1,20639611437884E-11
1,62176509416889E-06
-1,06487505635487E-06
1,86728030001421E-06
1,10396977973289E-05
-1,19783110801742E-05
-2,42801072184487E-05
-0,000133335937909126
-0,000476271982038601
-0,000876405203936978
0,00566126745294434
0,000306681021676206
-0,00317221811342166
-0,00792177062390756
0,0101616453609797
0,00339084007048409
-0,00266840114376703
-0,00519384068193597
-0,00496263012538422
0,00705123041826672
-0,027673104521677
0,0326096892778567
-0,00775780689618416
0,0127630052793642
0,00745407158633248
-0,0711846266026984
0,0178780031699097
-0,0798149127473043
0,00678154611366169
0,00448465568175497
-0,00514196511248818
-0,0111179053132974
0,00419517251948878
0,00321850736844066
0,007147758647637
0,0588187912863568
0,0144028204903911
0,164813351888567
0,219534480600182
0,412063228066463
0,013168083684462
-0,0364783953216343
-0,0507720059514741
-0,0112712839785165
0,031475233477972
0,287644645336305
0,0112174235045195
-0,0234949731380176
0,163900281961183
0,0889543760634692
0,0115598888234975
-0,111569946392595
-0,0782477295004184
-0,0943978018935936
-0,331576451932611
0,0205189435581185
-0,257333140954498
0,155321439840814
-0,00101990941537766
0,256925190712658
0,542098551112792
-0,0862315175479676
0,132858323889699
0,0012490440073957
1,0592849406519E-08
0,000113508923336409
-0,00013291087717381
0,00169125789341043
0,00250592254412406
-0,000810367535518215
-0,00172667056881578
-0,00552551753189544
-0,00156995528908179
-0,0164177808680632
0,0139516712634051
-0,0276185629050418
-0,0375679367570272
-0,0691436550637121
-0,025835013139342
0,0331475487695142
0,212883865727719
-0,133785028833583
-0,00310174647872259
0,018825268196087
0,0133487238445123
-0,0473314874428409
0,0273547040820005
0,113536635666673
-0,0135862425125582
-0,0254876680955764
0,212375529201856
0,188972415293879
0,0998192753208211
0,169367177471749
0,123557309679044
0,0640734174860677
0,0483034636660077
-0,494006173543288
0,080015997594782
0,161541775567152
0,104127393536489
0,163777929329277
0,048258400732809
-0,0826809664618102
-0,159212799696576
0,0642695171054863
-0,0156610361827467
0,111793027274286
-0,044076510993776
0,0136289104867188
0,0699814543372022
0,151368414034758
0,0191266960828535
0,0435091553660295
-0,185053646438983
-0,245111242747598
0,448820024748137
-0,0157108908973955
-0,0034009831081141
0,0430141396330499
-0,176370441780831
-0,0334329563304463
-0,172880498600571
-0,10062900614082
-0,0192630485878685
0,0264416352544245
-0,0124773843946087
0,000443331534614291
2,82088259133107E-08
1,49235048300991E-05
-2,09081112999632E-05
0,00457689310945231
-0,000197899802283026
-0,00222271162503876
-6,60839952834367E-05
-0,00215292889539479
-0,00554221309282815
-0,00139017418236709
0,0997502566319409
0,0671513462472542
0,360816174043263
-0,0988054885540712
-0,131139193893821
0,0555713233440358
0,0661595187649195
0,040627480783627
0,0689749920469808
0,006042760708081
-0,0632662581403719
-0,00173826788805653
-0,00932946469163973
0,00661074422806139
0,0311842181830826
0,0107540914949682
-0,021964702338364
0,00670743763219335
0,00491559785323762
-0,00125178015724166
-0,0460339914944195
-0,000761215841174427
-0,0148852021729801
0,023578025419646
0,121375431894651
-0,201534158103673
0,161122530072767
0,129298625656245
0,024196550038684
-0,0244513994787776
-0,123874134648806
0,0349104720818926
-0,0229496061878569
0,0707663770783469
0,115086648353673
0,21657624926991
0,0939367474763982
0,0247809859633281
-0,767912193306721
0,0816626526494103
0,0597345969074998
0,0282786988897808
-0,0266454978860948
0,00621644843606963
-0,105972088719263
-0,0283540805600519
-0,0290292132989027
0,00729050788996945
0,0188045501033963
0,00594906055469285
0,00716705409793961
-0,0017019320926281
0,000425022852024405
-2,1995489231079E-05
6,90136592413334E-11
1,80882113150857E-05
-5,63952655456358E-05
0,000109000629204821
0,000257481302547714
-0,0262011792621048
-0,0343335342185
-0,0834943422255462
0,00232348278610568
-0,198187981695067
-0,0255730354887804
0,0298651623424484
-0,00976300958336784
-0,0181781666594209
-0,00609720806058255
0,0247858005391888
-0,0488828373273774
0,0622331478156441
0,0126386391061728
0,020287611220555
-0,00776839293581021
-0,0300500883808504
0,110584884237138
0,0314743485593561
-0,00223280308083562
-0,0971169977972006
0,0135315931478915
0,00211231413476035
0,0116486039187091
0,000578563405450219
0,0326643288780372
0,0377096364915607
-0,0637322222512163
-0,0226203139170646
-0,0566213425867727
-0,0815625310438509
-0,0802112515190783
-0,0432608742300576
-0,0256650951689528
-0,119972992443094
-0,118094123027877
0,0165973531437587
0,0117889461622777
0,112302542744016
-0,00851518418551217
0,297186877705761
0,017730500022243
-0,0165485404605464
0,168932958674778
-0,0968483816578654
0,100191507851142
-0,187054052097846
-0,246000966901348
0,0636996881551374
-0,539046131114942
-0,017259049642178
0,0481673176538389
0,0695155539429947
-0,0506774362684866
-0,514550663451049
-0,18992244350685
0,109430097465975
-0,036413890981153
0,00214943271388897
1,09158598070388E-10
2,14573649659737E-09
-3,89637455747193E-09
-2,24048383403082E-09
2,88719099910343E-08
-1,08004610772889E-08
-6,03750111562678E-08
-5,2526220558958E-07
-6,64217446360572E-06
-2,00374963181582E-06
2,8301499641677E-05
1,95774076160114E-05
-2,68743458356975E-05
6,7516517437232E-05
-3,45843027378687E-05
7,86784386615127E-06
1,97821485270962E-05
-1,9716853583995E-05
9,58777441676651E-05
3,07251274872644E-07
-6,96704585502895E-05
3,62572193841006E-05
2,36956404080931E-05
-0,000155649784564797
-0,000161594479003458
-2,03548248102879E-05
1,06526860891303E-05
4,83278391308658E-05
2,13052888363759E-05
-2,97731951725608E-06
4,70607939911713E-05
4,89771500697466E-05
5,56111156294213E-05
-4,14563864028052E-05
-9,5940480353576E-05
-0,000164191682597486
-0,000242804412849359
0,000262850086124572
-5,1555120328727E-05
5,18431661957823E-05
2,32644096975991E-05
0,00021621001281075
-4,44407584415814E-05
0,000177802867686585
0,00026889407021924
-0,000366330393175627
0,000111634669519167
-0,000597066939103822
-2,81100376994836E-06
0,00036441042781553
0,000353741918039345
-0,000488188722039506
-7,72454163951805E-06
-5,77535512115262E-05
2,02247179864222E-05
1,46244629485299E-05
-2,86299769358549E-05
-1,38956421721797E-05
3,635682436051E-05
-0,000276406500342118
0,000679158613438836
0,0275944166122477
0,0247534430815891
-0,999311693870057
