0,999788734247549
-0,000213781766091791
0,000413330378106221
-0,0198931689033127
0,000675701871578327
-0,000348199879608538
2,07327115037815E-05
-9,9471392425886E-05
0,000630598020079569
-0,000341252257131233
0,000301567271410304
-0,000377874153388509
0,00140405977821289
-0,000718520500765877
0,000481013923152222
-0,00208482623946805
0,00168877871158633
-0,00135543763073604
0,00115793191578362
-0,000725295229999194
0,000705379031568446
-0,000272586813006682
0,000266018663395182
-2,12843300164372E-05
0,000492337848145947
-0,000408630791977819
0,000853724229492884
-5,87281797934696E-05
0,000110282780174701
-0,000621253331027904
0,000526356098949355
-1,94453865318483E-06
5,73560861258032E-05
-0,000253085765589783
0,000827605975337342
-0,000149480137822352
7,15306454381998E-05
-0,000565934465942827
0,000760001360844252
-0,000261871904818038
0,00013806279866249
-0,000119991058529078
0,000400517150261976
-0,000304293087326263
0,000396598196431073
-0,000273155786557663
0,000198757946270185
-0,000577546821328208
0,000675553110337837
-0,000540658930058662
0,000445726016396007
-0,000489609526349068
0,000605503977201608
-0,00055355243749737
3,43097552205471E-06
0,000100990968814042
0,000558812125186135
-0,00134727279190036
0,000839444375940039
-0,00129613379696708
0,000301881985838314
-4,79675487983819E-05
3,50562120606139E-05
9,00778362669587E-07
5,42144942574366E-07
0,989947946626123
0,00079951016862438
-0,0241901840033105
-0,000755503531486693
0,000891981212166819
0,0009251949849874
0,0027185169065546
0,00975477336055197
0,00359530386590127
-0,00900446709305155
-0,0193490112687336
-0,0149724336440857
0,000517685989746583
0,0233139050524294
0,00888794221647836
-0,00549050715424143
0,00809284163908449
0,00592116947423127
0,00759607103304271
-0,00805006294248124
-0,00359696985190072
0,00847186065295282
-0,0574115290422146
-0,0266212871410266
0,00345637820541972
-0,0249272202228443
0,0108415344259623
0,00868898029509914
-0,00956026721981278
0,00529899984313951
-0,0296350897665191
-0,0196162692616736
-0,00319111201319037
-0,0136718909638515
0,00917013848621409
-0,00948699916620266
0,0265820056105471
-0,0359347695205358
-0,052756807889562
-0,0194512142491121
-0,0139151666800918
-0,00231017976294054
0,0331225636197427
-0,00191237103310344
-0,00480104100431406
0,0107950880003977
-0,00852696581150595
-0,000557797900503751
0,00581186474140611
-0,00893602471164451
0,0233019405582424
-0,0139417522497591
0,00546576092294354
0,00550520584975064
-0,00797506154854234
-0,0147559771426404
0,0357348641602781
-0,023912501651992
0,0360265960149877
-0,00779239107451525
0,00126105602106293
-0,000986304257390659
-2,28377030603209E-05
6,04536652790934E-07
0,000157847737177134
-0,970932571448284
-0,0313896158070291
-0,0855820129195069
0,00969478810743226
0,0205433164121513
-0,00846477556272663
0,0232322129318711
0,042252962441747
-0,0871263757682769
0,085011435714303
0,00105611515181373
-0,0409575050322481
-0,0136729535829901
0,0289694692556246
0,00734548211720396
0,0299641749941158
0,00798525938536755
-0,0263729741646336
-0,0040742922572322
-0,00861770487407094
-0,0366010146000255
0,00655685212443342
-0,0262610580644465
0,00700310712758951
-0,038346563773064
0,0579463911744665
0,02197643008525
-0,0220416400202848
0,0300269715828867
0,0189569650101106
0,0324241428286688
0,05131609984575
0,0237944328720309
-0,0270264419607916
0,00935545422609019
0,00537871568960056
-0,000389471037826707
0,0321223892833627
0,00840839977670706
0,00176721038785575
-0,00182065533661746
0,00585222047163144
-0,00998309135937302
-0,0210107364038116
0,0177831820409638
0,010687570208566
0,00309262113541021
0,00689410521949409
0,0125017362612399
0,0477187114413844
-0,0400245135257873
0,0248176503857931
-0,0247297584973384
-0,0556548013634638
-0,0161850131115809
-0,0388347855130185
-0,00446622035087972
0,0111308291216245
-0,00117139910528703
0,00235900841120605
0,00354652709038351
-0,000190969473403257
0,0205232179794876
0,00981043944867429
-0,0188971637569768
0,967552026192836
-0,0351298019151611
0,0173565981269205
0,000233558234749474
0,00815577989250621
0,00901728502770584
0,0157833598400375
-0,0121566893065372
0,0158470961372509
-0,0700008507499473
0,0387085041618979
-0,0163959824927069
0,102365548868397
-0,0779783258893816
0,077183588583534
-0,0563985772333855
0,0276482171256178
-0,0291239837855691
0,0359005808636726
-0,0201897726840521
-0,00396769461092522
-0,0223601601726483
0,00907587015058193
-0,0348480846679115
0,000116788593882676
-0,00279620745301227
0,0260176224024032
-0,0170580565326887
0,000524990085795482
0,00267876175176633
0,00990687476367944
-0,0416671167340031
-0,00170708222008833
-0,0100232220671139
0,0228783532670234
-0,039478998237968
0,0109593355256951
-0,00297780217430358
0,00514909886983085
-0,0196101266242111
0,0110654369117274
-0,016924489589541
0,0126301460618229
-0,00695619787561818
0,0254775660367802
-0,0361766614701569
0,0290543852070093
-0,0211142422013425
0,0225234673746208
-0,0321879048372831
0,0264135818241086
-0,00139180852901847
-0,00592241649889545
-0,0282087933978203
0,0672207542813461
-0,0419149645485408
0,064522049454498
-0,0149127749880824
0,00236764310832451
-0,0017434311889363
-4,48864022322876E-05
5,1413437280978E-07
0,00023962374462025
-0,0378894563425894
0,022945597846971
0,935386022155484
0,000886129032641739
-0,00119176998455567
0,0101539742599318
0,052275187374089
0,0554516939873231
-0,161164414624076
0,118234299278308
-0,0538825975983533
-0,10008824321936
-0,0192488042420605
0,0157844467661926
0,0177947836577503
0,0401524125893271
-0,017924414439919
-0,0691247731518639
-0,00321796253693715
-0,00852804173108687
0,0246061622727225
-0,107518994601614
-0,038290589516325
0,0584758119202986
-0,0779437610407179
-0,00873403327727798
0,0457556409650021
-0,0640814507844558
0,0172665456000432
0,06441275153498
0,102708090739177
-0,029586214572083
0,0250512304622762
-0,0302431716445852
0,0115422398879415
-0,00126723882442574
0,00764457867114763
0,0765911653689482
-0,00969383199464448
-0,00618211868144254
-0,00745405592692368
-0,0172736496313381
-0,00277275305108493
0,00763194483081707
-0,0235617289631779
-0,00705664124307955
-0,0137222947579022
-0,00196857824063493
-0,0229432350686682
-0,0214305356697959
0,0336308435351869
0,00885011657582034
-0,00155528248303984
0,00240155922461012
-0,000617883282563982
0,0093374338074123
-0,00262714954311685
0,00687300633903115
-0,00113100124067915
-0,000149157571204172
-0,00101847059942662
3,52709894486038E-05
2,28780315461456E-08
4,59826647043882E-05
-0,00230184959059744
0,00659523384349559
-8,88878556358688E-05
-0,951922025635168
0,190684317283364
0,0303227618611712
-0,000706063544970883
0,00578830940672921
-0,051457070905981
-0,0738040612417721
-0,0367661607963671
0,0140540271791477
-0,0355733847953997
0,0248909168795771
-0,0588179625537743
0,0266321947699904
-0,0413251540339512
0,0047148994469263
-0,0155016782162364
0,0153776183209286
-0,00601718779464741
0,0128317224433069
0,0036630839767191
-0,0190494754562831
-0,0175122451334876
0,00280936277296905
-0,00552103039459529
0,00686646549673018
0,00736149440858133
-0,0100737902382832
-0,00801213863269544
0,0110582878624348
0,136460376216986
0,00608378543231116
-0,035284388377687
0,002290599257113
0,00643436213174309
-0,00199104838678599
0,00473040594172224
0,00250139874084474
-0,00720701648140473
0,0130949511817412
-0,0240945166496945
-0,0110402174470524
-0,00825836797451186
-0,0323153055051093
0,0240299481953883
-0,00284959212258758
-0,00251287889311571
-0,00456820449449115
-0,00276431775029749
0,00440612015645562
-0,0277724440477248
0,0535789901995789
-0,0338335683406827
-0,0579874366043752
-0,0369631857381608
0,0077480204100035
-0,0689471619259599
0,0151200449438261
-0,00682500344146919
-0,000320432466314834
1,06788898559312E-07
1,49919040375213E-05
-0,00757075504131058
-6,71146608445383E-05
-0,00212469762154083
-0,143307902382747
-0,830837855695805
0,502923153699649
-0,0285828143706551
-0,0338894489620302
0,00859591961799275
0,00314230536842345
-0,00956132056979994
0,00234688044635527
0,0123722917280658
0,00104150106802087
0,0133299585054833
-0,00230973431454202
-0,00431529617937272
0,00263110700547745
0,00162088061464908
0,00135280859207064
0,00371169268254075
-0,00100283386936793
0,00445480179828313
-0,0545178857494767
-0,0460810288893939
0,0215368140595456
-0,00334492114359562
0,0178086640753874
0,0254732004121591
-0,0109856143855768
0,0154589245550229
0,0319993105313573
0,0342964545783127
-0,0165642851497413
0,0202435354889988
-0,014870688820608
0,0323931352437006
-0,00871103848833507
0,00785975917252523
0,0129657686342058
-0,0121594001122125
0,011291812996707
-0,0120786142167186
-0,016300889335004
0,0172087284731838
0,00903899791130386
0,000856843391405876
0,00555353132892398
-0,0134902434559964
0,0149981087935509
0,011816491819663
0,0581999781027963
-0,0537401845078052
-0,0982959459688322
-0,025140961470334
-0,0595166637076134
-0,0102810205005035
0,019538647408206
-0,000849858631389097
0,00305596466644671
0,00454407367203625
-0,000249775448998767
1,06382521543866E-07
3,86859234997417E-05
-0,000513906610893453
0,000800102659699044
-0,000132193481524062
-0,0959771316369229
-0,453097109346882
-0,750751223958165
0,0923270429056342
0,184156405741467
-0,027282526117256
-0,0148194589529318
0,0188492264943847
0,0604669981152713
0,00336624077595713
-0,0248930898655875
-0,153470345597278
0,00952750712357512
0,0973744127110359
0,0678068096999765
-0,0795759216376268
-0,0155355527216161
0,060495910138356
-0,0051132990517246
0,0556170102191765
-0,11738972884185
-0,116050184632925
-0,0329652756122956
-0,00352090722317461
0,000971677844249175
0,00278449096207115
-0,0391722341375899
0,0617587576389107
0,0334008001457379
0,0256607430966008
0,0270383998717647
-0,0668480422117121
0,0196618121954161
-0,0568173718979174
0,0376241676489807
0,0792943239963729
-0,0976608686423229
0,113324645519668
-0,0724607614302084
0,00769447957386119
-0,0426204442563545
0,0108716128667278
0,0165052586744983
-0,00264176528491111
-0,0609481599350489
0,0413280230886128
-0,0606242669616083
0,00151422026244208
-0,107470601978197
0,0899905478666818
0,0147804951179119
-0,0844968056089958
-0,0316412053189827
0,0339064626411594
0,0456687450194028
0,0220553917686927
0,00215544713559677
0,00282949084079742
-0,00011976393450445
0,000538871798490557
0,00478265766399833
-0,00085492638994045
-0,000444415750099146
0,00496479954807532
-0,00098100563962477
-0,00392648421953899
-0,0395643063830411
-0,778043195376712
0,243893172140744
-0,0419451595281568
0,0876208684786914
-0,185737542421887
-0,171112695296822
0,154843590801848
0,0597446798874694
-0,128147896374941
-0,221675373827476
-0,00347420855512636
-0,0309813980234609
0,0558744347326367
0,176255477170491
0,101860871363435
0,0180355147337762
-0,0296427785822407
-0,161012864329022
0,103714816079597
0,0593471315536205
0,0110619876632431
-0,0723631651680503
-0,0822542446117666
0,0478689036163431
-0,0331151049923627
-0,011402384080749
0,0172527804250038
-0,180397723248324
-0,000391510261551325
-0,0103549516566632
-0,0696169517567481
-0,0384089439774161
-0,0623837107295167
-0,00672993747038387
0,0519751516578441
-0,0507655540539142
0,00275486732759454
-0,0205425329298552
-0,0625427054948938
-0,0255799599629762
-0,0245984751325299
0,0797480422528929
0,0147545708748785
-0,0234927525414397
-0,0443267177509681
0,0251699072736837
0,0163844384261464
-0,00274997086543921
0,0106282435957553
-0,0117153517593932
-0,0059047902984074
-0,0123117394045923
0,00358426982974441
0,00133030637480661
0,00918207127625259
-0,000329725310688634
7,80752452942312E-09
0,00133960552540078
-0,000251744494641735
0,00144484803543599
0,00561710326007361
-0,10266069575629
0,0134895052243834
-0,0234713532352214
0,00553556566176613
-0,050233633473883
0,601275778083664
0,69151115723366
0,0912431430907675
-0,000353621025680882
0,0135788739392208
0,0560934038044257
0,0593942862368375
0,00166711533330428
0,00942223940301556
0,0294378687730255
-0,0400418222214478
-0,0169102385432832
0,0659888315480098
-0,209337693962223
-0,0299656175321262
0,00861624325327198
0,0280409610790904
0,0413663123437765
-0,00476821492224549
0,0169506348134392
-0,000933166776155126
-0,0417321786032904
6,72134419976489E-06
-0,00841504032906436
-0,0435711476659623
-0,0195024259288448
-0,0263893315155473
0,0204442009812793
0,0239426704329949
-0,0222796441735186
0,0424069550654075
-0,00945468172337768
0,0098244871159927
0,037863450168915
0,064389658317099
-0,0600511922861323
-0,0169182431323871
0,0460659464798601
-0,0466028676784265
0,0402209018365493
-0,0147703213842261
0,0347817087817253
0,0885725961357631
-0,0493312959735817
0,147604182973793
-0,0332741617631447
0,00425763660606432
-0,0588504645701271
-0,114047592052948
0,0272262189248917
0,0243683886020405
0,00431328169730217
0,018517289734882
-0,000711584139416735
7,58313616729244E-06
0,00015208840553198
-0,125248370651634
0,0233289046479615
0,229424604288583
0,00212830623919434
7,9751157198603E-05
-0,0200337091206758
-0,113971895260687
-0,144304302335192
0,431273247503755
-0,457719867721875
0,265148280920515
0,319454706492315
0,0986615337115887
0,112234417299365
-0,00367803099784511
-0,0978930622847214
0,0451276047523278
0,205150892885211
-0,0401193338711195
0,0421707318801469
0,0117591490683903
-0,0208288025541738
-0,00241278037273347
-0,129360720360797
0,16429149003124
0,0981284652779988
-0,0682083082733424
-0,110052558017292
0,0781480753440497
-0,0938613282070782
-0,113243971382543
0,0186894844758291
-0,00867575945451235
-0,143319407835769
-0,00240893125083338
0,0303229951304686
-0,10433702268901
0,180660630284894
0,0475814310770628
0,177686735990004
0,118978197366509
0,13053526186435
0,00893310052731518
0,131233315591779
-0,027054509144393
0,00207741758507662
0,0185810214491329
-0,00680545360527458
0,0155117467029865
-0,0259364389216009
0,0240689971356928
0,0256362244415883
-0,00281861199402331
-0,000652211147502233
-0,00643115703218198
0,00791644706690622
-0,00578314934601299
-0,0019805447583899
0,00115353176903722
-0,000445324741459638
0,00058879572214235
-4,35833217933418E-06
4,55937243141708E-10
4,76055251872262E-06
-4,6584248549681E-06
0,000382945617446537
-4,2136550076283E-06
-0,000809210213357848
-0,00133825338164274
-0,00901415035576836
-0,0197136308284582
-0,156493839360369
-0,0863890236968064
0,0574513539316947
0,314366701461525
-0,105439780831253
0,390401941121087
-0,235292124992242
-0,316162454544576
0,1167304949401
-0,437193823327382
-0,0574323270627097
-0,3289175682903
0,0962776586354694
-0,0477652001047687
0,019261978909783
0,0150898059956191
0,00154891503538888
0,0136739492486786
0,020405131723793
-0,00793671224658296
0,00834577028176957
0,0019156726455315
0,0202810412721394
0,0147163545349132
0,0341885957157049
-0,148902262512189
0,00189560662417648
0,171641888342863
-0,0164278183735029
0,0552968616279956
0,0278763527788711
0,0423380398226174
0,00361002084116305
0,0427683159883685
0,0717245841428117
0,00117786795889468
-0,163914389447494
-0,116632554589555
-0,22337396791824
0,235008381251501
-0,0409196614951889
-0,0352958113248676
0,00719536735260923
0,0100122292635973
-0,0127892896753135
0,0355481383630296
-0,0245160611363175
0,0128287791647943
0,0125110819852159
0,00528788767682371
0,00871856759323219
0,00336847198862234
-0,0014387072899242
-0,000284772182461962
5,38983864548983E-05
6,84432685919176E-07
0,00033432893319369
-0,000125382784610168
0,000250884994207663
0,000689514055742772
-0,00479355417356621
-0,0179963337739898
-0,0690991138487586
-0,118088578449239
-0,580496831554735
-0,217913128726118
0,138488753355587
0,177616987607191
-0,017035874111686
0,00937387781507347
0,0881738852876528
-0,276249950346369
0,0892045346149474
0,0946530522732443
0,14538439235426
0,452077459589303
-0,0380536372315177
0,0786479855875545
-0,0254220639139643
-0,0951047953527051
0,0246002461155958
-0,0254856854649185
-0,0642077315635322
0,0252305951531267
0,0126277391448704
0,0810063756541554
-0,0667466685038463
0,0477406315879391
-0,0373012219006339
-0,0372657958480936
-0,176799961635873
-0,170513277454908
-0,144157424936143
-0,0328635821522338
-0,11173779448699
0,151937020620859
-0,0509366761711534
-0,012374801513286
-0,0947310912366122
0,00242894726174814
0,15831065779606
0,108935132843693
-0,067206982472874
0,0292033993746679
0,048297145251407
0,0333672301361313
-0,0270703706882752
-0,0147270160624751
0,00105418814008692
0,016933319360385
-0,0244127925480574
-0,0331328393869874
-0,0235142011635247
0,000510995923609226
-0,00799534679060801
-0,0215626745694809
0,00493092223379383
-0,000165692745036579
-0,000176775791551034
6,59029531775654E-05
0,0019667751451745
-0,0022266699666303
0,175001306886241
-0,00875043692987146
-0,0499012746727438
0,00628389078737473
-0,0100332744584579
-0,00769561402493161
0,0148382040810854
-0,116639857286474
0,0338218551216099
0,339088402532636
-0,12268057970112
0,32636698283111
-0,270224868449057
0,459614018134805
-0,257343332029567
0,408479000038846
-0,0861836040222
0,10652743098836
-0,143909340955962
0,0298870617026828
-0,0224147926075365
0,04674015142335
-0,0210477623071703
-0,0132006453172129
-0,00650530051571106
0,010677091565434
-0,016662376979119
-0,035954667673509
-0,00703595274798137
-0,0336613258861088
-0,040775088111454
0,162069524502042
0,0265072682442006
-0,106726239795796
0,0163867190057241
-0,022478518432914
-0,00807234399430925
0,0082410582538677
-0,00376864224928225
0,0109617659520925
0,0158882670749165
0,0013960586077279
-0,0645361664903714
-0,062359437322419
-0,213383780860673
0,219962591862548
-0,0321131080871167
-0,0287977099455397
0,00616224158464211
0,00376647887847173
-0,0181507956485747
0,056769418243502
-0,0455541935838296
0,00873961112262235
0,00947371015032529
0,0076942817862879
0,00911201840344283
-0,00278222008536475
-0,000375456772207573
-0,000282838705422538
1,02850398938867E-05
2,20393547408563E-07
0,000319748033734111
-9,47277596435733E-06
-5,12782238162741E-05
0,000194370618914145
-0,000275093733756025
-0,0013622740787605
-0,00924901428295522
-0,0452341678672629
-0,111537356147414
-0,090185107947904
0,0788270737403593
-0,0277864418110025
0,384956202661328
-0,103725614055679
-0,0389145963330508
0,0641309234905723
-0,144734354859966
0,0894731441166979
-0,420014593160026
-0,412308713598792
0,125818701429518
0,306275005871095
0,182069459535203
-0,242057911724032
0,113303189625737
-0,0687634651522692
-0,0172496903920873
0,0250810389764251
0,0666772871593045
0,18737248231599
0,0156934297640945
-0,0850432755951061
-0,0270885027422628
-0,0450554322540001
-0,195881270135088
-0,10706606280617
-0,0833932597403165
-0,0530225200841809
-0,128696415341997
0,125269962969791
-0,0281131629475771
-0,0253415271015722
-0,0844437772888079
-0,0353597335087619
0,139517801190817
0,0160857341076671
0,0301713210921943
0,0798064431435877
-0,0184396734458958
-0,0623531529727202
0,131760933033898
0,070282430600965
0,0380781608467406
0,0203851929306269
0,0459035211921353
-0,0278458694195231
-0,00948931031672966
0,0209018357135909
-0,0120502819967838
0,00872636310405394
-0,00147588412177306
-0,001327257696468
0,000134344552542196
0,000536508954124552
0,00444533550839657
-0,00167398708893668
0,000515802445551293
0,0566180322798193
-0,00110478731602309
-0,00126256890748984
-0,0108634127891638
-0,146468828632488
-0,0147838514222532
-0,125001623578031
0,115667610552371
-0,132313015290207
0,10435694438334
-0,0376355486098892
-0,0995173993818932
0,116614796873192
-0,0996890893786958
-0,135488968510174
0,508959525765273
-0,284810525173453
-0,517696507066922
-0,0625743569472146
0,119256966970855
0,112903279543602
0,144151572688507
-0,00112138632956579
0,174378966718209
-0,0845643392129185
0,0946393898383297
-0,0345264872738823
0,129007832561237
-0,170087619374102
0,0483564379589539
-0,0542866775362761
-0,0849384618484049
-0,0541161429794949
-0,0554836699274505
0,0318343619492382
-0,126222619989433
0,0568696068707032
0,0140683623069714
-0,0458068452557726
-0,0297283973638367
-0,11234886078041
0,159017394086198
0,060623161141078
-0,0370769970275825
0,0413720074631002
-0,00241638720510592
0,0678507435941505
-0,0213909883854191
-0,0334306301487971
-0,0642554886323766
0,0620973702612291
-0,0622841467499403
-0,00486114705790778
-0,0402986471633439
-0,018634468641411
0,0135264981236546
-0,0655357526352882
0,0126455719606329
-0,00559487201608641
-0,000306271734208907
0,000513855009237149
0,000319353243141467
-0,00331997598003341
0,000616856591791297
0,013662861652877
-0,00103275697847388
-0,00644935942258596
-0,0245952845636944
-0,396818317401454
0,095856073453421
0,145166091053628
-0,147705635875065
0,240253485003196
-0,0407961288134733
-0,0995869966022385
0,104782460408315
-0,0439851945556067
0,154962612251341
0,0601284728404537
-0,205346693170435
-0,0198290364310841
-0,167886752780814
-0,183800341531543
-0,0670952580619172
-0,164190045836861
0,296553265811829
-0,321192382703879
-0,0690596790376421
0,000478889918027645
0,136388470403285
-0,0934829325469039
0,0517279586722017
0,0196119588878337
0,0778298906400164
-0,0708012864304073
0,291477196517078
-0,133688416385207
-0,101708264499497
0,221848630072749
0,0143174243444783
0,0695705313978417
0,00820466319250343
-0,0405566358526048
0,161385344675998
0,0349281997383428
0,0553096047864168
0,170100285658953
0,0775966982709251
0,102744232762596
-0,205574119058706
0,07177890490906
-0,0893594964478536
0,0362706798359643
0,0532366763030635
0,0293808405096882
-0,0182673473929478
-0,0213586192316368
-0,0086103591640575
-0,0105604171958963
2,60387033125477E-05
-0,00700298151313362
0,0019243359022477
0,00013883327536415
-7,42965649863255E-05
1,41380057822473E-05
0,00124183400369674
-0,0108188913626688
0,0398064201910638
0,151257057223488
-0,00306069355976104
0,000166539826080851
-0,00309783269098591
-0,00220320802175052
-0,0502056367228167
0,197940674600013
0,0300045204999354
-0,0836236705655767
0,023205153438107
-0,0418318399093095
-0,245757722311498
-0,135511667318115
-0,041596310693865
0,054559324638591
-0,071300879688319
0,133684726118023
0,0531055955900027
-0,160806710128426
0,40336236078527
0,133043476189825
0,000672850460085836
-0,0905989729364566
0,00633574593042662
0,193521203811453
-0,33714013204855
0,0364495952201305
-0,198142297533488
-0,35634907325195
0,163264557948073
-0,0629896050789621
0,156209016496515
-0,041096733038215
-0,0113688347214489
0,0451460853303734
-0,190643470052386
-0,0251472447144801
-0,0578287629165957
-0,0906928442348731
-0,0425584598062567
-0,011493587874553
-0,157399480671918
0,114005846994678
0,0475915338054217
0,0786394710914651
0,0122996806024805
0,112712041858879
0,181154307111161
-0,258484489715353
-0,053640287611415
0,0228690650532589
-0,00428579290684177
0,00759566330164898
-0,0735882076861257
0,0381032587503257
-0,0507613731223201
0,00505716583754989
0,00158502670721383
0,00674854249504885
-0,000244320975866789
2,74637460171375E-07
0,00125074251973025
-4,95293595370482E-05
0,00531378260517901
-0,000298440418652888
-0,000856871778918699
-0,00572652269521159
-0,00986122366430531
-0,0103585852989714
-0,00406963367578958
-0,00672069649647683
-0,00435683854635921
0,155071147606025
-0,105202916563104
-0,270206137069985
-0,0270929720804409
0,0105329522940228
-0,130411639460326
-0,143691955336225
-0,0909840587330197
-0,000268229393509435
-0,0874736398745361
0,0985100205961067
0,025583191194359
0,11595837549467
-0,129732312001642
0,259804405799262
0,0635582929409963
-0,00789525862899143
-0,126715763971417
0,10116292971899
0,077811589009978
0,0635584728454199
-0,0450705817199846
0,0467282622179096
0,0342832516272054
0,0517266411946963
-0,0904629192608588
0,170475818282209
-0,0349108887288599
-0,0936763920086988
0,0422849101198991
0,0755020084093585
-0,206013002175178
0,333649709222285
0,0683146342490606
0,194674563344846
0,06107639535175
0,124313803410006
-0,22930272241739
-0,110351456406191
-0,00214405155688668
-0,166541780956111
0,092769364702991
0,0714975416067243
-0,0436229539134279
-0,22678164217827
0,264872258049342
-0,218629114043059
0,344270531951841
-0,118115277080568
0,0110614652738671
-0,00820508621252057
-0,000295456195354688
1,71446710169468E-07
1,45682578412811E-05
-0,00521859113731108
0,00288004845954496
0,008363341080371
-0,00810189294288902
-0,0282291213777366
-0,0968969632473502
-0,0542637256042615
-0,392315318490346
0,136634582719989
-0,163744546740634
-0,238938556772018
-0,267870619579678
0,100636774956697
0,164489244645665
0,360945430049587
-0,0411882717723817
-0,224383460918734
-0,131072396884924
-0,036954056894736
0,0273695925340328
0,095993101210354
0,0406273792131209
0,088082861550503
0,0802737787539517
-0,0542755311964584
0,0596219164428252
-0,00698809194545616
0,0251231589935032
0,0625721923423263
0,139251893048554
0,00552540376884185
0,193747301088838
0,0297930539029581
0,105776696136138
-0,0391987212327444
0,110843238708423
-0,0621126021043024
0,0559270973884883
0,263482009313296
-0,270919923459291
0,275377013757022
-0,0643609133869781
-0,08790533978538
-0,139794543721129
0,0764527794668131
0,0708485228906814
-0,0108663014858227
0,0730271150023126
0,0169439928771632
-0,064086155610349
-0,086622169920288
0,0091233972236563
-0,0137594975575281
-0,0206435936825694
0,0760438533422994
0,0378227271455255
-0,0670905899544683
0,0467427532323022
-0,0273420346593349
0,00463951828375236
0,000939247776387264
-0,000235034104267399
2,13504344675367E-10
6,1348537861802E-05
-2,20435245020473E-06
0,000236483271944982
2,54875476478709E-05
-0,00054124007612232
-0,0017449486149242
-0,00642699245338764
-0,0063302517905087
0,000805528386423253
-0,0115388366156719
0,00589449145470565
0,0663645962224732
-0,00729650354730253
-0,116996961905537
-0,0870431260423257
0,108533131373832
-0,0703205476047912
-0,12979686442243
0,178021511736198
0,0453681849341877
0,273052058579798
-0,0269976098830897
0,00453287624260167
-0,172631015459746
0,0118361147859576
-0,248123674479793
0,0277372473745413
0,0565314261888231
0,0933090549459595
-0,121624339265958
-0,00473704395612662
-0,0541612707226398
0,00233016576591606
-0,0085707592029722
-0,0296112361905406
-0,043112817312323
0,0917104809844303
-0,126590301497919
0,0155744533911798
-0,0660637590537506
0,0412464665784594
0,0176180058618887
-0,151658930831853
0,267757018652561
0,114072072772912
-0,101150062300584
0,170878857752545
0,23576263022353
-0,0902466323062683
-0,0613460021915848
-0,0104559834063074
0,00381118472461398
-0,459132525611883
-0,292777524500473
-0,208189373979932
0,259010119643714
-0,022219937987722
-0,167248911138741
-0,0145183310027905
-0,150795856265077
0,000417327217485751
-0,0497842332769644
0,00124048029561359
4,21679008189319E-08
0,104708601480377
-0,00097464525010031
-0,00138319978306893
0,00809294203873589
-0,00617735761873038
0,000952394224938366
-0,000935082060884433
0,0107388468869869
-0,00971805599072458
0,145978795768993
0,125295361729006
0,0177405636952087
-0,0120447043515431
0,00536328492671112
-0,0250632196275017
-0,03537854661422
-0,0275494596831641
0,0406222411924054
-0,0126610883096865
0,071763408454332
0,0566291498813613
-0,0791007771660307
0,545694654273938
0,165221950095092
0,0338540982072969
-0,0336691816495015
-0,183019949909373
-0,110125780354479
0,161324799983296
-0,106087300832699
0,226775184993453
0,136045522370034
-0,0249731774145433
0,0453753465668005
-0,0855460234308393
-0,0708303282751202
-0,147659764717075
0,140819633231067
0,498209720686563
0,116772931323506
0,131371070647131
-0,0953174855963519
-0,201948300423024
-0,0556510924624821
0,0681234379184161
-0,183414503746921
0,0149422091318526
-0,00840041825029788
0,0355035118164359
-0,0892708082032057
-0,0872602743063368
-0,0530253982861182
0,0633618260042021
-0,0156946803452981
0,00408293526766573
0,00355164084804514
0,0147159116062337
0,0205598903220198
-0,00667337896188965
-0,0052756089898726
-0,000307252362749389
0,00029242913502586
-2,49146399514859E-06
5,85129266947775E-07
0,0169574018256376
-2,92622689998126E-05
-0,000992135162342575
0,00195996709401046
-0,00237119609589742
-0,0108433177892883
-0,0451298521066908
-0,156008561414838
-0,27634345515687
-0,205162769478053
0,164254272759271
-0,0292896372377709
0,515469442716118
-0,12472905116871
-0,0553791642000999
0,116634030919321
-0,0342691654064191
-0,00120959509811385
-0,171573499109421
-0,0300966204641132
0,0633354397291432
-0,328319440958901
-0,188616250883254
0,217137802875485
-0,13199683334391
0,0649425283019081
-0,0536996414371055
-0,0165479098568249
-0,0751012045223165
-0,208614771083551
0,0667896352922403
0,0510104711035104
0,0355542867672781
0,0150410602911932
0,0527330522151601
-0,00964361684716443
-0,0571125055596628
0,0995042646980118
0,0916122712808534
-0,203801103038369
-0,0397556603286805
0,157512160464219
0,10561445985287
-0,062465008068992
-0,182524470730515
-0,0801786968824381
0,039730643156508
-0,067858445798086
-0,004432678654319
0,0761945179777898
-0,185004409436594
-0,104553571739376
-0,0632326391281592
-0,0349767193472353
-0,0788958380842263
0,0479923452043349
0,0161817770776409
-0,0369125896666115
0,0211061997061785
-0,0161996933512439
0,00279014760305677
0,00235996410253585
-0,000226377251788822
3,50411145478689E-07
1,24437750309289E-05
-0,00423443355224771
0,00127381482368809
0,0158059747733481
3,63039327018493E-05
-0,000532897934419875
-0,00559083542338839
-0,069118062042436
-0,020883194557604
0,150819982281128
-0,155722927928401
0,166623095530029
0,125833316927859
0,0141761105131482
0,0819122093474049
-0,0142920248112498
0,0147342773460918
0,05868480718099
0,0613425108063687
-0,0419219567181433
-0,0587118657348696
-0,15239122766826
0,0234833681706187
-0,129478865598819
0,108778280498846
-0,0873065832859568
0,14939453955394
0,0063832335119413
-0,0941069253135574
0,0602237821571488
0,217747078253001
0,358144970422683
-0,155537869534037
0,0772154677169997
0,0709738770267386
0,0731003350629867
0,00410969096343581
0,0595973466348348
-0,344433625369436
-0,0749183052154972
0,00172277654764012
-0,0360919906802419
-0,481245222064645
-0,0775275801393149
-0,264049723862329
-0,149802428538733
-0,0765404222476763
-0,14456312709205
0,213841948082905
-0,111206296773271
0,121946925369216
-0,0825934992295017
-0,0811100503508074
-0,00535500037229842
0,0130936483859841
0,0211231476890266
-0,015490420603651
0,006461531469786
-3,98533132216282E-05
0,0121836169139049
-0,00162616214738342
0,000240597980992242
5,74968820572322E-05
6,13751168944672E-08
1,9603779400576E-05
-0,100817010378745
-0,00306398588383815
-0,00926506811469807
-0,0666217890540448
-0,134838123538568
0,107399204278316
-0,0043131151050089
-0,00372634056178711
-0,0148403865253404
-0,00107251191189654
-0,0121732400507583
-0,00268497894935783
0,00518009781030713
-0,00537109595529981
0,0140459558539651
0,0081324631421777
-0,00981747933957002
0,012042183531187
0,0124007798375012
0,048037299420199
-0,0113365685560654
0,00339199226535067
-0,0481088580553175
0,238337293125475
0,233388954145814
-0,060378514184515
0,0237187419902672
-0,101019443536222
-0,11355593783496
0,0636579035228011
-0,0413536464034107
-0,17640894228132
-0,195945452222196
0,119567127250805
-0,155830242649493
0,0468885920121229
-0,12237226818109
0,0413563654246643
-0,0165014070900796
-0,0541503239269925
0,0404194792749416
-0,0590854681549414
0,0531003134160342
0,0765883568402693
-0,0641673475791648
-0,0374679350813501
0,00470376921681459
-0,0705527757163338
0,0840173962876159
-0,102088785859136
-0,0643490574754703
-0,318769408794569
0,309193311162742
0,540668084071602
0,132753276111267
0,326189426621846
0,0522316871379307
-0,109794568298089
0,0032862269014689
-0,016353799944741
-0,0244338696635505
0,00133949827721705
9,75863387546692E-06
0,000271771013258618
-0,00404084940619058
0,02727324303412
0,00374419353292513
0,000748631565042518
-0,000770615044650674
-0,00661320892966512
-0,0170611062777232
-0,0922656757213585
0,116179862153131
-0,0689404152162927
-0,217170307861306
-0,0860397010976349
-0,124865081837224
-0,47844576590708
-0,156315040848438
0,0414136454613404
0,150684730844403
-0,0889816488263822
0,00249384489199906
-0,0534202769697532
-0,130490511385189
-0,129097478074768
-0,191535827137971
-0,0768669048084375
0,0281015478948001
0,225932229989312
-0,122377364514561
0,162090896344155
-0,00854673159367389
0,11477216115677
0,0333261775272154
-0,402166553550245
0,0573356250844607
-0,010097257797863
0,0919469365399221
-0,00144613259467043
0,00189887429657172
0,162454701301193
0,15177900987947
0,0095064414854017
0,159458414186719
0,118367803063654
-0,0109510048795699
0,00408451057957881
0,18301589111265
0,112195850182593
0,150452655998463
0,248796273214919
0,0286310459292867
0,0948897471314546
-0,144828820606416
-0,0503315800940626
-0,0031017045710861
0,00833864070561768
-0,0384052524070584
-0,00424046219923589
0,0375669421018172
-0,00233333086587392
-0,00847680218685319
0,00208840115377422
-8,4926506487846E-05
-5,99470649740379E-05
7,5526236173492E-08
2,21983086181408E-06
-0,000100814331800179
0,000110631392237837
0,000357569905894882
-0,000789674301116055
-0,00330635241932766
-0,0163598758323406
-0,0196465813833075
-0,150834514652144
0,00272199380368358
-0,0215746767430087
-0,0570524750830794
-0,197333696763071
-0,0437187917401424
0,0853136076436333
0,0603012696989226
0,0374291711912351
0,189408966870006
0,0831533294709153
-0,319132941845212
0,1694637710198
-0,0316445880294807
0,0528648290792547
0,123341275694148
0,0206464725798905
-0,00346364968560314
0,107435390893051
0,0244693282216849
-0,0915269816405998
-0,137988778442361
-0,269539362310228
0,244630639986189
0,0739168350311044
-0,00103866013230171
0,189377480304507
-0,00869268705984572
-0,309069283584891
0,115119896095104
-0,0233108820964926
-0,152447479068665
-0,108757127730782
0,074082813153766
0,118855769154636
0,196391656895426
0,382230115160039
-0,13987433918274
-0,111302445743082
0,0193629928570033
0,301733257704448
-0,0215919999529818
0,106235040836138
-0,0281328054122731
-0,0662250697439791
0,0159341617527903
-0,0186648959957033
-0,12629158157319
-0,0308577676664572
0,0635525243986846
-0,0539415975671634
-0,00103980341174934
0,000775084236237167
-0,000725280828199155
1,79675590149664E-05
1,47603347002659E-07
0,0038032351136177
-1,39893403655322E-05
2,40664501337961E-05
0,00106857527663144
-0,000673229955669784
-0,00218440741075042
-0,00978249270273583
-0,0378688227923516
-0,014970491463939
-0,0384931552251194
0,029420979156856
0,0503298056539762
0,0655448924967738
-0,134425934555235
-0,117744712011422
0,15974116560458
-0,0345949164703732
-0,149859114920851
0,227961263908083
-0,000324048435506351
0,225331484970049
-0,138190397116021
-0,0269039700409809
-0,049259251662158
0,0156190993049653
-0,218252046080495
0,00125622469906862
0,0386445814002581
0,129004881578466
-0,0125442093594832
-0,0498170453990242
-0,0622172039252368
-0,0170281453940581
-0,0330860272388914
0,0120184410098158
-0,0878963121481026
0,110370253986737
-0,136868921901247
0,134879118882858
-0,20645402486007
-0,0542997015391526
0,129805661865032
-0,249354642344874
0,236124894573303
-0,0502607603291017
0,206294174224526
-0,144563340909727
0,0716574251510144
0,082250570655267
0,0217939818061613
0,0514931330164399
0,0995341049856
0,512158961049885
0,192972420093904
0,179456722855747
-0,038255720273484
-0,0960911246118544
0,0458327308179179
-0,145719122257338
0,108968744628574
-0,00768840049828888
0,0555163768531465
-0,00130115439020244
0,000341977987561248
0,0010466278643823
-0,000213048964123543
0,00432909317227454
0,000485733077225191
-0,00862556879699074
-0,0506416875925779
-0,0316704780066857
-0,0793483749877759
-0,0531076745386424
0,00377436371528441
-0,0302990695435832
0,303465305835144
-0,210317334799283
-0,434227575898532
0,0363348612837126
-0,0832711579907094
-0,0724764410409388
-0,0443748674184085
-0,227065636224661
-0,0444680355365394
-0,294629163137005
-0,0360905667183897
-0,033134223489375
0,138520531498516
0,100259952252848
-0,0362280963564371
-0,162822974225296
-0,0362667087069169
0,0897203592554685
-0,107933370935601
-0,137823749602621
-0,218838719613754
0,0424475115271383
0,044424636400621
-0,186816730754817
0,203067456394568
0,174262982075921
-0,271328509821356
0,0638736527417886
-0,0885559741456787
-0,0634458351969842
0,052997642288973
-0,0177463410596494
-0,0449074139374366
0,00531209172137948
-0,227005809692266
-0,0614411961346366
-0,0829803376415028
0,261983687559087
-0,0661985456720243
0,105198881219023
-0,0449289426133032
-0,0390343500872697
-0,0241684874882705
0,0351735174660431
0,0316903407222173
0,0135705298331211
0,0170025702425612
-0,00159102020015867
0,00916073023420243
-0,00280392268153883
-0,000239523601979642
0,000111771906498345
6,78687558017774E-08
0,00668556436705689
4,79245225865717E-06
-0,000402902081937275
6,53846194597546E-05
-5,8494168846915E-05
-0,000389765508633803
-0,00276474374932282
-0,0250386722972532
-0,0133419912812867
-0,0187166486310667
0,015233844141179
-0,0125020201978131
0,0538922052759367
-0,00574787194502098
-0,00371199985529907
0,00945522743827321
-0,0146430917502128
0,000620912535896214
-0,0356800093499662
-0,00369567264387562
0,0284498918637068
-0,0840836365428196
-0,0788978221846482
0,0639527439751905
-0,0738097192563236
0,0351754110614445
-0,0110894190311741
-0,00163328097093852
-0,0788791830200165
-0,18421942979833
0,0560950170661225
0,0362080468273012
0,0840598081372983
0,0315425160186084
0,0738841243007895
0,136041864748297
0,0891959864351724
-0,079806041154696
-0,0354248436459427
0,279554897576767
0,0378226392992721
-0,153312262263614
-0,0888379684354569
0,0443717600077399
0,130639001302452
0,0543781489787354
-0,0100872860302692
0,0462738181997324
-0,00564786554896568
-0,0268920571613859
0,0711849888160909
0,0407603440023681
0,0671026293982838
0,0549926112089818
0,0367744138337026
-0,0354154501205813
-0,0791152044543033
-0,0414321479967573
-0,0310116599489416
0,121323871921606
-0,210992681869537
-0,809085108070368
0,0317531807351705
1,09497094224456E-10
3,60687802625028E-07
-9,48400851457971E-06
3,19956600496596E-05
0,000369515570639834
-0,000663160302438578
-0,000279463775419096
-0,00191341780829016
-0,00196719451463534
-0,0149202681406039
-0,000605909702276938
-7,66847243576973E-05
-0,0123902610463957
-0,0268178614247175
-0,00365384016889438
0,00494157916166156
0,0235497168000714
0,00304022613631738
0,00654922474966407
0,0233804240158957
-0,0653339942154166
-0,0625712831500518
-0,100243905734916
0,0638754375073619
-0,227918856441598
-0,162868034977701
0,0836356638378255
-0,228663301827715
0,0637457268444084
-0,0596898898237196
-0,0361821014945611
-0,109851503461332
0,103385617747189
0,0294972935795339
-0,0794022464527967
-0,133430201270574
-0,11547995409822
0,496870877874943
0,422661594864837
-0,0116714757525515
0,00236586020334768
-0,073244836730863
0,0848948052440163
-0,00261495579006986
-0,006490420036921
0,101335906186176
-0,00781049421653163
0,003081001408942
-0,00647031926834727
0,0830813860561107
-0,0156117823709294
0,0572872800180914
0,0255330656477323
0,049522225975215
0,152589346671099
-0,100305435476407
0,105297401657075
0,0291145080376174
0,272936507363114
0,0280175000969147
-0,417922031455845
0,0490630968172588
-0,0883519955666221
0,000840883849737456
6,7028149742538E-08
0,00065419743546265
-0,0949646312532525
0,00248165293282294
0,190761775131374
0,00114978009452708
0,00172393866123621
-0,000288901596521381
0,00696298717485946
-0,00405905146820436
0,039746465038366
-0,0355667271111217
0,0558201771971261
0,038591268124014
0,0223328309066444
0,0393992998844817
-0,0117199526960935
-0,0111460849477793
0,0382038230905296
-0,00733498968400387
0,0502920600767121
0,137874685370803
0,0265076817796946
0,175084365790333
0,0767679493845566
-0,17818322043839
0,269851382366819
-0,0931260367872796
-0,278269109225252
0,652610523032352
-0,1719382360891
-0,102571934615403
-0,0901616956431471
-0,0122859923010262
-0,0537108434629204
0,215337367632803
0,00498567008997354
0,0176642161837376
0,0282558974866988
-0,384295508829832
-0,0207955044232827
-0,105644389000855
-0,000619003984530802
-0,0170021196202514
0,00734773635264639
-0,0716149099938794
0,0575933949475756
-0,00301655013898808
-0,00891452436474433
0,00621715324226099
0,00931885084172981
0,0104384825294925
0,00900601880909215
-0,0226938717462517
-0,00022066041597095
-0,00372900400389318
0,0050631103874483
-0,00161034718031777
-0,00853614141677349
0,0045440117235691
0,000579912817223146
8,40844434003809E-05
-0,000438066173463437
7,82409571998591E-06
5,89487684135509E-06
0,000226674837816361
-0,00178021306925023
0,0165173510996834
0,003725192468356
0,000384191110507076
-0,000334795989487188
-0,0026690810828621
-0,00547571075778254
-0,03641156936974
0,0686402370510782
-0,0317982640465279
-0,116834310898521
-0,0245261856550646
-0,0610828891040816
-0,274204027351192
-0,101278217895963
-0,0167156600254369
0,0530172204488972
-0,0787651576369732
0,0644724728199519
-0,0369687327994586
-0,124696838288406
-0,0082258132793477
-0,0864076292806199
0,0218813643152954
0,0517917641535446
0,22631316292586
0,0561286148914809
0,106635827221501
0,0480322503036564
-0,0691592139335815
0,0526021871735677
0,102508380974196
0,00546476918193895
0,0289814259111628
-0,0488899153439397
0,0327256192683939
-0,0190405542937993
-0,00610060345201733
0,0939204276761824
-0,125057408255263
0,129950810782903
-0,0596203777134397
0,0612002476391215
0,194831949231313
-0,364816158579116
-0,292766119815216
-0,387092635945162
-0,442569393326315
0,0818106386619618
0,0930600372574087
0,0227158115158
0,156442456691547
-0,0170898536233298
-0,0726046892426774
0,168458201410333
0,018329817770543
-0,174495657502472
-0,0248158572441793
-0,0204954578039218
0,00139410133031983
0,00854762086671159
-0,000387212748467474
6,89942221415108E-08
5,63715065399473E-06
-8,63860074934011E-05
0,000116960809654735
0,000250640452706817
-0,00423369071481687
-0,0177202025968788
-0,0459075393853429
-0,00544501145447407
-0,0625626657677541
0,0128828243883825
-0,0258768984010111
-0,0393275611259375
-0,0943573005055479
-0,0112677586473176
0,0688086147840367
0,0948231076236763
0,000380405375044802
-0,0479563874151697
-0,0883362640984151
-0,0854808374762836
0,00848900597559759
-0,0456432603822683
0,081715371381913
0,142415634221505
0,122752213886206
-0,038422207699161
0,242471980975518
-0,015796273908559
-0,00317874043926373
-0,283770610952164
-0,556027287865695
0,222793713928487
-0,27913504960624
-0,0204377170157249
-0,297935434017022
-0,0239486611796531
0,0420202218090645
0,010111447016438
-0,0176945730684864
0,0578238129849977
0,158189436868925
-0,122460772599898
-0,0925511126624442
-0,174086942045844
-0,173595103588518
0,173625492263986
0,0544357465648994
0,0269005731683999
-0,225282432691578
0,0360419403105953
-0,0866095113095735
0,0121277465667352
0,0492044801505496
-0,0110339504986883
-0,0151552077919964
0,0278971355522585
0,0827989339172489
-0,0843432372127393
-0,108443227685564
-0,0444198640317799
0,000422555785169758
-0,00400153614399108
3,89680055333389E-05
2,92385465966621E-08
0,000321925691594684
-0,00154507333246458
0,00392924135009001
-0,000339342748752993
-0,0773600817249326
-0,130783682816231
-0,219641868780398
0,0179062721860387
0,0555717132633847
-0,020294351194097
-0,0172445709736569
0,0175903830128536
0,0121773252752298
0,0258915264882832
-0,102466305638434
0,0492119837433244
-0,00608636782411022
0,0532634403010659
0,0669651804956652
0,0434485133651777
0,108593207672306
-0,000541385582568918
-0,028543978529718
-0,0932794188711944
0,431725203831007
0,377207179223336
-0,178470172398314
0,0295736587990706
-0,0848361390159671
-0,0682402814211347
0,055146947116183
4,24319142902751E-05
0,06514779593636
-0,0852942993303314
-0,0270806211830436
0,161762420670035
-0,105985598293964
0,0853771182893769
-0,0349369127302487
-0,0369678376177908
0,0422323366680207
-0,0320883414760273
0,0744202797430181
-0,0667263603678042
0,0276932194786534
0,134545517510785
0,0446388256841299
0,0083968952749003
0,196062509632909
-0,0598715182121418
0,10103385142548
-0,00886923220913622
0,281986907263049
-0,135834460820882
-0,140345243397864
0,340891092291994
0,0720812620495705
-0,320413193561379
-0,100175426114308
-0,0781346207019075
0,00402677395206788
0,0130180678512529
-0,000726793955874187
2,22314720109653E-07
0,00106633471982369
-4,92905797306753E-05
0,00462736168268066
-0,000238362075870728
-0,00490606441448255
-0,0250674241506115
-0,0574764875017702
-0,00768024357596059
0,0134723254980654
-0,0184072371785291
-0,00102036375442146
0,21099835497665
-0,102665899165397
-0,366712067529531
-0,106894836092495
0,0815209829257418
-0,201220157849334
-0,245705349326634
0,0788566535164431
0,0247711517021077
0,154801001699586
0,119671219820912
0,0365114404075203
-0,0103699592979892
-0,225690252544338
0,00909429790781977
0,11765523965675
0,0618911187395939
-0,0852143559786435
0,00553318160407981
0,12920771186663
0,177172649717991
-0,084326472985867
-0,134896055357661
0,205525860021873
-0,370898775060532
-0,00336965743760407
-0,0436707435255393
-0,0527408997925523
0,100762840574002
0,0644922982091461
-0,232133036042182
0,293693830063012
-0,319045625325767
-0,031985223474599
-0,0431854787822329
-0,0826682217937543
-0,0587742581851959
0,0968018178017946
-0,00922352453053074
0,0504389594939741
0,0180701506261039
0,0704260154666089
-0,0128825781728958
-0,0643560101785284
0,0853354110006594
0,0693952468528982
0,0124399641221184
-0,0346655870775952
0,045311954708163
0,00263182618094339
-0,000140764889009844
-4,46671032398548E-08
4,49897120343898E-06
4,41773415802319E-05
-0,000131960417805328
0,00987879036132739
-0,000451516303119553
0,000299230709299154
-2,47015903238197E-05
0,000252914377673568
0,000274534525566183
0,000486315000687936
0,00145417917571369
0,00257248423300836
-0,00378734233088571
0,00272017925802062
-0,00136730590546976
0,00671128738130093
-0,00622739221904876
0,00620599332075676
-0,0041105061807962
0,00246102628106674
-0,00165277541453111
0,00441505236093623
-0,00785986155164651
0,017686775605345
0,003032568281499
0,00500523757236391
-0,0111594628803989
-0,00570265332893711
0,000747832596040677
-0,00190345882657243
-0,00403053134223512
0,021934619610968
0,0311581266376288
-0,00683509968305493
0,000227217234153085
-0,018961921028084
0,0197396260898814
0,0358707178721732
-0,0646434903187425
-0,0463582454631024
-0,037363380559838
-0,0131262925200302
0,0601923918077883
0,152044260138732
-0,00579962623457012
0,0885421424508764
0,178493741870799
-0,0711852101224393
-0,113556579026007
-0,172932914835411
-0,746923951139616
-0,148543250554457
-0,364861940891223
-0,0633927188433958
0,188056441602585
-0,021401003489489
0,102522433012109
-0,263966926823918
0,0515511667229879
-0,183461616821986
0,0550081603366016
-0,000436692904892354
0,029733215860271
-0,000847220496097153
1,21720856381053E-06
0,00608091506056756
-0,000153666910504658
0,00155279108553463
0,00262168420532681
-0,00275626185610112
-0,00544326670859554
-0,0275937589361021
-0,306858791074629
0,0670467553121845
-0,0473838100330648
0,0480714029392011
0,0097964390352401
0,0704040731551337
-0,0469220036191281
-0,155861891955083
0,241312186289854
0,350729543860789
-0,0452504344053701
0,0800254404311094
-0,000418682936969034
0,0651830455755412
-0,114032716991389
-0,00467988700774319
0,236975951805375
0,0316980455799992
0,112652767876662
-0,178814616696128
0,00579393201122061
0,0734668484340568
0,550331198094809
-0,249544525956747
0,0960035065461051
-0,104952837106552
-0,000383173208739556
0,0784545082616806
0,0228362329518258
0,0590673890430001
-0,0503371402560581
0,110345481074046
0,126803253413973
-0,0230810059434642
-0,0987061696529247
-0,0237848145387573
-0,0135378455012116
-0,00669282446103287
0,0537517624690078
-0,0467212172963026
-0,073102111223297
0,000308632014557233
-0,12004875162313
0,165829175011082
0,0851280283359445
-0,173973103646409
-0,116766661229715
0,0215173688121316
-0,0192753236027334
0,0607371078562662
0,0337458960643084
0,0481558962465206
-0,0032434307367115
-0,00788851198949408
-0,035254777012522
0,00135537238357509
1,08356612042537E-09
4,38490212369497E-05
-1,73341321442689E-05
0,000103593338050939
0,000189799037408879
-0,000250797896095759
-0,000681928207091861
-0,0024580282958905
-0,0175145864949436
0,00261330816912593
0,00372328537941779
0,00336985211457501
0,0056489884893179
0,0112972221078639
-0,00421741233800139
-0,0141023338396267
0,0287556213021869
0,0481410720608085
-0,00497894919765397
0,0126659475467859
0,00319564679712663
0,00908381844194302
-0,0499640414451176
0,0402591669625472
0,0594195393466054
0,0243142890551778
0,012072967273215
-0,0464018170019784
0,00458525830143143
0,00280178100229587
0,223980313627422
-0,0256185727229131
0,172991717124748
-0,123411459377569
0,0509703674021136
0,0219358919624473
0,110300280049575
0,14574060235567
-0,16663298186956
-0,189405023795091
0,0368803641296006
-0,0979072278613306
-0,167286203152092
0,0885060368841652
0,0500087319352906
0,14960289104135
-0,393743619924222
0,357931467149774
0,290381676734599
-0,0200295694164103
0,181573248666794
-0,314099216371407
-0,253914085154069
0,261980273003269
0,230059303906951
-0,0622800719016411
0,0319030583663903
-0,11606660513166
-0,0762741520415889
-0,0669041800744465
0,00828281059962039
0,0130838278371759
0,0556614522728587
-0,00216429443756262
2,40582071494016E-07
4,46364112541272E-05
-0,000383919983413492
0,0013935139044569
0,0174936643057567
-0,0182413026952737
0,00326228880592227
-0,00194622324328611
-0,00932574650892095
-0,00654488598796678
-0,0261825181651188
0,0169807184136823
-0,0287505347220542
-0,0135338344609838
0,0116407042945022
-0,0190554425773508
0,0768508547977663
-0,0289855768843016
-0,0495854126040763
0,100615980731569
-0,0990113273477747
-0,246102371159432
-0,134977000571515
0,115223909758346
-0,293073076134912
-0,151775113968581
0,0799199826188303
-0,216125066925326
0,0527405441060592
-0,0451263865928918
-0,0818474020818296
-0,126896779020844
0,114073481894132
0,0445041478406228
0,00200752756953116
-0,112597406138666
-0,14303784373717
-0,166846016041942
-0,0696047624681139
-0,0832861323303192
0,258066951787865
-0,00760218738502399
0,0270023619093332
0,183122534292178
0,426433442258344
-0,305877675285966
-0,116120673694097
0,140340831771645
-0,0960251753593488
0,0254772629108373
-0,0935455341553403
-0,00929587366163008
-0,0673095645230904
0,103953139093595
-0,257815845404109
0,143392686695324
0,00429430780773399
0,121651311775594
0,0547941357019655
-0,052101837287088
0,212153225177254
-0,0403868218800587
0,0196207152132546
0,000894335672437322
1,98107203570869E-07
1,57174841481256E-05
-0,000163329285355714
0,000735453395989224
0,000523273666246758
-0,00128555208734795
-0,00606330247828404
-0,0251564079402877
-0,0432554109392029
-0,291501523377848
-0,0211825852084302
-0,0121650944728764
-0,0271988666710543
-0,332913794099689
-0,157752383335497
0,0553079063709562
-0,0593572053995654
0,0957854508473994
0,434820810371301
0,180135679357218
-0,396497018287098
0,200714775478334
-0,126032836489919
-0,0455783419839982
-0,00539464510110926
-0,108335012104147
0,0530271797315425
-0,117260506429596
0,0152430301583025
-0,0225078483505552
0,0807832316360139
0,223104556456406
-0,183931492855836
-0,00440989625685034
-0,0154515009419693
-0,041820454483243
0,0229706166404059
0,0737713686263792
-0,036994081145711
-0,0234144877133624
-0,070213463231788
0,170574383094753
-0,164621108499832
-0,0287409039714249
-0,0510171881620411
-0,209756927449009
0,0116164061577845
0,039169166131296
-0,0403634692736281
-0,259059667662102
0,00521073416595401
-0,0673868407408215
0,0717147605785371
0,0392801099336764
-0,000670479211094584
0,00821075355183257
0,0489538598059726
0,00798207133261384
-0,0223667822223412
0,0150821042693569
0,0112230315126813
-0,0023426568846013
0,000373358485977761
6,79388473400464E-05
9,10982390398037E-11
4,18522153446401E-06
-0,00154933665016327
0,000218550797719083
-0,000178155325025007
-0,0550910352043347
-0,00475468648973937
-0,014372528073477
-0,000813838651259708
-0,0159027584297163
-0,00490770143078805
-0,0204334562243464
-0,0261988234252409
-0,0177296137268766
0,00894445442555169
0,00760253104000442
0,039443779925818
0,00649637252526149
-0,0363415344077878
-0,0125200706964428
0,016259787299769
0,0509030081146529
-0,0209802360204757
0,0208661936347354
-0,0365385880972868
0,328301041138281
0,291188757936195
-0,0445449892198908
0,0205913772771595
-0,111991857078803
-0,169082885422747
0,0502282500644617
-0,0779282245772354
-0,263510502308102
-0,242987686038814
0,0974215140589772
-0,178018185503651
0,135735209455098
-0,17047628080351
0,0444099364683034
0,00588997158435363
-0,0504483777641381
0,0500341242518204
-0,0686353739924115
0,0783559132676556
-0,0256622798253874
-0,103588220629148
0,00287853733861061
-0,0400219879038909
-0,0984846125514147
-0,00738600376857562
0,000624240941365813
0,0563930539892998
0,00178304915366367
-0,108126835217814
-0,372154875982055
-0,36485280084306
-0,274672746494114
0,272683249312868
0,171978447900768
0,134529709938149
-0,00514447914805973
0,0157692409146044
-0,000156135105135836
3,64734904571192E-08
0,000468038741255749
-6,14481281002075E-05
0,00465900358044196
-0,000225709481523634
-0,00511060468621262
-0,00712246429632816
-0,0207589739608652
-0,0181906303426349
0,0108437893248886
-0,026116969682255
0,00943551090711591
0,122138098679649
-0,0224228384035403
-0,107389187998181
-0,171070715628233
0,221744323070325
-0,0577802062856271
-0,0844673281447001
0,210665475550204
0,0958387340721792
0,333675767088951
-0,00253594788177001
0,00724062449907502
-0,226403150927382
0,172050571523608
-0,115869087819974
-0,0565976134535202
-0,0237786472544916
0,0161756480116288
-0,0857569451887228
-0,0503122558858257
-0,0926375708479596
0,0811891719384326
0,133056000271132
-0,169447842944486
0,367622439241113
-0,118723808379042
0,191954767193811
-0,0996795973637271
0,155951176671012
-0,014784576094906
0,0353588071524947
0,124383882467739
-0,176503858450244
-0,0072094928560067
-0,0939583945040699
0,0624890914230422
-0,23009901848874
-0,0715201120789806
0,0450809940478649
-0,0789312903002285
-0,117037313362276
-0,0709838663489706
0,132635349580997
0,0973332964015746
-0,31057149298982
0,0685104349132264
0,130901131342094
0,187981220131536
0,0252352483826914
0,00524055591927125
0,000208520743256495
-8,4678590799027E-05
0,000544628000715363
0,000268554409668477
-0,000622789877227742
-0,000232870800756083
0,00243866678093917
-0,000871178281874094
-0,00356631534893698
-0,0233972334425939
-0,141605496757703
-0,210076504454993
-0,121963619076487
0,100281444632538
-0,0371772469203114
0,11997926654425
-0,0241803496785765
0,0185298549647075
-0,0967570829106056
-0,124833396653506
0,0923934859152772
0,16895678468315
0,0506681091687613
-0,127992086121426
0,36350259423715
0,165627753656701
-0,129222621945367
0,0935513068793783
-0,01224365738832
0,123372458297596
-0,0157403404287078
-0,00736463383929448
-0,048058865028466
-0,14151271807949
0,12760353262425
0,0155279200525013
0,0919198448617366
0,42473763973679
0,280972504193205
0,268944877452067
0,027786729651986
0,219567875596126
-0,132608755283146
0,0636643975380022
0,0107297623808176
0,107437204142394
-0,00503573161566637
-0,165979451797425
-0,102618319892335
0,158014334608381
0,0419833193217103
-0,127875314607845
-0,1085885518274
0,187189823622378
0,0775250980118352
0,0431918111398948
-0,0344811191628818
0,0902732263426709
0,00519297944147571
0,034395284596927
0,0288200207088
-0,0021652522034125
0,0570131699098393
-0,012068807611375
-0,00173882756190452
0,000539826203658338
1,3922662850291E-07
0,0101484323367405
-5,60714482212949E-05
-0,000531911096702777
0,00060044422826507
-0,000155477486250553
-0,000560923100899124
-0,00415661144190582
-0,0635714651700433
0,0173390474660054
0,0155090505628751
-0,0224845727520865
0,054508149068854
0,0355047658899596
-0,0454293691262685
-0,0836830941893111
0,136670887778845
0,479661356537716
0,0142248380315738
-0,00777725630239613
0,00900701740434406
-0,0687750692255379
0,282384803029139
0,0796467171677511
0,058770137585423
-0,124602042196719
0,0824764273519483
0,066336044506072
0,61436824913823
0,149290509561489
-0,22437930494239
0,103666329993624
-0,0411282478100244
-0,00381124620981783
0,0251136478301762
-0,0155861549785092
0,0191042989201145
-0,0144737490237942
-0,00165351334161966
-0,082490081078316
0,0145940774357908
0,273684570188301
0,213608682600187
-0,0368609154161434
-0,0284304542246733
0,0133238289971449
-0,0653816968703485
0,0184622749144905
0,0005401486396067
0,0559526008658343
0,0351481333258142
-0,0497459766157463
-0,043605349536664
0,03884581408316
0,0354035351623878
0,00194069050909913
0,000330902155909339
-0,0292803155250552
0,0050638497095892
-0,0215905293101931
0,0065722268108827
-0,000760202533773292
0,000396440048774078
1,60232429625133E-05
1,54185806577669E-11
1,75412839260856E-08
-6,28408447242721E-07
1,13429248373747E-06
3,87531626099578E-06
-5,21606308136336E-05
-0,000235585629438077
-0,000932187809452589
-0,000378399188985562
-0,00417426146058264
0,000380909263108172
-0,00112724146951064
-0,00274147542306524
-0,00853965191706755
-0,00162935642456769
0,00505511159671152
0,0054819915120364
0,00128056303543982
0,0045147085854021
-0,00128079151625246
-0,0184081076415723
0,00780601142724195
-0,00475048341911323
0,00874766588532947
0,0174850888424256
0,0108026487605791
-0,00344317000300096
0,0286604454689643
0,000271193829112887
-0,0075619553995575
-0,0422801167954502
-0,0913791857449909
0,055983297940297
-0,0328487919663286
-0,00338297791604653
-0,0264058132511276
-0,00578223529115495
-0,0409053662625864
0,0219639540299486
-0,00911066606725398
-0,0171461348577105
0,0262100120353677
-0,025108213509501
-0,000749221072487267
-0,0120586460476472
0,0668552591513035
0,0473735474370629
-0,0271778298266068
0,0395751552336497
0,00766755048839532
0,0416196056423149
-0,0170190004808581
-0,0389755085269371
0,0532783080439566
-0,0286020323741902
0,22816527073284
0,495422917308159
-0,301450017944427
0,171253465133282
0,71031450172161
0,199958771210385
-0,00439637543689145
0,0197231307393464
-0,000228164907732908
0,000139129000730687
0,00027045875778033
-0,142494513114689
0,0489684744214585
0,00315082195598096
0,00275474085488403
0,00065516509785072
-0,0185826144583656
-0,0503324817244971
-0,14614709252667
0,206701066935065
-0,168517300685365
-0,232394827760918
0,0065718450961389
-0,00177165751556437
-0,297576342528475
-0,0494147569256954
-0,127904083435307
-0,104802231629217
0,0219376941007505
0,0174283968932861
-0,0949116553939353
0,239129459243124
-0,142748912734822
0,174525804761183
-0,0196446190658048
-0,197256503782701
-0,381296124239931
0,0517420428230709
-0,0930118191612752
-0,0805023778938243
-0,049158636486385
-0,0610765889563736
-0,244801762930882
0,0152618539633331
0,0790983045723016
0,0479137135043454
-0,108460657726637
0,155814340510119
-0,161217923770825
-0,0720329583574568
-0,0397224628436847
-0,106229042942498
-0,0862780062883638
0,0223481788776023
0,0436247272021769
-0,0989817297573029
-0,050597460469403
-0,0348453135639938
0,00321235817194106
-0,173605343421933
-0,264662182307988
0,322112588972761
0,0503233227155456
-0,0465597909816685
0,00994716058877399
0,0221707422870519
0,0385526001005049
0,00363326816427953
-0,0015589591633032
0,00501474520456777
-0,00496801937658717
-0,00817689288869185
0,000411673739345044
1,22601498592453E-08
3,00668048587994E-06
-0,000473303029312107
0,000391776613940034
0,00091213828054949
-0,00372703990944014
-0,00907577861477691
-0,0285256865989486
-0,00659596622200715
-0,0661246870236509
0,0284233519278963
-0,0114440108681639
-0,0800448485329052
-0,0648377818782418
0,0374408306042815
0,0322761277423553
0,143282964587536
-0,00271275483982848
-0,135997101357053
-0,065970879257986
-0,0174044177554164
-0,168603098011621
-0,173963462934342
0,128848397649864
-0,450288681211293
-0,272324155538971
0,107528613609033
-0,263050172825847
0,0646421206023684
-0,0458067241202153
-0,0147706086196571
-0,134424014594676
0,0709025291804116
-0,0273568057641498
-0,00778258172403076
0,155043977298124
0,160999500398624
-0,203254131729054
-0,248262181991045
0,109803622738207
-0,189786129873508
0,0393994824377427
-0,0288228730238328
-0,128094297008823
-0,274087091625543
0,113466700219785
0,102252874525943
-0,060337144149936
0,0246540375180152
-0,0666889516489026
0,0879424207413078
0,00641216013133048
0,0810691203508082
-0,117923810553484
0,204636415228557
-0,0968294866561013
-0,0524944043995937
-0,137601029582968
-0,2056209867337
0,0364156080113725
0,0275151351675915
0,0119890358252393
0,0315284316495207
-0,00138121435210537
3,09542056708357E-08
2,06070843234117E-05
-3,76719839452847E-05
0,00400835260918017
-0,000266440089264039
-0,0107435136549024
-0,00144978130876262
-0,0087343558012328
0,000219193322730827
0,00396835415180626
-0,0182766930057249
-0,000404556241057802
0,0620957167019196
-0,0241002841001785
0,0492204159230156
-0,0570245304615957
0,0925043605116706
-0,0720081942248568
0,101164122337973
-0,0236635538482309
0,0412945815689017
-0,0463016659474132
0,0281451306596909
0,00270193313879598
0,0467325706454718
-0,0907597264426053
-0,0849113975232108
0,0349425113923258
0,0135689535904186
0,00311049786222474
0,0187461374607643
0,0405507009634316
0,0811541205491426
-0,00664061925051932
-0,557710718802784
-0,00563595338006734
0,12674267041007
-0,0105458619789012
-0,0323094128625521
0,015657419764872
-2,92453333800457E-05
-0,0133279469452779
-0,00260397970738654
0,024808896722851
-0,0112440151018591
-0,0174806170740233
-0,0261995521959507
0,0660097855545641
-0,104574439040217
0,0132461876341321
-0,00556750616974424
-0,0438982640286785
-0,0392883490453338
0,055871133579675
-0,261344005994936
0,384492908096887
-0,207550492700462
-0,338962403005272
-0,217588263863095
0,0333902128950762
-0,395629077645505
-0,0267392522130994
-0,0109405765196975
0,000503440663710211
6,59817350225878E-05
0,0910152193607462
-0,00200990542256045
0,155544154320198
-0,00719350015346822
0,000178028583959421
-0,00649528557619918
-0,0108753529655257
-0,00198478557514442
0,0131143845486933
-0,0251024046690584
0,0068931613154379
0,149232178044379
-0,107988150086107
-0,217467805065167
-0,0270492342489082
0,0381544215987503
-0,104928144414373
-0,0962852495615764
-0,0608400638940285
0,0191486462561054
-0,0356182299088734
0,0607090906566805
0,0306723105909109
0,0173033913281762
-0,0205011330958703
0,277231558041288
0,0994421358172864
-0,0315728240907198
-0,0749162726033857
0,149997076157942
0,0330205027410089
0,0498834787092102
0,0405032685427518
0,0876698908564136
-0,0237370706354158
0,155517275838966
-0,140531079837768
0,249061186859173
0,00597218314453784
0,0416674156541409
-0,029705223535652
0,124671022673402
-0,110937980329367
0,0845326426584954
-0,0330320641227941
0,0870083531687297
0,0835804695658971
0,0168514857286532
-0,114566138937936
0,197973066071104
-0,153196630641121
0,218686645151402
-0,142748622374879
-0,0489412484473565
0,0823486174287403
0,159765273966171
-0,409011096164357
0,24016489809939
-0,38842072559004
0,0915575525447614
-0,0135133059845889
0,0105317983076504
0,000253818170727104
1,67914034682762E-07
4,18234779269114E-06
-6,24059501822519E-06
-4,33256222812952E-06
5,13344601687166E-05
-3,45037869094509E-05
-0,000162089202389443
-0,0014912907113092
-0,00983300293447949
-0,0224062619779611
-0,0164690814172905
0,0146316620683706
-0,00668091320358376
0,0599593404034096
-0,0161609973411391
-0,00339595371916363
-0,00140363097873986
-0,0392676816714723
0,0278055179572358
-0,0569412582486907
-0,0797679605692904
0,00604271372880822
0,157244466320244
0,0884019763335072
-0,101311848364601
0,0587107269099318
-0,0271478305303869
0,0286017286384761
0,00515716003346121
0,0277660201598262
0,0732417069907478
-0,0515776589041929
0,00845190393299327
-0,0115069037122154
0,0215726058976073
0,125738137398186
0,123481621476138
0,172151533260679
-0,0508101741964663
0,0866694604903619
0,076671307250869
0,147587038442688
-0,256936031142875
0,0341489912391734
0,308428527906592
-0,066745725115055
0,208092324008164
-0,393853174942095
-0,275412083911391
0,229275957500779
0,249422000306246
-0,436544111600952
-0,198772163883726
-0,0970295792019518
0,00812976875665327
-0,150533851596314
0,031142560372787
-0,0214551750351886
-0,0545217657292542
0,0173863377137207
-0,0660018318922036
0,0135087331586083
0,00337896582968744
0,000392011666275386
9,26209873727578E-08
8,52724421047854E-05
-0,00265890108749414
0,000674275611577642
0,00984484162964486
0,000104229924221468
-0,000130851290646635
-0,0027303162560807
-0,0297439667097197
-0,0147829200791255
0,0783852748811072
-0,0875100454596167
0,0865654403913798
0,0800531481739333
0,0103067067578128
0,0281538024453953
0,0165734177733327
0,0780382451662103
0,0303120563361705
0,0568997232397864
-0,019692266584012
-0,0234141136364803
0,0479860726570783
0,0254068227048825
-0,0314567021791436
-0,0698957623378929
0,0928060715977002
0,136580181753677
0,284109298907353
0,0820426426929617
-0,123660001574309
0,105217355336304
-0,00856727587029004
-0,080953700209771
0,0543246966477046
-0,16864756588219
0,0998855144236984
-0,0536236143870655
0,02387920432508
0,195801098884393
-0,114319042682264
-0,70026768335176
-0,43221847628959
0,0668144952285177
0,0497565883488079
-0,0658892230611026
0,0926409030604519
-0,00360498929507338
0,00789830678437046
-0,0625444032845975
-0,0180526445434416
0,0366846954937851
0,0285704003411263
-0,0268957620566026
-0,0189740292438093
-0,00378467019187539
0,00762004987672855
0,0196112555591656
0,0128028249284184
0,0154067610919378
-0,0219759798566907
0,00259637900838813
-0,00390234781301901
2,23922403346973E-05
4,15761791791332E-06
0,00111945420282977
-0,000307399659045291
0,0100812487359121
0,00358390698591166
-0,00533961551312639
-0,0036725445988904
0,00148289911645037
-0,00223206286267306
-0,0115552118837009
0,11357990695902
0,0969526144183899
0,0195729254883111
0,0101142338583535
-0,0105374816613723
-0,0144523921380623
-0,0237368768216937
-0,00248593258502975
0,0225118130763897
-0,00520171414629149
0,0344560196888148
0,0161513067526776
-0,108968088359896
0,355391078529909
0,11575685119178
0,0656363533138104
-0,0936148990977417
-0,0897326798208867
0,0184353867301515
-0,0933215481247991
-0,00621207295823001
0,247557908447327
0,300538312367037
-0,0879534686314652
0,110840030521122
-0,140735279164586
0,162891165771087
0,160496620506404
-0,267291781135212
-0,256006116268079
-0,14993884699146
-0,0580686424894523
0,234767624844118
0,337509467425831
0,0319704756400618
0,128531899010956
0,247966454530691
-0,129669627917077
0,00647734349793184
-0,126501855841453
0,109472237468336
-0,0146883221031053
0,231449596252712
-0,0187958726855128
-0,149043232919854
0,0356118808864769
-0,024107323781061
0,0983027768274251
0,0551508662718255
0,0256073119632374
-0,0204950475762268
-0,0057150874677037
-0,0278061379213861
0,00103956968725973
8,53439060105803E-06
9,25456418505181E-05
-0,00631551513253928
0,0225322690627097
0,00654597071251389
-0,000863481127489587
-0,00431051540994887
-0,0182701974500061
-0,0215877074483437
-0,102783202420306
0,131311368477657
-0,128672496046631
-0,138785822129435
-0,0123545172712262
0,00888528271684616
-0,179989284908
0,0130470648251836
-0,0790971695562649
-0,0756453244010618
-0,0113939367719085
0,0132002469266398
-0,0332901033030948
0,178573766960858
-0,211425224858644
0,0919253420441349
0,110888533043179
0,0296098311341351
-0,247063760123052
-0,0110616360168221
0,169108571005332
-0,0413161059371501
0,0849426513018442
0,340688222333263
0,284651935401508
-0,000339337787082133
-0,196447956960898
-0,100834213733128
0,0093498972978246
-0,0490909090552558
0,01971424975396
-0,21327868604495
0,168229251765296
-0,203262564932354
0,0360753119632239
0,0737889766378491
-0,0650675438008036
0,0516967588130978
-0,023895999909759
0,0383467079114862
-0,144480830597601
0,212025357994437
0,317175837058465
-0,287288488739674
-0,123183209631379
0,0768677797093848
0,0268363388898983
-0,0865332032629706
-0,128492256219443
0,111920591108007
-0,0621401261959851
0,0336735185871938
8,55321616283716E-06
0,00737608344610286
-0,000149355562343923
3,61999763170178E-09
2,16603718856858E-06
-4,25045343633732E-06
0,000466085926192103
-3,09227631799563E-05
-0,00117790248846365
0,000228857430062292
-9,21713983403373E-05
-8,10764967194097E-05
0,000130282820813583
-0,00203932590473379
-1,70014391402266E-05
0,00654259764112617
-0,00262225429884267
0,00696543989906639
-0,00619931416505385
0,0108916490940258
-0,00758173478578394
0,012508565556786
-0,00337292444833185
0,00497733999087981
-0,00612498804357401
0,00222609253309694
9,74300639624335E-05
0,00519909705737961
-0,00825282555370819
-0,00921899650537898
0,00328679352005398
0,00106302893011213
0,00115789713365382
0,00208530428634986
0,00357712576366194
0,00654381662071138
3,01274851867964E-05
-0,0621812790541975
-0,00415635499735937
0,0215999834439243
-0,00141401646705555
-0,00194288429357405
0,00232315767798629
-0,0041130080846859
-0,0012137544570662
0,00453634158236699
-0,00656391881920517
0,0120571655483394
0,00109118768277902
-0,000794784629788888
0,0117504237069808
-0,00644234787782397
-0,00369755293201929
-0,00344907837057361
-0,00461001052690633
-0,00701558456075504
0,00676090209656808
-0,0345435536413662
0,0306010914712972
-0,00857898221522552
0,00136915020261383
-0,0211693682717192
-0,0224736429703548
0,125492629869541
0,959931227609152
-0,231334580185294
-0,0197594731631572
1,16174453808933E-09
0,000157730004194878
-0,00038657821871774
0,000385552041009784
0,000774016296893053
-0,0345513833189447
-0,152347255215837
-0,287017234302125
-0,00871388043252876
-0,1935368750282
-0,00629238432485189
-0,0187042029796833
-0,137063465445903
-0,0529780859158621
0,0996099730684267
0,147040269355194
0,220032744632777
0,0401294851582012
-0,202240718025326
-0,200269749669756
0,177936757372343
-0,0398372459246873
-0,189966154637847
0,0800512396243948
-0,0604168708940956
-0,0108382579581686
-0,00441863749567457
0,228058674754036
-0,0212081216956794
0,0638364762975565
0,073038697509522
0,139854493318681
-0,217402609496575
-0,157350225448386
0,0242768641093981
-0,0766285650499413
0,0628897132561004
0,0366535559054122
0,16939016200337
-0,0854804527506529
-0,20769229375208
0,274495238936553
-0,292836212604373
0,191420041027824
0,219207925634472
0,0882349740751128
-0,162526287638994
-0,0446179243003822
-0,0218149664917806
0,0314671950313462
-0,082480500289443
0,154051552345279
0,119431313237426
-0,00169525181901027
0,0379804930404929
0,111252785454725
-0,0305274243344627
-0,0224930565443225
0,0505305953712933
-0,0276033632295537
0,0198813117036322
-0,00370646957867861
-0,00318438446239039
0,000283922689557401
3,59383416384361E-08
2,38222125840163E-05
-0,000193644469404294
0,00531850911481635
-0,000302232491609708
-0,183442561105004
0,0386587393897825
0,00472811484498399
-0,00224920703599371
-0,00589933129259923
-0,0460037330086508
-0,0348964846530597
0,0488819289569202
-0,0245520440924766
0,0576490005075394
-0,0475237217072124
0,085719737020304
-0,064340762879707
0,104597932540253
-0,0391217213996303
0,0574112624847942
-0,0588573539842176
0,0192905001562819
0,0231391573610738
0,0711103531433291
-0,138627694013479
-0,161059282369457
0,0602273882704675
0,00343251576762198
0,039293668198145
0,0631966363362912
0,0396512245071278
0,0725322326265298
0,0469691055168441
-0,571419802476796
-0,0767541676740914
0,259588894802714
-0,0227633467990133
0,0303079463173409
0,0155964826460205
-0,0411621211156436
0,00707098687886103
0,019494451552149
-0,0717093032783134
0,0661339709327837
0,0843630851078539
0,0821587485695666
0,19068590824499
-0,147439010001312
0,0132595790245462
0,0285970884179215
0,0266063673895767
0,0234987427744863
-0,0276816111739362
0,157595970346121
-0,282335823176752
0,169434227203135
0,282931343312712
0,181116284133595
-0,0366590710428308
0,332799214977249
-0,0733905921533513
0,0330789581670478
0,00155094441627175
1,19073535362978E-07
0,0107690554536002
5,36611063465395E-06
-0,000645160808000402
0,000129543182452749
-0,000107157678175288
-0,000665533040263388
-0,00470307242571903
-0,0439656143466098
-0,0204385930613132
-0,0296669342348295
0,0239943181724289
-0,0179320963807657
0,0877744262511453
-0,0117370653030309
-0,010221978232231
0,0213939986669806
-0,00408424722228468
0,00116449034633855
-0,0585023826513915
-0,00523128149732374
0,0437622822693804
-0,128507460957918
-0,124193088425373
0,10540346976863
-0,12014036459583
0,0567935909956122
-0,019907479524894
-0,00191121246376119
-0,127831132969093
-0,293811879313239
0,0878092597837083
0,0599188685682861
0,138173247461314
0,0486961314451452
0,125724646783478
0,214289354304441
0,14475526327755
-0,127789651578875
-0,0571515143542522
0,457189457029228
0,0770653919787945
-0,244746516116344
-0,145937876070461
0,0732124320305316
0,214462980481887
0,0937081646362218
-0,0207495899696306
0,0722548874082305
-0,0303897317655655
-0,0642571721540303
0,143443339193787
0,119153529555808
0,0124343758440422
-0,00660926299762627
0,0678443815062554
-0,0170339134800441
-0,000108047464607062
0,0894603228998134
-0,0342925839573646
-0,052184723131299
0,126514785921363
0,497979555963821
-0,0193570360746852
1,43722933705454E-07
0,000191299835045634
-7,45216267813445E-05
0,00044292860477574
0,000454079150407264
-0,000438871327456027
-0,00130286032113853
-0,00685249327008971
-0,0671109960378139
0,00975062194736863
0,0175755273434343
-0,01568133690324
0,0296966252601047
0,00781204428358186
-0,0775273318127098
-0,176704757238572
0,156849233066717
0,522884509140917
0,0124552597882603
-0,0336945658137923
0,0432566462475405
-0,0313258391891929
0,260313313903951
0,0930143069601665
-0,109329336755511
-0,107446564727285
-0,0287877529160184
0,0733218408160712
-0,58545581544517
-0,309183477532624
-0,184392850623795
0,0485846382574556
-0,0294091979007033
0,12555902871718
-0,034842661057369
-0,0862884331218978
-0,0704015760098282
0,0159873288123776
-0,0413130635062863
-0,034408370356914
-0,121396906174242
-0,095721535101696
-0,0566211505119893
-0,0338832971338879
0,0317283724833075
-0,0217645421059243
-0,0488189518295907
-0,0285904064257567
0,00693062410234798
-0,0148014262278287
0,00699284160091956
-0,0317258322725313
0,0119857975249689
0,0459935277940931
0,00974459785752442
-0,0161859802370454
0,0426433033255552
-0,0135103745598207
-0,0285369636981723
-0,0235036632931607
7,38615837255033E-05
-0,00111942873619552
-4,37464546374645E-05
2,29829659643171E-05
2,52029524131865E-11
2,68156484860905E-06
-2,12598468622352E-06
4,42279914407346E-06
2,10386652634122E-05
-3,03358548490016E-05
-7,38123620469058E-05
-0,000460922143529785
-0,00104302651671653
-0,00729029959705048
-0,000209902677573301
-0,000717576608846143
-0,00127107553634007
-0,0128897519951248
-0,00597356854813923
0,00227592903784511
0,000841509317390572
0,00740237880254455
0,020784244686698
0,0127374801647162
-0,0316349050077293
0,00119416397530515
-0,0242346353277162
0,0100896837026499
-0,0461490679967477
-0,0455993229318107
0,0261693400287389
-0,0645844724334057
0,029636542967661
-0,0168326586022946
-0,00729624867920442
-0,00561505089329523
0,0135184471886243
0,0105981417251751
-0,0412450994958121
-0,090472575704596
-0,0644930964131981
0,391051818745946
0,337707767090087
-0,0129870958334275
-0,0380664304713084
-0,0692286472074791
0,0173379658973406
-0,0414565682894521
-0,129641285660981
0,195511766542196
0,0191404709864035
-0,110043956001124
0,106481921601563
0,0441604595081374
0,0299165355449645
-0,0636023317638635
-0,0974560207632637
-0,0997917210948028
-0,234975151270299
0,14174203009868
-0,179512483384304
-0,0446738273563798
-0,36887319745321
-0,0465972696940049
0,570344998779691
-0,0662499003224227
0,121266292960575
-0,00119078753034063
2,22012528244659E-08
0,000168198806270131
-0,000320347848544025
0,00288978365670715
0,00423539282909395
-0,0015012818142194
-0,00284287554690423
-0,00804627956994588
-0,0028474973428382
-0,0250748919738558
0,0534770829618547
-0,0222516570160909
-0,0823854616618625
-0,0227515813238965
-0,0488574880339586
-0,240167312177626
-0,0759392294468489
-0,0194709691436809
0,0602444793464213
-0,0745325065188226
0,0744668321177211
-0,0144589143633059
-0,144094488613556
0,0234981392135349
-0,0985576836827737
0,11396239050368
0,171776444300893
0,249754546401684
0,0836139468082297
0,101075361372428
0,0703546690179791
-0,0763265455607048
0,132654236870148
0,50325157081975
-0,0349975511415069
-0,0611652508525906
-0,106606922103142
0,0694753696885354
-0,114519535041171
-0,0205121518295803
-0,129286537711477
0,0598292268229118
-0,121089343367979
-0,0544779295521049
-0,0692153697830056
-0,0473498147194682
0,000948011189205862
0,0960456832007013
0,12542061681083
0,15929055045297
-0,23384440169063
-0,361365112331655
0,310670577841508
-0,0488689442592107
0,0108978424334628
0,0573591662350652
-0,150978871748081
0,0987270626225104
0,0779902269720362
0,126963793485615
0,0124602186243768
-0,00258423316796904
-0,0154372600725116
0,000601031709123037
4,88252295473295E-08
3,10902404078491E-05
-5,50178486400325E-05
0,00629103135741103
-0,000403216725870546
-0,00380354343960141
-0,000188163396752174
-0,00551770747844683
-0,0109428910458293
-0,0777914241436599
-0,0645256381718464
0,0358534424935387
0,246816625535898
-0,0872108739903647
0,296909785698133
-0,203786424157695
-0,0452878794377249
-0,0147140985679624
-0,108397955908729
-0,0688260338214037
-0,151026214346148
-0,00603243799535391
-0,0122904099253104
0,000231144460251687
0,0378450680995506
-0,0137567619211767
0,000995871615366651
0,0135305056356079
-0,00492446224352091
-0,0157617486824752
-0,0435457415448574
0,00849789749615317
-0,0444738112503934
-0,0297244125234454
0,239233801456562
0,0872606339003183
-0,184885528474559
0,100475010287652
-0,0756547660308313
0,00870258266948851
-0,152927508316308
0,0193247631962806
-0,0735802930783427
-0,0890297312405403
-0,00351934081006447
0,240170168389228
0,177379371092437
0,486959761621206
-0,493051568040209
0,0600788095666862
0,0569948979056204
-0,00140163974426229
-0,0137272418349957
0,0269554333514466
-0,0851023451288385
0,0654168273054958
-0,0108335444454014
-0,0151287300757069
-0,0117299439323813
-0,0148351171599666
0,0036836672943813
0,000609382264387814
0,000702841782439171
-2,68846651282065E-05
1,69207070251759E-10
3,18658209588133E-05
-0,00012067707711353
0,000244940402740839
0,000491123037578445
-0,0392624061531986
-0,0470914957866621
-0,0943135136524725
0,00870873446011604
-0,0201914223248833
0,149878350350653
0,162792816821486
-0,00683963665038517
-0,0158581049267204
0,0303647345305997
0,0461591290232798
0,0609006023020654
0,012170471580254
-0,0397118442140964
-0,0178695365153868
-0,0193298626489103
-0,0362613001087278
0,00738542129922801
-0,126967904816155
-0,123243638901804
-0,0564131908699063
0,0336021487813731
0,0259919676433309
-0,00515950413765282
0,0289127875883526
0,0448666107525652
-0,0258147642832067
-0,0648777129550055
0,00908515662015814
0,000240632784654378
0,108963445219748
0,094819372076529
-0,0561113881429719
-0,0637967479794211
-0,0089238506340233
-0,142528017417629
0,00803192725153095
-0,0470187871036784
-0,169699344492128
-0,202494463737551
0,198544543743114
0,0176496929538325
-0,12374174081229
0,133846545239479
-0,122112786227547
0,0168819888532977
-0,147996035721222
-0,318595899732362
0,185847866594647
-0,499143453634615
0,0797937330072011
0,0114206321511101
0,249089958403508
0,427148945598222
-0,101350431654384
-0,0408358124726163
-0,0251379855681055
-0,0595219463102297
0,00267795062764932
1,88668793101072E-10
4,69825794877595E-09
-7,0094042791361E-09
-4,86546441657038E-09
5,76386280463765E-08
-3,87282563986084E-08
-1,81919484883371E-07
-1,67303410640133E-06
-1,10286414947456E-05
-2,51186045547965E-05
-1,84591414347151E-05
1,63978765070569E-05
-7,48271206959368E-06
6,71437793712458E-05
-1,80945893679771E-05
-3,80180135106226E-06
-1,57119776195577E-06
-4,3933282362115E-05
3,1101945527404E-05
-6,36599047397807E-05
-8,91452956303643E-05
6,75264966120307E-06
0,000175525521164465
9,86455991918895E-05
-0,00011302730671696
6,5474211098573E-05
-3,02584143252802E-05
3,18654621055691E-05
5,7431660824644E-06
3,08904742098985E-05
8,14429481912733E-05
-5,72923345367017E-05
9,3737373253479E-06
-1,27488978365357E-05
2,38750387760001E-05
0,000138989283126731
0,000136289037571201
0,000189636249987278
-5,59033561162826E-05
9,50774198505788E-05
8,38469950135909E-05
0,00016058671553648
-0,000278795472010319
3,68141533748934E-05
0,000331216521196768
-7,13435682147695E-05
0,000219851378241026
-0,000410734192216756
-0,000285905567644082
0,00023114337045058
0,000241108335953199
-0,000402510801497452
-0,000177066372341007
-5,6690056205308E-05
4,44888159639288E-06
-7,01057758179482E-06
-2,06906307770506E-06
4,39159223363691E-05
0,000206305624149509
-7,47339976116549E-05
0,00140495482637852
-0,0283576450833098
-0,0315814076605705
-0,999097303820176
