0,999712043291289
-0,000343072549364994
0,0008017121632623
-0,0229493185551475
0,0010582170116398
-0,000629230338202947
6,42313609267873E-05
-0,000105775942132531
0,000816963683164024
-0,000477077600465579
0,000646150033834989
-0,000508962120089511
0,00164487206692775
-0,0006211838326075
0,00102665888289789
-0,00309981167583825
0,000179676327182777
-0,00232956999343676
0,00148105965470867
-0,00165550399582278
8,16314813135284E-05
-0,000767724173318826
0,000457017759737459
-0,000669684936845816
4,62822225425945E-05
-0,00012641864151645
0,000862081980538765
-0,000802411722722683
0,000161977270768555
-0,000431424206159835
0,0012893429928801
-0,000187962161164673
0,000341128190502794
-0,000489463609705918
0,00133859282002657
-0,000491387376095262
2,16196988802533E-05
-0,000497144344532871
0,00106054483837302
-0,000627252112982878
4,27572744491132E-05
-0,000122248548423349
0,00033510335636353
-4,78900145290928E-07
-0,000676586544861838
-0,000817064153408735
0,000215811665557384
-0,00114382903412353
0,000654631233042754
-0,000834401077896316
0,000385808134128912
-0,000935038353226256
0,000817888796983013
-0,000336464904562377
0,000395951236187799
-0,000352049498901618
0,0011189805161263
-0,00124521249776708
0,00149740885360245
-0,00121105172949404
0,000300161057628845
-5,07430057399377E-05
1,86518970097514E-05
1,23663900113466E-06
9,24051478218062E-07
0,98622996135106
0,00165384103098219
-0,0324348274213788
-0,000898957267811744
0,00154738738303437
0,00198756086805934
0,0068849905370444
0,0133202391266137
-0,000912132326531568
0,00325974453602172
-0,0272911560716603
-0,0265513335472031
0,0102347034912982
-0,0160044495587017
-0,00431502540606714
0,0148656501664238
0,0117834504591465
0,0040408340089669
0,00975568490947939
0,0103182398499917
0,0054233748857647
-0,000872993415561698
-0,0123460708791224
-0,0565885286965934
0,0168710704889983
-0,0442400213385902
0,0113459108339507
0,00115282499810411
0,00800996949599115
0,00133735061041934
-0,0344099899061679
0,020915349625571
0,00741463961466123
-0,0184418901091539
0,0152666275325781
-0,00854023330506366
0,0256451333402912
-0,0636735867230659
-0,0517675291900676
-0,0242284812615264
-0,0262545763784691
-0,00998096788031389
-0,0281027453505336
0,0249554328588228
0,00477466490914735
0,00655259961764878
-0,00737231140830428
-0,00344785075132819
0,00920619095811124
-0,00477687428108013
0,0325633477115875
-0,0158496881491196
-0,00203020425591626
-0,00901068807349909
-0,00084355236241151
-0,0268335477116993
0,0289752975235901
-0,0352885505323369
0,028808231419146
-0,00679062667685008
0,00112701895574007
-0,000455235992141358
-2,73235470049518E-05
8,77731391751169E-07
0,00029116238203165
-0,957312449552341
-0,0521119214147196
-0,118614970579155
0,014110222700748
0,0246515471616935
-0,00372635747352386
0,0298932899601965
0,0491670527281776
-0,130158299944446
0,0445567627045008
0,0208768547140404
0,0728395399871276
0,00522364186230961
0,0029052516032682
-0,0190817755857069
0,0350007858379406
-0,00607076045966544
-0,0413712956275718
-0,0115398312188123
0,00177801265929381
-0,0377815173146913
0,0299978850340939
0,0084733170956914
0,0132951798028733
-0,082593911570338
0,0140794733234097
-0,00981459515986959
-0,000114399484061013
0,0358544776191647
0,00785616928725198
-0,0549578835414005
0,0381216506687023
0,0297081221383192
-0,0256573566267907
0,0130555559378136
0,000861598223548492
0,00198558866291991
0,0375798183591484
0,0100708452578736
0,00697849274119615
0,00971274089336
-0,0110006713864451
0,0184247119752599
-0,0149850097200646
0,014289116206231
0,0109166495297106
0,00604632578980016
0,009659210467247
0,0280733163803068
0,0566451162274589
-0,0387063144967924
0,0510555051412499
-0,012013817359922
-0,0458873816191586
-0,0338769984712509
-0,0513869300141688
0,0107026861328223
0,0113388439186462
-0,00638097306886233
0,00242234273077983
0,00216670454255383
-0,000162021297620873
0,0239496505875397
0,0134149841310878
-0,0318090701991274
0,955859411565425
-0,0471264650660177
0,0271294955576857
-0,000378873407659337
0,0163728496396479
0,0089415092882981
0,0136639759493436
-0,0236761138837456
0,0192525381034288
-0,0719357908790737
0,0208906030030207
-0,049847363169543
0,118793436611613
-0,0168759845985918
0,109425458162987
-0,0614560579917394
0,0694332992124803
-0,0289261018812371
0,0383269098497042
-0,0261830969159424
0,0234235153365572
-0,0100219838857828
-0,00324944198009428
-0,0309005865846036
0,028773118922864
-0,0100521720499441
0,0186928895979745
-0,0422738007851775
0,00421929781614042
-0,0202205174260842
0,0151229472122569
-0,0564621005485857
0,0132280215345131
-0,00567040276177155
0,0131906935327044
-0,0470054178695187
0,0253090736753416
0,00215649212486031
0,00391253989228828
-0,0137347728925779
0,00158640525933926
0,0242669613987128
0,03277010308785
-0,00538164865719436
0,0465892613781414
-0,0311803462918832
0,0379447280450194
-0,0162353316802183
0,0384145458025328
-0,0372505865797497
0,0147593912877838
-0,0152940215495387
0,0138849629262601
-0,0482405497957906
0,0531191454011476
-0,0640131851448895
0,0516259290729603
-0,0126705887965954
0,00214871638700602
-0,000795054801053525
-5,27278296027589E-05
8,22024966244595E-07
0,000388130921749238
-0,0528969681263209
0,0287812919025301
0,911987119713155
0,000582651722691973
-0,000487896828511545
0,0313906110954439
0,0593987025395176
0,0485101527760121
-0,203675983793294
0,0301954011318192
-0,0207326274417744
0,153160229542139
0,0525161788708686
-0,0114088095211093
-0,0343925241809536
0,0279556446554005
-0,0518037867490735
-0,0572232993547842
-0,00538310498094848
0,0264252441958463
0,0339795516502231
-0,0500040799268424
-0,109473523815618
0,0921073767116031
-0,0913307868625133
0,0701855291668332
-0,0828587486469293
-0,0407438559013468
0,0544450987933699
0,0332167804419402
-0,0946791665379603
-0,0728786286759409
0,0405450973172167
-0,0235889887573787
0,0156212966528141
-0,0004790551256874
0,0194215281999112
0,08573589168823
-0,00835892335496077
-5,12725453908654E-05
0,00846445398584125
0,0166786064300179
-0,0107577415616385
0,00740521382512683
-0,0194574372598895
-0,00297813431359015
-0,0251488456518894
0,00233566267795887
-0,035880175293839
-0,0233453472083073
0,0402347025458415
0,00526147300209209
-0,0105870966228577
0,00589265131564239
-0,00463522737434079
0,00918493424945522
-0,0104533233401014
0,0086750605222332
-0,000397834455938076
-3,19111687707264E-05
-0,000677585141207658
2,71368156454529E-05
4,24485034198254E-08
8,53410416228328E-05
-0,00318941144655231
0,00995489518311068
-0,000749373968945242
-0,917096440380074
0,286025393117099
0,0363405467901739
-0,0103299868603893
-0,00577788993488987
-0,00713941927777608
-0,0875497795600633
-0,0413159380792188
-0,00194450481143967
0,0279877960683383
0,0851982988296817
-0,000868570282891132
0,0509571609907549
-0,0627244552494347
0,0327769785111489
-0,0150133684133351
0,0320854332975244
-0,00886832120881039
0,0140700129886213
0,0122794392952148
-0,0283926971382409
-0,00990588146875459
0,0107812541729121
0,00157628890410688
0,0147668105190963
-0,00276213739190693
-0,00646397935315788
0,0168486968808947
0,0274816143475871
0,151079462893207
-0,000909859820809355
-0,0395497236898338
0,000244045529192915
0,00562208893408189
-0,00401180438049837
0,00312308777258995
0,00158569640931964
-0,00226899442033836
0,000738758674120147
0,0326343008677911
-0,00766300227676669
-0,0143035669915061
-0,0473538633144179
0,00792630560574254
-0,00287546651938191
-0,00624180786489702
-0,00147950106759026
-0,00522846045095645
0,0174763128635857
0,0330529821935257
0,0782380027583967
-0,00978299044848844
-0,0754676535681413
-0,0278927465075729
0,00452460664789537
-0,063726161264814
0,0100444251383017
-0,00544968743164956
-0,000137483682651605
1,97882543170529E-07
3,19401187422722E-05
-0,0100442927149427
-0,00022116402847556
-0,00376283142131585
-0,200306347181264
-0,750198177280397
0,565976169144645
-0,147352499396843
-0,0963673327838123
0,0102412567821662
0,00748109673705167
-0,0116639297177131
0,00596779046154444
-0,0182704926247613
-0,0166795738269141
-0,0160809621531466
-0,0158202089267998
-0,00252616759036541
0,00411241883769597
5,99118066438546E-05
-0,00227929338353764
0,00242584127113966
-0,00488974997862546
-0,00825956848256124
-0,0637165250386324
-0,0395612704980243
0,011526328531327
0,00205116000609907
0,0306567059720798
0,00612247565790768
-0,0137428420071815
-0,0203925563012953
0,0237946049223439
0,0424746478048456
-0,0254571381347819
0,0203429942633484
-0,00684637850670675
0,0347721257591929
-0,016081892973167
0,00805273869044847
0,0122432374086459
-0,00926277185776906
-0,00644877606480133
0,021344746824132
-0,012685504564823
0,0122368978893243
0,00903183285430163
0,00367023566376665
0,0158144046856078
-0,0157559189843747
0,0223858306217668
0,00786004549198801
0,103035966843806
-0,0329520499844676
-0,0785384252156682
-0,0618557975778449
-0,0843397596002535
0,0118007898533731
0,021626540146587
-0,00799474999342846
0,00344790122316386
0,00290781162574658
-0,000224010459415733
1,97197338435072E-07
7,7334314034904E-05
-0,000825001874889034
0,00144389024939396
-0,000315566638757292
-0,155987269361491
-0,497012174425511
-0,586295244588216
0,247243017607726
0,287058858597204
-0,0163578583640619
-0,0152480256617211
-0,0417102744154124
-0,0759084951477362
0,0608087315161104
0,0643676275818237
0,163640093925225
0,11687737267396
0,0983050509724734
0,0589458189833717
0,0956801943230882
0,0585926918456132
0,0440784351204621
-0,0561170145722314
-0,00464084411478279
-0,164623752886885
-0,0383365542836112
0,0682295981644834
-0,0376629620169407
0,0087416036313099
-0,00576818284818895
-0,0658363856335075
-0,0684056154748776
0,0283071525690111
0,0443528293878206
0,0499208654188243
-0,0589953872178649
-0,00420530301252419
-0,0447742407805448
0,0453125907893726
0,086836821139516
-0,108882741895505
0,122804085669959
0,0510582239350748
-0,0459120460652782
-0,0873126931593707
0,0236019070416392
0,0164689830907351
0,0073081676572031
-0,0637517076937312
0,0293796983920497
-0,069807201805227
0,00845998379930841
-0,161693914116148
0,0537442072952639
0,00548330166218569
-0,0735603234633556
-0,0307080420956412
0,044529531720937
0,0508387660248262
0,00990633849614875
0,00336691716395766
0,000911171442695506
-8,65375173027337E-05
0,000733543484813387
0,00654982363579583
-0,00123971502120259
-0,000783431151123476
0,0074098146322508
-0,00254458507922296
-0,00848269841369791
-0,146373799993277
-0,671024807927828
0,273885365830451
-0,0030196909344013
0,0542853141336572
-0,137518510675989
0,307843027005899
-0,0420493648706813
0,0923679866298786
0,252590302935038
-0,18343316917635
0,000835681702720633
0,0239362748828759
-0,180744322236779
-0,00552496779363966
0,137187552704174
0,058862293134473
-0,0804716310460435
-0,160251957174127
0,0236013171387557
-0,1348539408971
0,0540278344820715
-0,15439436050445
0,0202901589353364
0,045041396201312
0,0296642786013197
0,0112659295045953
0,0110767833246705
-0,189280754680223
0,011222895458885
-0,0673429967520918
-0,119435748276614
-0,00946746265229715
-0,0625724840421327
-0,0148194900365147
0,0678044940140407
0,0478883377197527
-0,0508656683955921
-0,0147746936932159
-0,0766301641502775
-0,0175612746312805
-0,0573623521883873
0,090720453122617
0,0201433037029837
-0,0186314926505143
-0,0589918572083708
-0,00372653324508821
-0,0256141972788265
-0,00125897623430446
0,0159131868283992
-0,0109536195784136
-0,00291064250669164
-0,0133970327154019
0,005663976910094
0,000588600851968931
0,00819060405385144
-0,000343303854168934
1,50901046004949E-08
0,00180214373744536
-0,00048639604649877
0,00228797641571449
0,00834048206310694
-0,111198392780918
0,0245120515313323
-0,0238699175700022
0,014816414586907
-0,0262255112198576
0,230541024333577
0,838189614175396
0,175332939672681
0,00358766107587571
-0,114713172049461
-0,0260792592218807
-0,047585546170954
-0,0209124945617924
0,0421846124764502
0,0341514664158759
0,0604793359929865
0,0331958500519592
0,0471123092000706
-0,110745611436359
-0,187447850437236
0,0847267433612351
-0,0702891051237255
-0,0677835172898381
0,0802600996929451
0,0351934132188938
-0,0176598890268738
-0,0490129140612391
-0,00331055199741085
-0,0202216512779149
-0,0559168057052584
-0,0323887209582753
-0,0372502960959788
0,013262903426458
0,00330638207995448
-0,0289320109333149
0,0586558168250808
-0,017279471986676
0,00572635251571937
-0,094392886930489
-0,0286366311135801
-0,0437200788008993
-0,0215952851568586
0,0712889963123679
-0,0354805401885281
0,053556740455329
0,020705218420842
0,031890404503934
0,115806951996645
-0,149648674713256
-0,0867661702560375
-0,0394764354981962
-0,00797369165364174
-0,0871770316688683
-0,104240905504577
0,0239941403734476
0,0180695860900987
0,00220858401500324
0,0128858896775898
-0,000571879370935084
1,19794473275302E-05
0,000290759814936666
-0,152613764821537
0,0297246235738458
0,260763772687965
0,00333769026842807
-0,00204831544104963
-0,0508749686178904
-0,0993017988981238
-0,097196488695271
0,470743615226911
-0,219768903083692
0,118639741419418
-0,405269893683208
-0,274779421567937
0,0672250732055991
0,0524822455726202
-0,0537602247941584
0,140370996429211
0,17391595654621
0,0584816915439836
-0,0114086779389384
-0,0522673206274105
0,0262970451228279
-0,00180864367226544
-0,0683177682781677
0,0158959554947284
-0,112016174824579
0,187667644744907
-0,0337599891571076
0,158323131794978
-0,109582090823696
0,127094858040387
0,0818251981200149
-0,0302177657126695
-0,126991569342096
-0,00612851314756397
-0,0380311609112621
-0,109942159854601
0,146926058126385
0,0644937024483472
0,192846637498408
0,182649644009724
-0,0970221460055261
0,0210789698197358
0,196658206127543
-0,00765084533759328
-0,0116168594146211
0,0335545676285036
-0,0262425957780296
0,00203874967967525
-0,0473051296378488
0,0230363294082262
0,0196640846668153
-0,0174952187420487
0,008611672873658
-0,0155512975010566
0,00815660149829833
-0,00731560655886392
-0,00159894000422123
0,00119379224153227
-0,000260131082712771
0,00047113802908518
-1,09893008659475E-05
8,45116882483608E-10
8,99171667478656E-06
-1,12392741889366E-05
0,000551360754656857
-6,36969426869084E-06
-0,00166752222344146
-0,00283983034791987
-0,0222702081343545
-0,0222383310876245
-0,108170683557563
-0,0943793715077883
0,00832851414221556
0,14846520376016
-0,0808788417711543
-0,0629354268830757
-0,280874412766711
0,38710059857837
0,0578930668410004
-0,434295249816132
0,148578327167068
-0,0113672379939388
0,439520667955891
-0,0367508114344179
0,0541649319723116
0,0520807646810625
-0,00902486499965225
-0,0179587790652008
-0,011365790023584
0,0259127268326333
0,0132421509528796
0,00283028783515835
0,032652250653149
-0,0394695721745685
0,0225809151984275
-0,190754017828736
-0,0233624042378607
0,214005758012521
0,0212328660123815
0,0948781107710691
0,0097560835032118
0,0680824035657746
0,00423021128838995
0,0589949626498471
-0,108084058194438
0,0929874401779983
-0,153558699138507
-0,181823323136844
-0,323583713723043
0,0943813780861112
-0,0415604534384982
-0,0330781021924461
0,0208910205032289
0,0164572654608359
-0,0319337476505566
-0,0258368596985416
-0,0353740707652618
0,00417804157324513
0,0238528300089718
0,0010444667505035
0,00933162663025651
0,00579065920216532
-0,00139185303183179
-0,000145121269235585
4,77970358787214E-05
1,08772482882028E-06
0,000536216267070337
-0,000245735365547769
0,000464766119619425
0,00125784939576906
-0,0116574353444578
-0,0353171637206131
-0,158050646758903
-0,138513413225325
-0,495156285250003
-0,274698567631253
0,0432402296977781
0,172267748233604
-0,104382872948722
-0,0247859038843544
0,0533471047368312
0,247206510031859
0,198940166900072
-0,123417325451063
0,082598275899074
-0,0768773639368375
-0,472186085702906
0,0186864818543638
-0,0156082543516014
-0,102438144989853
0,0260709599447505
0,0306029349410048
0,0384978145225997
-0,0792065141446953
0,0514802896987576
0,0272942145970718
-0,119323047017435
-0,0589104244754749
-0,0638179441215016
-0,0291590114518534
-0,136374836210939
-0,137701308877248
-0,189063800617184
-0,047524337641448
-0,114658771879694
0,135596511859134
-0,0841315663612542
-0,0151462730760643
0,147813332024791
-0,0722557958145782
0,126386466530653
0,126175621136991
-0,0796101094611334
0,0453075577867337
0,0427667440151754
0,0364438412619452
-0,0181326184667969
-0,0283690463764922
-0,0172406194146354
-0,00656480069211241
-0,0132392270783302
-0,0360386789750587
-0,0320617610367655
0,0117984377573115
-0,0112010997000289
-0,0252394991575467
0,00417747600788115
-0,000130556026788351
-0,000146475024797557
8,97566127572085E-05
0,0031213726357218
-0,00439426805388304
0,199221519007445
-0,0137461119861932
-0,0658789932318892
0,0147029949301648
-0,0104884754301894
-0,00483899196169189
0,0398028526659818
-0,152561340930052
-0,056148060456066
0,21322783479745
-0,0130205191187652
-0,123843478971765
-0,54395196015352
0,0750718865953612
-0,315921199299437
0,394672054584339
-0,264317866910111
0,102213284173251
-0,154927447875768
0,0410700845691399
-0,0854086730761403
-0,0123553135023254
-0,00333465647308984
0,0117245597344653
-0,00779857637263205
-0,00727933424229907
-0,0424871444272576
-0,0172129476050947
-0,0033895465459906
0,0679769221226298
-0,0188455109277902
0,193309152313126
0,035358920289823
-0,144682422336184
-0,0030070456158256
-0,0432152913751347
-0,00912046300953585
0,010743816695279
-0,0100222110573493
0,0120646768297505
-0,0200614129993154
0,0327267048661489
-0,0657617938213029
-0,0997472995912579
-0,299099968907865
0,10344139931099
-0,0339630381776428
-0,0227074983503965
0,0248048186478991
0,00756095408316671
-0,051859935060897
-0,040180408476994
-0,0587787910896736
-0,00729537616250402
0,0218061157836323
0,00659065479089771
0,00833534209994476
-0,00189889313314352
-0,000370134399791478
-0,000157106938080015
6,19961396916317E-06
4,0858084469335E-07
0,000505278423817902
-1,81685585333903E-05
-0,000105001644175891
0,000366667416445225
-0,000810213089584252
-0,00297439738825747
-0,0281482858993651
-0,0609242775514766
-0,0791090006470365
-0,129847962328391
0,0615202055436515
-0,119463022912106
-0,294134995976883
0,0205671114489214
0,103344332737994
-0,0930447877942239
-0,0744659405461075
0,159630409714452
-0,282259640451553
-0,0229509025562124
0,417405342570159
0,353193301632337
0,359631397458017
-0,0365839645517196
0,0790701961853294
-0,00723104837433961
0,0863156182601854
-0,124669444219197
0,214076803343303
0,105098768204373
0,0509994587862501
0,059117758068821
0,0163026484037213
-0,0700954934320916
-0,195978178574262
-0,10026771434918
-0,152308599979322
-0,0902927277172894
-0,13299496165905
0,109213122092171
-0,0596951600158575
-0,0215380686279522
0,160369859455413
-0,0214987440272931
0,10861157876454
0,00218263858866656
0,00964550691054913
0,123564976377154
-0,0272461125781526
-0,0179499097408769
0,155521826844656
0,103759737167436
0,00301958909979935
-0,0216323678309285
0,066761619181454
-0,0179943459142838
0,000573065810500953
0,0340004274172773
-0,0119918994489533
0,0183599582620376
-0,0025846785009073
-0,00105349324301664
0,000178535913622006
0,000730388686869703
0,00610268666542431
-0,00256370197174864
0,000567211308020705
0,0628342917820664
-0,00205900878041692
-0,00322404666676883
-0,0452591966540207
-0,172094887184261
0,0155676897121404
-0,16329275131377
0,0734775386058104
-0,164106876469204
0,0038351107737368
0,0850744374892148
-0,00101486864240843
-0,0731860218200889
-0,161643802662809
0,00116860477777033
0,285253138439807
0,612943031245372
-0,00165851990726438
-0,175545717106978
-0,0353730267825632
0,30795550227217
0,122720435406169
-0,114491003179441
0,00317717657827472
0,175337437386099
0,0692171656857697
-0,0846254253362744
0,221327532020797
0,102667499502251
0,111367779088366
-0,0919862127432042
-0,0769874875905204
-0,0615719985521122
-0,0618722516542641
0,0187523758553695
-0,145940920016058
0,0509553175447926
0,00116127185432238
-0,0610789583439292
0,14968630595987
0,0704966304656593
0,143012786968618
0,0837521058046956
-0,0549512998059658
0,055113479348628
-0,0231179369522532
0,0778547595713813
-0,0263988647244312
-0,0324045060435396
-0,0795543667525968
-0,00364570795291682
-0,0630150029942832
-0,0181795445226006
-0,0536283156265872
-0,0130370331153227
0,0106649829064523
-0,0798547261460018
0,0111196799990574
-0,00623243276833554
-0,000184062908164536
0,000599936253604551
0,000549567342764035
-0,00474353068359329
0,00101644126383476
0,0183083343083841
-0,00273999905404991
-0,0116274977232974
-0,0898217345715815
-0,39111901691364
0,160607787949308
0,19937294473601
-0,0957832590735463
0,236626763816513
-0,0182631029114089
-0,0798475929083069
0,0646642674983704
0,0218262525614452
0,142196568645362
-0,0238369441826816
-0,225538380765793
0,00405202093317445
0,0135577301998287
-0,148001535715244
0,0653852939190207
-0,0843998026891047
0,230967133420979
-0,155585613836852
0,281979655096115
-0,133848785027876
0,087170050313676
-0,201004991066782
0,0736861476019567
-0,0833296989529045
0,0237570233427552
-0,0675815045712699
0,27519320275115
-0,150639520962428
-0,00828889066441026
0,286176877272332
-0,0873908987791778
0,0457423561685568
0,00545308926054503
-0,0720806818651449
-0,138703602850439
0,0797725875539825
0,0400253613582015
0,156022774801366
0,0392744614868047
0,174414365230961
-0,221813896376543
0,00879932980212995
-0,122744161267288
0,00968334701163801
0,0117849969214625
-0,0644505125997715
-0,000206186803423701
-0,0482855695141935
-0,0248683492942331
0,00119098043457657
0,00752373728672188
-0,0113957219882022
0,0026876254257685
0,000308106798596199
-9,87577248287958E-05
1,92637000357651E-05
0,00172575957678851
-0,0167001843731167
0,0467623566677111
0,172579187318345
-0,00387752745899384
0,000564886898818031
-0,00524208416626205
0,00357670603066141
-0,0505765618032903
0,179759548332551
0,165895877735167
-0,0580743725541573
-0,0614469667472381
0,190639216313443
-0,0530246497120871
0,100459067720443
-0,00306103999151066
-0,00383642355978913
-0,0920121372610015
-0,148224820960525
-0,0882036141321189
-0,0819990958197552
0,121137429568032
0,352305601924566
-0,116560685716021
-0,00303961843959256
0,056314449304606
-0,192352478428063
-0,226935318782027
0,189272019667068
-0,185907013219688
0,313547021642458
0,296168931489959
-0,0981374553443473
0,132778875703007
-0,0548634042416371
0,00864886280753645
0,0472786935541408
-0,167469269332295
-0,0505847121774273
-0,0545714162498927
-0,153854037229989
0,00335047486570013
0,0459687809691914
-0,197776828693058
0,0671096262369894
0,0205296490084201
0,102372342407
0,00478313634277724
0,189099886910391
0,198460810997205
-0,249320265323013
-0,0427509855411998
0,0543912271872894
-0,0232554035676915
0,0418994261836903
-0,0585536232781815
0,0799750888616227
-0,052310233776685
-0,000493352521060369
0,0006116020785451
0,00364993691734799
-0,000153251577492869
4,36190357657733E-07
0,0016921056685537
-0,000110938031044187
0,00680117184764154
-0,000542229686342636
-0,00210389238264932
-0,00917188833276797
-0,0136858115817562
-0,00806017194995797
0,00961591034813491
-0,0107260021402367
-0,0200193258381824
0,21773931869283
-0,0114181996422428
0,15158758742433
0,107639916973357
-0,0769020138014767
-0,117815084425243
-0,116851196691856
-0,0854264193847066
0,0625516505652406
0,0192665513237472
0,067681435557588
-0,0438814489162024
0,0523904667933661
-0,0520818900103685
0,0985045293481906
-0,189229817346396
0,106922973163815
-0,0655619932720376
0,205690552771976
0,0416242699282571
-0,0207222827389298
-0,0837555067503184
0,0477569813210122
-0,03085272708145
0,0611989783350438
-0,0302034484229624
0,163526288802669
-0,0725928980187286
-0,0924404404184936
0,067871759145098
-0,000791629304479677
0,00154027610296184
-0,378752618676516
-0,0770320703776174
0,160637508460334
0,000790295295783982
0,168352860393085
-0,207823131756858
-0,179826834092775
0,102447359030928
-0,220591729841509
-0,0592960342654332
-0,0853833472570985
0,0546999119234673
-0,353769229729186
0,175913577484046
-0,293235524420745
0,296888288583391
-0,108529237219233
0,00907253699722956
-0,00342353363985321
-0,000364955634884606
2,61710767110747E-07
3,21523802480318E-05
-0,00742294610389235
0,00435692985306137
0,0111230768869542
-0,0193582444333372
-0,054986761959263
-0,189565158714232
-0,0417588013759391
-0,419961706752472
0,184725803732793
-0,108496401477853
-0,0508254382649785
0,317501187479148
-0,198079846570353
-0,0697011341784238
-0,279106929506901
-0,200889030816806
-0,120547238626366
-0,0531459846351666
-0,0440133262847953
0,0809625187201159
0,132373168861074
-0,034759373787585
0,101658470737969
0,0398123794478241
-0,0567256796060523
0,00436598016961637
0,00868027304922444
0,0398516031994853
0,0659547927974122
0,132021982711237
-0,0909534036868079
0,176663519199587
0,029655610058801
0,140989983085438
-0,0331013499102491
0,105937581465487
-0,0279694914729406
0,0569093978402101
0,260790667838886
-0,293147831732623
0,282315540951532
0,0659609450324717
0,0399009817696848
-0,15755764660146
0,0758475627153724
0,0830031436039241
0,0290013753737704
0,0807836814185737
-0,00642553277950872
-0,0485875845871383
-0,103526380044945
0,0239055792589736
-0,022156978210401
-0,0255582527143344
0,0516092936167269
0,0220665913720101
-0,0787222759551837
0,0414032950591515
-0,0250339355754853
0,00346411627984622
0,000622694385997309
-0,000185652451862612
4,34138790342603E-10
9,03908457810048E-05
-6,03262275712505E-06
0,000403177624129833
1,93697295548957E-05
-0,00127085117809068
-0,00310212802434619
-0,00998434881286552
-0,00565455955626655
0,00967472357103297
-0,0165000806312128
-0,00434757881048013
0,0806859595296698
-0,0417944271038828
0,0896459062493805
-0,0338828146803638
-0,106172428845271
-0,134526836506049
-0,0123962920603148
0,23850237594082
-0,164426289956788
-0,0115041859643478
-0,0132579409825565
0,112931459057265
-0,0790171439053469
-0,0489071074957964
-0,163118304767651
0,114377363102853
-0,0967130420257167
0,0237813601594679
-0,161735839352341
0,0132784836448995
0,0256967559989371
0,0393622919893099
-0,0305071645848141
0,0067235106069599
-0,0499966547354775
0,0432631896918934
-0,14233819498573
0,0615009167382922
-0,0523934020825187
0,0433793131368486
-0,00591542257402422
0,00948837573828668
-0,308526197703003
0,0164591919902158
-0,123415125780747
0,0447307302867272
0,265682601580749
-0,113521273848473
-0,0462611441677849
0,0146950053241148
0,0701990743584927
0,0199754217987643
0,42947734379099
-0,40695719886121
0,25636436713396
-0,0399468820640881
-0,254530417830957
-0,00739925986193703
-0,213348688394076
0,00219812850331098
-0,0547524216107954
0,00160150823529137
7,69585637949292E-08
0,121266534471845
-0,00134101734115267
-0,00236638412634548
0,0104423965605614
-0,00737421026972616
0,0023142736319023
0,00276814973077757
0,0180941739936861
-0,00805489247405875
0,0837182264644008
0,195159426317558
0,0504559363863684
0,0036972604039614
-0,00894872465441312
-0,00976517513391543
0,0393562758857394
-0,00781673387774353
0,0286037180439352
-0,00973881071864426
-0,080736204769008
-0,0698507274778769
0,0208392312351185
0,13960184694053
0,411261588271173
-0,14712626290381
0,274220593594641
0,158897987176944
-0,118121386241883
0,00717532762734506
-0,158318396328362
0,242583275754917
-0,131495360812778
-0,0646767792951093
0,0556077116161937
-0,0566344429573756
-0,0970246207959276
-0,176983826926911
0,279708241237217
0,475259054974276
0,146567546341009
0,187897257902577
-0,006362693279592
0,185728785544874
-0,0541944017180229
0,0709734016294512
-0,153686214898156
0,00674815327865844
-0,0366654715583324
0,0368472293325194
-0,0935473321453582
-0,0445826498616758
-0,0482479617715986
0,0364596125964111
-0,0206912268170349
0,014729135487467
0,000161710279612644
0,0197744450891265
0,0131167006975077
-0,00291115573454148
-0,0022478841127542
-0,000185389768469023
0,000129729476065059
-1,94311064787847E-06
1,0851832876578E-06
0,0231247712200317
-4,55026314314277E-05
-0,00180011759973502
0,00315321071663672
-0,00600221216766274
-0,0200294329600981
-0,112467789923906
-0,203533551492077
-0,202032273610879
-0,303145525799283
0,116808371166673
-0,198721723038437
-0,461731776912904
0,0210657913258211
0,0789117118438753
-0,194934951027938
-0,0491090741588338
0,0705820726755326
-0,170351528061961
-0,14103281285772
0,156406998057496
-0,262896759176995
-0,248591421616094
-0,0401358628211058
-0,0786887975311579
0,0560652907548819
-0,0419854103413045
0,0483333867610659
-0,215242209699295
-0,0897861948931035
0,0607877797112679
-0,0525675903936747
0,00733177356195799
0,021600131153718
0,0445490634281433
-0,0105553731937318
-0,0315594105922032
0,133059566184745
0,0568754232063968
-0,200163024061351
-0,0317710602791465
0,167101023420614
-0,103897410255642
0,0978594786451253
-0,125368428249528
-0,0795062390199797
0,0568530242514678
-0,0905957557735228
0,00584523619278749
0,0129831906435994
-0,185055606925167
-0,129392837680787
-0,00276266961620394
0,0313721467221268
-0,0979130516320548
0,0265948061847207
-0,0012151582366907
-0,0511605659614405
0,0179643820793873
-0,0285455094023999
0,00403992815540035
0,00160328467349435
-0,000261798466204232
5,15931259281279E-07
2,55404543621441E-05
-0,00597235911822264
0,00186387594086589
0,0204800567987764
-4,13683631165571E-05
-0,0013273076140349
-0,0198381875993023
-0,071740679787047
0,00331425642995931
0,173078150716299
-0,0784839457317835
0,109035461876826
-0,173841142827656
-0,137249021991455
0,0457195092067602
0,0262161447049944
0,0361944602251537
0,0819460134451708
0,017778331846211
0,0583881089455992
-0,0139929265649901
-0,182051713491805
0,128145918477664
0,0416183490656021
0,112148381117231
-0,196040764260747
0,0968209585889229
0,0234660589185692
-0,046411627411658
0,115680372673504
0,137727367989878
-0,252870851548761
-0,277144785408783
0,120460996043542
0,037728498426808
0,0947852783509149
0,0684450770404192
0,0149275840200789
-0,237768706979329
-0,064665343543579
0,00464160003838679
-0,0740351001743057
0,3813018236113
-0,148762150229031
-0,342267758064029
-0,172587436206033
-0,00894223885016459
-0,235854435330497
0,271108625415489
-0,0195160389106547
0,198000670542578
-0,0547037135497754
-0,0586174698247109
0,070376281537902
-0,0156252640779948
0,0582358795287764
-0,00863103719087092
0,00288854748333963
-0,00813141081640916
0,0158029639120881
-0,00258002991929388
4,23346887470453E-05
8,81236456003771E-05
1,04067293599974E-07
4,16996093973974E-05
-0,116510695592615
-0,00601658284694217
-0,015164027389012
-0,0836248076085017
-0,129495295402127
0,136841717356621
-0,0337668159676368
-0,0202562595731845
-0,0153452638713638
-0,00759059148195705
-0,0143233365367211
0,0120048637981172
-0,000334398018246963
-0,012335597905751
-0,0144101909154048
-0,00189453181514082
-0,00209773381587696
0,034548318527774
-0,0561936189439467
-0,00203854378277616
-0,00306566308680722
0,0534257351164603
0,0175928536366315
0,230750939733539
0,122671452644139
-0,081134846406524
0,0139255274517541
-0,133997323639875
0,0126527205029451
0,0536760070374371
0,0496229072559115
-0,148429168842492
-0,199868124675319
0,136459976912254
-0,144682080916917
0,00596447896775265
-0,102846804406845
0,0530441054673738
-0,0135404007433981
-0,0398846623819876
0,0179855645257643
0,0345760046889807
-0,0737839777535485
0,0388417039471715
-0,0296789835586817
-0,0335156237426649
-0,000891581794537541
-0,112267104996164
0,0750077502569831
-0,127807442576485
-0,0403122986312988
-0,504316214573355
0,149677169899314
0,375033328850661
0,285377105582857
0,396356521348176
-0,0576172619797697
-0,103311697137565
0,0360437575380882
-0,0158737955153262
-0,01340869819321
0,0010310519445962
1,55148685407008E-05
0,000429982079990163
-0,00687864691905914
0,0370758944856
0,00547807598194658
0,00154400345580083
-0,00235256262272945
-0,0226041817368009
-0,0233708280080427
-0,119612395109917
0,200933386895827
0,012384225739911
-0,171682398000328
0,0130398857083416
0,492557619610708
-0,157266279292915
0,132283674770399
0,0570808898226687
0,047500688559889
-0,152259241418928
-0,0179440410268907
-0,0134340133895877
-0,143332641865005
0,0973768744274676
-0,126198811519793
-0,0200871208772143
-0,15077981870448
-0,047422102806667
0,184501661437913
0,125534765633449
-0,0892655668219812
0,141457530766221
0,118836890135507
-0,409794563097968
0,0732886629745026
-0,0223117077618168
0,0828186164825261
0,0182812096245966
0,0151751819407893
0,124525042231907
0,135151444934625
0,00938667178346368
0,210288042924835
-0,116348869714712
0,0463590568999282
0,0646200989694473
0,130514293124825
0,0325541863342371
0,214546437147209
0,227478491118183
0,0930065700480717
0,092919667158127
-0,129100469128056
-0,031423940307117
0,0589915943040979
0,00279421436955937
-0,0164997353787312
0,00123464219617185
0,0420299421714065
-0,008649610360721
-0,0116190161064061
0,0019683000458294
-0,000199924002368301
-5,16443010481121E-05
1,20136716812799E-07
4,75738708874538E-06
-0,00019696443407588
0,000231691081427288
0,000652392875324593
-0,00246973795289421
-0,00816252745083798
-0,0449559583630187
-0,0244997542209286
-0,173589953253805
0,0124853183120255
-0,032987933026862
0,0693480737357369
0,211878546914876
0,0141220295190904
0,0264525500365408
-0,0466905989193757
0,0713035647778306
0,267896541283085
0,105647211158941
-0,015569433168694
0,278045489759246
0,0245248785726561
-0,0163763171854591
0,156464349000913
-0,00533091978300042
-0,0769009823726681
-0,0272403795333431
0,0478067548881926
-0,15018188606947
-0,087649191597411
-0,306267369868174
-0,179410661223575
-0,0251011971001615
0,0314360802651879
0,187558876977341
0,0589176554393935
-0,177944466971992
0,231944844275873
-0,0888915638732742
-0,18054834252647
-0,136824812632118
0,0184044419866941
-0,112357077607398
-0,223174362486377
0,433535351179811
-0,105796276451277
-0,134174660911365
-0,0019702744752628
0,222182646383789
0,0679966682363006
0,0988477184241249
0,00760550956536529
-0,0689062812488059
0,0672758834360061
-0,00118018452060151
-0,0904721048355941
-0,0239937871768291
0,0823684949983252
-0,0591708324524286
-0,00472369283592846
0,000724076218422802
-0,000665634120956508
2,22163634692058E-05
2,34783750273256E-07
0,00446986943572564
-2,52745059698812E-05
0,000127514163462029
0,00136768101537688
-0,001790691823447
-0,0045231413520892
-0,0230787873082058
-0,0443070763322719
0,00647468761483233
-0,0543227221252306
0,0110642389158502
0,0534355914851533
-0,0967676278638571
0,113545575050167
-0,0579484850526108
-0,178643061667624
-0,148254823969181
-0,0065732687861004
0,296495733239656
-0,14006912943323
0,0247053629815594
-0,122488366458138
0,0264477151188443
-0,0203075168984599
-0,0466098149260583
-0,151752624235652
0,125511855677842
-0,0908369942965996
0,109926386769864
-0,14586978742565
-0,00799584089740515
0,0496696095654681
0,044715491739361
-0,0606400331024733
0,0390616436147609
-0,0921093881348757
0,0519803096393544
-0,151211161022249
0,158701236916126
-0,179088461813568
-0,0107157207572485
0,0852935525033981
0,0218855454841374
-0,360593969889564
-0,155010482601516
0,159852488444395
-0,162249983485423
0,0821488368200498
0,0712741220476547
0,0190425790857689
0,0136700676100634
0,0357949518966602
0,112056457978548
-0,444801297673986
0,309465170882384
-0,0141976978958091
-0,0769900373897502
0,132761372795109
-0,129741874234552
0,164052054266309
-0,0127583181104155
0,0526368954974745
-0,00143936315998509
0,000465542374119668
0,00166756347935468
-0,000405868358048768
0,00659785699660539
0,000560287250823214
-0,0180931155189825
-0,0702522669252657
-0,048317807374832
-0,0807243059340857
-0,0128205752735214
0,00616667951028515
-0,0563569094334345
0,467923423376603
0,00319927380241652
0,244963562930767
0,248497656278493
-0,0450473445904606
-0,0282026619138913
-0,136659311755366
-0,316107054572598
0,198871058050617
0,0273502959853629
-0,0228185823027976
-0,164995566393975
0,0579803304936062
0,113747575518776
0,125901482134797
0,0968731477647836
-0,0536819700915023
0,02668561434173
-0,217584955739708
-0,0479813345875313
0,199635695574248
0,178228279361538
0,00342585517422444
-0,104230783887157
0,172904187648835
0,1005967393112
-0,273411845012044
0,141283924702125
-0,0564742132612619
-0,0615083425561002
0,070546772366024
0,0239409971327337
-0,00471353713894998
0,0701000463138055
-0,189564225036504
-0,0279599387340015
-0,128151216515984
0,223036361253301
0,00978523917609427
0,109434514764287
-0,0114795933779724
-0,00587851611727353
0,0448478100143419
0,0187727757950891
0,0606480393736318
0,0368794859046479
0,000143364282109738
-0,0102595414710725
0,0131254088398369
-0,00339617667206911
-0,00043605815522956
0,000127491719746519
1,07943737377473E-07
0,00774125960918678
1,40542800453311E-05
-0,000615540371929749
0,00012057566142582
-0,000190346804170729
-0,000808857337686831
-0,00864763750057285
-0,0261147824028238
-0,00701662058868981
-0,0245931250366027
0,0102115434844256
-0,0294458168816195
-0,0389651600353807
-0,0010842183031004
0,0130522465964629
-0,0123936670448359
-0,0136448909173552
0,0124244922475214
-0,0304854609842423
-0,0454492792159594
0,0384428898547359
-0,0574740846847756
-0,0731813009214057
-0,0434758339025061
-0,0450943838094865
0,00959188854766513
-0,036070008713377
0,0317454096963578
-0,169823048063529
-0,0574701168116942
0,0393898096003039
-0,0398702635034237
0,0471639890420508
0,0334470860478349
0,0684032587824197
0,111248744902932
0,0941100271783679
-0,055359479688079
0,00209816972562015
0,254275668965149
0,0453589265376239
-0,150967427929339
0,0757473118256949
-0,0659161675291314
0,0760241441463877
0,0534650582620192
-0,0220005159880064
0,0608713018134752
-0,0161024030232712
0,000588735432069115
0,0612770341049022
0,0474163223965838
-0,00794180702534009
-0,0558695453582291
0,054193692081842
-0,0247126646372725
-0,0592782353798513
0,00887978578985641
-0,0310419190423309
0,113832500245989
-0,208283062139185
-0,848783598262023
0,0396137546396539
2,02811725179916E-10
7,16238168395872E-07
-1,85728895556295E-05
5,39429056614442E-05
0,000542510968005777
-0,000986522515502123
-0,000675996997607897
-0,00473131535261968
-0,00219406320462593
-0,0164890730613959
-0,000379688200452213
-0,000993079202851413
0,00271485140876809
0,0318421988085853
0,00237470150716407
-0,00618884951772496
-0,0178421531734834
-0,00506593051048699
0,0143311576195232
-0,000147007848027513
0,100874081035896
0,0294424498460364
-0,140325742833001
0,173654138149194
-0,131969973668425
-0,0942606208762432
0,175145179458063
-0,0126990035032668
-0,104014705875405
-0,0770668747221497
-0,00314123697074744
-0,134430126497901
-0,0831508838048233
-0,00545831218501082
-0,086348518637735
-0,281940282156541
-0,226832026229638
0,553890512872259
0,229846678940374
-0,0145383668568576
-0,0104115989607984
-0,0737335674965015
0,0659078639370146
0,0207658119953338
-0,0306270785643911
0,0695165505753039
-0,00014303426272376
0,0049093283169664
-0,0019980869651413
0,0612891742453791
0,00790557073403757
0,0480645546178942
0,0347003064875629
-0,0407094944860869
-0,158740677198018
-0,035295365605471
0,0676597838125138
0,11159152243755
0,236494717687217
0,0496398265803299
-0,453346135043985
0,0462750474607783
-0,0734450898273847
0,00106767408223316
1,18623979004467E-07
0,00091015416590436
-0,115216267803294
0,00240213628425765
0,218265245098092
0,00194775318315613
0,00261238022706852
0,00318371654495847
0,0139203044892498
0,00154495171533568
0,0340147515671561
-0,0204371692885736
0,0449849012732916
-0,0606803063756842
-0,0689905992386639
0,0159051369482241
0,0178325897526768
0,0148985670980223
0,0543889810855738
0,021493575279161
-0,147344777165062
-0,0236766470607337
0,0619932278310011
0,061571885351254
0,0931558878559963
-0,241839962289922
0,371167281309476
-0,217563996995757
0,253011702003794
0,363348548253432
-0,495042772256847
0,0581962209696646
0,0215405333168526
-0,0264274567279925
-0,0440975330396587
0,162042887040269
0,0110910950700666
0,0778888542826821
-0,0104181002141186
-0,340471937149034
-0,0380602605670695
-0,147558728592913
-0,0854377823899926
0,0203519695354793
-0,00467163729652158
-0,104762659756577
0,0368058896479
0,00732826004504894
-0,00652850261906745
0,0147245198314949
0,00937010172301494
0,0126319699222247
0,00054209149302349
-0,0121889697852807
0,0125651280974594
-0,00991736249856665
0,00661326636562102
-0,00525498310487607
-0,00564714456176375
0,00269419007149216
0,000530813535490066
2,35559292168854E-06
-0,000233697988627141
7,17707128017878E-06
8,03717147606779E-06
0,000329012260245607
-0,00275772620756522
0,0197365842546676
0,00563997948166877
0,000703018880471783
-0,000872818822735863
-0,00779473151055132
-0,00634948935421358
-0,0457056850630942
0,107938603046874
0,0218016468364809
-0,101269648263663
-0,0167919438547101
0,265662299552705
-0,0822899317691022
0,0891255605733427
-0,00534857669700458
-0,0118263585712926
-0,130687195011594
-0,0632841221706763
-0,0580959080461315
-0,127794627584321
0,101570147755217
0,0537721147283803
0,0366909618615136
-0,157432470990863
-0,133752339783971
0,0790738416361158
0,0899827796015302
-0,011942283798674
-0,0742317645612845
-0,059094194351316
0,075844338348142
0,00348911502357727
0,0428704778899728
-0,0403431124087442
0,0230369561646509
-0,00427769137370676
-0,0182381152551622
0,0983786880399855
-0,145082453343755
0,112606504348001
0,090582096128323
-0,142145796373716
0,177370792420757
-0,193143451000927
-0,100163150048243
-0,509889006644143
-0,503963113960741
0,0305657860948053
0,0529597967452276
0,0622125110706488
0,13086855781012
-0,171956208706571
-0,043515050382921
0,0958624092769449
-0,00976835593969193
-0,163780041934953
-0,0259015281248974
-0,00609584820041605
-0,00181447666870307
0,00551842743778125
-0,000239130381544722
1,09628679408119E-07
1,10287103301909E-05
-0,000167300179810312
0,000228030762073976
0,000450816382903765
-0,0089767636647589
-0,0272084294282267
-0,0640162635730365
0,00460244619259118
-0,0685882242947669
0,0243637330032875
-0,0286171686161124
0,017530358627847
0,113887770929271
-0,0440198862892821
0,00957361119210643
-0,0961516949670653
-0,0392751187242024
-0,0179149202234138
-0,0745851644191732
-0,0312761374855347
0,132256194032602
0,0300130143325513
-0,0383374193204039
0,26056481712195
0,0718535333893196
-0,170122004877084
-0,00269230739223138
0,107389340115158
-0,142338908781464
-0,319888934860042
-0,511478638873603
-0,0086958114421691
-0,319866552178456
-0,0153749574010026
-0,301758783192233
-0,0408604019745172
-0,0372903493437368
-0,0885631021157982
0,00959371555517438
0,0563257756145624
0,18969461118577
-0,0861113282085155
0,13585238067028
0,172471149773906
-0,223939339862826
0,143136381668033
0,0494271922051503
0,0417174383105862
-0,173214976709375
-0,0342542528901807
-0,0797077681743447
-0,0160812370162715
0,0546158841002796
-0,0501380991773029
-0,00655193404815824
0,007471147380569
0,0408347651998373
-0,0858994527073521
-0,102459770035847
-0,0343775082857566
-0,000216331810578766
-0,000795864146456965
-5,24546243474592E-05
5,43441368847335E-08
0,000520450536434994
-0,00223144608274259
0,0060569826356896
-0,000773010372374213
-0,117726767877639
-0,159595282892541
-0,199522206478888
0,0735004926512157
0,103767690362937
-0,0127698691481157
-0,0301369206052279
-0,0224630936114657
-0,0386527587723715
0,0470733130128393
-0,104837902586062
0,0257424956522895
-0,0214278975956563
0,0997584529170886
0,102358100854876
-0,106716983835956
-0,0435554730845047
0,0081213959238092
0,0789939033764734
-0,0101003518352079
0,490482521810451
0,295531224186135
-0,118471762595504
-0,0129119193368793
-0,138160620634762
0,0118638315951203
0,0458530366328755
-0,020262535877122
0,0223935836821799
-0,110454265137991
-0,0215597079759125
0,161329596831618
-0,0438650568896022
0,104822677474096
-0,0593684589334212
-0,0363145523341232
0,0248237336706825
-0,0226296218758203
-0,0226610469642113
0,0682944875972881
0,0717385469982631
0,115782441351333
0,0454357459653768
0,0501171138706845
0,18941323788289
-0,0312116880813572
0,10966767583403
-0,0399929567190375
0,309894148222381
-0,254049517968536
-0,0942015346871932
0,240164837896785
0,0174240313498202
-0,321589689976164
-0,113736941383005
-0,0500871971204765
-0,00217449933197344
0,0103701300745798
-0,000566884392760405
4,12123087443629E-07
0,00169555152816917
-0,000127266150404448
0,00706086175241058
-0,00053634252764745
-0,0111579509502644
-0,0388967876722186
-0,0678942558947735
0,00698816978167778
0,0486402540790801
-0,0296539331192338
-0,0292935198033485
0,325748823494881
-0,0670161331573784
0,276734913294072
0,10280937061468
-0,169151231122342
-0,264291222119195
-0,134353467533788
0,163208916614202
-0,0709948140391872
0,0280096015694381
0,103843684016407
0,0486977161571577
-0,0232153608256949
-0,247592747609007
-0,0953308267971334
-0,124378391698137
0,0214179364199102
-0,0894088261091431
0,161089223830367
0,0647972916713192
-0,174182676284048
-0,188608988349359
-0,0921980061816744
0,207300087590014
-0,332623443231108
-0,0359170826136783
-0,0355449540474165
-0,0642280105438341
0,0736340358099239
0,0386958301994639
-0,162183648033839
-0,0570169873012646
0,410170306973389
0,113592052113001
-0,0391587741505497
-0,0417317353958594
-0,0900690855239511
0,10092712598552
0,0100992215202806
0,0445529279799686
0,0147137146216199
0,0879082220071466
-0,075610642380388
-0,063928165752961
0,055334663413273
0,0724344300810084
-0,0083350834795295
-0,0357532916411457
0,0354846428074108
0,00418114086826289
-9,07167031283221E-05
-1,84421936520734E-08
6,12268537171176E-06
6,94839194386831E-05
-0,000254369874514668
0,0108806430889721
-0,000670887457313857
0,000520389377185015
-3,45551507152596E-05
0,000536240539661102
0,000280792182755846
0,0004240141496403
0,000166480180995847
0,00448455628630386
-0,0031779541770793
0,000771727537548208
-0,00328181226191803
0,00796892176571939
-0,000830123058397474
0,00827971110344001
-0,00449370535495769
0,00606153973605244
-0,00459699121387565
0,00254257365446371
-0,00534129774513389
0,00695017353732917
0,0154454446402554
-0,00357317801808464
0,00057709402626148
0,014313830320218
-0,0120909893678588
-0,00644899854695226
-0,00344995594918626
0,0168970213385657
-0,0275391766262086
-0,0123039779153008
0,000406985060103714
-0,00736936849040954
0,0241214305484205
0,0233082456872571
-0,0730473303187269
-0,0330933025065227
-0,0327309072619185
-0,0192966890449024
0,0443956232962715
-0,0801457973710968
0,0599838061292856
0,122995143517181
0,145358748264941
-0,00333640824521354
-0,0624750275313586
-0,0915493429489951
-0,730511193337481
0,153168375998419
-0,309699199868836
-0,291587800646129
-0,0619783077250857
-0,0977047315404568
0,192534677436676
-0,284276715715767
0,160044900723753
-0,173053192641503
0,0522443584886787
-0,00316337675486343
0,0218507331703195
-0,000706812643677995
1,99183065711184E-06
0,00844003695599903
-0,000293091301293183
0,00186694030686242
0,00426924348728109
-0,00552857065370894
-0,0101933888774988
-0,0909950691365642
-0,342196800488836
0,131749015328494
-0,0449192900843391
0,0244985671721526
-0,0296464034864684
-0,0349536390043668
0,0580304132452695
-0,254810673183688
-0,280538900748611
0,186175366801467
-0,0211403428937802
0,0995358667199067
-0,0546572938666246
0,0499437644350981
-0,135329350593838
-0,213611283410918
0,149731938642939
0,0245315559742389
0,224015016775719
-0,0130849189947286
-0,0875189551778473
0,405193551281975
0,318954619264491
-0,277097908334959
-0,00315218107481307
-0,112886396493864
0,0250693772198741
0,0524241693652341
0,0336416186372635
0,0485943842691965
-0,0314845913704568
0,128171911369832
0,11304275050791
-0,0156891585550719
-0,067316029161754
0,000841662728285138
0,0156347542149199
-0,012820956744412
0,0905607186491165
-0,0234305592277005
-0,0803714171086176
0,0275292005103849
-0,0657964484740235
0,18038063214108
0,135637097813497
0,0068064233454372
0,183505525550552
-0,00862007311037666
0,00235835787556085
0,0717029430175423
0,00492213601660395
0,0340783849778984
-0,00193111088899743
-0,00569896285478199
-0,0272238072729108
0,00125384577180953
2,15534581613993E-09
8,08167975867861E-05
-3,09474764006535E-05
0,000156058933541476
0,000320014072563186
-0,000535253536257309
-0,00116334480502635
-0,00706801689101993
-0,0227167997817497
0,0089401732607988
0,00243716930537475
0,00702602377962873
0,000880687231619786
-0,00925492161934436
0,000402275463291146
-0,0315196838828083
-0,0370336284587318
0,0274896447915981
-0,00138735307403886
0,0157900766970797
-0,0135752479401188
0,0048901666786683
-0,050001367306142
-0,0351272388077638
0,0810933823350685
0,00811391142054537
0,0618039070099785
0,0252433763649692
-0,0481767621785977
0,136116840305601
0,158229364283793
-0,0705758979059652
-0,0876860868197368
-0,162125976590624
0,0853920102777064
0,0118025693598397
0,130047137341613
0,131206922591699
-0,201920774334996
-0,0675359944402997
0,0473763850612286
-0,10413068989998
-0,19216809891846
0,0237289435790998
-0,0158313641090583
0,161877622927349
-0,490477001812253
0,230154437183697
0,324908794537031
-0,0861948126530298
0,112100970431175
-0,304341112178253
-0,306769527577987
-0,0556416860999745
-0,31296100101359
-0,0133968268957152
-0,00625263709421342
-0,141398254471209
-0,02391280387348
-0,0493431747125833
0,00183235066822773
0,00965461067861886
0,0428926137085817
-0,00200118897449938
3,82132765827699E-07
7,29023254933933E-05
-0,000718355991606769
0,00192542238736665
0,0223798961155408
-0,0202753017418463
0,00511214228511837
-0,00614987397773139
-0,0104988005092284
-0,00593410438127707
-0,0330021186536665
0,00538539191208581
-0,0282963935009877
0,0449805278853669
0,000326940457320082
-0,0354648499546842
-0,0505018917792257
-0,0704376060477585
-0,0320621269141934
0,00936213728923373
0,306154032827624
0,00412825607721517
-0,24241651012394
0,25794581796182
-0,120132396706829
-0,0775670578480327
0,181917550319621
0,00757091910530941
-0,099762623993337
-0,0953899927413842
-0,063511679031787
-0,14198518120969
-0,105796934365728
-0,00121799622087821
0,011741089572078
-0,0811711794464921
-0,115124625117566
-0,226396350565939
-0,0557792568083105
-0,139332846594388
0,296596399537067
-0,0384821185864566
-0,00625776849956832
-0,415644461294313
-0,212443408737813
-0,178758036685232
-0,14963122864273
0,170197896570029
-0,0544226302368604
0,0379807619636159
-0,114359354544959
0,00479919060310335
-0,0978927199297698
0,219795835773097
0,123732265474142
0,0962709424816926
0,0384264002095351
0,134549548813619
0,044328012383362
-0,0446208593490462
0,220733686845224
-0,0306296905193417
0,0181688862647423
0,000444391361418083
3,17416683474681E-07
3,2036433332045E-05
-0,000342916759779161
0,00136513560945951
0,000996190683274235
-0,00401819807073147
-0,0143920935642168
-0,077181740457204
-0,060145141046827
-0,336392321845506
-0,016689749380994
-0,037881428307145
0,19296310684388
0,293647020750505
0,176317848915423
0,0703312707178674
0,0689711020829265
0,252101789480288
0,489441464627859
0,171518353410631
0,00688670079501577
0,243866783452766
-0,126417675517681
-0,00157660489784529
-0,0998633621408301
-0,0730902559181312
0,0944088042129183
-0,0122699054975445
-0,0396984757229446
0,0216750109344361
0,108759749948956
0,227427413659645
0,117986799157911
0,0651548493573718
-0,0334255210812319
-0,053882614387676
0,00301247068286169
0,0301490683462953
-0,0796270755920369
0,00964423042390624
-0,058828161697371
0,195331919627448
-0,147307395876155
-0,00257905697613535
0,101492504589092
-0,219857303038486
-0,0144201163163334
0,0593901036894753
-0,0529319854759731
-0,200729366394204
-0,0550404289737501
-0,0636219503343157
0,0544831837113543
0,0309775319974583
-0,0382457309971426
0,00352163683911053
0,0299865926542776
0,0067515637895821
-0,0267623242708551
0,0202456453779007
0,0135646986042317
-0,00192275773711741
0,000355822607121332
5,28949324538546E-05
1,8791605322577E-10
9,21006772345591E-06
-0,00210537599531217
0,000415358473652787
-0,000396188911216235
-0,0725138210514997
-0,000744944507614897
-0,0177192766185551
0,003434093680641
-0,0123136201850696
0,00361774483453401
-0,0271905196716783
-0,0204833842695727
0,023002292608435
-0,00831702873195656
-0,00965926615261134
-0,0299119150517575
-0,0124413832535812
-0,0192352880792947
0,026603540078794
-0,0801435545376917
0,00614870040473357
0,00369415366292405
0,0637037969939818
0,0650521890860381
0,359419719928024
0,179103477086575
-0,112801113165153
0,0314429342720703
-0,196392539747964
-0,0257925282176785
0,0696106519961757
0,123076688782723
-0,228682992414093
-0,295722410655228
0,145366391318398
-0,195578729417826
0,0628152126041362
-0,213409976609651
0,0916536882081899
0,00337920374868605
-0,0463286915674742
0,0431590046338304
0,0139332133919133
-0,105678584844092
-0,0441166845765125
-0,100815534655138
0,0112192146189926
-0,0639111928140581
-0,078961889035706
-0,00879164471411437
-0,00278125756077338
0,0671320602919421
0,0629476221509259
0,0888602226666541
-0,262589593962653
-0,39397955261077
-0,221238541662948
0,348349760295819
0,169232296892835
0,0821044235436555
0,0030516938984897
0,00599793536584625
-0,00010201664145298
6,77465371740563E-08
0,00075435893726248
-0,000148381683276771
0,00707781790274722
-0,000510078712233195
-0,01014528458376
-0,0120157443400128
-0,0314251562654977
-0,0158894749414412
0,0340684090227342
-0,0392227461710764
-0,016007079020109
0,142263252533004
-0,0650386735058856
0,127180579305343
-0,174890528335111
-0,171216082709516
-0,204659106724809
0,0639861764476814
0,313572763851025
-0,251497206360882
-0,075756442163064
0,013598911412496
0,177616214189666
-0,114187361006304
0,143082541968418
-0,0420562289996251
0,14871783542317
-0,0718573375676752
-0,014233833410764
-0,152339313596786
-0,0287679144412003
0,0981854144024369
0,12010414847801
0,116617652384532
-0,193113246258507
0,329991344483314
-0,0176116829229349
0,167139727426444
-0,115851019287825
0,132988189691489
-0,0297886715396896
0,0387711973783086
0,0165495113202183
0,207156979108999
0,0602768102530979
-0,0553194987690967
0,164287776439228
-0,202469369352167
-0,0603280007937585
0,011434393653461
-0,0596861683815053
-0,1077045243511
-0,196428355461203
0,104968557730953
0,120264708020498
-0,269269775038219
0,0603407000742312
0,116116440775595
0,163726752378959
0,0134000688116759
0,00750525691623783
-0,000137649464013838
-9,42294880531702E-05
0,000741587262296697
0,000497641326470118
-0,000894344335660878
-0,000393644080890227
0,00377795010858622
-0,00255612881427694
-0,00854696427391271
-0,0766640196258675
-0,173865935543407
-0,16900104821081
-0,176728035663504
0,0708146176624787
-0,0796521037443607
-0,108180769020806
0,0255055975242491
0,122336918708996
0,114826474889623
-0,0581532805314155
0,0748495857972594
0,0935709329157182
0,224196905348587
-0,203633189602056
0,343360372577925
0,239700082559358
0,0855686601428916
0,0620341901975997
-0,0769219559818189
-0,024851869161178
0,0628001342784448
0,00521381694773723
-0,0315050961973288
-0,163677333783799
-0,0433043775787715
-0,0390157270351807
0,111050056072907
0,340418972058573
0,208451244059419
0,329693015343309
0,0686216048517383
0,211828620153972
-0,101770160150709
0,10111680331479
0,0193877925409048
-0,166478868865089
0,0779580055827173
-0,134080086634544
-0,119160521763936
0,133518687968006
0,0565441638021441
-0,108908490077277
-0,0714132721605903
0,164747493654045
0,116581382219532
0,0543028035549283
0,00802162234065357
0,0854872315667332
0,0182411299087013
0,0548007230049753
0,022795679489813
0,00255075941026573
0,0676262704590383
-0,0104726000134613
-0,00117845237084506
0,000470128949184087
2,21939905561001E-07
0,0133687911509549
-0,000100109722406462
-0,000916397497425548
0,00111782586276249
-0,000482681206910338
-0,00142222525489751
-0,0199613990588798
-0,0879676514841835
0,0433365866901404
0,0348242337907824
-0,0249519557031127
0,0416409500883501
-0,0568454225181266
0,0203283037797703
-0,221478544444773
-0,244452106536088
0,381746345838282
-0,0668975486760494
0,00353791428759019
0,135992787379402
-0,0424948624132218
0,219404164428262
0,0202702032926734
0,0331974923163096
-0,0754516778054278
-0,156960253647187
-0,477084721324832
-0,428743812577348
-0,108705323910318
-0,181688834694785
0,108939457068962
0,0314222214937708
0,0277590774178482
0,0123239872190797
0,0103462752630756
0,0108610683982614
0,00109850296149003
-0,00636907439598119
-0,14220093581206
0,0163059946087585
0,253012425196361
0,212866738516853
0,0602601115156616
-0,0311027124922243
0,0206298119522101
-0,0771459961200606
0,0167284517204672
-0,00449492041616195
0,0471094321383654
0,0286827938280658
-0,0516071283007453
-0,0537678969326824
-0,0133650562589403
-0,0391442367825882
0,00612503836225064
0,00676611997509563
-0,0294063141663238
0,0161565039167989
-0,018443205760226
0,00544109062894348
-0,000728794350593079
0,000160066931109203
1,93016286834355E-05
2,85845504510849E-11
4,03466440657418E-08
-1,39740982056918E-06
2,53929586218959E-06
7,81724213917547E-06
-0,000128660395746732
-0,000427160248117424
-0,00171487496415325
-0,000266402759730849
-0,00453631903461202
0,000855719145104906
-0,00151362404492937
0,0022152709572533
0,00922003483723371
-0,00112276294946918
0,00108482721294181
-0,00488113415021044
0,000609292419863364
0,0084254920002957
0,000312679549475192
-0,00238725030099188
0,0196207975469428
0,00302196155899959
-0,00334172530417372
0,0268138603578482
0,00492508954100459
-0,0180157942161789
-0,00188815860008294
0,0118527193870136
-0,024412461387119
-0,0385346039092924
-0,0819378812337705
-0,0186465363555556
-0,0453685085723778
0,00127888118070016
-0,0259877442209184
0,000721081661216246
-0,0319549093831693
0,0179102246929946
-0,0141261573228997
-0,0221537896245612
0,0259761021530138
-0,0245326871537604
0,0225123324438105
0,000849341826973712
0,0601617565618107
0,0402279782691837
-0,0408410744015774
0,0383999877719365
-0,00429246305956901
0,0375524884159659
-0,0118371376820284
-0,040024374035519
0,0496160501812224
-0,0449512205450948
0,0756111229058091
0,489338303163185
-0,147334251093666
0,130268732402762
0,802839003966491
0,194914405871848
-0,00170501603102188
0,00659049390568149
0,000179072629916897
0,00017126660198492
0,000504379050177723
-0,169885225270323
0,062872750921442
0,00111528367044054
0,00508928478277542
-0,00173248481850454
-0,0493950099925307
-0,0514437760186243
-0,160403285259805
0,310566459030914
-0,0524216639536259
-0,219883106118859
-0,0646972449116059
0,221773328311159
-0,0674319624932886
0,0663108404878772
-0,164238051063248
-0,103582279841102
0,0685564335159816
0,158029863742525
0,0145841785014434
0,225324570810243
-0,276197008946556
-0,120748029384902
-0,0498284603621176
0,157834412975076
0,197447311820928
-0,251546911893311
-0,10097885023919
-0,0359012112625233
-0,0423619260165085
0,190902130067652
-0,167764247992375
0,0175498486646276
0,0500877829300786
0,0256418195539253
-0,0300800241929283
0,154390647929214
-0,171871005128338
-0,0775770324104495
-0,0663929927278361
-0,158528703533052
0,103654574068761
-0,0737140787368708
-0,0168474420392046
-0,0854285656297249
-0,0397920368577736
-0,0588574867518644
0,0336849152958295
-0,242484605765013
-0,236651559137298
0,259157283760407
0,0470961455301276
-0,0307995661593214
0,0100704186486458
0,00881275744053631
0,0265968787875144
-0,0158619821872886
0,00494288297773276
0,0123511634268522
-0,00331263924795796
-0,00393975832400721
0,000261447513588745
1,80282439753159E-08
6,56163925376062E-06
-0,000711611032143389
0,00063546681147943
0,00155916116948489
-0,00804335153113484
-0,0171618558271191
-0,0510033261607375
0,000159333294299751
-0,07506094638133
0,0359034420596096
0,00257276232815785
-0,0432251447773772
0,108507117979053
-0,0686260690221257
-0,0530830195680798
-0,134038312350983
-0,10256674808712
-0,133348284333331
-0,102310526209501
0,181509177159702
0,00186839486956909
-0,266267424352615
0,39091769968846
-0,261970073774519
-0,176673172046849
0,242989605007073
-0,0241392985476098
-0,128371511886992
-0,0534372483694207
-0,00275947772274707
-0,160611352456634
-0,0208193113838057
-0,0422664186030878
0,00245064507533226
0,208815511965057
0,208165382971314
-0,171538715619153
-0,110037406706895
0,13907122470262
-0,206103535985088
0,0633669425996808
0,00787482809528154
0,249335590080521
0,149542168113572
0,0513778454567214
0,127126198680894
-0,0716542069050447
0,0137614982711461
-0,0524982853195929
0,105986802236959
-0,00452818904818778
0,10831861549512
-0,209146293234662
-0,0783591939766344
-0,0826400180114068
-0,0656276870917139
-0,184215861440279
-0,155416561263119
0,0207303768804044
0,00262610864690004
0,00767448672520092
0,0182737570776717
-0,000974232947432403
5,73863497238917E-08
4,35638830012668E-05
-9,8119174883848E-05
0,00602894328207362
-0,00055845181527609
-0,016198597119296
0,000441452029978569
-0,00802249763416465
0,00223522334417095
0,0090247757777331
-0,0244499817380555
-0,0186152966431037
0,0473091131413637
-0,00625946755205212
-0,0149902106968016
-0,11909927030701
0,0172012678741221
-0,0900413532279587
0,120711967860872
-0,0978001977729054
0,046669250302938
-0,0774968591278346
0,0358742301516198
-0,06484804174357
0,00818526876811391
-0,12947903247256
-0,0649231002606853
0,0295443128598635
-0,0276033434076703
0,00598897161152881
0,0281934053769942
0,0130401248587002
-0,113012401566021
-0,0736864319365221
-0,514187773975948
0,018586637715144
0,134074650950448
-0,00169756744413251
-0,0159529234479984
0,019949989092468
0,00440960908694708
-0,0136132820874797
-0,00146635496151936
-0,022246601718912
0,0119856241163797
0,00781727576310545
-0,026439040484107
0,0861517567689917
-0,0733409847901176
0,0185091347713215
-0,038570982823376
-0,0346031344141698
-0,0565307187599465
0,172237570005183
0,232564703250534
0,477099219716292
-0,0368944793862916
-0,395274948387321
-0,142816480736027
0,0130558936232957
-0,313013505604939
-0,0478037499595409
-0,00378649723339194
0,000424283189830722
8,99593088754828E-05
0,106195684478666
-0,00392005723608738
0,175747057769746
-0,0113881462624349
-0,000739216393475124
-0,0114023015186531
-0,0118455056003341
0,00460472541695599
0,0315547029622522
-0,0424299603206356
-0,0226929705210357
0,238258375783257
0,0136871163906421
0,134351676374662
0,0734928341141297
-0,0828707410946836
-0,120900047695222
-0,0784825146612819
-0,0674388236923149
0,0127511666578544
-0,0138216627772678
0,0472497473273337
0,0404229218602064
0,0459667231536752
0,0575446694310563
0,0949701262416481
-0,205224410726672
0,157652983840302
0,00492609747041963
0,219399488212317
0,00907278176944114
-0,033561048255809
-0,0170457542189406
0,098423993632092
-0,105453894696093
0,161625312946509
-0,0633845065480903
0,288182890636825
-0,0569717356625613
0,0158207890393107
-0,00653693850204367
0,0920274977808705
0,0321154907811457
-0,159045370258071
-0,129707238911659
0,109067187092284
0,0690681710230359
0,0776111235275543
-0,13955949848709
0,148989683507892
-0,252548111499009
0,212561707594734
-0,0216841774594806
0,118705990077865
-0,0118686586401273
0,254582126602496
-0,294420200766028
0,317978873089805
-0,268077289457359
0,0664216515199261
-0,0104061000280398
0,00415735209243236
0,000259553950287093
3,1116461453152E-07
9,48784373952688E-06
-1,20733296663658E-05
-1,00078606087457E-05
0,000106008865419986
-0,000130894619545642
-0,000486866816409617
-0,00614690073565708
-0,0149130949393084
-0,0193730773150188
-0,0278268539409197
0,0136511385843819
-0,0240132069591591
-0,053742052462745
0,00578860806907084
0,030876656475802
-0,000832402857650882
-0,0206813205508014
0,0432862423030117
-0,0476505315305877
0,0376286669956237
0,0685678236728093
0,178882880381725
0,169422812761613
0,0098343120372337
0,0447541697247279
-0,0258657408709067
0,0270236715907109
-0,0318129893369133
0,109458865797345
0,0434538056722164
-0,0457837466452673
0,0201390221890509
-0,0112912083663108
0,0145603240120205
0,0765670871178071
0,0763330832867985
0,149212043477759
-0,0688535245500582
0,0867152582059045
0,142388645166317
0,157570703979912
-0,271270806981234
-0,204477370399772
-0,190546180077693
-0,0222367449068642
0,265530810249118
-0,280771612625845
-0,359287788988993
0,205163477621047
0,118404965995599
-0,435948252658061
-0,288398641284674
-0,0614228086273886
0,0208563082936044
-0,173681122625088
0,00526142399223375
-0,0548374655099831
-0,0658724562743551
0,0128232759459518
-0,0891937922832728
0,0134892591013333
0,0025237147208875
0,000251410181422665
1,48365243753788E-07
0,000152693269743673
-0,00375604586388565
0,00096508952072816
0,0128105430289283
0,000139296919891237
-0,000499152175177459
-0,0100589781217796
-0,0345343705040308
-0,000872597066919558
0,0945266516525293
-0,0514457858742253
0,0545925487907774
-0,111540531263368
-0,0743513441543392
-0,0146098295348494
-0,0281039388968152
0,0817806827049728
0,0378691473933948
0,0395703473157907
0,0727010003735662
-0,0211863067469552
-0,00278574899679018
0,0717334559258379
0,015790326186729
-0,0185543441509653
-0,154096615675741
-0,295024113010012
-0,129587770453366
-0,0769736450286767
-0,078327890648404
0,123117388360289
0,0254750587831514
-0,0784683087204925
0,0511213759795086
-0,201808784960887
0,0915772063304369
-0,0859225041805492
0,0271851516364604
0,343180007016781
-0,108118266653733
-0,619796013981922
-0,41666782308118
-0,106017288256337
0,0526251243856604
-0,063739036406245
0,0944370768115869
-0,00804816651829922
0,0184347749419101
-0,0571209609989839
-0,0172557085746131
0,0310852819011024
0,0361373870595129
0,0112642615113775
0,0222780578410172
-0,00486608037439388
0,00136280455400199
0,0250388507766503
0,0019571362173076
0,014690770776185
-0,0203632859884805
0,00222383628188964
-0,00272442236175875
2,28644189669295E-05
6,60422913968475E-06
0,00153068621875077
-0,000644422149179361
0,0132672335741719
0,00537566750182688
-0,00750297130761579
-0,00291336602055457
0,00149098450862412
-0,00193843694607894
-0,00868990368636785
0,0713686441334326
0,178254683525967
0,0432347328284505
-0,0216054706338556
-0,00842263154133293
0,00195253381345447
0,0121216254134055
0,00957518077365674
0,0188707620191178
-0,0102629677354118
-0,0420582924471122
-0,0369963148346155
-0,0531683822725418
0,0877563817788695
0,334022993000762
-0,0605392259429176
0,0910599900890629
0,174327886173853
-0,178976809514489
-0,143296360068455
0,0624946809693794
0,201186087059034
-0,242060552734632
-0,165012191915822
0,151366027238129
-0,094951362848839
0,203488198222561
0,133976912514647
-0,35576525317595
-0,243315157222993
-0,159813462900827
-0,0894177874429468
0,196374031350095
-0,210175174725649
0,0777627567346731
0,154329535306515
0,246346208353457
-0,125963777781261
0,0269465599932138
-0,140929142307483
0,01290503847825
-0,12245681506941
0,182144429232977
0,133431653663356
0,0826555523094508
0,0407611824097617
-0,033433354164126
0,107607888211229
0,0232200127059133
0,0229593042149102
-0,0153803488572096
-0,00266677080133924
-0,0183080830262521
0,000797325339820073
1,35690866056859E-05
0,000175475474843246
-0,0103359239192538
0,0306384165981912
0,00918397695341337
-0,00146791891368276
-0,00787439111941227
-0,0382935615107965
-0,0215698347018562
-0,113659190782837
0,208928451024886
-0,0620106746512905
-0,130083240990897
-0,0362343245769349
0,129954551241464
-0,0701220956382563
0,0197715923227531
-0,124998720683299
-0,0608208125066361
0,0304399572616601
0,065354174480032
0,0185286827235495
0,166585257041616
-0,21604882874211
-0,13819923609595
0,135929881285066
0,166238185378237
0,00527293731203674
-0,0804386019042644
0,0754471997147619
-0,115339167823457
0,0537178218695184
-0,498861049054178
0,1393285679967
0,0371047043071113
-0,158706743340095
-0,0654556970769232
-0,0438483753925749
-0,0911256414785461
0,0621603031314403
-0,170415147620791
0,178061785730286
-0,155467865779177
-0,101967375258533
0,0135575735365714
-0,0600615562113437
0,0337098126236473
-0,0328775002852506
0,00155272262544589
-0,18045562367669
0,295790045792156
0,275564927493585
-0,210946976854951
-0,109326583072977
0,0844828583706792
-0,000655784111516391
-0,0150710607782916
-0,0849118777949722
0,136911935739232
-0,0509017950982298
0,0155276210904698
0,000232363547640489
0,0032651154697123
-7,49752875109542E-05
5,751508206958E-09
3,98225082499332E-06
-9,57567311782088E-06
0,00060036619315167
-5,54660756016186E-05
-0,00150090808444038
0,000466965441815728
-9,25810614382079E-05
-6,75425068024014E-05
0,000425954973212859
-0,00236101496126661
-0,00176982262463007
0,00399100015229491
-0,000294386051914373
-0,00236785731774412
-0,0123361378558561
0,0018537524262059
-0,00842974096113767
0,0122618563191999
-0,0105820149693027
0,00464657757871337
-0,00804796832928817
0,00289857046429853
-0,00648835770628977
0,000963496612337238
-0,0107387647601789
-0,00567901610174506
0,00339889955348488
-0,00269687790491732
0,00121393711762622
0,00156499811960349
0,00115956241507475
-0,00890596089305401
-0,00552298957531094
-0,0500059790584671
-0,00129996661286448
0,0181987750223777
0,000391646202006776
-0,000484085207470922
0,00250326127838857
-0,00244293531824288
-0,000315751510739867
0,00164576812461955
-0,00150055401258798
-0,0121816713417805
-0,00119791419812205
-0,00148073783361807
0,00950590719479583
-0,00117554091926679
-0,00282392193371783
-0,00701876125764992
-0,00150424943973079
-0,00786413579501383
0,019788871092973
0,0230573478232759
0,0369684979777623
0,00269248226798109
-0,0194874228292753
-0,0260561266963884
-0,0246482412449545
0,101329305903595
0,965517310461205
-0,221966054394264
-0,0108845172438323
2,49857141980728E-09
0,000257709503333607
-0,000740386420391133
0,000789808779004995
0,00137767463692093
-0,0683380951629209
-0,208594878742182
-0,332868308209732
0,0543007272541624
-0,166433463967838
-0,00238474311474802
-0,0197903201836266
-0,103125591792247
0,129079797790509
-0,204160219947758
-0,0466281322217874
-0,189818173382992
-0,0775934446756895
-0,215048049329115
-0,187923638164904
-0,136466423905914
-0,115117132560185
-0,128162153801852
0,0751324531143395
0,0691581299148906
-0,0193723325929126
-0,138239787365191
-0,022713236945967
0,0751953177120486
0,0990253964084773
0,0282986328290438
0,199334200930289
0,216363258048749
-0,0750535451932975
0,00493567884348332
-0,151983381046757
0,00978699611718305
0,0598604771392919
0,0815828850045967
-0,0924748478550955
-0,18947722402474
0,279699928005658
-0,301161327098452
-0,257250771251201
-0,0744961468567137
0,151278728013046
-0,171124600400478
-0,0373328953211927
-0,0589078327640763
0,00828919198224747
-0,0141137418892731
0,125965861309682
0,144437546973389
-0,0412875659696823
0,0167348990006337
0,0938224611918117
0,00558007133966129
0,00248900884400744
0,0569319442453496
-0,0191103308062437
0,0312361806926167
-0,00468190908566489
-0,00186773267924418
0,000286363403248918
6,66391602740626E-08
5,11052716634048E-05
-0,000353519601206673
0,00814916029735069
-0,000728827619451533
-0,201614937813534
0,0661312620792328
0,00560271358360327
-0,00505789440183939
-0,0055305174636538
-0,034565725568643
-0,0679690917067933
0,0291734437064785
-0,00121146482784969
-0,019321559651112
-0,108904117690477
0,0217361848403294
-0,0775352992058542
0,108705658880063
-0,122229264815113
0,0454602298796374
-0,0946330035651441
0,0326848278270919
-0,0798139432812957
0,0359158753744387
-0,21627124334282
-0,117665662190137
0,0773819827857845
-0,04245301698032
0,0660960146023164
0,0282693605357368
0,0159384220882085
-0,128095274276287
-0,011011181852921
-0,518826250710995
-0,0694012278215579
0,27080692129787
0,00932002440015512
0,0514849053942825
0,0157285796528663
-0,0353965971704949
0,0193649455396505
0,000490309789503785
0,0313532964794647
-0,103181703573836
0,0538430128466825
0,116960750614215
0,255570249825095
-0,0433092184835224
0,0122482351981217
0,0461549216588865
0,003365483502783
0,033970466355441
-0,0880797103489958
-0,153845195706884
-0,347889647518131
0,0393216723970354
0,318939847757731
0,117591899533479
-0,0182316341134701
0,263877073151241
-0,0418568257473081
0,022636076697458
0,000569976364855102
2,1609683103178E-07
0,0145503395994383
2,23656879039228E-05
-0,00115126271268349
0,000266044398279751
-0,000388741576046376
-0,00159932127707266
-0,0172241929919762
-0,0532637895807324
-0,0111265340543299
-0,0451704603926545
0,0186409159913424
-0,0537146845781376
-0,0746442144731584
-0,00048429790724054
0,016197535994723
-0,0324296509791472
-0,0127446789000154
0,0206650173908102
-0,0577215183592074
-0,0828041678094453
0,0712589450847005
-0,102890143290892
-0,137839038933354
-0,0801550936865548
-0,0858561141273554
0,0198625166127525
-0,0678049989985655
0,0577971726169237
-0,317513537821953
-0,106006589672513
0,0711419364082007
-0,076864300307223
0,0900700687609843
0,0614955523088345
0,135076662025116
0,205337960940184
0,178376482317479
-0,101482541609486
0,000692627604588989
0,484047610164867
0,0989804717354442
-0,28099947294828
0,143421823802516
-0,12570878640656
0,143840218688019
0,109606936880206
-0,0441045296142503
0,113224139166737
-0,0471390870734947
-0,0162081415291577
0,141792204910092
0,152867594642702
0,00982764523112804
0,0133434011569355
0,0739424984470698
0,00666207304543905
0,00656688954640413
0,0842827905620836
-0,0260179047105061
-0,0267808793941514
0,105486663963903
0,447898249208694
-0,0206796310852687
2,29601874956515E-07
0,000348450532718065
-0,000148043368872355
0,000693942842626893
0,00086213901238197
-0,00110130443599031
-0,00280267471679027
-0,0257205711883947
-0,0939499092354982
0,0366496386278061
0,0393467744867525
-0,0131034334916939
0,0323467648545964
-0,0403377042183851
0,109561087283281
-0,294286040732265
-0,284436364376435
0,405186621626286
-0,0922126397768244
-0,0184524635012881
0,0700164719571061
-0,0702350192691454
0,260146106402288
0,145648492727813
-0,0686635747039589
-0,115126439037372
0,0839780588150357
0,34113080328445
0,502718742855051
-0,280136916470545
0,0281504286456861
0,0456558667501758
-0,0332772278724138
0,106016173397224
-0,0356103399432339
-0,0746553502882175
-0,0480579847391055
-0,0251482114775106
-0,0597957292523029
0,0107210015811071
-0,0970661016981214
-0,0886035283127324
-0,0654415130238211
0,0104356860653467
-0,0318578687284623
-0,0289699728717439
-0,0479883555230702
-0,0235634710067309
-0,0136601093108088
-0,0114244883550438
-0,00297300981904221
-0,0299799392037025
-0,00407481362119302
0,0185189245258406
-0,0497931009833363
-0,0105683278125639
0,0269923351630074
-0,0135723710113882
-0,0216741661200819
-0,0166938182282106
0,00151501644795374
-0,00118824571545506
3,32684333294038E-05
1,91940547387288E-05
4,70982241962178E-11
4,11553108300408E-06
-3,98962038006975E-06
9,01735576057404E-06
3,63531096023907E-05
-7,80332272186605E-05
-0,000197895806403598
-0,00156005605378324
-0,00146089329139247
-0,00813108767167214
2,30085523412157E-05
-0,00139160637452179
0,00646958091852197
0,0118732317497918
0,0056876891464468
0,000789339770491755
-0,000725376451630341
0,0114617070238688
0,0236340628442413
0,00888313946265559
0,0194461321695365
0,0188142209500091
-0,0340955303759002
0,0374758132437833
-0,0370660275859281
-0,0287890089898465
0,0498558722685784
-0,013164711965154
-0,0382583971170668
-0,0253907100079659
0,00719250572277094
-0,0200002309014964
-0,020287154217659
0,00630623572035932
-0,0538958549239939
-0,205859265581545
-0,156679930845926
0,442197550124771
0,186791531867734
0,000267933057390063
-0,0523233316609829
-0,0646116388837236
0,0159997392092107
0,133297388982497
0,0443942002796292
0,135294482739269
0,0271408914770033
-0,122802757523711
0,0633292078373277
0,0103269244492337
0,0193166534448846
-0,0509072393230279
-0,0914288731796979
0,0476706551279608
0,256186315272003
0,0492877471147457
-0,110333513737304
-0,159819224094159
-0,317221553917442
-0,0775891637362829
0,618249681787163
-0,0627779614849193
0,100816810491363
-0,0014910731615616
4,21567097419507E-08
0,000237380412871975
-0,000685802230076143
0,00456505030667766
0,00652410855879333
-0,00253197759207741
-0,00420710431115106
-0,0123586057965167
-0,00187275041584112
-0,0327902335085388
0,0892528017406338
0,0205123137579956
-0,0777445148455639
-0,0189792158895612
0,237444353719882
-0,0906956137955595
0,0827570579924863
-0,0137170649727501
0,00542946005030401
-0,132300524355874
-0,0926276658510803
-0,0726228305811555
-0,140572491696284
0,135183571501125
0,0940883809269449
0,142315040560567
-0,116868237508116
-0,220184196875731
0,106357775226733
0,0861781342358912
0,017154811821074
-0,103337255514319
-0,329748336084242
0,395659527754565
-0,0360018014073188
-0,0300439023955219
-0,0814487215324069
-0,00392270636545743
-0,113260765559501
0,0126554085723942
-0,106514222835131
0,0756368733312834
-0,127858553306187
0,0761663588967151
0,0495477633977286
-0,0565143241326343
-0,0502030048961754
0,0301627986657688
0,147709412669356
0,24480712331366
-0,312722722636703
-0,311750641654735
0,244726060595866
-0,0644049369042512
0,0553888521492549
0,0570199943465061
-0,135732693751556
0,0875216177888417
0,0251289707578157
0,111684037153253
0,0100162462414726
0,00083081167901655
-0,00876858884018803
0,000377277427567306
7,76836073482751E-08
5,78049477648887E-05
-0,000126100159895116
0,00811077903305729
-0,000712079929222287
-0,00597059812261369
-0,000426278970770859
-0,0143889089218499
-0,0140145526190546
-0,0593469171135538
-0,0842221483242881
-0,00584996920286651
0,142218494204741
-0,0555043408258491
-0,0696597453659472
-0,331504166670249
0,274303185545272
-0,0536308345361311
-0,163524186850993
-0,000618172122442963
0,0382423569391376
0,254160863088186
-0,00501230131339592
-0,00399152281653137
0,0349860685049184
-0,00990228589218345
-0,00684232450403134
-0,0137877639077504
0,0261958667658145
-0,0357749041247659
-0,0161032349862743
0,0323857749731447
0,0698038970196406
0,00894902324214032
0,228258010077491
0,09739507695823
-0,190692636149201
0,0696036351076521
-0,100265586419796
0,0448107505968172
-0,167686552077312
0,0365930384711612
-0,0824027108735702
0,0980140074700872
-0,113803095213217
0,188866769305513
0,240313617687946
0,591172124484759
-0,186261358294357
0,0513094497463053
0,0406178747932044
-0,0284257677793011
-0,0153669923187366
0,0674228880868328
0,0509712681180229
0,0722145307945564
0,0106341765042736
-0,0279287138522525
-0,00795818977450226
-0,0116417365485763
0,0020956362894717
0,000460125649688799
0,000336674124556612
-1,4262138987338E-05
3,65343783682992E-10
5,19083792733376E-05
-0,000231656873022643
0,000476254739857153
0,000816732278745194
-0,0563590338778156
-0,058560692704242
-0,0958855142336039
0,0335635822677591
-0,00456927794601387
0,06767515441756
0,219461132343917
0,0200773069775966
0,0373908080377035
-0,0757534683368805
-0,0181152245426969
-0,0504136410743383
-0,0189568505046512
-0,024400662548121
-0,0133491784785273
0,0530084753601651
0,0245190242040072
-0,0216185672508649
0,014395753586143
-0,202938818630604
0,01610834319938
-0,0425755838341006
-0,0655612901952522
0,068850222087642
0,0789809622068178
0,0144093029569117
-0,0264214791717076
0,0536285921768013
0,0236462134906974
-0,0103194310711573
0,113150293037109
0,106964876279774
-0,0141714064281516
-0,00607664902503589
0,0298729802603414
-0,160982178849502
0,0206270945135148
-0,0451859010860532
0,313909895041197
0,0421926420435967
0,121279517763216
0,0102919610323117
-0,158462261030863
0,0765822583546211
-0,133134213034334
-0,107824181015244
-0,112140697435589
-0,358313728408556
0,448023750925891
0,23000333024504
0,069415592096866
0,0331630832109394
0,320534881032027
0,334723983764424
-0,0752070474539532
-0,0125292938111657
-0,0133674681602478
-0,0345825100103443
0,00178946177126396
2,996791237476E-10
9,13563783503261E-09
-1,16235454925517E-08
-9,63351560547457E-09
1,02026831766605E-07
-1,25939790184087E-07
-4,6840084434987E-07
-5,91146235883341E-06
-1,43402016695233E-05
-1,86231361052617E-05
-2,6743642867817E-05
1,31166068031249E-05
-2,30666471247649E-05
-5,16149672324873E-05
5,55931782768139E-06
2,96472383738529E-05
-7,9921781314087E-07
-1,98520722330136E-05
4,15329280969592E-05
-4,57010101705813E-05
3,60740588414687E-05
6,5726303572609E-05
0,000171398142919182
0,000162284021893529
9,41621014062472E-06
4,28439067732813E-05
-2,47494935760926E-05
2,58541622409711E-05
-3,04310173386269E-05
0,000104596590349858
4,15077386583946E-05
-4,36968523991722E-05
1,91932710088619E-05
-1,07557373852443E-05
1,38546059196902E-05
7,27588188246634E-05
7,24950301089857E-05
0,000141564371964071
-6,52354221315939E-05
8,18995209321474E-05
0,000134179018888491
0,00014809178954135
-0,000254273221449046
-0,000190095915204075
-0,000176724948545395
-2,05131561629158E-05
0,000243443463211565
-0,000255307488256762
-0,000322734241884253
0,000180287497510504
9,97879114857297E-05
-0,000355160344378021
-0,000226521635540954
-3,81837661756467E-05
1,00977358866098E-05
-2,62462601261504E-05
-8,43710743682194E-07
4,4622724087415E-05
0,000175151784578889
-6,14768869742952E-05
0,00222790848817027
-0,0209505061872387
-0,0411502659174398
-0,998930416334721
