0,999522356797982
-0,000746929368355902
0,00243085036727384
-0,0286563692431214
0,00196555297351837
-0,00150710419413371
0,000513393467007085
-0,000505533106825838
0,00150726241926244
-2,87967342177803E-05
0,00142629839016281
-0,00219213585005202
0,00200771201273371
-0,00164850886299984
0,00122018907055685
-0,0020535868150831
2,24986971315578E-05
0,00560499546548244
0,000686158217773883
-0,00282833029224128
0,00149415418183976
-0,000293764762438052
0,00114041654467811
-0,00119619245730649
0,000289035393059259
-0,00156406577639477
0,000146621639868311
-0,0013060442143739
0,000348140218429916
-0,000169388495724948
0,00222845099368329
-0,000638395513554498
0,00175052622948971
-0,000545231670508354
0,00231563154716181
-0,00185223303043364
0,000705111250958177
-0,00125211900716413
0,000441137010434592
-0,00148899942425219
0,00022382507962344
-0,000267991687627921
0,000131413538542263
-0,000165656767813639
0,000212560892955595
-0,00123501193399933
0,00200902518265781
-0,00202734072613965
0,000687122245311056
-0,00153532864003789
4,01547425741997E-05
-0,00193985191264385
0,000836623058008498
-0,000315227573618693
0,000126446380169603
-0,00016958661102734
0,00153687555406565
-0,00213975549443931
0,00125417109535917
-0,00137701270778834
0,000318389586679155
-4,0490192688859E-05
8,96476175450136E-06
1,63970957234205E-06
2,23486570262769E-06
0,97686942617006
0,00576905978515009
-0,0515623660541771
-0,00109127453724725
0,00529652073815015
0,00597547539027142
-0,0207064201193845
0,0178902272668909
0,0109174430927759
0,0127280337140245
0,0157920957936661
-0,0376113917840036
-0,0360678504019563
0,00227971657372637
0,0215361128771608
0,0240556006005291
-0,00340341542560036
0,00177723312948616
0,0146182111213212
0,00530933134917655
-0,0151666026668434
-0,00998823371092965
-0,0036568483769102
0,00924749984990852
0,00452739555632987
0,0392074335747998
0,052844424430384
0,0187496958742953
0,0409919583741769
-0,0305977092882733
-0,0388772706676863
0,0173052647089666
0,0228918394190889
-0,0253587684206279
0,0220822378976549
-0,0292348334999442
0,0725676700581281
-0,0798266008301778
-0,0291269870647443
0,027075983320311
-0,0522290055959689
-0,0249946547442826
-0,0198416373892899
-0,0323493348807181
0,023394372088816
-0,0250542664432564
-0,00601826373574124
-0,0044034452944687
0,0147810274910726
0,00414516417257786
0,0463823938899024
-0,00899786499202655
0,0151722661241689
0,00756451802708749
-0,0106936772762341
-0,0288577584265224
0,0382239596414945
-0,0229062101502991
0,025264995054575
-0,00568655709698619
0,000682619041251782
-0,000167721944773002
-2,89282036562674E-05
1,67493723635683E-06
0,000837382123801169
-0,91441603336444
-0,118230327704292
-0,200138827756162
0,0267234774963909
0,0287836225045379
-0,0210093785298057
-0,00720371605737131
-0,0821018517820534
-0,15139148375526
-0,0139349734313715
0,0131724947430896
0,0714779983999441
0,0909315137342483
0,0807638156984067
-0,00908099990082793
-0,0244220157670651
-0,0441405424862448
-0,0575936604079516
-0,0342342660382262
0,0271639350459071
-0,0229588428769497
0,0174610632569709
-0,0458422172099599
0,0121132012506475
0,023542287495955
0,0891609557269984
-0,00857853852944023
0,0268852107261737
0,021709140840935
-0,0146708495925618
-0,0779496778966086
0,00789486008023335
0,0295263586204569
-0,0263052312625954
-0,0187005510381404
-0,0140610926240573
0,0118080483410421
0,0398769540711155
-0,00555886019374004
0,0143564996619873
0,0324054748127244
-0,0253534692808545
-0,0200262720097294
-0,00723596506416808
-0,0162442527638665
0,00773566383581316
0,00399061849330783
0,00763147808229325
0,0423300143155153
0,0903032066514008
-0,0283882552317481
-0,0719241183305059
0,0189412741155036
-0,0242651722206303
0,0737138014618729
0,0291727476404333
0,0290974151089525
0,00363163528978974
-0,0119080905725856
0,00171911036927596
0,000563115129485734
-7,03081657992896E-05
0,0308110719588754
0,0224265591213972
-0,0759599601148005
0,926319036567971
-0,0683841288800954
0,0529049635867661
-0,0101492519347379
-0,0235987580969364
-0,0155522135062426
0,00199274765799215
-0,0444914538215752
0,0737307274823538
-0,0763319657592756
0,0510934952173545
-0,0173014075039161
0,0407578186852536
0,0027267593136002
-0,190298638456107
-0,0137985795706636
0,0865146374000937
-0,0760413033451217
-0,00015382362360294
-0,0373352769653957
0,0403483733165403
-6,00688906462668E-05
0,0561017260008606
0,00539283201312529
0,0380310197734283
-0,0204117592314451
0,00811238870723212
-0,0624175787857419
0,00903362842286349
-0,0576652316869875
0,00738442127823901
-0,0739329987325587
0,0583612141075272
-0,0205178137234328
0,0328404828599499
-0,0196488626213763
0,0486233652209697
-0,0108617537132148
0,00636085693847825
-0,00235651317638685
0,00578982395420106
-0,00393367701032128
0,0345309448510316
-0,0656279891853258
0,064875277460312
-0,0255421525642657
0,0543971107939677
-0,00215129345458483
0,0641891654870406
-0,0301631683723216
0,0101931484137935
-0,00516284865204057
0,00405807473029185
-0,0500432088011832
0,0712299226878949
-0,0417912987147288
0,0456265074977038
-0,0104338075453413
0,00133809060483797
-0,000296266019095978
-5,4365082119157E-05
1,77128241002062E-06
0,000869918968735173
-0,0909942532198496
0,0319005083848585
0,856601872764161
0,000704362368197946
0,0109121728876105
-0,0841409304810239
-0,0061396192405298
-0,0468701056718788
-0,205289891867238
0,0047879765474036
0,00817146008691063
-0,000640778172684367
0,157087798563219
0,163090566288722
-0,0715981422776354
-0,029935625456514
-0,0960046984907348
0,0088154740790434
0,00880504047742491
-0,0562200918510945
0,0651743645653491
0,000883896937657254
0,00588155579078219
-0,0974264911159135
0,17461781951704
0,200774349871306
-0,0568173352682917
0,0133278633986048
0,0411619698413182
-0,0107660031666042
-0,0517424333925856
-0,122933277070073
0,0567318247468013
-0,0325720926398415
-0,0180854636573721
-0,00383702995724926
0,0537125971691371
0,0900725866674755
0,0151926194329113
0,00629608993904477
0,0335035951514937
0,0166743816263413
0,0276148569962695
0,00806289553518518
0,00546547763509364
-0,00185715988786431
-0,0345446174454795
0,0254350226773013
-0,0463249889133757
-0,0347989194885684
0,0517318642661591
-0,00416032869013012
0,0218754459854496
0,0145278063309511
-0,0146456062848013
0,0216144192763347
-0,013828328260433
0,015792618755058
-1,76792522038767E-05
0,000162429366298039
-0,000342195236005756
1,27500972172951E-06
1,16398758198349E-07
0,000246617783700251
-0,0055806781724696
0,0184550377290619
-0,00418915761485434
-0,744052646631451
0,568191405727311
0,0163076882677273
-0,006283476216642
0,0548571761455885
0,0204907437153794
-0,00356429857933557
-0,0121527588972421
-0,0798846951783103
-0,0413011462763692
0,0330810406510267
-0,0339183758010068
-0,149051313876622
-0,0601499803184554
0,0716562089155496
-0,0563240877334598
-0,00608557183914063
-0,0150208266265655
0,0521077316820585
-0,00162690082485046
0,0610778338590999
-0,0184475988798307
0,00504492360041104
-0,0167068006984661
0,0210123924056644
-0,0143575848443037
0,0101117829955118
-0,0109471939602661
0,059528811787633
0,140173307863604
-0,0925350473009622
0,0564986348261804
0,0146977498447691
-0,0097471838535861
-0,00742950389402494
0,00326463165930963
0,000165866616263311
0,00280410324875948
0,0120909301157444
-0,0339583512451112
0,0302945959148243
0,0119322712643399
-0,0590369035887953
0,00178259556938707
-0,00269180426229611
-0,0116311865909115
0,0117400342092753
-0,00480356144397364
0,00127233066718037
-0,0705855504060477
0,113784884189793
0,0659081085615587
0,0268551765797485
-0,0157756700560818
0,00324327231797119
-0,0424213323212196
0,00313462831988136
-0,00354539876186569
-0,000119752649817535
5,40975956798068E-07
0,000111484216850704
-0,0153355871735184
-0,00112355468024988
-0,00926647135691121
-0,331985171424527
-0,492742899938163
-0,378315921066483
-0,405238538950773
0,509026401258735
-0,0231652553132848
-0,00746136405224394
-0,0681829880851498
0,0196864810841627
0,0148569666840981
-0,0342413550740955
-0,0589953542029172
0,0501161007459158
0,00804731544977704
0,00509293399487937
0,00073691575646428
0,00296748735071635
0,00246403487055383
-0,018710901483415
0,00812302509499671
0,0768993952146693
0,0096767339049072
0,00975725089973812
-0,00681968358594135
0,0324098199526345
-0,00706766200362061
-0,0183235893022767
-0,0205891363144849
0,0118183869660189
0,0453438615008512
-0,0397364363092194
-0,0105454266435313
-0,0315502744963967
0,0211366076723799
-0,0272524119272692
-0,00750044218529755
0,00990816063184695
-0,0058616281978013
-0,00429271455331197
-0,0223005728528846
-0,0032308417757601
-0,00433726911952884
0,0075339081440915
0,00451975587711886
0,0338375737244077
-0,0200843118669022
0,0686577939939571
0,0128839760182489
-0,13810964234609
0,0557761366076193
-0,033735071780333
0,123246787023867
0,0661610654996818
0,0445305000762106
0,0138293743967738
-0,0170543512322018
0,00279913886468578
0,000663024006506472
-0,000104490370571983
5,39536322758754E-07
0,000241859976309215
-0,00180003322865762
0,00356004220961314
-0,00128257203811287
-0,332314701417837
-0,454682550345676
-0,0431940303364321
0,129290405199109
-0,504500109375023
0,0585828764727436
0,106081791764528
0,142313338890769
-0,0808802089312268
-0,0392064745708504
0,093388461569964
0,275063169545866
-0,146065090616766
0,0834115910538854
0,029477014645683
0,13749548613598
-0,131217115812291
0,0205686499041334
-0,0138382941814699
0,0164318764969224
0,200182920810352
-0,032789226592155
0,0369814302146203
-0,0725979343575176
-0,00873298841331257
-0,0293559435267789
-0,0966658194260786
-0,0740804081456058
0,0288494211904942
0,0671841552158848
0,0129339737037687
0,0731630450491279
0,0600340687696573
-0,00825307902877928
0,0468886738104215
-0,0947743888230419
-0,12112116461646
0,154497740683075
0,0280696189644942
-0,0108417055304308
-0,110712773375188
0,103801057323368
0,015932120017537
0,00141976783674421
-0,060629952513881
0,0427680696340799
-0,120647759605852
0,0121407859334167
0,163635028527505
-0,03775593813537
-0,0431249174213275
0,0675765786349039
0,0600201305980892
0,0656959978330118
0,0361114810395013
-0,00799685107959307
0,00342114486920002
-0,000443945342267391
-6,30600072064641E-05
0,00121291287493606
0,0109680536752119
-0,00226666529816387
-0,00213928469333459
0,0136496480787159
-0,014832838472522
-0,0298801111852703
0,389567691459547
-0,417201528977367
-0,0764454175380385
0,0755896782009906
0,0616035594850956
-0,0710289264181106
0,0949917323791905
-0,192120584295791
0,473614901254272
0,0278589939428046
0,17464976889645
-0,00934820593835982
0,0701134139123505
-0,0761776125350548
0,126524477832344
0,0933680807173008
0,0312222609682537
0,168139826459006
0,166851094649497
0,173878605890699
-0,107845512824099
0,114275112264161
-0,185884931138401
0,121336366809643
0,00156392493476427
0,0208656502264995
0,0349500394717371
-0,00203846539928098
-0,0852693793633088
-0,0783374177483816
-0,157533912711325
-0,190831895661753
0,0437865407133105
0,0834197249352113
-0,05499954626281
0,118843302241165
0,0543971489860225
0,118789581585135
0,0531927935370015
0,0610213967595178
-0,00519468969079119
-0,0604476053485813
0,117448156408357
0,0427942383832737
-0,00108883071348912
-0,0809254287411827
0,00742848106122901
0,0258423468264688
0,0109911855920685
0,00190277855610133
-0,0280682760880762
-0,0146911514058939
-0,0130868528536996
0,0114895070525729
3,13019276297056E-06
0,00692948134959299
-8,45698037378336E-05
4,46730421677157E-08
0,00289577046491424
-0,001476826584608
0,00452135282608005
0,0150548494428206
-0,108471922670661
0,0652092387795199
0,00373284113059285
0,033762112578411
0,0104318106752059
0,12160901870028
0,135861796081007
0,219620974834655
0,754509768610525
-0,00822636443162783
-0,147770060551246
-0,0195476592864995
0,0850439245697685
0,0988761745845994
0,045812245489743
0,0955236370307823
-0,115306057999657
0,064921729587525
-0,0372359371726121
0,0419701925459199
-0,0836752933226316
0,154095945868283
0,0255564396225764
0,212266176627196
0,153061853369157
-0,0685849370582627
-0,0674728422909789
0,0173167574327956
-0,0650725716216748
-0,0889124761226556
-0,0130496969238731
0,0196204591324596
-0,0129792595681388
-0,0401210733044907
-0,0335218881349525
-0,0901826522268203
-0,0316039955898386
0,00906583312359904
-0,133766189525764
0,0065563243358631
0,00457178617711139
0,0196990397671452
0,0814586483790554
-0,0215860239183196
0,0698360877177801
0,117707907698777
-0,0492525641508801
0,142057065009159
0,101566070782001
0,166667769483958
0,0479123632132365
0,0673866502346512
0,0586206947164599
-0,0944435982493053
0,0422575352713474
0,01895678913071
0,000714994765939494
0,00705731785174075
-9,44934630038775E-05
2,53395550292433E-05
0,000867598322678213
-0,216149006877086
0,0347426138044528
0,308689279041528
0,00360428213940708
-0,0131851414125999
0,077608835529419
0,0161942928241103
0,0529340447801741
0,305664351333004
-0,101701135452948
-0,159592839732984
-0,104806872155977
-0,35719227006711
-0,348059854298094
0,143744546976688
0,0123219391273389
0,207133037674718
0,0328407219017628
0,0357335506465759
0,00549633199503869
-0,12269073084454
-0,0102635791541903
-0,014551897595491
0,0620222440791785
-0,157086907426899
-0,0385053122869099
0,159982098265177
0,0899036666402097
0,12898671027461
-0,140092918034733
0,129719358078267
0,175925267910635
-0,0646055431993257
-0,0289376701761919
-0,0046340547212162
-0,100331915220513
-0,133997233153994
0,0767808478159414
-0,0277587111047099
0,198062530079528
0,252340774548747
-0,0930555123897537
0,107203561518205
0,0828411789983722
-0,206010156705592
-0,0424968549790182
0,0540875748110808
-0,0621526983407084
-0,0444654943131708
-0,0659520029533477
0,00643134124235057
-0,0285719316650708
0,00589473847797891
0,00719348394830528
-0,0150014894641407
0,0342592836982473
-7,40399548181855E-05
0,00210656515181795
-0,00161562739419989
0,00029932067104425
0,000196337756000959
-1,11269779188423E-05
2,31232527140633E-09
2,53484210058168E-05
-4,8103707820481E-05
0,000936040172334455
1,0119694826229E-05
-0,00649620608337088
-0,00866049605531297
0,0403976922707075
0,0254897175255053
0,0422843787260899
-0,0795490882732982
-0,0407811182773047
0,0281157881562142
0,00333117280728119
0,00735632374359955
-0,0965081613022992
0,247802524103618
0,212916463376212
-0,294092733121606
0,269061186741327
-0,116057652742812
-0,226278885145815
0,0160622950946207
0,38137196337925
-0,0236684668829507
0,112294970422787
-0,0362255503391168
0,00302322977238375
-0,0065671371627922
0,0272801746645905
0,0215452055035683
0,0432582135668357
-0,051480378144576
0,0021874541967544
-0,179694094669937
0,114161059215174
-0,267679722234529
-0,1309039724325
0,175601934082175
-0,046411254665306
-0,12019316436231
0,0149853455018845
0,107574761844419
-0,100278608934541
-0,183451142814785
0,231968190410979
0,229594586668844
-0,354663083462412
0,0168095049673934
-0,0351918597255601
-0,0293938972644912
0,0209471836157041
0,032087595809624
0,0249779649588747
0,0588606438764643
-0,0498166371262614
-0,0365886602395555
-0,00690098263921456
-0,00249259939279163
0,0119345406837922
0,00783703334897648
-0,000779658687571726
4,9187277675033E-05
3,39976945234791E-05
2,31638726973206E-06
0,00116604886390546
-0,000778316066428094
0,00122097390169474
0,0032972295301604
-0,0605757406217452
-0,101674125661231
0,309673014512595
0,180107091772684
0,247408165637767
-0,307818688278318
-0,0888929500081865
0,113678361624452
0,0303289782774731
-0,0508231809473339
-0,141559714726512
0,292864874232278
-0,0305752864400845
-0,246709095096118
0,225740356094127
-0,119527056225029
0,186774286065264
-0,0798503544463458
-0,363057744690814
0,0272411331996179
-0,0831667904740105
0,0472397120838948
0,00754166353609298
-0,0784166056404884
-0,0105857531365927
-0,0830279612823721
-0,210414445058475
-0,000653137794116587
-0,132534375054968
-0,00139068367057391
-0,0108606025050081
0,0955371855340784
-0,135555407455543
-0,150087897999702
-0,0770303271093394
-0,115872912865407
-0,126850240427506
-0,00246705896116239
0,203538902095703
0,113469057479037
-0,0977203671277861
-0,114595832101152
-0,086219818942204
0,0897084385008214
0,00206576930843666
0,0527651398565953
-0,000748672793222998
-0,0421144975393512
0,0102608354588026
0,00563896241520317
-0,00707067220751075
0,0408099885053409
0,0226298737031764
0,0194058920812614
-0,021913987765327
-0,0249684923424277
0,00187518465984661
-0,000327871541013092
-9,72248438352336E-05
0,000148599071706975
0,00662215810823121
-0,0135525445512038
0,241317540140808
-0,0261190739280919
-0,0886785976679461
0,05946304750288
-0,00240123298733213
-0,0357973342060859
-0,0866901138385299
-0,181558628529143
-0,133294943525397
-0,0752992901438117
-0,0491237597311277
0,136333922247327
-0,0909535594072778
0,151355863312979
0,572145725055682
0,152720063692619
-0,333284327655685
0,21005485132965
-0,00319454385745761
0,066467369947702
-0,145481024919393
0,00451629873080103
-0,0951215360765762
0,0256485702132177
-0,0130121513355336
0,0520503726999401
-0,0358967941153686
0,00051356397373485
0,0140177310830219
0,0738278235835061
0,0200988004257855
0,181123206190606
-0,109504210458108
0,218526374534189
0,10705082721479
-0,112176599647032
0,00628556131674022
0,000811581603630242
-0,0250551710803435
0,0150085729213197
0,0216414279205926
-0,0538514555208859
0,115987213523964
0,116540180812763
-0,300121390519482
0,0544439956163374
-0,0422866891881256
-0,00568253682877605
0,0306856618288152
0,0200219154241244
0,0391169770518943
0,0882088864456698
-0,0782368035206669
-0,0325873915263831
0,000102523211782122
0,00655055208253263
0,00540675293487678
-0,00148656871303209
-0,000205383951261202
-5,46210734838259E-05
-8,15961249795223E-07
1,11813034530027E-06
0,00106289658601541
-4,88189156063235E-05
-0,000333469940349406
0,00102406105626746
-0,00544352674923788
-0,0108581994458546
0,0835606816598382
-0,0276566747967542
0,0376107673007372
-0,125729799490479
0,153967391115636
0,100600645549262
-0,0574072003550095
-0,0982674280893924
-0,162594558787498
-0,0445322295792971
-0,0846824751150324
0,0934830028103859
-0,225334974507965
0,227118713875498
0,1648602843506
0,0840329666850366
0,485130154126104
0,135896901679987
-0,041899895347265
0,175076895481915
-0,00120396867467287
-0,324002531145512
0,219332498027715
0,0426395251328059
0,0888171083452442
-0,0251147317068281
0,0143223724929372
-0,114163658853208
-0,0426737097569156
0,0390557504388682
-0,209768002488191
-0,231873720800064
-0,10447979510084
-0,0777914306119264
-0,106624664946139
0,0137486801069295
0,219429648823633
0,0723961133511295
0,0401151882943322
-0,032530344463051
0,0400751733591298
0,157436626346002
-0,0868775042372774
0,0507122764791276
0,135320635808427
0,184945488015599
0,00949116443520144
-0,0346136439431956
0,0425009014383401
-0,0434067688686455
0,0157176753807817
0,0526824683701424
-0,0170908718422247
0,0354716453832524
-0,00248391957809459
-0,000331597136382757
0,000186799080737516
0,00120794762406075
0,010301758824354
-0,00508570802274152
-0,000311716148491342
0,0723109130160744
-0,0096121254315215
-0,0143800751739822
0,168704334702822
-0,148161208417027
-0,00724401899303859
-0,132253395447072
0,165912001614594
0,0656398485905178
-0,027691821799438
0,00645299412267983
0,167200859252165
-0,158301839885073
0,0629485249369267
0,0436522312499356
0,178450571578045
0,294556496325244
-0,15807411941103
-0,138768477796697
-0,0734015727992162
-0,359148851242797
-0,0283666033160779
-0,392371853502412
0,0914347219352192
0,198262865674412
0,122427133886459
-0,0332406461775219
0,317563599167998
-0,0641072038540198
0,108257090315297
-0,157758229847083
0,0153704887046183
0,0578699073365
-0,0838862563346097
-0,0564952724163858
-0,163445048151986
-0,0689166467573407
0,00051150396273326
-0,09344626955478
0,222871476898283
-0,0417621318593892
-0,0187654349429774
-0,147661737838084
-0,056119247406667
0,0898327487801972
-0,0935631162450402
0,091450210873698
-0,0394942707630979
-0,0457895006488099
0,0414719277124615
0,0357174890026267
-0,0179966417961033
0,0810042185666536
0,0216793073919169
-0,00682959635241197
0,00134797525529616
-0,0865490535378948
0,00536037718503428
-0,00683582766716105
-0,000243104193008755
0,000772738810295868
0,00135428309384595
-0,00865464433981579
0,00155998555568852
0,0286174689320949
-0,0147951707305054
-0,0302929908682783
0,262867936352448
-0,30910339721048
-0,0853801990163033
0,234477463312259
-0,241225893406258
-0,11329704623541
0,0773289240287922
-0,138602052974306
0,0108551762732053
0,132617457859753
-0,0388824808754256
-0,0972296919672512
-0,175999660006751
-0,105336523522367
0,032656689286341
-0,100840917574935
0,0562179520258466
0,0481372250262175
-0,125502743798742
0,102503742681474
0,281180648368758
-0,114562300278937
0,0533471251672602
-0,204001669091576
0,0797960321184672
-0,131615569353273
-0,100512328903984
-0,0556813079310738
0,1190900177212
0,248461312457842
0,108572621255497
0,246824525465089
-0,198471444647581
-0,0362205579988856
0,00862356140436493
-0,149477787222576
-0,109447280423927
-0,164485887067434
-0,0648462672731939
-0,0813734879504132
0,0226364219403186
0,149145067519498
-0,260052932721857
-0,0987012551659599
-0,102361806061175
-0,0368465579807703
-0,0327281034642502
0,0543703074565021
0,0141680904283828
0,0374883745019076
0,0779376316043693
0,0409297473280577
0,0127197856158372
-0,0213492728180805
0,00285711639676872
-0,000390968396844259
-9,54848102100768E-05
3,19327922482824E-05
0,00298512313558434
-0,0347300599148713
0,0583343449353753
0,209391470583413
-0,00372160899709278
0,0030721848708157
-0,00283965446219822
0,0372275011430239
0,0622553182697123
0,166839619069606
0,108015999127549
0,222005855383331
0,144262764346462
0,0560167638867693
-0,0147334647244012
0,0379141817185577
0,0672499133783216
-0,046096121411904
-0,113574298673654
-0,131389438657568
0,14227825316372
0,00654722198780469
0,0142849081581628
-0,132346648735463
0,0964483856883113
-0,11807102514191
0,0220245976647098
-0,204883371000378
-0,239161285020088
0,159415683601758
-0,168169331447122
0,186352191679484
0,412207104623689
-0,102167818142034
0,0824599476800174
0,104099833506489
0,00807628717953131
0,0143913526368577
-0,110020405343222
0,0587609109368077
-0,0367955272065112
-0,213496485497016
-0,0236437742530977
-0,19131516443605
-0,0818314195311809
0,141806158784528
0,019032712294471
0,0894042860244763
-0,0552748968369831
0,25161955620146
0,231179118815219
-0,219995176948068
0,0456580010801718
-0,0904244184670328
-0,0494046574432708
0,0660639046016448
-0,12761897140783
0,0730061793382934
-0,0757613616018324
-0,000765260566258369
-0,000842551312035647
0,00137693096748361
5,84091655047469E-07
9,27462018595116E-07
0,00275524146306791
-0,000412408349536549
0,00972963159538513
-0,00127659470402476
-0,00848986764888037
-0,0154828645507569
0,00336546439675516
-0,0111581571212252
-0,0348017912122466
-0,0144570692358255
-0,16544964798747
0,131766911023875
-0,0038342290635584
-0,0635393939589702
-0,0232841455896569
-0,133739487385673
-0,0207598820342445
-0,101031466507143
-0,0312219404481608
0,0475791492319506
-0,017872236849083
0,0502551744402713
0,0123174647479119
-0,0207136813672238
-0,0112494619885861
-0,0275414666357111
-0,121107283327231
0,0822939050976058
0,0054201880423063
0,220038928903636
-0,0134440276437263
0,0700966010159501
-0,0785671197831287
0,040639075822205
-0,0536886523328863
-0,0563071249584412
-0,103692613707811
0,084141309254295
-0,106562810274748
0,0715443694915302
0,0715364602301923
-0,0740775779897093
-0,0616773479345283
0,218412401749043
-0,244576673063566
0,142631103810515
-0,0276831369914045
0,0861532629912944
-0,148464622787049
-0,207427335062048
0,30952194152748
-0,17668651952947
0,282595585577122
0,0351197547094415
-0,0608854523331946
-0,112905271397598
0,505147334615766
-0,102418508563854
0,269790873950999
-0,104353472072284
0,00394457283191285
-0,00182514531666235
-0,000375437055355256
5,35487434825751E-07
0,00011974108663602
-0,0135819203161307
0,00787226584725719
0,0169252925978941
-0,0956922966557169
-0,150847856054621
0,278193713886036
0,351312050084039
0,189069383273522
0,0894017679659316
-0,0994256575480835
-0,325088774963399
0,0592556246043911
0,0266143330687552
0,0303152407778134
-0,32751418711895
0,117125905710782
-0,0188938581475081
-0,0237974487683876
-0,000823084475172663
0,047424686211674
0,179560479178167
0,0787593062323551
-0,0564216550927345
-0,00297149630844673
-0,00286773521058404
0,000648920592451818
0,000545128510790145
0,0445075215470574
0,142796678917669
0,0766742372200907
-0,157210882122746
0,12722487672241
0,0144262830543263
0,0524125958305028
0,0488310652207792
0,19187525893739
0,100288155401725
0,0368721876828591
-0,268753505911146
-0,278304373068886
0,290362153222846
0,0303504930562578
-0,0983808095688362
-0,135906043643204
0,0723333526873624
0,101544332908702
0,0622597651028423
0,0793980363798632
-0,0364497505871183
0,0218467052799762
-0,11739728788141
-0,0218329763451963
0,0325239292515728
0,0164277113671757
-0,0131693767547314
-0,019086714348092
-0,0657888551020462
0,0482801463147912
-0,0197520778765326
0,00158716164344257
0,00010271588516597
-0,000107905620361702
1,39807449867781E-09
0,000176972672716494
-3,23150668997303E-05
0,000904953914366471
-5,46307300239021E-05
-0,00481158239982639
-0,00575339319510349
0,0070085161138462
-0,00787283165626864
-0,0298047826765645
-0,0123815020986033
-0,0583580597455957
0,0765643006020038
-0,0289180765624673
0,0127710693589992
-0,0568455442211009
-0,124141295772387
0,081168642218716
0,1158573522593
0,148185539009617
-0,10012459945962
0,0725187431884805
-0,0578111893806016
0,0134702719239173
0,0193323387549297
0,115314435232617
0,0797378394953418
0,111293297655479
-0,0574346242787236
-0,00727008539762604
-0,149208001751253
0,0408488033501655
-0,047412940899166
0,0439093046540376
-0,0578412223900392
0,031964387240386
0,0154119513593615
0,0719242129373286
-0,0816125382190739
0,0979038940201275
0,045195144698961
0,038465212180558
-0,00983008136415084
-0,0557974647464546
0,247259990148957
-0,0139669456514897
0,185731871741755
0,00684948985545967
0,193902906767492
-0,157610784388973
-0,0564406347616176
0,00928990118223777
0,133055047674927
-0,0582427924029334
-0,158656535415438
-0,340814806179408
0,216936360626251
-0,243000027774992
-0,5121990965656
0,0604993348871251
-0,334900075815776
-0,00343769792931775
-0,0646081130878535
-7,57402566091628E-05
2,07098958538413E-07
0,153028577219806
-0,0020396370950333
-0,00553584911691981
0,0150290159524833
-0,00653189647388631
0,0090004779654556
-0,0264838908012707
0,0272062258083561
0,010166559201888
0,0581501665642886
0,0188379464981687
0,0692790930477102
0,228589051414657
-0,0124365116225315
-0,0241673862421742
0,0341423351302986
0,0566102100354093
0,0284800354187923
0,00459886089504754
-0,00161941180691839
0,11546200643508
0,0416246146374539
-0,00809751483376705
0,0134088462536242
0,0321487694956753
-0,254913970731238
-0,161604239003738
-0,303918401464358
-0,242775152279808
-0,0335065565318189
0,261487695663745
-0,144648416305419
-0,11883735225641
0,050299402555267
-0,0367848694319689
0,3064342665951
-0,277436526862882
0,317325333525251
0,329992568472727
-0,132431713488343
0,271044870062578
0,107664627968334
0,147769905111706
0,130868168985065
0,0884380116324226
-0,000607900265829282
0,0103888521500029
-0,0337217539366073
0,0457244884671399
-0,0785575088060874
-0,00223100058681011
-0,0282250054293333
-0,00952437117496501
0,00117379678938305
0,00713448770864588
-0,0197245890422804
0,000491296041833791
0,00780671281579386
-0,0009747593192835
-0,00106197242020009
7,82134569492074E-06
2,67957887190089E-05
-1,56630903703572E-06
2,97281177417028E-06
0,0383859826164707
-3,02040535534991E-06
-0,00472636012967532
0,00701137739005386
-0,0317128785519773
-0,056073545879622
0,302883272598869
-0,0967740285180391
0,0754573247937973
-0,312840103516078
0,338364477582816
0,170511665968437
-0,117525484498155
-0,0873682658695914
-0,354631524484531
-0,114607197605128
-0,136799348642877
0,102742250415407
-0,290787799445141
-0,198487989437503
-0,265462825290135
0,0134559811898841
-0,00475228006146735
0,0530899337955604
0,0130746812221313
0,0141515351708407
0,0204941731371662
0,142275704745201
-0,190049274819624
0,0265730946644727
0,0494471586912069
-0,0383830596938906
-0,0250495958252638
0,0270127599670255
0,00740194341896134
0,0775773320082899
-0,0417799534182892
0,147734082159091
-0,0199141691572909
0,199107844328295
-0,0512478265402043
0,142680025451764
-0,106467980807794
-0,0846320958114125
0,0488411979695236
0,0689551791828665
0,0582220345581551
-0,103583116474967
0,0506395048987423
-0,0530731113594597
-0,120759806080149
-0,175784307831251
-0,0111861961130814
0,0371846762444939
-0,0482792734053485
0,0494343783507812
-0,0181246532889803
-0,0615379648710998
0,0198704161098107
-0,042270520346082
0,00296444193318975
0,000387673849869948
-0,00021386598945501
9,86200362974455E-07
8,48796444310213E-05
-0,0105972580082656
0,0027494273790339
0,0296358767086359
-0,00146069097511422
-0,00511248849258362
0,0516375961321142
-0,046193810478377
-0,00302688224353585
0,131985021299361
-0,0876800119451971
-0,0771819913781639
0,011321925803208
-0,171988758659914
-0,156281464089049
0,117926520352617
-0,0124207735757719
0,0836720838041372
-0,0736460473883546
-0,0258945536827704
0,0495439887679127
-0,214344222288028
0,038203424479221
-0,138007993787334
-0,0110510325372034
-0,115962965699544
0,291687100212029
0,0123937075537135
0,0615433182962082
0,111101274291782
0,0783370319438513
-0,0617592323406225
-0,299694446433184
0,148429643452505
-0,0389696592873443
-0,139567344445361
0,110208751006168
0,039391842602314
-0,117338592402158
0,0192617684220261
0,030621389918548
-0,0563593220548171
0,301989260776089
0,0843962208580216
-0,0349165568910589
0,375204052985163
0,0588326647893769
-0,21872309619731
0,360502923123184
0,188319678034543
0,200027721537671
0,0215195372617649
0,095547945992497
-0,0355077871222659
-0,0174714637472623
0,0101994129260772
-0,109894279848045
-0,0408558102603309
-0,0183309465292103
0,0284823746499333
-0,00330710011242251
0,000771894263109466
0,000113401081491468
2,55851395341163E-07
0,000151324410135124
-0,144582599961918
-0,0180104594137728
-0,0337109494715633
-0,114243857009595
-0,0714123578910162
-0,1022644863031
-0,114740675849318
0,144090948303441
-0,0300020908109547
0,000604129509077704
-0,0276421956735044
-0,00407129819093935
0,0270212000040973
0,00643493354596798
-0,0289991873237121
0,00786043493300576
0,0178013924518499
0,0373862317834059
-0,063511806051459
0,0579217746068451
-0,020509417648777
0,0689585946966071
-0,0242811950329354
-0,158774164254023
6,70658227535814E-05
-0,0300643728878736
0,0478938230394483
-0,0775603869191756
0,0889278982216017
0,0149505479486066
0,0719852546045824
-0,134678288105312
-0,159220358024641
0,135088356963986
0,103360902638594
0,0925492083841432
-0,0576946304780322
0,0606571417986357
0,0067256906667229
-0,0196063354761756
0,00441196862616243
0,0273378310044941
0,027480949971541
-0,0114689510422589
0,0193281397052169
-0,0170254619585547
-0,00823126307123116
-0,159917006559316
0,069040251057787
-0,280758438688476
-0,0555338891619543
0,539795249423445
-0,20541785133769
0,127461339501424
-0,455672961595428
-0,236537190898789
-0,162070442350989
-0,050874859945031
0,0608902749848129
-0,0100456318150126
-0,00238019740928489
0,000374290008419388
3,30695726901396E-05
0,000972076088486691
-0,0171163659871225
0,0599521396191243
0,00938608723872689
0,00200156294612579
-0,0156330616495034
0,0707633109063472
0,074723931084329
0,167834372888927
0,299938664798518
0,114085453330567
0,359513171200103
-0,180530383597303
0,225809793933762
0,141551142849578
0,0584878022871168
0,064385950855334
-0,0868038578483121
-0,173065357528391
-0,0589740442140744
0,0524239974848832
-0,115171405812741
0,0222724599709046
0,0430420167430386
0,0921611089909277
0,0317295734788968
0,0442129037428343
0,111966001574184
0,149998713264004
-0,107548162977738
0,24606360634127
0,276445423214214
-0,297811407591384
0,0951229280803999
-0,0407950318066255
-0,0724465809389274
0,0350350395996803
0,0446995503255048
0,0597709117686097
-0,0953811895254005
0,00406040131644551
0,253788702836818
-0,140974632053077
0,0216501597892981
-0,0303639327639025
-0,169805509265822
-0,0322240561964022
0,264252431943283
0,107115838761143
0,128440322438
0,0700789301637916
-0,105867791091721
0,0351687679401021
-0,0661816878888884
-0,0297055875854866
0,0145599051793216
-0,0205943472093204
0,0351418642649055
-0,0256814950946523
-0,0137775057013801
0,000837570572465864
-0,000176394839708419
-4,41725879923156E-05
2,56371482528669E-07
1,75678262716339E-05
-0,000609686491299426
0,000718788744803078
0,00168227613558064
-0,0186760445608119
-0,0340812298744029
0,105592769222482
0,118808341661204
0,133475951487096
-0,0214756669692052
-0,155213353325032
-0,0414420026848578
0,0463099883919626
0,0876371878171564
0,146505421675059
0,00752205915644145
-0,0678842140382594
0,285386852187453
-0,0461486257414812
0,0395300362628933
-0,0919848186244573
0,127532419541365
0,258891247192419
-0,109983996070462
0,0817244521203843
-0,103918693025387
0,0404899413002583
0,0741139656352142
-0,136027927333703
-0,11133898154507
-0,281887932003209
-0,0429972389506093
-0,0640812672495412
0,12085565161907
0,135776267871187
0,0267243623547331
-0,047175402578759
0,267990975017664
-0,140371328293646
0,144088664745295
-0,178623144349089
-0,140814737518813
-0,0609985195705851
0,41810043057011
0,191131426245929
-0,240450906102077
-0,179084610158801
0,0546825139545583
0,0840650880594313
0,151625280725126
0,00398765797898728
0,0420807561580317
0,068891449771724
-0,0616757661656938
-0,0461464390200223
0,0328856098120036
0,0249643613842584
0,0702919233230068
-0,0782369036122691
-0,00643365441492233
-8,85213603344046E-05
-0,000289888745459097
7,45243985111286E-06
5,01092137684998E-07
0,00587162606110258
-7,19589364295615E-05
0,000598828237075824
0,0019420731966099
-0,00884937108980027
-0,0118392009403681
0,0477411922636957
-0,041318132935819
-0,0433096310367401
-0,0415636680611671
-0,04212281400934
0,11843109191523
-0,0534373987654733
0,0410762107778456
-0,11041894851922
-0,205861775074714
0,101647431005546
0,190112522260495
0,195110687020353
-0,166056277918112
0,00210526649432938
-0,0890903532138919
-0,00682913577642655
-0,0338301500213946
0,147016781965127
0,0222383419763143
0,133961684178789
-0,0855845338105511
0,0553077998244085
-0,213113098164618
0,0747891650474653
-0,0592028883803144
0,0797657313538282
-0,118093427911833
0,0642462128770793
0,0556238493494759
0,103865138543509
-0,0931492640444879
0,163284600169799
0,147982269101453
0,00537051776148868
0,0281286677057357
-0,0941614203263009
0,274451917743881
-0,271642122910834
0,231786155962056
-0,190936372653659
0,129357305350645
0,00651964185403509
-0,00235608487519228
0,0337669787916344
-0,0339309069456555
-0,0946016529652867
0,233677732276237
0,344120427712421
-0,127508339509114
0,0295844425593626
0,230040277511554
-0,111923638306298
0,245839167732844
-0,00781428318830456
0,0487281320966242
0,000160594076617982
0,000769863612430381
0,00356977153887734
-0,00124579543207961
0,0126465094149124
0,000225052859423777
-0,0612396217814271
-0,102254675365724
0,0463589989965747
-0,0694122599563794
-0,0313494007368184
-0,00273144849812838
-0,450706549884931
0,286606864375157
0,0271779002371474
-0,184386031907019
-0,0136735342621221
-0,122192904659846
-0,149900491244896
-0,303492222214885
-0,222886399052382
0,131510356286263
-0,162109657651755
0,0972914339808837
-0,0472016707240959
-0,0180224227647871
-0,231644416153444
-0,0698114697947415
-0,0236447762712281
-0,0280109155021723
-0,0780158958402526
-0,265943583930609
0,117806074119042
0,0235114131301523
0,292750856361911
-0,0360688479989356
0,0211132921403386
-0,165333155820968
0,0791688717898057
-0,111682302063403
0,192027841772424
0,0262496830397687
-0,048153030783841
0,0765732217707188
0,0138250365536848
0,0979077479440087
0,155372974468477
-0,0261860131917576
-0,0149503050660126
-0,0756353849450839
0,171103356183408
0,0765412420830777
0,0563122152088338
0,0187684665793327
0,0144875442138232
-0,0382417890506167
0,00850574381738358
-0,0620914355380111
-0,073984172552083
-0,0380361245321804
-0,0121096210034944
0,0201175350600736
-0,00287665818027196
0,000339561262923827
9,58967240633393E-05
2,30288378835962E-07
0,00976772784551813
7,46890503610759E-05
-0,00119481836966297
0,00031229045809757
-0,00127565173306343
-0,00265743244801898
0,0236115663723713
-0,014448700000989
0,00395972661505986
-0,0206268275420655
0,0339500329470181
0,0100550592287439
-0,0124031935856626
-0,0162106255268655
-0,0186741199107276
-0,0100682369608004
-0,0104084951200786
0,0156946128604382
-0,0462365030794432
-0,0458486551613364
-0,0541810882609723
0,00985324390978227
0,000873010393216264
0,0396539254782489
0,0264477899291463
0,0430280277332377
0,0121018680789857
0,0895561668378188
-0,117282546506743
0,0302241692567987
0,00778762702474571
-0,0218708092693876
0,0273348473623728
0,039942264212251
0,0110939392077476
-0,0801160979961
0,0705985497937293
0,00176143620214869
0,0416748263341517
-0,219250474331301
0,090930670523337
-0,109188345656064
0,0591942781150522
0,0387936713672625
-0,040902427136214
-0,0307732838164729
-0,0220879232376443
0,0560988810153558
-0,0417481831504382
0,0175417894853452
0,0248324604684359
0,053345520250967
0,00268158665423343
0,00988942355192359
0,0419427145053587
0,00439215281779624
0,0223217399044155
0,0402083481542644
-0,028064578839357
0,117337705047442
-0,200277817650687
-0,895443186952311
0,0176182614434306
5,56109945079477E-10
2,26530006739025E-06
-5,81328708534068E-05
0,00011910963800806
0,000964728911246861
-0,00262893264465598
-0,00251434778913981
0,00920109658943054
0,0106492389195381
0,0101569931864604
-0,00319277393357724
-0,0104121119133206
-0,00699283054088533
0,00868456604895099
0,0179685836896589
0,0222474545168756
-0,0220544330706247
0,00541302449579305
0,000924808263008939
-0,0182784059696397
0,0626909781493112
-0,0655980275281017
-0,234324447950993
0,03845636214485
0,0783189573318911
0,00296511695218376
0,00821240161643187
-0,0756833667640102
-0,0672165968985567
-0,116450768805516
-0,00926081431239444
-0,139721452398612
-0,0216914422328767
-0,0356598856177136
-0,376035409095822
-0,569909644198327
-0,0176849092261522
0,216514033256142
0,171344468460383
-0,0136599998232681
-0,00263073888270577
-0,0580819839991049
0,0292813306983983
0,011090964409547
0,0513141054542058
0,00239939718974934
-0,0246254066770438
-0,000173792901951573
0,00539258586652693
0,0395991155636648
0,0298160319264121
0,0243774979794488
0,0360613256638317
0,0097001165517168
0,112673714040787
0,0712176732735985
-0,146533369312403
-0,0934940744925845
0,223188054244447
0,0189042757242831
-0,474085344768041
0,0234308773963948
-0,0575456773271282
-0,000789755891143533
3,14131175620078E-07
0,00161706647412164
-0,161334038157755
-0,00480703019474452
0,263877349502623
0,00513429679242882
0,00711192365514683
-0,0291102274160872
0,00930038772686637
-0,0182159820045489
-0,0130858607232209
-0,04289557880976
-0,0414194661203607
0,00516371735560143
-0,0525929334088877
-0,0829799901595781
0,0657997570976479
-0,0162174667375849
0,0758288926024968
-0,0239955507282613
-0,0787564435276661
0,11674253994631
0,0379652357146636
0,0122670008706021
0,200586464366727
0,171726832552023
-0,155679231060217
-0,616025115749763
0,118499775794266
0,0331320354032553
-0,359542221963188
0,223795589396272
-0,0704842862460365
-0,100361941560057
-0,00832873446946225
0,0698082371518691
-0,0495872950644819
0,15761133781405
-0,0155270958775352
-0,232055651652197
-0,00197896568411543
-0,180941629668609
-0,178744651179211
0,0418442027753504
-0,0695040080265861
-0,0548979353147713
0,102086683180306
0,0274910761947565
-0,0135946187339196
0,0280504806014724
0,0220848656856904
0,0201674206815789
-0,00300119948010103
0,0121594187053977
-0,00357982388859954
-0,0081040102756708
0,0110204831349161
-0,0136067226463426
-0,00540667704845955
0,000835847875119902
0,00176576264737494
-0,000190995591221619
-5,97540305933616E-05
6,36187829793301E-06
1,33445342214737E-05
0,000622984468411305
-0,00615499837739314
0,0265905787045016
0,0107019930333307
0,00125797385219379
-0,00473763502358971
0,0200421903428555
0,0292005462278183
0,0674497727521016
0,154670839718048
0,0844269509856938
0,208394722261566
-0,0769983398363733
0,104811987369496
0,0652151546968969
0,021568842918959
0,0720125954568884
-0,101667631953694
-0,166655921295231
-0,122924444711345
0,138883102529387
-0,0802268779115627
0,0414742819649077
-0,128664412647111
0,069564137384863
-0,0328446006563623
-0,0121363450060559
0,0883831950312608
0,0914706231322061
-0,0286257581152206
-0,083717582131197
-0,0396743697467985
0,0616001141304594
-0,0139176128884696
0,0202650015802881
0,0432019769297368
0,0477294934639813
0,0287372114637145
-0,0292869135453664
-0,112958156501931
-0,137896935464625
0,0727003907077549
0,13092137025635
0,208137690272198
0,0642135713760656
-0,0152122964036573
-0,0227505129494839
-0,614879339632472
-0,419452253234423
-0,0697220798620855
0,0317862403707538
0,104894774149468
-0,138530271224372
0,175098342482483
0,0886039490558619
-0,0482834941157218
0,012918550181823
-0,136868164142818
0,0221198924001547
0,0142735186140138
-0,00216715259671987
0,0024539565951164
1,0052143681653E-05
2,33363717778828E-07
3,40522258925609E-05
-0,000509156205222948
0,000640729861572292
0,0011128740841788
-0,0348588609796857
-0,052612397752443
0,0585679698523604
0,0886925265077896
0,00461287880421879
0,0115558273267828
-0,0516340929379108
-0,0895279043333354
0,0293607008482657
0,0157374772633851
0,0453712338707645
-0,115227937457051
-0,00378446012989883
0,00659741946206014
-0,0982568130099841
-0,0204677922908238
1,17799732742439E-05
0,219692344978087
0,21874012914653
-0,196130427849951
0,0591205448942551
-0,175646679340188
0,0999751478976125
0,101382395889881
-0,188458315939771
-0,425623477477347
-0,300475099958402
0,211812558361103
-0,276270955210268
-0,0427653965875304
-0,154991113564539
-0,042449885837379
-0,168371475591604
-0,238087901185042
0,0518834817953689
-0,00191346873577856
0,216231637606753
0,0266618742675847
0,127750166699928
-0,274836993801311
-0,151820393044527
0,0932596849374351
0,0680903266224904
-0,00289093952350383
-0,0918524602973232
-0,100870596533003
-0,00133353354446089
-0,0426878763847351
-0,0602857143101758
0,0474198748263088
0,0285157716985433
-0,0303687677843574
0,0215250623460329
-0,0717936998305477
-0,0690093191465959
-0,0206359013067522
-0,000920281999262367
0,000344466220284241
-6,29282272155159E-05
1,49598136977941E-07
0,00115610578599428
-0,00428061753890572
0,0118666378486955
-0,00280655531189458
-0,231579122801406
-0,146639296838746
-0,0141257628613568
0,0403146854521654
-0,222786115883291
0,0255173852107259
0,0579526637074442
0,0512633602253413
-0,0996252383469397
0,0581812352117967
0,0196927199968756
0,114494004313487
0,0670671806729556
0,16914230193436
0,0856142339350732
-0,0866884746582127
0,114667528001338
-0,053888776318154
0,0985056535400773
-0,0146092654282099
-0,516925500508719
0,00325613393504858
-0,108542033063858
0,0732679598529621
-0,14580436713034
0,0744631644398922
0,00907295053815335
0,0133721853648691
-0,0224170920557309
-0,0823479851900388
0,089544504916412
-0,129864575769159
-0,0831660303290882
0,108036796863202
-0,0854377493744452
0,018364331353006
0,00344720464309495
-0,0453551301986469
-0,00600258839385159
-0,00829043109374277
-0,0394380770496465
-0,14956048448988
0,0419705838254342
0,110921852203179
0,124883469286472
-0,0405550706508995
0,207375011143116
-0,0780504404237716
-0,278263282358453
0,245233826554532
0,163858665962488
-0,117813480554444
-0,106109776295136
-0,313962833553059
-0,0366882134042052
-0,00173382900317957
-0,00531437842280124
0,00615550932295889
-8,47194239181809E-05
1,12788151902961E-06
0,00361411159537382
-0,000606977066553371
0,0136268988219078
-0,00180263501890118
-0,04129501600366
-0,0632598154344824
0,0084663575419157
-0,0107144868222048
-0,15170098538626
-0,0286606249542348
-0,305202320107924
0,322781828722791
-0,0598580193836152
-0,0897543197321535
-0,0930299890196025
-0,31884105398828
0,0483839006232579
0,0188330286046672
0,167539431905264
-0,00747646210804236
0,0274877829590619
0,0176737705841847
0,0286526281772036
-0,000365624892836757
0,318278611247876
0,0716110651991789
-0,0402002366813105
0,0254300722615121
-0,0135054587459385
0,293523494704761
-0,0803133855505549
-0,021052946261209
-0,29524496679268
-0,0545110191930588
0,080936090120073
0,256797088603422
0,12664920097094
-0,0781760261770021
-0,0465153739388428
-0,0333803540221092
0,0292630028542551
-0,113163978097884
0,0510064626972992
-0,250905572272518
0,218541147016966
-0,226653576972972
-0,0132476680327199
-0,0490363982726827
0,0959095662062003
0,0130299925671377
0,054956147601648
0,00219691258096587
-0,127668444998424
0,0754829841231957
-0,0249052987705928
-0,0806649068258627
-0,0553693624560979
-0,0364105395541744
-0,0260582539433813
0,0232512808289931
0,00462700816626772
-4,17007034285694E-05
-1,78194075328786E-08
1,01174451554075E-05
0,000144257395011681
-0,000741966941493676
0,012222412956391
-0,00111106284754174
0,00115917173100098
-0,000235321433872612
-0,000776482168302891
-0,000505075855369361
0,000303931646693889
-0,000961433023538211
0,00429688499385882
-0,00223633819059838
0,00820738755075357
-0,00131266560136243
0,0009638625769757
0,000691269896836587
-0,0117126545234617
5,36784280347297E-05
0,00648912269964171
-0,00772439386529393
0,00163990546423295
-0,00373437899535826
0,00407807313486734
-0,00474243490305236
0,00719644430700028
-0,00902206878982205
0,00820376408004344
-0,0179761537396616
-0,0157632401907412
-0,000213334110454876
0,0131698337813484
-0,0225867143509657
-0,0108701922750325
-0,00066741640647874
0,00939315641394129
-0,0455113584050039
0,0319961385535209
-0,0402526012582825
-0,00482717196775454
0,024041018675399
-0,0231814363551918
0,0251095187636824
-0,0227578082789062
-0,0114187303119976
-0,000732598972863152
-0,181604238440169
0,00440200610423591
-0,0414729845127042
0,00845536441162739
-0,500899848448205
0,302292284474192
0,011216829977225
0,478153393625411
0,250089000962539
0,0138336770509966
0,366822601448729
-0,364714246943673
0,113333823847519
-0,193117752630019
0,0645090896221987
-0,00479696074913831
0,0140564212504933
4,51288418019473E-05
4,48638275477161E-06
0,0145935211063918
-0,000835243100966323
0,0019985786253381
0,00949261849861424
-0,0218569518265796
-0,0300381515467629
0,309281109077026
-0,33561949909652
-0,107730084264803
0,059281024916302
0,0122168584992889
-0,0643670741409325
0,014802293092497
0,326500888450589
-0,0951432379472844
-0,0721699607662656
-0,0262556970952183
0,0689225190676264
0,0293408928981677
-0,176699639255705
-0,233619912255385
0,0645817987247922
-0,0816404117941986
-0,0982234538825894
-0,102448194399053
-0,181853289179436
-0,254732040068186
-0,30445473784806
0,331830272052232
0,0612503383653559
-0,234839360447731
0,119621641344209
-0,0437348879044574
0,0547256127450001
-0,00496397936871605
-0,0506091110004106
0,0385121033521494
0,0117715352918656
0,140629171545301
-0,0949800047168466
0,00878103714187997
-0,0218430604788182
-0,0290041278353059
-0,0390240074927155
-0,0988350578878906
-0,0596274652058438
-0,0494176084767642
-0,0727851471523487
0,0834291910426457
0,000967322340865064
0,115922881435604
0,200523006102216
0,0126370041592619
-0,147098864778691
-0,0636322792660195
-0,0500735328336423
-0,0254809375571304
-0,01954737803384
0,0164083135545072
0,000581675161038774
-0,00387734213478218
-0,0171203417344823
0,00034191692665773
6,77069393931846E-09
0,000220299088432629
-8,53228355645811E-05
0,00027020378121305
0,000762029432469816
-0,00215063024651629
-0,00294592192601306
0,024989079938736
-0,027113131560614
-0,0106710548444155
0,0105565007609454
0,00151066572349899
-0,0086386314528784
0,0135547401738249
0,0407047635637674
-0,0218648042004045
-0,00810247292820109
-0,00304271196238485
0,0162466174837973
0,000284874103177175
-0,0470840606905444
-0,0512343050994798
0,00525295766363211
-0,0231869262405574
-0,0505343278598254
-0,0311112584349839
-0,0916454796583485
-0,0617890443205261
-0,151413303338138
0,111211495938385
0,0663791498176712
-0,084568427301103
0,0467847913565329
-0,109627778950417
0,124742222107907
-0,0367659033344259
-0,210596184913605
0,133731255532147
-0,0931682246545112
0,132089938840505
-0,0907518499065629
-0,0471115837132033
-0,15275347208887
0,0919238141001392
0,147026715232179
0,488165572199611
0,177046435736586
0,298228738545187
0,247130468539817
-0,229005742150065
0,0230415028234812
-0,181418537666992
-0,373349760310597
0,0112009036675427
0,271448699827063
0,0993463165627954
0,109141575054822
0,0445911250545074
0,0216444934368807
-0,023758590009638
-0,0035537470131985
0,0063834812851645
0,0268755625427538
-0,000553504614192602
8,12686055182084E-07
0,00016443128122925
-0,00197428524904802
0,0029661972307889
0,0320281042661702
-0,0226190105688741
0,0104932079468652
0,015792460920034
0,000819545951697136
-0,00257438584740799
-0,0331547525691005
0,020182018973658
-0,025045855364432
0,00617040812659165
0,0400408237846664
0,0580589376779238
-0,108973921871855
0,0554130743276701
-0,0687045745082501
-0,0120750817094762
0,190943357690067
-0,14133160843693
-0,455583815939302
0,0483768431332282
0,0370729984701672
-0,0307017730789463
-0,0698962928607324
-0,0404267677530361
-0,0571886120724281
-0,153804046475543
-0,078377560953837
-0,13050459162031
-0,0663020605314759
-0,0717015036411767
0,0464599980339601
0,0161284003901625
0,137045771789087
-0,171151633100949
-0,201013704367632
-0,179202093150478
-0,32428947634787
-0,0812414718124625
-0,0232285521865932
-0,405959182523405
0,136623529963985
0,0708786006389557
0,154588187338612
0,169573383912948
-0,0619864619556683
0,0768144054838467
-0,172181446807568
0,0818243083088948
-0,100407198821644
-0,10554471828394
-0,179705990821976
-0,0703451185795898
-0,112374127877363
-0,0773503403710831
0,0262787656492946
-0,0332046730579637
0,185845033242837
-0,0118223756866027
0,0150609489727726
0,0005097060660632
6,8949641417394E-07
0,000105884907594901
-0,00121570355527086
0,00362350195224989
0,00278147925352928
-0,0316834625978556
-0,0610783652461197
0,212053052682139
0,202975902057614
0,296782934656655
-0,073809832981345
-0,325319537917726
0,133978096172082
0,0462166213448041
0,183793963513397
0,257419291051558
0,251003373518681
-0,187405096523703
0,417640245824612
-0,0277979616945139
0,0156665637629106
-0,170357863692763
-0,133837685576457
0,0220278881882236
0,0952059487383615
0,0164020256946221
0,0595895424789303
-0,038780908699967
-0,0316560454311249
0,0519698086744322
0,145811075384076
0,183787235078574
0,000163590489477202
0,0936192202864445
-0,0560590538995127
-0,0209132815504624
-0,0237711551074869
-0,0389696782293148
-0,118694919453362
0,0374623347243566
0,0777131852540805
0,212848628959158
-0,08813996959728
-0,0280389697280442
-0,196320679671044
-0,01769147305026
0,152748969448275
0,080415409950574
-0,114001601837244
-0,089575240538382
-0,0966813810787574
-0,0306982674459552
0,0404487553403487
-0,0306384410303327
0,0322510868153063
0,0190897073147214
-0,0154098889905976
-0,000354760710469305
-0,0198374850688656
0,0299581131554265
0,0134462492143334
-0,000651838358929273
0,000200268147731366
4,25912157854847E-05
6,51719816687582E-10
3,42448522526996E-05
-0,00342831867916393
0,00106731194018905
-0,00143124054683494
-0,103136275894553
0,032390812993397
0,00603434161221032
0,0147320056527707
-0,00707699200787032
0,00796526623994504
0,00802067442943468
-0,0246466485366272
-0,0357101207015147
0,00966899667818111
0,0171649301819021
-0,0194147761043644
-0,0175400715341915
0,0211792213316973
0,0552712216718553
-0,0976297874847663
0,0865202331582076
-0,00205828157800375
0,13556687428456
-0,0536420051248898
-0,339906793353272
-0,0345930134013583
-0,0721200035122779
0,0864836854176773
-0,173375228581486
0,10045975604819
0,0751374638296582
0,174914919840288
-0,192202557044511
-0,324364514729905
0,231583556797944
0,128403256393276
0,198422987881758
-0,166726429891558
0,16062740251768
0,00707809330265517
-0,0335799604551548
0,0505155461795376
-0,0114159838847361
0,100256279993635
0,0280573837004531
0,113944945135053
0,0129696316554894
-0,103918034972174
-0,0201755652673355
0,0244984782557218
-0,043214372016736
0,106533108964074
-0,053775888767497
-0,0323156616542528
-0,328829713242778
0,290966322100048
0,191064782024048
0,377477902096268
0,0576538232386973
0,0106887127373599
0,00699087897913145
-0,000451711087633034
-1,28658086901249E-05
1,86255201172079E-07
0,00165969985819087
-0,000657914480120755
0,0135254270092578
-0,0016950303434978
-0,0302331824173967
-0,0180706164862851
0,0216183129880745
-0,0284355130774148
-0,0964809515059706
-0,0348844222378294
-0,126857044964574
0,131400666089064
-0,0738871630401858
0,0998623740855361
-0,131297234006808
-0,1864882202198
0,261741286989612
0,28556188050949
0,23022627934139
-0,167971678424942
0,20402118714992
-0,099229708320423
0,0221577627565893
0,0825979822567959
-0,105380528461039
0,106682626159996
0,138437271670833
-0,0491479503505958
-0,0582266212137832
-0,237801149512655
0,0414972991043677
0,0211889153447512
0,186564638415755
0,113556607223238
-0,100900410512123
-0,239293076038503
-0,156690790541606
0,115024644345367
-0,102142437676803
-0,116236981584239
-0,0236252960897254
0,0574914947033135
0,0670922182984188
-0,148467922660464
0,111796906000458
-0,12779412761883
0,198299001327128
-0,192097369901769
0,00761607740988131
0,0260330456785632
-0,0810676601162475
-0,0556867153942307
0,230155050919089
-0,17798739779518
-0,0776759499492878
0,0300492301994572
0,190738406043534
0,176860051251476
0,0865662835262917
-0,0140360274839969
0,00689080091573419
-0,000576555160444555
-0,000104169233749012
0,00122706021780797
0,00135858149536132
-0,00164920387625109
-0,00107235273952916
0,0076156708790582
-0,0179680336921315
-0,0344813346364705
0,232571915796443
-0,0573879222631677
0,107249010173207
-0,201954363101933
0,151092533291158
0,129853752607357
-0,0214122225433339
-0,168840458926143
0,039330273414537
0,0493629704171335
0,000193701923042083
0,00341468393091264
0,147173219637622
0,393970900821002
0,390331553494993
0,0107918930479865
0,0354088098837712
-0,080943870499993
-0,0064615211301505
-0,0739863043980782
-0,0223529625647868
0,0287357411462633
0,0383386785784313
-0,0669063737761433
-0,142625987417319
0,0651049764569841
0,00258993593212945
0,140715162712243
0,0552475849551817
-0,109041872881069
0,337196643897154
0,268403629396065
0,161917973134584
0,0704620599959727
0,153778011915975
0,00590638820815566
-0,241422635026635
-0,116683104437597
0,0657904318006147
0,105017441333115
0,115797865189268
-0,000821970612289379
-0,068994335327909
-0,0631047967791853
0,102025759377114
0,169338897392264
-0,024838764193934
-0,0553543969495912
0,0278971698987768
-0,0872104926032619
-0,00393810278446906
0,0262797344796011
0,0103159442558271
0,0694600399686297
-0,00497316496322749
7,04105847986891E-05
0,000310683899779721
4,76412293868825E-07
0,0210228638534274
-0,00022094660922045
-0,00222514021078549
0,00302819933825018
-0,00360519729975407
-0,00672084025572143
0,0958971646091181
-0,121367338956803
-0,0459806204467964
0,10002365456018
-0,0725678985008206
-0,09776466323541
0,00313166831038867
0,358216439368261
-0,235304210243616
0,059707060830368
-0,184553360145855
-0,0752784684613059
0,0725758709019758
0,21870593505318
0,0697883362232456
0,00211877394833434
0,000184596946576091
-0,431143622715278
0,103791547515373
0,448014297673026
-0,214001649445071
0,00810172157354224
-0,216978989947461
-0,043688383402244
0,0939539922568025
-0,0181889110599351
0,0512686178308016
0,00432717503938029
0,0200629983785931
0,00621186375851307
0,0479635147267594
-0,0160255200192762
-0,215641179792505
0,0202299372555506
0,216471977324642
0,184774484602768
0,0619814235218189
0,0957052311584346
0,0545240981696197
0,0367257561040285
0,0274740133454189
0,00278000150876585
0,0291139029796942
0,0289694202970038
-0,0398108860567413
-0,0675009635955099
0,00676800101427629
0,0313514540280867
0,0197077446898849
0,025698505094606
-0,0155241529169235
0,0132412810076532
-0,0167190580822892
0,00500223477164435
-0,000509155720700706
5,40892084275944E-05
1,97703756383308E-05
7,82396568115048E-11
1,62240732428072E-07
-5,22000492212629E-06
8,62390345208832E-06
2,28551274194288E-05
-0,000643612040355311
-0,00111084146031189
0,00242338409230784
0,0033945920618402
0,00231479154881717
-0,000113086789229229
-0,00452254711803947
-0,00339641301940166
0,00194443872752132
0,00256797529195929
0,00508904137639519
-0,003776244359868
-0,00197918656206947
0,0091176744078824
-0,00603283529516012
0,000476712543454636
-0,00366894628107284
0,0169893564707241
0,0241792501819662
-0,0174258472261405
0,00772865634312201
-0,0169998750078945
0,00907954717386278
0,0116163589400066
-0,0233103882478497
-0,0453870893126997
-0,0497051333009586
0,0193767460504727
-0,0379650990982532
0,00662727107478301
-0,00695120659556471
-0,00328490035413811
-0,0313824323953337
-0,0056804360957836
-0,0113365938957726
0,0252249192872471
0,0196352410447761
-0,0241730264218866
0,031807196593839
0,0196179057796428
-0,00298321970621367
-0,0511706513103458
-0,041505081335917
0,0390133257798677
-0,0332337319394483
0,0251052082557869
0,00449722463059733
-0,0398097273131284
-0,0410787400517156
0,0102787052522745
0,105998720924339
0,0683561309306528
-0,384406330978282
0,133994238100868
0,875205718404279
0,16795177495842
0,00641593935138691
-0,000796789045934682
0,0003715650155312
0,000248627140768794
0,00143451617566109
-0,229987213021081
0,0860329551695724
-0,0118606283183191
0,0089060999504151
-0,0222123352824431
0,104699589784851
0,0926312699063484
0,156439829411076
0,355339999888668
0,156358152698124
0,115777406800077
-0,204127730270476
-0,081218161789844
-0,0161065945443492
-0,0905639866416952
0,095422368525498
-0,0307790618963473
0,209457068847915
0,219006906476559
-0,240048685015909
0,184965251798846
-0,129432714444828
0,108549240289229
-0,0892403142998866
0,109782759959747
0,0346598317713549
-0,191839276253822
-0,153264966626828
-0,0387933667362479
0,021977874033434
0,257270701961351
-0,00520170054167971
0,0339855467953874
0,000905326580108928
0,0457484382280813
-0,0260579614162491
0,0975865231968048
-0,149762455276986
0,0439274193482795
-0,0902799109874336
-0,238599755820892
0,147012099862943
0,0401314303547641
0,0161805910475002
0,156196791307509
-0,0104079329203184
-0,0456670545622557
0,111950476046952
-0,241510729388828
-0,198382538589957
0,179407916927639
-0,0362752047572195
0,0585581417790373
0,0240764006775308
-0,0182434865341932
0,0160793581718395
-0,0189352923377837
0,0181696974770306
0,0133689451239498
-0,001074859718903
-0,00111330834789571
7,15545261545799E-05
3,54263411656999E-08
2,43957490689254E-05
-0,00149567227116592
0,00134724374015734
0,00351906765454997
-0,0331462228524307
-0,0430257701952382
0,0601102812637009
0,0898547343996629
0,00857594566224843
0,0245503753327651
0,0217274453324609
-0,123319450136898
0,0606892599112476
0,0426611802869065
0,0211305821215983
-0,217883918651608
0,0909962718420862
-0,149156769698681
-0,0838408564081131
0,135669208027089
-0,0837842367726884
-0,558363577743685
0,0952640096757254
0,198675329250263
0,029086029981965
0,052812884700039
-0,152871858880626
-0,0977116497589425
-0,116651738114053
-0,026668434296065
-0,148407914971839
0,0534471811823045
0,000362307358561619
0,132859451792292
0,26301479936394
-0,100049444851825
-0,00291428754041347
0,0400007314763493
0,147831147349511
0,238244252353932
0,0779885379436715
0,0371157545206125
0,230347534193394
-0,124033751488097
-0,0905843855112607
-0,0927670646838103
-0,0864644580132357
0,029184307148496
-0,0604412697458356
0,172253012182567
-0,0790933159796346
0,108107603017131
0,102906121755854
0,160712194840886
0,0506417215491551
0,155664751704497
0,10812243643476
-0,107174493442419
0,0260207020528115
-0,00393055107003557
0,00278728824181687
0,00714486991400083
-0,000205139135755741
1,57071695307438E-07
0,000147175242627251
-0,000473515060278377
0,0112620517373894
-0,00168326241015805
-0,0265211041930727
0,0142904007595791
0,000568182638785213
-0,00315165347421907
-0,0213967853201634
-0,0328036574235229
-0,0371339606207457
-0,00997550496905798
-0,0297362215872369
0,0297183357338782
-0,0239881451509231
0,0417994698502529
0,1781990269989
0,0525817527278432
-0,167603418129635
0,131700552345622
-0,00716097637867939
0,0661586455135082
-0,172162343195333
0,00531704628799538
0,107026329008733
0,0147929609665396
0,0268974683748353
-0,0544791395193027
-0,0235859724878537
0,0356280980618065
-0,0435421573042489
-0,0222518376227394
-0,148555047944462
-0,358651701999769
0,246129860355095
-0,15635338245632
-0,0381481645743193
0,0362044559431272
0,0264245454264785
-0,0190492467459692
-0,0102216422624731
0,000731687375688846
-0,0273865378206105
0,0188429801192544
0,0486149867431562
0,00226840056489468
0,0508777724406845
-0,0641823314411798
0,040797657111448
-0,0848295030443289
0,0379756164308155
-0,0538337355238733
-0,0397204933197461
-0,408309637928116
0,543355894980875
0,294715173039412
0,101756229564899
-0,0668512939948405
0,00681311572932594
-0,160742599030758
-0,0637990591744829
0,00317837375806145
0,000397545017608605
0,000149323490223472
0,136531177799029
-0,0117622459553911
0,208982702233638
-0,021654910654628
-0,00798257520331955
-0,0205538389881123
-0,0224984871489336
-0,0177702041290704
-0,0794772551392995
-0,0697635543372084
-0,239793117939942
0,136485392325102
0,0126237205374474
-0,0457577482229822
-0,00506207752059427
-0,153823121121837
0,0123390377336855
-0,0856871354578107
-0,0448219173363128
0,0144685358766631
0,0868655586358769
0,0147620680903352
0,0471442047715726
-0,0253750344394667
-0,10969961574713
-0,0546324519876596
-0,155636066511035
0,139597690501572
0,0995069201313374
0,245073232817632
-0,0520332944246191
0,0587790475993719
-0,0566803023677103
0,11330984461549
-0,130708788169778
-0,114837800737913
-0,245401012487823
0,211479748498268
-0,154957429437722
0,00568806353270889
0,0143428807939448
0,0506898569013176
-0,0441253975601128
0,0695427901439452
-0,262301025667548
0,184893275305515
0,041946171398931
0,071568328231337
-0,170958171532597
0,0531463463967736
-0,336565438947554
0,111415196213377
-0,102590184312974
-0,0650805857682607
0,065627229026355
0,234294197007937
-0,282881744939717
0,15856174711217
-0,184028563821788
0,0426687005786881
-0,0050038768789366
0,00120754778398779
0,000213787514297787
8,50849345696681E-07
3,61251255781994E-05
-3,55293752875061E-05
-4,26535554926813E-05
0,000335869476529191
-0,00131179238634394
-0,00275512796623045
0,0241426741360316
-0,00722475959586319
0,0140184419144313
-0,0353495282271878
0,0394209535212892
0,0310470840633823
-0,0123773098132141
-0,0395994530228826
-0,0241718726392434
-0,00133055198124582
-0,0171796758335951
0,022774321602308
-0,0303889666322677
0,156375797921951
0,14883920956006
0,0306327025869582
0,188070412469075
0,0296962940491461
-0,0193423826736777
0,0520846823572391
-0,00848600171610204
-0,151552232746046
0,139732191343463
-0,00562235130863241
-0,0150964809305471
0,0221973904090222
0,0166686036795949
-0,00855900780241771
-0,000562164132860394
-0,0736950322010522
0,0852941575991586
-0,0623697291928426
0,0812406553180979
-0,203438599524972
0,159187023358252
-0,253923934929613
-0,148692870032193
0,059081230722647
-0,245763855128278
-0,122478585821826
-0,311644259415711
-0,2871408732538
0,240716268716645
-0,00390013495556259
-0,318361418431819
-0,453167679282497
0,0133954968617656
0,103669504988225
-0,0840070889918497
0,144432967237658
-0,016536122126888
-0,0940202347202957
0,0118447541474704
-0,113934103559577
0,00809257502356656
0,000368713161424744
0,000190739631991305
3,20981486941559E-07
0,000395932713177631
-0,00668689139811238
0,00127659081463462
0,0187529745955995
-0,000481548730663068
-0,00274105287302783
0,031177229833738
-0,0291063173737023
-0,00448351425832685
0,0814255849721983
-0,0555812679223221
-0,063289326212999
-0,0116296286696101
-0,0321295488269114
-0,145982371229592
0,0792218817285625
-0,049113477954995
0,0432084622140028
-0,00571802435981824
0,0738719867204382
0,0588431487855258
-0,132690914580746
0,0207010146348344
-0,298377555546096
0,0813496451256272
0,180606733381107
-0,0288464594457855
0,122757648675141
-0,0752206004735747
0,0273514990559569
0,135175214645946
0,0331653490044152
-0,0716903940903055
0,0397719330239776
-0,108617345716982
-0,0686723131627788
-0,268149700594642
0,0363683729826762
0,500684779604667
0,0134453974250596
-0,503796973837375
-0,329105635976606
-0,0984028505915839
-0,147335686540654
-0,0651981026030306
-0,0240071514026597
-0,0238420256637265
0,00622791184080318
-0,0485629719130248
-0,0371941062261815
0,0188506962712602
0,0424255158966776
-0,0139429792373516
-0,0209611525720641
-0,0112864936338844
-0,0245297798150657
0,00672163764153623
0,00152307438888299
0,0126107451849629
-0,0178091878724739
0,00112347082821443
-0,00166391137625305
-3,9593276324598E-05
1,40460101415823E-05
0,00255730546980596
-0,00220487559032371
0,020070463700999
0,0100966027986529
-0,0104858143912617
0,00247066596594779
-0,00268576925299919
0,00215074494395216
0,0149662724663458
0,0567159753577072
0,0399106768563353
0,0848870303085422
0,259041529620602
-0,0154942560073242
-0,0637849601398035
0,0215992922749088
0,0250803115400466
0,0379716372321951
-0,0210255670196121
-0,0269984562305345
0,0452013505731616
-0,00168308229530805
-0,00555440601637529
-0,108124660565051
0,0140287602637626
-0,206026700759978
0,0681087297549868
-0,292518100724186
-0,300287493616469
0,159819692299247
0,168169682132849
-0,140486548640996
-0,148979185304183
0,186379886679678
-0,0570624614361084
-0,365880918765973
0,200512877660429
-0,268625535755887
-0,158988278194998
0,166089304976304
-0,141329887684929
0,115705445544413
-0,0878879556658727
-0,0219700127397549
-0,0919171824025857
-0,204086788555541
-0,161230428573481
0,0275541483465547
-0,136303335627213
-0,180329050139977
-0,152213735611778
0,0775227379177152
-0,138640449807817
-0,103570610917084
-0,0188421020963451
-0,0939711414206154
0,0528455041898917
0,0302297532235697
0,018944432934907
-0,019359688856573
-1,77001464574159E-05
-0,00942576272174626
0,000109393151725439
2,89272023975035E-05
0,000509630651909732
-0,0236898742258984
0,0490516293747522
0,0142468524198013
-0,00657743738211106
-0,0232632883374462
0,0664181812385222
0,0769757150947318
0,103259662050796
0,249003486745511
0,0841788579504826
0,060853047116263
-0,169844554627704
-0,0467994476176402
-0,0308191395441589
-0,0671362457005862
0,0968384135253505
-0,00681809610118541
0,113687616566788
0,115010553144614
-0,139322923432826
0,156327055858305
-0,0640060295189275
0,0565379826544754
-0,214140034272366
0,0996959146622365
-0,0934205681315301
0,00260353334362748
-0,00196658101082452
-0,0406231211937262
-0,072613108460247
-0,565055104950039
-0,168536591109264
0,0436010350906065
-0,0897251637156903
-0,0363360361341407
-0,0614035750494713
-0,120229855996055
0,0919837275564304
0,145274179746492
0,144697589737176
-0,0613914219409115
-0,128800261423073
-0,0728544737905761
-0,0270432021936704
-0,00156842487564538
-0,0462725892678905
-0,0851864499332075
-0,236708284032442
0,312971786954218
0,195684164825293
-0,123150043677611
0,0671318870113965
-0,0865680461627477
-0,0449077515088861
0,0729695668528925
-0,0680211610398791
0,0924763960242976
-0,0656589129662283
0,00457578545088295
-0,000377513383182845
0,00096167971586629
2,39244760636726E-05
1,22402288753556E-08
1,06718745533206E-05
-3,62787280478619E-05
0,000870911398083426
-0,000129597504502994
-0,00182905187677205
0,00147076979306233
7,03409701279253E-05
-0,00034754865048165
-0,000948261232115736
-0,00257666736935136
-0,002518356990028
-0,00152585145589107
-0,00208855728001644
0,00254249585853749
-0,00182062842468687
0,00349089558486527
0,0139956667273655
0,00388214905752522
-0,0135555015914524
0,00993966238509832
-0,000325541401422237
0,00502673939807129
-0,0134271849256741
0,000366292404122992
0,00645799012263887
0,000953783593543327
0,00213827260352689
-0,00408927874937393
-0,00172800872792898
0,00127043436297553
-0,00245931473049015
-0,00120744544141157
-0,00950654218058041
-0,027607186758414
0,0182088274473792
-0,0148750961454451
-0,00454456753889508
0,00366209790255907
0,00216184975053934
1,69099885909871E-05
0,000140187384309109
-8,26248564108156E-07
-0,00372907317518498
0,00802842218079424
-0,000531816298467875
0,00498617577301926
0,00380422747422545
-0,00199121578490563
-0,000321092229785278
-0,00952083812643076
0,00661968300032628
-0,00493505065857091
-0,00140139620317626
-0,0312552217679927
0,037165679793153
0,0186358938252828
0,00538134647385228
-0,0214542285016734
-0,0173776276847365
0,0542895963870293
0,973020574723442
-0,210044291996257
-0,0108207722913845
8,80116458014677E-09
0,000589378555470292
-0,00217950752814324
0,00236341371157538
0,0032644553230298
-0,218155065778819
-0,306880459865269
0,181386387686418
0,286794167046062
-0,129316483482681
-0,0166719372201205
0,104409007861393
-0,243045795169895
0,0583832206226644
0,0285281354233543
-0,028541621003569
-0,16154210127574
0,0437354809391236
-0,206250927353385
-0,112581100445504
-0,168673388083077
0,141821155271162
-0,00742676927932774
-0,0805973319611984
-0,0272176262391131
0,0671466499562055
0,00551979285388564
0,0448288904237557
-0,00606322407947277
0,109801233673972
0,0216561494214287
0,25110799212247
0,125590382479617
0,00300561526348366
-0,0581221818773279
-0,157132001005217
-0,0411618628864046
-0,0932688327370881
-0,0603784612709312
-0,0798811944313132
0,168572436341733
0,256146602828911
-0,316083413137225
-0,229941335310881
0,116443463675911
0,229563781652341
-0,048887082784208
-0,0511631143383386
-0,084157024722622
-0,00589040107222932
0,0500044309813789
0,00698513727533282
0,164127702473748
0,0490031783272085
-0,0511851043372324
0,0287312322290091
-0,032659205475171
-0,0122029030338185
0,0466775028481871
-0,0160579578676476
0,0367100060859785
-0,00274679025467926
-0,000330049441988
0,00018097232641145
1,82480607488476E-07
0,000177276864738736
-0,00107539293770713
0,0156808488391135
-0,0026226799854913
-0,198481909216822
0,159502232821445
0,0108942516747499
-0,00232695672688912
0,00800130425577107
-0,036866190580991
-0,0456129463395221
-0,0372197638422252
-0,0800219613437937
0,0203601450931544
-0,0136841939052135
0,0378359543494434
0,151103235838202
0,015213973813227
-0,190951010192536
0,13054785801117
-0,00455135263853042
0,0858705099477722
-0,222624355112916
0,00405354494669529
0,229816846414944
-0,00642368597914104
0,0587415436940536
-0,129501665005173
0,00771280520107445
0,000784972287168317
-0,033721834493602
-0,0796718795630357
-0,0750666607154954
-0,337956973676846
0,198996872350796
-0,308582059167495
-0,141005551302135
0,129226527213416
-0,00503709796862483
0,0157886133471915
0,0351717587066877
-0,0156461992722477
-0,020106402177794
0,0805966777930814
-0,16029430762107
-0,0975491520500136
0,271265589944488
-0,00402133369833522
0,00641083057443631
0,0635564594459121
-0,0560342263529909
0,0221860369362455
-0,00580605693479767
0,253865248951779
-0,385627907816693
-0,219719993147672
-0,0876779275991247
0,051642336132532
-0,0103761730948625
0,136733489236077
-0,0102067265753095
0,0114539988306294
0,000386385293739598
5,78196395421557E-07
0,023613135053186
0,000170438784365119
-0,00287940656574712
0,000841014613256668
-0,00323902197159158
-0,00668964952736564
0,0605122761622903
-0,0392289849851842
0,00792386495632464
-0,0469357625022925
0,0798651820410181
0,0219560211294536
-0,0294629249718012
-0,0285036459107661
-0,0508041268065725
-0,0235542620089779
-0,0295449314352917
0,0356787971216312
-0,110198785830677
-0,10750362297492
-0,13009423188684
0,0256360490278498
0,00188300866321402
0,0952484794816488
0,0635694288858302
0,103950054272718
0,0272920922289019
0,213691267330042
-0,282615303730665
0,0733168110627116
0,0159377614038084
-0,0538200683188227
0,0661160198964497
0,0961308853981536
0,0290280672774753
-0,190042101416248
0,174721657596459
0,00718272879899876
0,0940164213512274
-0,533295200496635
0,230696070236486
-0,262101967497605
0,142469985887125
0,0926222299777303
-0,107745848760144
-0,0772171936796227
-0,0567892605823009
0,133603847428551
-0,109336800152549
0,0310007962459792
0,0706344172003669
0,20485662622034
-0,00766431054945663
-0,0587915921845537
0,0397325829082359
-0,0233253334546688
-0,0185326825269008
0,0750391349775542
-0,0292910717834592
-0,00421367674771723
0,079280679680608
0,368170357704349
-0,0070214645084669
4,94681520529397E-07
0,000936281231289951
-0,00046925901109852
0,00133204987257675
0,00245693428949611
-0,00622730307953503
-0,0104944262758912
0,11149345126497
-0,126562140246228
-0,0456018531506572
0,119265361003229
-0,0730376445339575
-0,0479710965664403
-0,00511417535903898
0,489896846047128
-0,245979778192707
0,0171215813238892
-0,171212312277865
-0,121824847394851
0,0912345871468278
0,226576691797156
0,195424255872906
0,0944081261341394
0,0407212124527242
0,470735616455429
0,0472627991070458
-0,310101227982595
0,233898504977656
0,236992130077457
-0,11466288010493
0,0944505429157817
0,0054543620757787
-0,0642892380814593
0,0447764148773844
-0,0419266439384809
-0,0218430222871664
0,000931855042176469
-0,0558360639490545
-0,0642485660068236
0,0611336655007891
0,0588435527269012
-0,0857694980158177
-0,0570440119299518
0,0129622329597218
0,0152532630703503
0,0239861430460022
0,0497779463385817
-0,00651826467052354
-0,0176073724537105
-0,00338929255229538
-0,0087469555421535
-0,0103391520560069
-0,0236207909873322
-0,0178027472442838
0,044837724381346
0,0175895104237268
-0,00137255506398464
-0,00867132748371418
-0,018907597608378
-0,00413435093461156
0,0037126161957129
-0,000712258297387334
6,77155859639507E-05
1,46668047480529E-05
1,31422288182597E-10
8,33075725357952E-06
-1,23202716289213E-05
2,68897294464837E-05
8,75138744956753E-05
-0,000522677353417681
-0,000956899357077524
0,00435550325921553
0,00406343878034139
0,0068637432213997
-0,00138134934583239
-0,00986926875167461
0,00229661080194474
0,00233383003907613
0,00891438872545318
0,00940073759977646
0,00619774876920603
-0,00687269665800043
0,0170690831493256
-0,0042960960099729
0,0152955268607815
-0,022537028613839
-0,0611235791763204
0,0110057051854881
0,0207337936351058
0,00363342143582453
0,0125476529128452
-0,0282047471790752
-0,022869323810894
-0,0406879824462345
0,0110941307839771
-0,0394851394004264
-0,0112409117596104
-0,0081170376593667
-0,281219620739468
-0,431242232012574
-0,0224590904171723
0,17819716703569
0,155103181706975
0,0130556774501554
0,035827026589348
-0,0420944728177012
0,000276377618508523
0,124712518708053
0,00819327907568995
0,0174883024307566
-0,0687965877397406
-0,0865581543103876
0,0552219856012738
-0,0356056147087479
-0,00993005818765236
-0,0280564610467302
-0,0746814308717336
-0,00272853531518475
-0,177894127408584
-0,10823006247536
0,213052072088452
0,131203277067808
-0,302600207596557
-0,0362922591384243
0,647715856494918
-0,0319968431290154
0,0790521263200638
0,00107140137684168
1,23544126765824E-07
0,000433086323227317
-0,00243748138795045
0,00945449890269672
0,0127271345562067
-0,00593378264352155
-0,00745391457375273
0,0169401803138247
0,0284246868453859
0,0514549081291495
0,144445251282418
0,075849862617251
0,205634155100315
-0,0766411539239885
0,106142490828548
0,0573234654678706
0,0296199573302061
0,0968953797169243
-0,0901378959711193
-0,188173627473296
-0,149129982509169
0,183682090842968
-0,0859060239965362
0,065384446805866
-0,176582955747321
-0,0268516121882302
-0,0513041945199136
-0,0727213043664149
0,1522426613176
0,0981144352807124
0,0241680827956767
-0,221017282509143
-0,445326109305781
0,139619495334486
-0,0572323857485356
0,00750084990670698
0,024603860782705
-0,0188111072129029
-0,0945601246286791
0,0437185785457807
0,0825876766978628
0,0815585315317603
-0,119874073894058
0,0937416668286645
-0,0429032488344366
0,0662337468020146
0,0776998300428149
0,0363245732191907
0,215990926808692
0,338330895291639
-0,293506712036948
-0,272322557697204
0,163575199624122
0,0714533288577694
-0,0271429701186168
-0,0275905992858623
-0,0352561328899316
0,127191653077827
0,0334196680957405
0,0809865255608835
-0,00421562369916129
0,0025407525146881
-0,00350042338560362
1,15136525695023E-05
1,65897137203103E-07
0,000158536295225989
-0,000490725080789277
0,0117866654279863
-0,00158288869098453
-0,0125881774402835
-0,00102290281582058
0,0313996958271778
0,0151377083183229
0,0207188211225703
-0,0937930930366389
-0,0597504604993979
0,00856279469083962
-0,00842531483272813
0,0406182272346493
-0,107353037214805
0,260334275003312
0,348540714684619
-0,22511247275257
0,133565950487856
-0,0260230360703089
-0,233037011160144
0,0496444343478488
0,338746999923617
-0,0205189679891034
0,0697326890764667
-0,0300905914590732
-0,0035336856753325
0,0398799930455952
0,00277755197393523
0,037303840872983
0,0931815428819514
0,0234343680383993
0,0664507080287088
0,114559715382637
-0,0685040490407335
0,14357631321771
0,165736757936245
-0,0659426100447509
0,0815344877436027
0,176202861435578
0,0497048598345299
-0,114324584724957
0,0125206690248612
0,159932037631522
-0,235693265753444
-0,226869763259278
0,488919434995514
-0,068020344420127
0,0462091809544917
0,0132774531639344
-0,0287468577011132
-0,0235464597992122
-0,040489992952629
-0,0869693428362484
0,0752421460527242
0,0318508353343428
-0,00158611169883334
-0,00629316823489274
-0,00609231253012323
0,00138975013062114
0,000172346019680031
9,59989482371351E-05
3,66440824125832E-07
1,3111939637748E-09
0,000118710499835257
-0,000683178075704926
0,00131127754753463
0,00166100582072529
-0,104515189484924
-0,0596064205268998
0,0201666613527882
0,0669326904282156
-0,0648744079427491
0,0469276475211646
0,0721630745728901
0,00935679673784573
0,235738691338398
0,00724505060665938
-0,0281657173917394
-0,0371268696353934
0,0262190952942566
0,00202002821159389
0,0046294034890617
0,0633033743577097
-0,0709945324055626
-0,0755996047807476
0,00570912601475274
0,089923999562022
-0,0177084663425788
0,149232975171907
-0,00813260132610807
0,169959757456158
0,206532892408414
-0,047620746047727
-0,0383931315505548
0,0375557406043535
0,0218851906090071
0,010397549076483
0,101005371545338
-0,0697477174206846
0,0358847949824717
0,0967785321295271
0,0753523791061837
0,158644224837789
0,0471635997582902
-0,0387277429493241
0,351986928000236
0,0569473159924329
0,0258882950819175
-0,0108535539669138
-0,104419761559568
0,0112233269551425
-0,108402230299432
-0,326437165830463
0,109046927991528
-0,335486430394263
-0,238597747792965
-0,341957463136472
-0,185639432641964
-0,215588676177575
-0,15936248648437
0,234238847619302
-0,100319991658758
-0,0161684338818752
-0,00379427852976338
-0,0139113186286405
0,000298551163619344
6,37344866239905E-10
2,70545086805879E-08
-2,66049920445781E-08
-3,19357625830268E-08
2,51436397291768E-07
-9,81797321961908E-07
-2,06190985291818E-06
1,80642910902027E-05
-5,40525680615842E-06
1,04861030780022E-05
-2,64396170365907E-05
2,94784625106865E-05
2,32143842563401E-05
-9,25350917873689E-06
-2,96033593608913E-05
-1,80686444742856E-05
-9,94457333924087E-07
-1,28392698486417E-05
1,70149273304262E-05
-2,26971248861176E-05
0,000116767790535844
0,000111116074693931
2,28668160037603E-05
0,000140351220886098
2,2155513369747E-05
-1,44295081843078E-05
3,88477115770478E-05
-6,32824270701708E-06
-0,000112986583835502
0,000104133041223472
-4,18750893132057E-06
-1,12384686228213E-05
1,65120937845795E-05
1,23927460222755E-05
-6,35672459103507E-06
-4,17448611855828E-07
-5,46781534118688E-05
6,32673279974409E-05
-4,62103490944947E-05
6,00697196325178E-05
-0,000150157369845948
0,000117395765595316
-0,000186672609127848
-0,000108696278395089
4,30772682312029E-05
-0,000178202694522725
-8,86400802062008E-05
-0,000225055261528569
-0,000202918216063706
0,000168354441234971
-2,66955460652856E-06
-0,000209455707800976
-0,000286475614959453
8,10285178492887E-06
4,91350110598603E-05
-1,73510081479787E-05
1,74656294058062E-05
4,31864130041672E-06
0,000165055098705957
-7,63460903808691E-05
0,00292678092857396
-0,014723289913736
-0,0159626313841861
-0,99975964916096
