0,999998627028717
-4,29151581028211E-07
2,78348522531176E-07
-0,00165529350655109
1,05095735419858E-06
-1,40312822642123E-07
3,43309136181573E-09
-7,94764279102953E-09
7,38799504062988E-06
-8,91741158788136E-08
8,16380715838536E-07
-1,26525756377414E-06
2,58387446145574E-06
-5,25317885901782E-05
1,09851900710487E-07
-4,53283422322847E-06
2,30374267419114E-05
-1,04320959847306E-05
8,68289235817871E-06
-1,851323597508E-06
6,49579472150688E-07
-2,05974685299694E-06
2,86849483729719E-07
-2,95001520059808E-07
2,00240664905366E-06
-3,91191962000593E-06
9,45337724891361E-07
-7,79204730552343E-07
1,50634327902679E-06
-7,76590228645746E-07
8,27682156883852E-07
-1,25341569562645E-06
4,65667609155069E-06
-3,23979169188216E-07
-1,82334718876095E-06
-2,30408142551116E-07
1,30754073391753E-06
-3,34009893625812E-06
1,03602007955817E-06
-3,6527278508274E-07
-3,60044258186038E-06
-7,71279374646754E-06
7,11310587253687E-06
-3,6228483390583E-06
3,22413392090889E-06
-1,25972672831424E-05
2,63980483430232E-06
-1,87935500523449E-05
4,91288853746739E-06
-8,89214466915948E-06
6,10272936390336E-06
1,20219882209065E-06
9,52443753074571E-06
-4,79481030761548E-06
7,93035126052444E-06
8,57546854633168E-07
3,7616552240735E-06
-7,29241567585415E-06
1,05335172016298E-06
-6,18899146960236E-06
2,89171814685895E-05
-1,80302790752296E-05
8,29681525349786E-07
7,56688714580502E-06
7,10563178439012E-11
0,999731496759378
1,21617474388379E-06
-0,00066472045928415
-9,14197661922222E-06
2,16437747420574E-06
6,18620134284926E-07
2,5037331261305E-06
0,000159930229411191
0,000773473384945478
4,79890459995619E-05
2,70089603950902E-05
6,90830650759126E-05
2,41314780270831E-05
0,000111146507818185
-0,000136901770325675
3,72238352962248E-05
0,00379083512526517
-0,0017201809136602
0,000438884215718021
-2,25492103398867E-06
-0,0177916617804796
-0,00100025739414479
7,56921296831801E-05
0,000144344640041528
0,000968615125191513
-0,000237664731864508
0,00044909759405116
-0,000334848143118262
0,000532068723069208
-0,001268314689479
-0,00191328153247421
-0,00151538262383097
6,90003448093741E-05
0,000583571861611078
0,000325189661953145
-0,000333779146008021
0,000141630900242312
0,00136968574618982
0,000410894163344723
0,000218290956637178
0,00119557258249052
-0,000936770332020053
0,0013813532829942
-0,00129365929657243
0,00335466251930494
-0,000849686850714442
0,00516934393904905
-0,00157818686854866
0,00281256495569605
-0,00216771057950503
-0,000543385685380218
-0,0028352193303512
0,00233045631308225
-0,000787211326142656
-0,00161859799701339
0,00018587897904424
0,00222337040398886
-0,000684545367588787
0,00212994032789511
-0,00832530054317953
0,00532149653068251
-0,000235487022373376
-0,00213177943383854
1,03607863935284E-09
3,99381239613028E-07
-0,999241889286264
-0,000144200887153555
-0,00240012613739411
0,000197712710518787
0,000931466081905614
-0,000132054762996647
0,000422201725624291
2,64180977752366E-05
0,0196240215136417
-3,11495605151764E-05
-2,8784860214299E-05
8,89203950860551E-07
2,61928644841658E-05
-0,000495954599250784
-0,00239007848686152
0,00170225584610763
-0,000157833677025876
-0,00255793176398161
-8,36551526717848E-06
-0,00119451489395764
-5,89715148851651E-05
0,0170729931984915
0,00148327021621798
0,00184062825754704
-0,000649744387724838
-9,01357890718887E-05
0,00112685080300311
-6,01176949518361E-05
-0,000356274361222416
0,0152083865508926
0,00045457238446609
0,00411348535420421
-0,0051927747270436
0,00446530830331338
-0,000187044154434206
0,00302744359313692
0,000443377819829238
0,00168533510594113
-0,00136338704749046
-0,00943218557165356
0,00452123487841788
-0,00215495405286794
-0,00400267662706023
-0,00909446670379225
0,00136683014517651
-0,00447548955604541
-0,00225581030123311
0,00483822728601866
-0,00261577193449037
-0,00116099630210892
-0,00581223470951811
0,0128804600208849
-0,000124777074119582
-0,00023115895469158
-0,00349157545636105
-0,000946253236794591
0,00136546777066076
0,00344166942164165
0,000544162688744337
-0,000500359069226667
4,20400563233678E-05
-7,33267745696797E-05
0,00165688685590701
0,000255931986686008
-9,18262796609743E-05
0,999021867646694
-0,000673816499381632
8,48731426795443E-05
1,72117353281954E-06
9,39840246542361E-06
5,58517440814822E-05
5,5356803968328E-05
0,00102196277678351
0,000940927572227943
-0,00111376241888483
0,0318819209359431
-2,63460861779304E-05
0,000147536169315936
-8,677368339813E-05
0,00732276718684798
-0,00385736590538306
0,000226198257771467
-0,000427650315912399
0,00139845705221172
-1,2528350856134E-05
0,00014287427849246
-0,00013805844269413
0,00261642412042378
-0,000606750395320041
0,000835480467691118
-0,000374001350365865
0,000641557869087817
-0,000447068986148347
0,00103310203476543
-0,00359983909054441
0,00072060511681812
0,000598282389896597
0,000415618490863829
-0,000795377862212855
0,00214429560609525
-0,0005259447720898
0,00116043152502819
0,000499041555129529
0,00246945106432175
-0,00229736121522351
0,0024208655869046
-0,00236249863037577
0,00753722930220599
-0,00156343978886919
0,0107660738065936
-0,00339376134318426
0,00589576642662558
-0,00438764922318228
-0,00114356538453986
-0,00586443908824918
0,0039279897022998
-0,00480360875568441
-0,000601541678865495
-0,00256074583676799
0,004491766412804
-0,000727992588150596
0,00405925277434767
-0,0175432984549717
0,0109482825277556
-0,00050513174974799
-0,0045921083773571
1,92262028427819E-10
1,01662903930321E-06
-0,00102882570670713
0,000456288208184253
0,997993265055813
2,68995618054385E-05
-2,36012968862829E-06
2,07431200985387E-06
0,000739567023699141
0,000323941937803189
0,0435966837213683
-9,33363121346094E-05
-0,000114554221012828
-9,696450585766E-05
0,000374571085993522
-0,0108690173798849
-0,00554144633926092
0,0255273045493952
0,00114126421002222
0,00444860589867096
-0,000271921916048263
0,000365856430067411
0,000281708619455307
2,08203152265633E-05
0,00278213714281784
-0,000956283347840214
0,000171581667832137
2,34438640575467E-05
8,79591010721262E-05
-3,03277815229255E-05
-0,00150610790310205
0,033255040331176
0,0115801578244353
-0,0010406534441863
-9,16133608508657E-05
-0,000882412599750972
-5,75458335069724E-05
0,00151661169241024
-0,000844952814794514
-0,000532647437058747
0,000172617709254205
0,000878473717146715
-0,000700888520988991
0,000169721003843123
0,000373730491418524
0,00119864056300353
-0,000253617659859934
0,000843371684716319
0,00281188765609131
0,002480387282052
0,00141782523329581
3,48787675349698E-05
0,000821605053221509
-0,00129301227744419
-0,00042202388760592
0,00114122924937317
-0,0003498362555646
-0,00202499997594768
-0,000544338321385134
-0,000764971682831999
5,89563826598767E-05
-6,21283031341503E-05
-8,50164319071821E-06
-2,46739433505607E-05
8,10771686502714E-13
1,1305948961205E-07
-8,31333683184669E-05
5,2010035645241E-05
2,43795592441066E-05
-0,999531066167514
0,000521351884397151
8,3882644284774E-05
2,52183878035249E-06
0,0114342825478321
-1,42977493572909E-05
7,33669466662084E-05
3,69007439954675E-05
0,00134145617441016
-6,63778216164801E-07
-0,000166957443170812
2,22876045890299E-06
-0,000119534146116306
-8,44526370327723E-06
-0,000258514858199259
1,6135311362654E-06
0,000336593304115941
-6,10314449617302E-05
0,00630767576391729
2,42711101991422E-05
-0,000158408443262009
3,3860345410437E-05
-0,000621512260223191
0,000393924148994061
0,00045149695651831
0,000163702904496222
-7,20084749572573E-05
0,000351631478634513
0,000219298011291614
-0,000158391359404024
0,000223143902788601
0,00073105904588045
0,000277554359988276
-6,54484375378901E-05
-0,000467030827545163
0,000563219209557495
0,00136762983668809
0,00125841555895891
0,00117029663279165
0,000898131980743969
-0,003197684563962
-0,0179949429580487
-0,00127875667970817
1,89459812535578E-05
-0,000234985788217566
0,000226449119413966
-0,000132336075318987
0,00211635320972471
0,00573231667593974
-0,00613795939657145
0,00756492290077869
0,0125871035204599
0,000944357209327435
9,67901038487012E-05
-0,000902173338031309
-0,000962505761580754
0,00295512012627248
0,00116008480227969
0,0108519814787829
8,18595522691923E-12
6,47941082392799E-09
-0,0001928049592784
2,04046640411235E-07
-1,48188421228482E-06
-0,000248479776869367
-0,990791007867564
0,128991966427764
9,61142843562747E-06
-0,00010908788617852
-8,02414240992433E-06
2,30726316679293E-05
5,69491097798519E-05
5,16748372206344E-06
-1,20694418280361E-05
7,84053260718522E-06
0,000282059757745827
8,33011353329765E-05
-0,000250983501858399
-0,000327349302276797
-3,11902818963909E-06
-0,000187013008071638
-0,000301560312307339
0,038907469463426
0,000278931541200472
-0,00101473350052661
0,000452875204315202
-0,000989698967892769
0,00143313437649483
-0,00135115139929318
0,00110222005220169
-0,00121281291538082
0,00363218650866242
0,00167685658214133
-0,005856984319515
0,00433541414803781
-0,000304784332078805
0,0025735457634869
0,000210822968882516
-0,000180286658720478
0,00167341799732942
-0,00468055917719429
-0,00365155701074157
-0,0013577523821777
-0,00237493952493933
-0,00191809596234295
-0,00121364812045593
0,00488947903122328
0,000921492672512886
-0,00096458494176187
0,000610737423497823
0,000656585020496118
0,00269124581917116
0,00188733312253808
0,000157737261760333
0,000817704125600723
-0,00162337148526828
0,00161167949357151
0,000513412300017909
-0,000332444137334196
0,000756353384135879
-0,000595752033799822
-8,88735824599446E-06
-8,23011374638502E-05
8,17500655065293E-12
1,59893230328075E-08
-1,84239328484329E-06
4,99642421733599E-07
1,18704568769483E-08
-5,48964952036601E-05
-0,128624989238427
-0,987862300956392
0,000138776528357151
0,00305621463101797
0,000156173979216483
0,000573229412555478
0,00128873491205165
0,000575570323737983
0,000690304829557113
-0,000112784901103079
0,000354098986239759
0,000266458567410936
-0,0010109223302543
-0,00413663080846419
0,000996749961457091
0,000304678553942754
-0,00907873941885079
0,01399482889739
0,000140728575984066
0,000967827219188011
0,00082109574350567
-0,00158911495902438
-0,00717432320791023
0,00150291810240875
-0,00126786557208286
0,00699335382487716
-0,0228751795495905
-0,0176039588654813
0,0320350851087713
-0,0257551493829294
0,0038877263016284
-0,0125912081834799
-0,00549278047104646
-0,00564924474768057
-0,00564508447023291
0,0264785747177078
0,0338488331542818
0,00144311295455737
0,00743510329858669
-0,0153265884073078
-0,00048329060228814
0,00865539850125531
0,00522366521427305
-0,0112165977600168
0,01001961160006
-0,00173949087568463
0,0277280038209503
0,0163235784900215
0,00334562644211715
-0,00305646751709549
-0,014955631285468
-0,0157621710436278
-0,00434679819372766
0,016429672413461
-0,00535049660827846
0,0056706100551218
-0,000502579167364393
-0,00514107844028753
4,79538066785763E-06
0,000136373165192779
-1,70910401586813E-05
3,03034565411292E-07
2,74428209717072E-05
-8,52607803025736E-08
-5,54333943315235E-06
-5,20234221870434E-05
-0,992084005931214
3,69300372043381E-05
0,0252850067570297
0,00120854577927863
0,00272949778790205
0,00176655513816249
0,000862731549343487
-0,00698981993382535
0,106871354480175
0,00524035466390032
0,0117907133432312
-0,00391059790084723
0,00289711740584964
0,000695175353342938
-0,00855772322309537
0,00132529917334444
0,00567117562910638
0,00119716450561247
-0,00314049086253989
0,0123342993103324
-0,0178217258774738
0,0185784151476574
-0,0168144129422066
-0,000229684732519907
-0,00410094720173488
-0,00741543248746806
0,015347541566698
0,00688772958872098
0,000451303112952713
0,0259156823682535
0,00660381649696939
0,00565176205807324
-0,00576891468129007
6,01776903094161E-05
-0,00194073780739287
0,0149725857663315
-0,0243659413592454
-0,00454338527106351
0,00115915600065366
-0,00427982777304845
0,00842528781660712
-0,00535395519491586
-0,00733031034090092
-0,000303648724531405
-0,00410452233139198
-0,000993531144510133
0,000473296701954183
0,00300458912988391
-0,000399725218007315
0,00275881374996505
0,000731784482076453
0,00018279578477852
0,00393435007038378
-0,00569403764021357
0,000270694327507652
0,00240534282831897
2,17428801561035E-13
3,70552192010824E-05
-5,13746560429947E-07
5,7932433539023E-06
3,73262420939604E-05
-0,0114573051439846
-0,000126558293919086
-0,00180800694026807
-1,67352890504792E-05
-0,997480536387082
0,00133771123174824
-7,83984690565984E-06
7,60093270901912E-06
-0,000193613613272687
-7,9236252330765E-06
0,000146717520878581
-0,000729991167632538
0,0149543671930563
0,000931286662110791
0,000757412004096197
-2,64136664623697E-05
-0,0370099451803181
-0,000436856279450523
-0,00030516573002596
0,000175925257582596
0,000505064845270582
-5,43621627708676E-05
-0,000475254120263504
0,0002389036184808
0,00055401359539621
0,000296024966151752
-0,00393768270238811
-0,000818148908568744
-0,00026634927116224
0,000300521470479453
0,00030200273761861
-0,000321179631672788
0,000636033318621902
0,000308645046755024
-0,000337306791409113
0,000327172687089906
0,00343561431759817
0,00680109430473214
-0,00202772432666635
0,000334751514053842
-0,00736434301628927
0,00189932231315606
0,0110828736217843
0,000638010025014612
-0,000954702671261205
0,00248521586023818
0,0013909595867215
0,00266140023809506
-0,011538318480916
-1,61026997718471E-05
0,00122510616432348
-0,000646763715197366
-0,000744810408861184
-0,0169071108132988
0,0495572324715625
0,00833865340991635
0,000737633889488501
0,00107184778506917
0,0086173898668792
5,83047889812793E-09
1,45529427946144E-07
-0,0194706264953105
0,000661339075859749
0,0421698931645239
5,43446466152442E-06
2,27623410981583E-05
-2,65715449272574E-05
-0,0130151286506346
-0,000749241537685447
-0,984689731018268
0,00254526856940922
0,0043891807586221
-0,00115581296993943
-0,00077371934362572
0,00774977506038288
0,109080725969609
0,0665156580299301
0,0153125557315291
-0,059026247023781
0,000767117469404923
0,00648974009582119
-0,000265846073002778
-0,000548040548437556
-0,075353073532376
-0,00255175769527008
-0,00234618068295775
0,00293306171739178
0,00197522282339512
0,00303223376280675
-0,00112356096036875
0,0127303455764561
0,00412343386279816
-0,000616435221329082
0,000940140445374167
0,00323881925052724
6,65061842187407E-05
-0,00603890450881403
0,000514108795614573
0,0018988135850809
0,000108904242415269
0,000284639794147869
-0,00297115336296973
0,000156762472708183
-0,000964018192127922
-0,00105463489116349
5,96042378319954E-05
0,000888431528426291
-0,0278026371100888
-0,0307729496632507
-0,0114745684754626
0,00114337918611986
-0,000836082823232301
-0,00209153553738985
0,000419240698424433
-0,000629268600183647
0,0010937043573649
0,0053793675451596
0,006093948243981
0,00201557724935024
-0,000282334599784584
-9,94223847523368E-06
1,51090535001502E-05
-0,000129295894019591
7,30266222543936E-15
2,49276137259587E-09
-5,46588468154475E-10
1,97410715192372E-06
7,2180451540416E-10
-2,48773230464E-07
-1,0031701308643E-06
-1,06454565867869E-05
-7,17061709861103E-05
1,13388259693136E-06
-0,00069968091604794
-0,896602136237595
0,429476183719663
0,0484706801738742
-0,00753775924527141
0,00109452718582289
-0,00160953824611822
-0,000156029512212415
0,00108053752977876
0,00195237296620258
-0,000476908433366272
-1,80334864636446E-05
0,00607912057488468
4,5557197653894E-05
-0,000211951193650372
-0,000197728752314873
-0,00256182616550563
0,000890407509343389
0,000368877993495371
0,000721487135255384
-0,000708037368629811
-0,000220341973603315
0,000693693521897911
0,00110943548063769
5,76116351344088E-06
-0,000125166585874441
-0,00027878061595171
-0,00105776230660193
-0,00053050648422741
-0,0010228513879632
0,00179555685107394
0,00254695057177012
-0,00166926602506265
-0,00531020454457853
0,00184225313148375
0,00127531447589533
0,00630568268193795
0,00263311681315373
0,00362791658480806
-0,00186263951015438
-0,00495275081574037
-0,000567838697525247
-0,00527809196411113
0,0090488629517957
0,0823221032743235
0,0395511146465531
0,0222859880571255
-0,00468157287319792
-0,00216339954633159
0,00164983146106424
-0,00618291572233963
0,00595143124709324
-0,000242120839800069
-0,00216245920375123
2,73744252560831E-10
1,3243564472547E-06
-1,56453005003425E-07
2,0221927474317E-07
6,35462063302021E-07
-1,17825009330503E-05
-5,09445476626759E-05
-0,000367419052555216
-0,00104516603283314
3,73393385762915E-06
-0,00278376881246287
-0,428662186273371
-0,888686318215663
-0,0190520212293732
0,0533125081902469
-0,0080312793267091
0,0138221866759799
0,00325965073379371
-0,0114804000879184
-0,0232912194271602
0,00519535163306726
0,000613431571014261
-0,0940166387794024
-0,00186172295406665
0,00354347235388512
0,00476241274134773
0,0442623027826081
-0,0143651792992284
0,000591490379205056
-0,021585458223771
0,0180156836857947
0,00355235695684209
-0,00888868907874354
-0,014590276244512
-0,00978457462843984
0,00564698749584037
0,000611031556300506
0,00224547620591197
0,00430087538251861
0,0246582255828696
-0,0428525395523377
-0,0488007608240037
0,0445249505152304
0,0218037991598535
-0,00186051996414123
0,0336100460546048
-0,0094477552241774
0,00769934407904219
0,00579538605068219
-0,00144067963302128
-0,0112801680502415
-0,00837305640951676
0,0267925197226937
-0,0177237595291139
0,000340287035196176
0,000373768585669608
0,0047941629717941
0,00548259651827566
-0,0092186795877892
-0,00635724950776371
0,000135502423878107
0,00111006851129889
-9,83953510369923E-05
0,00166716952300012
2,68372421702669E-07
9,00624004403167E-06
-1,91375109712434E-06
0,0319842030562252
-3,09422026884144E-05
-0,000994930951361243
-1,27342634923142E-05
-0,000148604762610627
-0,000728039888499951
0,000128505224679487
0,000932938221291322
-0,028555404217426
0,0352751589773365
-0,994978495479846
0,000664092976545091
-0,00398852405800068
0,000924619055954367
-0,00589973434266607
-0,00140660730037049
-0,000320219238852793
0,00294987877493312
-0,000698492223530747
-0,00142064088518575
0,00197837742486839
3,59445453537009E-05
0,000332627489069755
0,000263175978233986
-0,00142404411900496
-0,00708169222475486
0,00752297247049825
-0,00399567255114765
0,000487656030743757
-0,00310012147261078
-0,00603293053581493
0,00804503910930202
-0,00044026390868725
0,00168015367813765
0,00696005196820087
0,00277927942622429
0,00017347877397872
0,00301799243513438
-0,00136300927954638
-0,000929125764036445
0,0083016930243218
0,00263288589427874
-0,002215001623231
-0,00973556804188936
0,00114274552299916
0,00110353976299844
-0,000282315204401843
-0,0042659061136654
-0,000651686003984291
-0,00420287641251973
0,00668675854355616
0,0676969114179999
0,0346639337841497
0,0207633023477839
-0,00372617528361724
-0,00264279742244445
0,00145528487894729
-0,00549533118254873
0,00505110804101401
-0,000206426504039446
-0,00173917328036394
1,72799330154471E-11
1,47229744677329E-06
-6,72281090379482E-09
-6,53766293510433E-09
1,39239357386517E-07
-2,92609971464645E-09
-2,25766356116742E-06
-3,15082385784318E-05
-0,000244763795157039
8,26743448254468E-07
-2,20769839491049E-05
-0,00878262131526465
-0,0324938004190297
-0,00129568009948047
-0,981266028567087
-0,0365324887844919
-0,00385724832181752
-9,09302091582916E-05
0,000622096873856344
-0,00110670535732599
0,0142773515736008
0,00168081594296671
-0,17971397602008
-0,00267183483431895
0,000755124598107306
0,000330369864646107
0,00485873849135077
-0,00396141056258902
0,0180203575242426
-0,00885967424198634
0,0294659177502978
0,00362026027736433
-0,00684282925500348
-0,00908195732183265
0,00289415459795908
0,00215487552098959
2,56869542249743E-05
-0,000392981609823554
0,00138099946561392
0,00538331082907599
-0,00547181447489674
-0,0168053712181418
-0,00346572560280145
0,00195680287814524
-0,00246719040917888
0,00851003803621093
-0,00122143705070058
-0,00142836513832831
0,000766780779140127
-0,00155098094712822
0,0035494202270304
0,00350664308077436
-0,00981396395025056
-0,00743049672260088
-0,00134876113274241
0,000939163738313793
0,00474305827932537
-0,000567223146261314
-0,00168990124245397
0,000452678117140611
0,00041734750061638
-5,76087176613616E-06
0,000292053200689945
0,00194971131931792
4,79105774167549E-06
0,000130741997700405
-2,01265129101277E-05
3,33886056978349E-06
0,0109523163552097
-1,40977334966612E-05
-2,97823574416962E-07
-4,75445923281074E-06
-0,00852456176884955
2,97182844022148E-05
0,005783085621018
-0,0016760013246938
-0,00566481212700431
-0,00297742585489537
-0,0317123439490575
0,994792239405024
-0,0250727709722377
-0,00668762426150873
-0,00350476593166545
-0,010780499229623
0,0250515540826492
0,00153473687646288
-0,0305046386388366
-2,2450413091102E-05
-0,000535813509373185
0,00356902871487672
0,00399371939884863
-0,0105622037257902
-0,0299071043903891
0,0344804086233102
-0,00557829167244535
-0,00550773806893281
-0,000586623478417386
0,0147718514880403
-0,0107809998501666
-0,000978295911299234
0,00046511913802027
-0,00472225172874032
-0,00123360832382913
-0,00195855349889268
0,0055937501410788
-0,0253506075012312
0,00713471704825423
0,0481773872149919
0,026895220900836
-0,0150500075668882
-0,000377249411941797
-0,000156818407556052
-0,00379798277806419
0,00335657606116119
-0,00390020506528295
-0,00248493639640635
-0,00229408830761974
0,00676011526908046
0,00137468457375494
0,000804273452280532
-0,000856597335445803
0,000613874011839949
-0,00102668200511202
0,00165425520012472
-6,59992336980659E-05
0,000281740140543338
2,74922790699346E-05
0,000336382528552088
2,37124391449658E-05
8,41826321163138E-07
-8,143139847343E-05
-2,99598875073454E-06
0,000405148236331098
4,27051827638357E-08
-4,43140588389053E-05
-6,89843749397128E-05
-0,110069951740204
-4,60280222445711E-05
-0,107476180089304
-0,00182537084703334
-0,00661855532697132
-0,000482827943644679
0,00420437907157893
-0,0248833413469841
-0,964522681972076
-0,0412582903798649
-0,118614400898643
0,0272144943561581
-0,00606153495237885
-0,00343849711276723
0,00433894612305526
0,000910196538496817
-0,0687151411188501
0,00653332451638137
0,0434787906161088
-0,0801331281685309
-0,0678001195605672
-0,0830390320044131
-0,0034106394135644
0,0025621428647861
-0,00940162671054729
-0,0307094696357537
-0,0178272874493102
0,013794364135328
0,000883164757903054
0,00173339488602579
0,00262579502658706
-0,0134530742603164
0,0377283739377004
-0,0117349397008916
0,0198023148942246
0,000243067621583853
-0,00688494131055864
0,0151960430232402
-0,0015628875400922
-0,00357172837538863
0,00529878853671677
-0,00456699625591527
-0,00382770940634546
-0,00403846292873129
0,00221209424907978
4,26766177066711E-05
0,000677440443207167
-0,00397179389192314
0,0016550127654931
0,000525151151947613
-0,00936630478074213
-0,00224596815400587
0,00124948078660646
0,00113961451543304
-3,32851777302948E-05
0,000364188042109075
5,72250890171403E-08
3,04195501053037E-05
-0,000156928025675572
0,00660495273800183
0,0287071786892305
-1,1168710106877E-05
-2,19891849821457E-06
-7,86785305224943E-06
-0,000622948894251364
-0,00761599247350656
-0,0573347588374249
0,000242841808515939
3,12088456755898E-06
0,00619135927473179
9,23930369215821E-05
-0,00780703410942904
0,0529306510043918
-0,966462039244162
-0,0585398812873719
-0,0727247920408887
-0,000692309727268999
-0,189694449099861
-0,000660820575019728
0,000587873862104166
0,0107219936557797
0,0472364841912207
-0,00785705514230787
0,000897575852509123
0,00164410039677402
0,000440422373736127
-0,00118665791808563
-0,000809308023748698
-0,0443144497016086
0,0215917267704069
-0,0136099341280279
0,0139042899481034
-0,000403291730753691
0,00525972981002425
0,00298584170676952
0,00703806519559059
-0,00848423985879786
-0,0298705290477966
0,0264957953517237
-0,00500124756726565
-0,013322917549033
-0,0291944644063906
0,0068667522786555
-0,0207265201360927
-0,015994143970162
0,0228174228767743
-0,0171327960536779
-0,00718097111156105
-0,0336284463831116
0,054047189480332
-0,000513585815020714
-0,00311589628928107
-0,0119046821402164
-0,00342000475522471
0,00554422642614005
0,0156656303770748
0,00316175164074097
-0,0024224366744126
0,000273339899556383
0,000512815484546377
1,09251208643865E-10
3,29323715587632E-05
-9,35615210900682E-09
0,000187397480706844
-1,52868608074341E-08
1,41202778500899E-08
-4,32464399793812E-05
-0,000128699300285779
-0,000261038349214938
2,57668447594465E-08
-0,000667914169583891
-0,0017426892828207
-0,00539774931089911
-0,000535591619367479
0,00116162367995518
-0,00118919140327573
-0,0882516709324097
-0,0601271565190727
0,95100280779516
-0,00993572818497379
0,0897774344758101
0,000454334238114981
0,0105996668735212
0,00102194828833434
0,0158156257848444
0,0169106406657154
0,0476044024008175
-0,0908527767073651
-0,067850945160814
-0,0969248931918649
-0,00260831303255287
0,00693690730479025
-0,022744127598245
-0,031204280271274
-0,0193062470851415
0,00744202578282038
0,154210680850845
0,0181356826218131
0,00705255339343273
-0,0182011971905756
0,0440672195543784
-0,00303649092012455
0,012304881055022
0,0147836927566557
-0,0195013891640968
0,0595145113119618
0,00925403661478346
0,0547096999160779
-0,0163977861011702
0,0258417377072202
-0,0229644074023133
-0,010909609455237
-0,0217032678959591
0,027536459918507
-0,0196244818219989
0,00312678303053073
0,00268012646120693
0,0232156785798273
-0,0153984681352035
0,0181028649323103
-0,0850912034892775
0,0546397015712013
-0,0025202618790055
-0,0221260157309321
1,90883054205706E-10
2,02583592582576E-09
-0,000147088399118797
1,50922810358919E-05
0,000274997892653552
-1,17306025258512E-05
-5,49929432214171E-05
-0,00055585879412491
-0,000776236923143759
-0,000205062399459432
-0,0591285808318371
-0,00596508146372633
-0,0161527689297292
-0,000449826906390434
0,000324846417051654
0,00810906116329015
0,0348693865744958
-0,0529850353029522
0,00853615509154913
0,973337246388982
-0,000925031802013147
0,0143899934143142
-0,0072328015504654
0,021215977250037
0,0154927516516521
0,0432901847347013
0,0430113761656268
-0,00257632255355841
0,00257309540254861
0,00364778243962909
0,000783850334709717
0,0300409121487439
-0,0733019223340519
0,0397791469750904
0,00540744979482953
0,0130348164419857
0,000402484105507298
0,00422624357937059
0,000443148898796418
0,0166853811449144
-0,0375393225542557
-0,0204845477936492
0,0849785133336344
-0,0079133385862715
0,00293039435595521
-0,063391411731407
0,014585409108393
-0,0593274608428538
-0,00631418334456256
0,0174011480591411
-0,00829181335598391
-0,00671327670561802
-0,0251609846961726
0,0579934362304504
0,00560263208658693
-0,000144485617378883
-0,0206757924677814
0,0946256181444749
0,012782512523024
0,0257947612599287
-0,00568809296699678
0,00202581693806094
0,00013115219943261
-0,000120384929304751
2,16129739446327E-15
1,25081258351965E-06
-1,7350261935031E-10
2,62346772134633E-07
2,95010972166165E-07
-1,77890629661957E-08
-4,04431343667679E-06
-5,26531971788098E-05
-8,13427599470894E-05
9,69075454104083E-07
6,81604955451234E-06
-0,00015950300340511
-0,000493956271669974
-0,00108579985427037
-0,00237878332317505
0,0119155392066913
-0,00334537932531872
-0,0038704327215724
0,0691261563095104
-0,00202602006398751
-0,946121039376987
0,00192152529993042
-0,0966200041515829
0,00442665937982533
-8,92698527202177E-05
0,00534094595800108
-0,000142562081983695
0,0427841169254735
-0,167108074128313
0,0860547413701177
-0,0412541343353681
-0,010932460129673
0,0229232233983529
0,0279744987154125
-0,0232581485546034
-0,0088236979141281
0,133803664568332
0,0266679061229598
0,0231403390033597
0,0280671172990833
0,0208285443243788
-0,0194753470715861
0,00331656837425444
-0,0452847888277749
0,0812404312022492
0,0209615542430437
0,0126115299719835
0,00658031485632411
-0,0981976057752746
0,0537700988209893
0,0692363987905625
0,00258758589419921
0,0401958826386902
0,0135952561303629
0,00535954995421196
-0,00102711105514134
0,00881693044188916
0,00590788669862284
0,000725433088151816
-0,00135866836136964
0,0139498140587904
0,00789558185653053
-0,000371965656446735
-0,00307403314128583
2,2015595874176E-12
0,0185351673022187
-2,55826734974454E-05
1,37353862573782E-05
0,000290734281139435
-8,94855530616907E-05
-1,72914848155697E-05
-3,55340937126396E-05
3,62201921577608E-05
-0,0397024556393587
-0,00263880795485332
2,62620021758393E-05
4,11537043879014E-05
0,000451198537994912
0,000183973852924679
-0,00166999750305217
0,00705267145305906
-0,18996465899997
-0,0125522087341048
-0,0220830112295914
0,00070432354639024
0,962991121141178
0,0087304079909331
-0,000199168374846457
-0,00965217314838402
-0,0146675011360097
0,00379251696703061
-0,00377705151309084
-0,00499565646000577
-0,00375790234239613
-0,00338197958939716
0,111032531555622
0,0399516479326007
-0,0081805842401125
0,000241314664933767
-0,00249475990330734
0,000231851711809983
0,021592668498146
-0,052230987111892
-0,0226889401781886
-0,00920892187970751
-0,00580093533400426
-0,00623477259542289
-0,00664700193855952
0,0114985775618313
0,0127527216817423
-0,00210462419745833
-0,000131784402710973
-0,00258331391873128
0,00546663996097875
0,00408663004040568
-0,00074382366095174
0,000522437949593745
-0,0194984767201853
-0,0284798929170644
0,0990602056759484
-0,0603210566225261
-0,0088652636794266
0,0168817042297712
-0,0114762160780171
0,00262948736897483
-0,00785106126811781
-0,000178263677139886
-0,00202210636409904
4,32164722294638E-11
0,000511986432735926
-1,95324773750816E-08
-8,47056894973413E-07
1,08698570309275E-05
-2,207682564645E-07
-8,26981905488263E-05
-0,000837944162439105
-0,00298067909397539
1,05099138128844E-05
-8,63710437293091E-05
-0,039614597478259
-0,0997178678370055
-0,00284346119050713
-0,180754174723163
0,0153443820065928
0,00277205790143425
0,000491883599051104
-0,00124567551257806
0,000307032328221442
-0,0500710434448666
-0,00771320683000709
0,923377572157177
0,015181598764062
-0,00457016276330772
-0,000894797307875121
-0,0222545139038505
0,0313848528099873
-0,121924603424458
0,0641454751935698
-0,212688870550189
-0,0257412124379344
0,0478771934132416
0,0674690399016583
-0,026048026511582
-0,0136290393654034
0,000113770234333731
0,00368391536200633
-0,00735817981137801
-0,0154627726846933
-0,0063592949144985
0,0842671896955469
0,0775926342387217
0,00894952927162542
0,0195353273346162
-0,0224593160524014
-0,0012720002125986
0,0282822852934272
0,0104344368284813
-0,0203614251584326
0,0190486644541476
-0,0102302736650966
0,0637438420685308
0,0597775330284932
0,0115048329303461
-0,00764673044689975
-0,0387994245635201
0,0071668896925841
0,0101057283345808
-0,00669948375487677
-0,0034140344011997
0,000404710468670556
-0,00178617661154686
-0,0162828484486032
4,51365305453348E-10
4,95613710461296E-09
-9,51042031788011E-05
5,05400013060143E-06
0,000458558399614047
5,68824542426778E-08
-1,32225404943218E-06
-1,74869589610594E-06
-0,00327851399467971
-5,64684264381404E-05
-0,081819417103455
0,000159004994458715
0,000140275851870915
-0,000172695690972571
0,000203133166350335
-0,00074929788599256
-0,0703728443276065
0,0123209663180422
-0,0116064773560286
-0,0161729406596443
-0,000949380662931434
0,010064391107183
0,00350708790720691
-0,00533513457991694
0,989878985498613
-0,00117050456862272
-0,0339198910666261
0,0313366088540206
0,021947054298791
0,03211705016742
0,00038605982594886
-0,0100566572114242
-0,00083297188066651
0,00583141925477394
0,00814036089061202
-0,000465781500931685
-5,10114503882737E-05
0,0218494072208612
-0,0342921224585947
-0,0344648612789202
-0,030025649306562
-0,00428288995048425
-0,00632294027538511
-0,00551998180690765
0,0088630316011541
-0,00151321013422841
0,00010395921683745
0,00117818228163597
-0,00310841491342906
0,00257560801833512
0,000906417005980751
0,000814540913764619
-0,00121353839189955
-0,000630727932906553
-0,000482748844131725
0,000424927822806871
0,000437889707623009
-0,00196113227907539
0,00143293742554586
0,000530178855022431
-0,00051064795266456
0,000380569895996089
6,18850835892038E-06
-5,93193265218076E-05
1,86585196703722E-11
9,10204955739457E-09
-0,0182178161479863
-2,36510176780789E-06
-4,42885322847579E-05
-0,00628972473727486
-0,040639835628075
0,00615883638420894
-5,39263359873478E-07
0,00033989233501318
0,000384286991079352
-5,31783146546416E-06
-4,44809627306326E-06
-0,000214652517215474
-1,99704166810407E-05
2,64000552570796E-05
0,000145632735447143
-0,000319523506035434
5,82395575219679E-05
0,00781686008688093
-0,000950207075108675
8,60957677480929E-05
0,00848754543328471
-0,940845895321723
-0,0049386652350999
0,0255387505978033
-0,0027583145588309
0,00604528424210916
-0,0498147305197795
0,0140805403620966
-0,0282095921435028
0,0292508835041768
-0,094536719664527
-0,0519759997849415
0,137212101985794
-0,107106167101096
0,00580980828075946
-0,0606518979406481
-0,0159594341415922
-0,00484893943849711
-0,0342969114437493
0,113906232151301
0,0991019923902282
0,0332125306230279
0,0607006097532845
0,0556107973440602
0,0312766025294735
-0,126937237409694
-0,0254161187343471
0,0246092830391393
-0,0156260345240541
-0,0190978250043989
-0,0687666163693891
-0,0516547292063829
-0,0109235076404378
0,00185219516098931
0,0279752243490362
-0,042278442406213
-0,0124310963957699
0,00791570294350123
-0,0182127023286052
0,0136362498313364
0,000229400964110469
0,00212320871416705
6,0073014501952E-09
4,03932763297725E-06
-1,71498441679488E-05
0,000701555360394109
2,75295571411599E-05
3,89468085340496E-08
-5,83874125501428E-07
-6,99861838893346E-06
-5,85727422296293E-05
-5,69803073196217E-05
-0,000653560517144691
-6,5165633836822E-05
-0,000230273124272533
0,000425810483499845
4,0851807618237E-06
0,000414703960151005
0,000563410051618933
-0,0280955626953772
0,00237904240859196
0,0100325011906729
-0,000338872443573266
-0,0179399207589076
-0,00079491021739002
-0,0175570305422316
0,00312241624148318
-0,932719810739745
0,0922947087742613
-0,014790500432441
-0,0245959417257666
0,0320828705968225
-0,0308959510982883
0,0811155253167255
-0,248451809712679
0,0702421692037593
-0,0235829792297243
0,104847390085517
-0,00450011828069254
0,0555373826833469
0,0301836884670922
0,0368961501318019
0,000157449075862241
0,00865566775850281
0,00947807105429709
-0,0625972519540804
0,10158446837383
-0,00826710065085391
-0,00082445606688684
0,0565694882306435
0,0470623412112135
-0,0144445226682125
-0,0590394529708947
-0,00478146840060065
-0,050850771445557
0,00722057066865362
-0,0142612506897232
-0,00343645921070831
0,00130914392645019
-0,00368412951274034
0,0128683442057697
-0,000301152960973084
-0,0179233515765169
-0,00652152964709426
0,000166881229675607
0,000340672175832932
3,13052223148798E-11
7,43573758996332E-10
-9,68173054171272E-08
1,59707329360687E-08
3,79250633019541E-07
-4,20728909941392E-08
-2,08500756951839E-06
-2,37676557331374E-05
-6,0434800740442E-05
-1,74004383761739E-06
-0,000597566500735492
-0,00720600410945912
-0,017723231849446
-0,000430258451296501
0,00129374128666916
0,00034539614726423
0,000303506458043602
-0,001803903745343
0,00143882610606133
0,036484223442477
0,000740664094931658
0,00105458661702937
-0,0192855573622052
0,0016037144205968
-0,0115626582959623
-0,0684196877678567
-0,832458750564298
-0,337651084678347
-0,148824392601807
-0,142609968630393
-0,00717214305084374
-0,00329438185390839
0,00902032485879039
-0,0686389979371352
-0,0612498713859111
0,0097212619557408
0,0129558954771965
-0,00856399273070529
0,030650457379835
0,148525784179262
-0,285037830484078
0,0507701682726282
-0,0820188023528979
0,0305323528460273
0,0550843155097146
-0,0753858324267723
0,00335875267399134
0,0456566225950726
0,0085028623404425
0,00746353684523385
0,0180767274325811
-0,0539044976489448
-0,0103094293869564
-0,0288460523718204
-0,000843129031878035
0,00376574172661935
0,0128637650904254
-0,00458553806966755
0,0689287141732641
0,0087806202879752
-0,00601994428165823
-0,00368331674025558
3,82837630106021E-05
-0,00231801848488035
5,9750178135047E-11
0,000587046821518532
-2,93820550909801E-08
-8,00072282298275E-07
3,62589706438025E-05
-6,68496755301776E-08
-1,85943147797615E-06
-2,42234880160632E-05
-0,00130561603946911
9,30469836044871E-06
0,000158884070722731
-0,00146966655704159
-0,00427052658206416
-0,00111011347433369
-0,0124101342463365
0,0513671247467437
-0,00193099041751062
-0,00107718161441517
0,0143796932192801
-0,0011555212762817
-0,222165980066547
-0,0023168247418152
0,184336230261125
-0,00135383658092331
-0,00197588516384031
-0,0041801203193591
-0,0101149561472676
-0,1432986792852
0,658876864142574
-0,30910368905391
0,132026861368878
0,0583729850606087
-0,159846115255449
-0,292376605875767
0,314791168500794
0,106585326500553
-0,0168478933026518
0,243749492978845
0,0583086017258267
0,0281749961814825
4,15289238651107E-05
-0,00190161791463442
-0,0633027855541274
0,0849453212250331
-0,182358109286506
-0,00958200082871502
0,00633908366313058
-0,0310341718318124
0,0563053046845622
-0,0339848925814333
-0,0422619026622591
0,00488394378430689
-0,0407704390083787
-0,0360697069352935
-0,0008730555892775
0,0177561997197984
0,0129372293724251
0,0117112155533083
-0,00155133368731402
-0,00155312498699784
0,023234593733299
-0,0304740161564582
0,00196600537329881
0,0176887615896928
3,00625482492665E-06
4,7578415112469E-06
-4,35060768028403E-07
2,64298341612128E-05
4,07290421731426E-06
-2,99993870348429E-07
-0,00175884738445668
-0,00181719592464294
-0,00499635046295803
-7,55427897228128E-06
-0,00753400315198696
-0,0152606224430078
-0,0371557784851893
-0,000982806201111892
0,00388413197116188
-0,00437767044880204
-0,166723620774774
-0,0198559795593489
0,159966000217675
0,00631771712559697
0,0182774011500474
0,00220850143397568
-0,0202703477790518
0,000304239289940434
-0,0671954147655122
-0,0228217123001635
-0,232393226787099
0,499138967090665
0,384380519151927
0,532319583886568
0,0105529241743219
-0,0230800231779367
0,0679723696582522
0,175483825283131
0,164217226786217
-0,029726017323488
-0,00645140409316792
-0,0147879412139154
0,00267321400360887
0,1186467149817
-0,256640427592522
0,0947628559958104
-0,151345042923523
-0,00474669563599101
0,057318756429676
-0,119123907942166
0,0126108569207105
0,0296579448761982
-0,00488505667708591
0,0208549455842441
0,0110241618926892
0,0309386846968039
-0,0282690827990972
-0,00391356659587607
-0,00929607245577108
0,0331115714689269
-0,0127590216586399
-0,00608806942287866
0,0761165375304543
0,0158750019950132
-0,00504816266496371
-0,00656528484051873
0,000268154926278094
-0,00287774592051273
2,78669834402613E-11
0,00108831491639363
-9,71267523674763E-09
-1,88690762532386E-06
4,94871992440968E-08
8,34203133389758E-09
-7,42280770064958E-07
-9,78642732456537E-06
-0,00681694536032579
1,5788075369013E-05
0,000256322185623778
-0,00125656909544477
-0,00364887406462738
-8,98278492208485E-05
-0,00955288571673515
0,000730940107091425
0,00252457014937453
0,000464813714437043
9,47375789672368E-05
-5,68491061015299E-05
-0,00527299848996579
-0,0039176289026119
0,179665879428831
0,00435752626929915
-0,000870379240743737
-0,000526224397997125
-0,0110861344916773
0,0558307991573379
-0,245129386845773
0,139724220420565
0,878594385840312
0,0614380272245672
-0,0682404104280493
-0,0928740565771377
0,0463284833187286
0,0374219867255961
1,94289028588715E-05
-0,0042518516733292
0,00459135052791595
0,0087627577950053
0,0058696051489776
-0,0368320296895431
-0,0298554975338205
-0,0086429139959382
0,000180582338836121
0,00462283924203428
0,00119648550263164
-0,0112031014825216
0,0259927696487824
-0,00599960070770075
-0,0262381819237221
0,00185587822128316
-0,0339795660752348
-0,0203557342839079
-0,0147530919624258
0,00857261456628261
0,00929505565652698
-0,000724398352573217
0,0219075523820425
-0,0111753531574168
0,165107634704989
0,236082783881422
-0,0060433573467758
-0,0500402810974709
2,19879903759076E-15
2,03607974743704E-10
-1,82234200546421E-08
9,39146768169599E-08
2,75297304812607E-06
-1,04670301226268E-05
-2,05757449533015E-07
-2,29234829091027E-06
-4,9574252058967E-06
-1,0260541310949E-06
-1,07565445932434E-05
-0,000107709647157198
-0,000266893828275548
-0,000544512142877918
-7,53815210856286E-05
0,00373273680740835
-0,000294746497612992
-0,000330380586271823
0,000376010492509328
0,0028700353012532
0,000382899503374131
-9,10168400058934E-05
-0,00162090817937228
0,000375104899103807
-0,00219892479949245
-0,0252666744151651
-0,0965340727834736
0,641701372538068
-0,132721931852363
-0,573239313630623
0,0118859731236569
-0,000935805102497031
0,00352298925256239
-0,0475397937393006
-0,026202641217852
0,0109094741611836
-0,000896663969332758
0,0142538762330781
0,00128764701161467
-0,0149347224097703
0,0243334532924532
-0,0201800405434659
0,0925710830898279
0,230492082832833
0,141094789884618
-0,276317124994439
0,0308645450822094
0,163633414366015
-0,0482263527339167
0,0525011713657701
0,0126360875881424
0,0308663428307428
-0,0993959687144729
-0,117944011080072
-0,00498528660209053
0,0237744536069091
0,0500516114506382
0,0156765285201413
-0,00363386493937685
-0,0908338999596002
-0,0092452367589479
0,00132116604312101
-0,000208415935564839
0,00205967944824675
1,58522479300362E-11
1,79511894039304E-05
-0,0151297321344397
1,50568389102516E-05
0,0357728548897603
3,6947402832863E-06
1,41423943878782E-05
-3,24181340357002E-06
-2,69756591622167E-05
-0,000685739753097568
-0,00667467353560273
2,59434524841258E-05
6,09942483990599E-05
1,18274193103839E-05
0,000157748885485672
-0,00541844443880422
0,00238656279470822
-0,00974169703154558
-0,000395419709908022
-0,00152964016021685
-0,000159088370355523
0,125972320017155
0,00188067311348097
-0,000474513470145278
-0,00908450799164714
-0,00758419458518215
0,00278045461745696
-0,00573505356284762
0,00414598504336536
-0,00837648997599551
0,0456048732336378
-0,938888073739979
-0,294131669096143
0,00980307953079555
0,0156013578862189
0,0111266308454191
0,00161675877484485
-0,039208086110399
0,0210126106639547
0,00644162524640901
0,00374675321243229
0,00125437574571081
-0,000631956710652419
-0,00186345408589188
0,000217241191919283
-0,0104486095178173
0,00186523146340839
-0,00813250495265877
-0,0387488573421677
-0,0571113657561681
-0,0145505144351421
0,00392504522776169
0,00311094482211978
-0,00369405245886807
0,0118710980028695
-0,029109303717068
0,0181673769429385
0,0542601098486175
0,00522698334208572
0,00733149133294848
-0,00378389390525072
0,00357140615240858
2,15601120659277E-05
0,000439848867583943
2,16820883894776E-08
4,19469348216656E-06
-3,77489530276784E-05
0,00242107912983828
2,60618232014316E-05
3,09191057593232E-07
-2,15645422563542E-07
-4,72516382457917E-06
-9,4821864219544E-05
-3,93082982712652E-05
-0,000875564757999957
-1,76500483301775E-06
-0,000132942107587438
0,00114830161541042
-2,08383291989245E-05
0,000780022221784288
0,00137310746922591
-0,02517740091482
0,00138778000744401
0,0155072514239071
0,000229312350721374
-0,0123624548805787
-0,000848792218150086
-0,00740067735325233
0,00254489326563818
-0,26716884374291
0,0443380118473808
-0,0208173227256594
-0,00832971928571188
0,00571662604106817
0,0216896229305206
-0,191380667164598
0,658603647654967
-0,383598498225385
0,187459075392305
-0,262553040382899
0,00963260050541971
-0,131207545223542
-0,0358625727724484
-0,00465382968864385
-0,043906005609415
-0,155600816055174
0,0926167489851755
-0,0089094676187416
-0,0859716966018427
-0,0957934011207898
0,0225797152915332
-0,0856478889437682
-0,0647870083502537
0,0858724073776923
-0,0451022594719536
-0,0187612869595787
-0,115267293723364
0,177681161119768
0,0141153216151403
-0,00537620995801166
-0,053025949028497
0,2416436620485
0,0282505408025457
0,0637643261972958
-0,000636370941898171
0,00106661570263365
0,000608250727818443
0,00126844727976373
2,88479544738057E-11
3,35537975125102E-09
-1,00241317500382E-07
5,74626056520971E-08
2,7307570010528E-07
-2,4759565127232E-06
-0,000722773664894995
-0,00709045971510313
-5,80242429042821E-05
3,6704077168742E-05
-0,000508108899595063
-0,000413747553623218
-0,00117742035349837
-2,2070288073303E-05
8,06648590340274E-05
-2,89391921328514E-05
-0,00552917085575852
-0,00185464483819553
0,00755466139709746
0,0221109333600702
0,00107289274198877
0,000756438811208745
0,00038216381632774
-0,0176329388406783
-0,0102401093073678
-0,00437037527402048
-0,119203376125291
0,16759543896803
0,148367265863159
0,243155364169437
-0,0435031274031927
0,00795897251018836
-0,0982938984013886
-0,595981162284746
-0,625439264950461
0,0798379992605894
-0,00831573477907998
0,0582730987099108
-0,00755883181296084
-0,0937830219239033
0,156643181487128
0,0928162525072932
0,150220861529975
0,0333795342081193
0,0115496549050279
0,0902717974754791
0,00823008925087634
-0,0630653085373879
-0,00917898721713052
-0,01335880163597
0,0292085511641548
-0,160526500336467
-0,0405683701649613
-0,0181931835531854
0,00080014171708654
-0,00896530715072135
0,0123123137053011
0,00702132949801496
-0,0204738164553731
-0,0090889837468879
0,00294929385241819
0,000265851769406131
6,6352415723894E-05
0,00226910132605959
1,03134366562018E-12
1,41602314397389E-06
-3,61607807179853E-05
2,19220996598569E-05
1,12779227077295E-07
-0,0010494402225257
-0,00805304053401217
-0,0591758825840064
-0,000474869929910559
0,0002452494246677
-0,000151727932375017
-0,000107736254486448
0,000247379486820774
-0,00601621528455368
-4,76658004185998E-05
0,0003965826650005
0,000217119932671634
-0,00120673857957114
0,000967664702648357
0,00667339063518243
-0,00501493029118312
-0,000350394891957105
0,00632841039854179
-0,234154367130651
-0,00092606950027462
-0,0151462604484256
0,0085134901985095
-0,0418229082399951
0,113901250985557
-0,0770575832387216
0,123879358110921
-0,115735962055432
0,407948648716175
0,359456940951681
-0,340930986310414
0,445993749980773
-0,0332125113238219
0,335739987954361
0,0796652650221351
0,029535695896596
0,0484786630523461
0,0226925670048719
-0,0890238293293451
0,0397402781821738
-0,0537975691258467
0,0806877983040278
-0,0173192832736558
0,10033571455515
-0,00166216442723862
0,044313001590931
-0,0314945210612488
-0,00408253412544042
-0,0532914400795676
0,031149875521934
0,0264819126987916
0,00269639346385174
-0,0143479501023414
0,30834292978842
0,0302766911133247
-0,0019178548227
0,122432756885027
-0,0867367820939957
0,00429439840456142
0,0395376524042722
1,56877240083877E-11
4,89077840773211E-06
-2,16521603458635E-09
2,71000833994769E-05
3,39136333208446E-08
-8,91112932167984E-08
-0,000268466526756824
-0,00262410518310281
-4,83946980564645E-05
1,39064962037518E-05
-9,88047671468943E-05
-0,000282796705677984
-0,000877464003478012
-0,000306356094846945
-0,000125714904698973
0,00140481761740298
-0,0144628925529615
-0,0102670497455601
0,164350462204427
-0,00200197413470779
-0,119838626403333
0,000377990714447761
-0,0134384308322532
0,00160803882726537
0,00316965203483404
0,00443684452512488
0,0103970258828278
-0,0148510880310906
-0,058394026422777
-0,00638111527571676
-0,0132928760366203
0,000661792279865176
-0,00757804830138971
-0,0101535334031289
-0,0088850766304349
-0,0213220400835717
-0,958857928084058
-0,0328756025561204
-0,0111752522908965
3,84270126440381E-06
-0,0175690323518153
0,00204643358794134
-0,00645600464304875
-0,00110332769914043
-0,00820766212179079
-0,0191153735147049
-0,138417270696965
-0,0234244801542477
-0,00082929259088729
0,0076429518189836
-0,0114900273956034
0,00296214331225459
-0,0300945022771376
-0,0430931449408934
0,0495156022232339
-0,0400933583178892
-0,0724431582597848
-0,00531933682057609
0,0038031220574561
-0,00303560555426573
-0,0011903413225253
0,00124720501584741
2,18757491090914E-06
2,75088290992171E-06
1,71052745898177E-08
1,93023258603472E-07
-1,13426311693581E-07
0,00188386027376439
-1,80138936788641E-06
2,3241914128615E-07
-2,72700024664285E-06
6,37745756841376E-07
5,55652858107886E-07
-2,48849170400582E-05
1,37136531950924E-05
1,84824853325048E-05
-2,7177907983422E-05
0,000804158513280151
-3,92524500070638E-07
2,41845468595686E-06
-1,38149617795421E-05
-0,000101257199975529
-0,000181394990067449
-4,70923583224765E-05
-1,95976796686792E-05
0,00391396322779189
4,29244594152175E-05
4,70878696349011E-05
0,000929218621583117
0,000227871733225669
-0,000526113793579813
0,00210676581151317
0,00186117793971176
0,00226124833709024
2,57869634776022E-05
0,00914953510655013
0,00279938510493077
0,00380111489230087
0,000659906274431384
-0,00334323968544026
-0,00234840761084869
-0,0879059938558241
0,764723733460269
-0,569390551778043
-0,220399687932354
-0,0532125214873681
-0,000881490481337658
-0,0303061660331538
0,0333927299316909
0,00801623382039493
-0,000111219140098862
-0,0114281845372447
-0,0132511858146333
0,00206130836182671
0,00442594526743231
-0,00116768078462068
-0,00176437052396432
-0,0243013587354779
-0,0373174584471606
0,138351323890965
-0,0848051958002593
-0,00864021212457614
0,0209769417388871
-0,002144125979963
0,0137685542324391
-0,0154728021144264
0,000294578417588712
0,00156277819964922
3,98312590190491E-10
0,000174355948138788
-2,01671643195978E-07
5,50937863201995E-05
1,15030573733739E-05
-3,88397636389296E-06
-4,24869783379454E-05
-0,000408494076104986
-0,0569459858594616
7,66848962743577E-06
0,00105693625660466
-0,000723669981357244
-0,000662210836217648
-0,0155009943052344
-0,00368767855065697
0,0141883767783291
-0,00289540574656001
-0,000695442833924245
0,00331163109416061
0,000387202512432798
-0,0331718163697075
-0,000957025784612123
0,0753116986015811
-0,024160370763882
-0,000500366940897906
-0,0179521528542324
0,00154584619549847
-0,105484466683187
0,435456919909674
-0,225254265099875
0,186600543972141
0,00251640416372673
0,0639995933270538
0,191488644898234
-0,261625808501319
-0,127252670121273
-0,00911744017239669
-0,453480241308559
-0,115309618561176
-0,0503099603671337
-0,00232852894248996
-0,0579195550232096
0,077280164115762
-0,259637141213663
0,430399050114154
0,0575568662783959
-0,0174143625783168
0,0604631660132603
-0,170452206061618
0,118290592502095
0,113319080422845
-0,00311404038083597
0,06792243224499
0,0519134325414732
-0,00932688913593592
-0,0516973357835959
-0,00429521254301605
-0,0485134900284922
-0,00367108820268095
0,00972985461489531
-0,0725021811287558
0,101959973113697
-0,00491394030710325
-0,0440609788971842
2,43357081950659E-14
4,99043364168362E-08
-5,34981265546798E-08
4,61158514130785E-07
6,11837849737897E-07
-3,27857987346469E-08
-1,0326690914044E-05
-5,26070170533268E-05
-0,000210721280561712
-4,63123259454337E-05
-0,000643253088782404
-1,66735362822546E-05
-4,31838435061684E-05
-0,000112883384079538
-6,47419001152775E-05
0,000130300388100389
-0,00119615262663601
-0,000531820749282026
-0,000204873799349449
-0,00018159490154983
-0,000608032644992706
0,00708940055789218
0,00370718671177868
-0,00117495251482643
0,0573338638361176
-0,000931925530660663
-0,00307648738513079
0,000199759898461718
0,0362603229339858
-0,00873627583745734
0,0146471619067254
0,0131510385305365
0,014022418928807
0,0335293559789229
-0,041761758384514
-0,0337459403564265
-0,0022740206623032
-0,31907465192837
0,461349687800153
0,612120057668196
0,365692798986724
0,109859425361648
0,0650693806508855
0,0914475684282435
-0,120283706246049
-5,31688132576439E-05
0,000249069418128707
-0,00472366046521204
0,0158350207310825
-0,027091532178537
-0,0090765497543181
-0,00858766707694776
0,00889554978490807
-0,0256475750755676
-0,0737319234281309
0,284371534427583
-0,190686393116204
-0,00167787213657358
0,0459671864321647
-0,00500932076029589
0,0208372602524433
-0,0360140423993298
0,000130644238888411
-0,00123491387691115
9,42815833979523E-11
1,8182864659381E-07
-4,35281111065253E-07
3,21059481789365E-05
0,000684556353247541
-0,00243381916952286
2,43831178401209E-06
-8,07949185872165E-07
-0,000189258098847356
0,000123632287270876
0,000367531038208834
-0,000369298510786211
0,00017137270360818
-0,0133266942119147
-0,00188688158857134
0,0646120735948226
-0,00174750265761752
-0,000502921995353041
-0,000293978034136135
-0,000305538771961082
0,00286114227150337
0,000177292728657225
-0,00542942242317934
0,000818744288186396
-0,000416654738637211
-0,00646375495242678
-0,0224333308925091
0,25249579840573
-0,0714121952394186
-0,224137987810166
0,000861252497075885
-0,000978786524697655
0,000478661605800738
-0,0314493911263786
-0,0368472305667271
0,00916201358555151
0,00574540791810935
0,00352503958679184
0,0176856548230473
0,106488268303998
-0,220321223898918
0,194850405678431
0,0760118385539144
-0,73447179603222
-0,417665935170007
0,223993114031536
0,00922661483844787
-0,0503597233631144
0,0188580743168315
-0,0147365561539815
0,000826469288267101
0,00354225765769912
0,0281365461189899
-0,0176200118327748
-0,0208973996888083
-0,0220810750610239
-0,00941569737523591
-0,000588040858335355
0,0103489134234165
0,000514851028325801
0,00212879691956013
-0,00346548424111469
-0,000561736897848156
-0,00535240004281006
7,95368833771943E-11
7,12925020069365E-09
-1,04554234641855E-07
5,54361747217547E-07
4,22847699016795E-07
-1,09575577645181E-07
-1,67417438149639E-05
-2,99242926640954E-05
-0,000147180801763898
-2,13059962989476E-05
-0,00075864590174823
-0,00703403857656475
-0,0172696224936803
-0,000426581082384484
0,00130647239812287
0,000159805721470914
-0,0087735867587145
-0,00319503584249236
0,0119672664045704
0,0300628016559673
0,00213431664952066
0,000510115833938674
-0,0157320409106177
0,00107497274366439
-0,0179758082702666
-0,0819987952131475
-0,440659751031371
0,143764889391171
0,0608890663556196
0,0489757626707951
0,00844602268693809
-0,00319468203789455
0,0173516539093654
0,208133163366367
0,1960564022869
-0,0289736599758063
-0,0238432320702043
0,00606088515804086
-0,0589042968033926
-0,267681996980466
0,529136082162877
-0,267883014687043
0,26957326107944
-0,0374088202987585
-0,157410683385715
0,28266884268638
-0,0355833146980517
-0,0725298067042423
-0,00407406930620836
-0,050938242742845
-0,0369468807486015
0,000161373823443163
0,0895846540748022
0,0239376682831939
0,00377431533371433
-0,0103019022143324
-0,028648119115032
0,0101160744411808
-0,240561683658283
-0,0488401932146842
0,0206098776268185
0,0129004241796262
-0,000796323302023204
0,00800906671130449
2,08675203794925E-15
6,92864382234461E-10
-4,78378941300268E-05
7,22305654993609E-08
3,44394586950788E-07
-0,00138025123645807
-0,000540011102756295
-0,00033875758616622
-1,04583506906219E-05
7,59329743943176E-05
-0,000774492973662723
-0,000157164916769623
-0,000468488574896277
-6,30280560201022E-05
-0,000154337953794824
0,000236451763622495
0,000885993215537962
-0,00187536518447454
0,000500091849048452
0,0400244582653393
-0,000382548838589845
0,000877169054342077
0,00823106414330169
-0,233859285474302
-0,000471805784669976
0,0102475103885753
-0,00581478889715766
0,0244801514003577
0,00181880487347348
0,0354992019468733
-0,0300441094254313
0,0170584083235606
-0,0687614849539524
-0,130555877205259
-0,10981369327686
-0,0176924375006113
0,00565327196091189
-0,0513452018703573
-0,00311291767624859
-0,00318366878539507
0,0855973562058815
-0,448893595016858
-0,318331526570887
-0,160824735019398
-0,199832659771643
-0,287437289692225
-0,0980285959105763
0,45780120395571
0,10932802656834
-0,138752626363505
0,0909551350598018
0,0862238080331731
0,338481793711129
0,200287182489611
0,0360080715575037
-0,0207494828247338
-0,125904897867901
-0,0419747421350756
0,0335534406963485
-0,033633271836276
-0,00828132962231022
0,000291503859497468
-0,00544182445309921
-0,0503239733511302
1,29485209642666E-12
2,07506812216606E-06
-1,69748938672146E-08
2,7398127808071E-05
5,07846127589656E-08
-1,90828971897651E-06
-1,71563406638806E-05
-0,00016573596425832
-0,000641348805161896
1,4881320547515E-06
1,55660133918705E-05
-0,000208035000041387
0,000133906412734328
-0,00776784362854147
-0,000504109665550918
0,00243538608713294
-0,000924253894202982
-0,000967432072761344
0,013057107391583
-8,25431014812753E-05
-0,167123370799382
0,000120255173878457
-0,0109847592467612
-0,0109745353455465
-0,000168720307492222
-0,0144190150198008
0,00275303963815763
-0,0186568413584367
0,0704545420102307
-0,0399520548856679
0,062774289156469
-0,00878037533199382
0,0581872452390769
0,165758344793075
-0,196396102276316
-0,0462464417084798
0,040520554594645
-0,359919647122555
-0,174562009315904
-0,181853262530405
-0,101013359361513
0,10972431634837
0,0493397852302832
0,174396879860446
-0,277199404482169
-0,0989000838037318
0,0239081848031134
0,00976266018111246
0,528860549835834
-0,293746072839408
-0,364981211607232
-0,0226858278312062
-0,179576117984848
-0,0143325857315623
-0,069253427406605
0,0187333116595563
-0,0125278460816115
-0,0440694277809507
-0,00579340508058047
0,0122382899762293
-0,1086537398063
-0,0193431168709573
0,0003357969013642
0,00134557600092751
4,78963333276795E-06
2,24551193658306E-07
-1,47829092795966E-05
3,68824190296245E-08
1,45665307730561E-05
-1,89841010537389E-07
-1,74005309888487E-06
-1,79233791917382E-05
-0,00552124615189514
-2,78435705366157E-06
-0,000756950686932906
-0,0398543521985581
-0,0946922729270953
-0,00223969088538808
-0,00567184680815449
0,0147870376469912
0,00448478933133873
-0,0034008923923605
-0,00169177643652907
0,0313886702720066
0,0014973121667274
-0,000425590105707256
-0,0199908935196948
0,00162303504086316
0,00135280832279008
-0,0116940456731282
-0,0897767280331625
-0,0437308014063883
-0,0294534623869521
-0,0291852744688719
0,00482458890701683
-0,00635738292693376
0,0254120917440086
0,00121710570173377
0,0463407479418593
-0,0279865505448582
-0,00310221404914515
-0,00603995023112454
-0,034011606660699
-0,25756821555798
0,468850982238379
0,457175463919506
-0,424751524805761
-0,208291785920914
0,00503948606513479
-0,312388580060037
0,0731287285352268
-0,0828821209878788
-0,0552363487549598
0,0122549400490871
0,110442524791002
0,0822163968312883
-0,270881404481759
0,17513193521947
-0,00855088557686211
-0,00584095230644716
-0,0235797287549923
-0,0604723371254209
0,0887656390891503
0,061431777112745
-0,00195545039820021
-0,00724116964042131
0,00234345351128842
-0,00411915081701561
5,70124187568765E-11
0,000578615325294331
-5,19729238839935E-08
-9,49580794336952E-07
5,61916624464253E-07
-2,97900823584714E-10
-1,82794036195712E-07
-1,68243402520995E-06
-0,000621906216645362
7,5103780667501E-06
-0,000705461546739879
-1,63403405899709E-05
-4,43102864207416E-05
-0,000193403397426686
-3,40206251586689E-05
3,36167815291039E-05
-0,00862859356479673
-0,000249496235952174
-0,00131195449620245
0,000351928550717096
-0,0012698343497722
-0,00126448908433559
0,00445611572120484
-0,00173900393117419
-0,00267573828286071
-0,0112643775375047
0,00313916603777119
-0,0238211676007924
0,070900424103292
-0,0484275749022545
0,0799395625778828
-0,0053416530377732
-0,0230350109308695
0,183351888137348
-0,249215418629956
-0,764668995184328
-0,00547861575750403
0,489995947484057
0,115007912057334
0,0780638693096818
0,0284714912416077
-0,0129380524492579
-0,00698030195781606
-0,026422131024737
0,0363933008521794
-0,0203914725321581
0,00395342980428116
0,00397158962212633
0,0127356364729516
-0,161632387027073
-0,112936720739095
-0,00249812359157714
-0,0430154905684488
-0,00585503919550489
-0,0113999487948053
0,00440680638875073
-0,000930932212704423
0,0077986179863543
0,000137191204067264
-0,00458821628565176
0,0161624200200944
0,00693281449601663
5,31558336454666E-05
0,00092110850296406
2,90212489818192E-16
1,52285539570129E-12
-1,14380403046137E-10
7,00598110247336E-11
8,07448474108143E-10
-3,87553490188303E-09
-2,2289702885917E-06
-2,81658821517272E-05
-6,36525155854991E-07
2,36640863616955E-07
-8,65749707479235E-06
-6,11333498422702E-05
-0,00017278073824369
-4,49621044855846E-06
1,72021660281904E-05
4,07737369227935E-06
-9,81052605189297E-05
-7,05360369060786E-05
0,000197503860500152
0,00126229224107991
4,69437054145911E-05
5,80947429666886E-05
-0,00061556416708324
-0,000884768147361831
-0,00108268088035518
-0,00334359340500186
-0,0514772917658681
-0,00837873538375593
0,00361387432491817
0,0135909839273262
-0,00609579141428999
0,000733061672540182
-0,0132075689855665
-0,102681026534808
-0,106773101490334
0,0169816485811875
0,00035439033498505
0,0139696984303294
0,00491483881079413
0,00671647059888262
-0,0219059313876326
0,0676860690009536
0,0548374556638277
0,0392166010193738
0,0405568878406477
0,0544114069764169
0,018030141146911
-0,0837092802657092
-0,0214446436148072
0,129673028691886
-0,266436743795922
0,91742629573534
0,131382887873991
0,0636340257519108
-0,000203985807789105
0,00722547563400125
-0,025170810934747
-0,00373867755931338
-0,0292693427139035
0,00225274638684005
0,00140281311110463
0,00219042898430207
-8,23416115878543E-05
-0,000453111812523618
5,12559365910351E-06
3,17717939756722E-07
-0,0239699323286891
0,00156583134215361
0,000218036446051832
4,75211639627004E-06
2,13933152903037E-05
-1,88129745123294E-05
-0,00592574317774793
-0,000256122412236811
-0,0146133062107565
-0,000709430966821806
-0,00220386884030912
0,000989196628740824
-0,000551405737162127
0,0174902945373418
0,0125571538538285
-0,112711876382109
-0,00492120545264725
0,143618916063008
0,000579182505987097
-0,0349631368731197
-0,00494390258526605
0,00450703690745598
0,00489657225926592
-0,0886062871369009
0,0289869890716318
0,000578709632698681
-0,0133516759944861
-0,00513375956352553
0,00827864096401439
-0,0748185180642769
0,233722591048407
-0,137709897571469
0,102259069386704
-0,114717413273704
0,00235537599048666
-0,0513708602615547
-0,0200420710330058
-0,0721142895739782
0,080257790535724
0,306837448131297
-0,260695062768488
0,0659996884854244
0,121986131912125
0,345320875780492
-0,0818528595933125
0,286968638493132
0,15863084205459
-0,16168987514502
0,138842234945329
0,0595732208305058
0,293368527245524
-0,495626515490649
0,00567696287318128
0,0270078866378357
0,112687749074638
0,0332998747260789
-0,0556025242509462
-0,155986948224033
-0,00645403741694432
0,00842182274024085
-0,0019555473725187
0,00128889891297558
1,6938373851196E-11
1,12747751684163E-09
-9,5195779248034E-06
1,33312789232211E-06
1,33721651983651E-06
-3,77076418023661E-06
-1,91421744566283E-05
-0,000190696590357014
-2,7766577308881E-05
-0,000167554785927817
-0,000439217868008949
-9,01569274278578E-05
-0,000258206196043285
-0,00016996804655354
-0,000130328534900089
0,00149604698412297
0,000528309189550862
-0,00266071921405376
0,000104006407307784
0,0202078705839926
-4,35921007032783E-05
-0,00101628919364835
0,00333369396640263
0,000160374657377187
0,000565415382781118
-0,0381116550970908
-0,0144329704292888
0,2201436989618
-0,0516920015642861
-0,201862591295395
-0,00490163800293067
0,0028061600802564
-0,00942441345367294
-0,030650788872813
-0,0320863066272106
-0,00506617943217232
0,00634436260247908
-0,0314498271335527
0,00624951425199148
0,0462319073986822
-0,073346681478789
-0,0222522786247831
-0,424823580332341
0,19230444624539
0,144145755422932
0,387706263521826
-0,0757197306013942
-0,376578054757073
0,108102212641727
-0,132423124904807
-0,0233717832736783
-0,0991174914816869
0,223070138765899
0,398557259853971
0,0310560766217545
-0,0400459087344588
-0,161888716412434
-0,0461323049535309
-0,0271779146460574
0,279471665443693
0,0279642764620381
-0,000722773032618675
0,001234555091759
-0,0012906367366941
9,67902898434382E-13
3,70573118980302E-09
-1,93714144878147E-09
2,1047995802281E-05
-2,84700572478909E-08
-2,87419948953731E-05
-0,000222942722747837
-0,00220709004469224
-2,68659883677204E-06
1,8051858079338E-05
5,03719895363909E-06
-0,000203131753984292
0,000257314735151991
-0,00853175284676681
1,38332282293245E-05
-2,99534345070263E-05
-0,000182373927842175
-0,000254787550781969
0,00276821913899566
-2,70779698940274E-05
-0,00250063935213712
7,37426167695298E-06
-0,000691345680636832
0,000781344083186358
0,000150925291289623
0,000260688870917101
0,000640730165852837
-0,00131098693239551
-0,00524952071703809
0,00019409277484849
-0,0018750461590255
0,000711193170333187
-0,00323110189301987
-0,00342670309843357
0,00223563608127424
-0,00603795496797577
-0,179712547855676
-0,00848322155529897
-0,00271429845771029
0,000808178565488106
-0,0052179724533186
-0,0175219862058951
-0,0157999697993206
0,0144857607522113
0,00122597146409741
0,0771449361265868
0,649751984038752
0,0940572711978968
0,0245155296579828
-0,0482145038460397
0,0505456483553761
-0,0141886928688468
0,155467309077867
0,256714134770035
-0,329989185749653
0,27021742972489
0,498654041898986
0,048937808810231
-0,0225109873138249
0,00676431354696277
0,0134495692366174
-0,0139050223983104
0,000423272860920723
0,00446866722888577
2,68274824134532E-07
0,0138204809688583
-1,85007707487682E-06
0,0295271469912089
-5,75869287938939E-06
1,80991902939831E-06
-1,24014420303524E-05
-7,81119908060073E-05
-0,000234240561275178
-5,88706304521555E-06
-0,000111382920780941
-0,000282979862216133
-0,000709761517066909
-0,00192498886172644
0,000196438770077572
-0,000161599998533952
-0,0125467307361459
-0,017234098574683
0,138449663955265
-0,00180036959737828
0,0111177727138921
-0,00365092225012743
0,00233069657129701
-0,00568456027503307
0,00284931173984515
-0,0492299620989408
0,0140943210262695
-0,024901301276602
0,0203851843095803
-0,0302239926383383
0,0169318871164982
-0,0159578955783208
0,0674890282653307
0,0133355942837949
-0,0447331455935931
0,00698590818307939
0,0248547749398956
-0,0639950916840712
-0,0355658423990949
-0,0034991027847614
-0,00488311619244921
-0,0772201159649545
0,0777598445672169
-0,0907469717597817
0,078732047130574
-0,25874468807952
0,064049124699026
-0,373648009362747
0,116417482476512
-0,203769499050669
0,156607051267587
0,0403824789486559
0,206676157537988
-0,142353248023151
0,0953288733091506
-0,0146349354642294
0,0666620010030288
-0,149501067620517
0,0271120030777552
-0,138747471462528
0,598467821194939
-0,375116097064851
0,0172818877975013
0,15697064055077
1,30051737708921E-11
4,15831133591874E-10
-4,79227536694508E-09
1,39429965594137E-11
1,04559654262914E-08
-1,46822538910847E-10
-7,1496942579855E-09
-1,16117270029831E-07
-1,76208857154803E-05
-5,52682999812075E-09
-3,48237857469816E-06
-0,000264314866329866
-0,000803663660258494
-2,52147077486053E-05
-0,0104567682413566
-0,000291478765892826
-5,78438652588223E-06
-3,78570391865004E-05
-9,68967929547086E-06
0,000372868991204328
0,000288267546084864
3,31096377849471E-05
-0,00550565333020478
-5,06663671175517E-05
6,57449010878336E-05
-0,000328804908498188
-0,00280563069332061
-0,00230731839065012
-0,000267483496375505
-0,00199567426851729
0,00266289936770827
-0,000100674276572911
0,00114342742574578
-0,000833504686928774
0,00386791525805182
-0,00236684595070009
-0,000363898433731997
-0,000850593667436984
-0,00488384695742593
-0,0444849956474166
0,0832229667691799
0,106119555956021
-0,124827375096612
-0,0667617439386148
0,00062596612692608
-0,214141470907187
0,0523103654196818
-0,0998506333644355
-0,130864601158015
0,356366813922574
-0,649230834865601
-0,292845455412699
0,473418660748271
-0,146451699904389
0,00688631721876458
0,00290887040387079
0,0105931732986
0,0341020090994096
-0,0424709861138778
-0,0296847915615812
0,000653012439481774
0,00333988064057698
0,00598590022823135
-8,71233862853714E-05
3,59277382112841E-11
1,51156420495205E-07
-6,85356088978234E-05
3,25059651141616E-06
0,000327664346786217
4,42977733189187E-08
3,27877593882308E-07
-6,01286769146843E-07
-0,000583651847605194
-2,73222682366552E-05
-0,0439224897285846
0,000125197651607317
0,000233502822763432
-7,73292681616359E-05
-4,0546739388901E-05
0,000486658070439494
0,00447088996156211
0,00685744393515366
0,00085837974806083
-0,00732625465716101
2,48059206449881E-05
0,00411533308328727
0,000219081508717844
-0,000305541733564578
-0,00399788495272313
-0,00145032769566757
-0,000849315720470043
-0,00102999965295311
0,00486065451657168
-0,00382976841958742
0,00957565997016032
-0,0709677830656782
-0,0263418017064099
0,0202350579504568
-0,0247526734622754
-0,0993257911251315
-0,000776495123308411
0,0822875525220672
0,0276578830641814
0,0157101962272189
0,0205960530495635
-0,0172794311502247
0,00371845033164381
-0,0139942910285908
0,0136517673049287
-0,00879969886445785
0,00432999575641358
-0,0469801034232993
0,634736364567902
0,684190036354277
0,27590899101024
-0,0149923032798673
0,0177512401416679
0,038493757071924
-0,00573376869508159
0,0255367440354928
-0,0325738063726846
-0,0410430216367172
-0,125218135324379
-0,0410592372941696
0,00122770075761353
-0,00045037334988812
-0,000347144192905118
0,00251701476544826
2,99460263558343E-09
2,63241557749901E-05
-2,05513444113029E-07
0,000332806768526644
2,18261797192523E-05
-1,21667054031264E-05
-0,00125583525742895
0,000201711063137469
-2,18827470557205E-05
-0,00534756859893185
-0,00060874207410073
-5,98262421396083E-05
-0,000184681979657722
0,000194360903163473
3,72973034767147E-05
-0,00020647231608482
-0,000776452657764379
-0,0256082534633049
-0,000315350745117664
-0,0030437325066308
0,000246189957948453
0,129124591725878
0,00126265632614776
0,000673698280676732
0,0197401437220588
-0,0024536912601168
-0,0071033504697396
0,0202192202654008
0,0200414073135125
0,0212533876820601
0,00137704435331982
0,057343099148116
0,0257712487470459
0,0167355555688255
0,0016316830287373
-0,0119109212491395
-0,00189513354924113
-0,111701237157387
0,322033867962067
0,139776772715292
0,0667418849768566
0,0637267074569992
0,00767204327169789
0,0551284331111188
-0,067734291167466
-0,0456843797370292
0,00451198429223469
0,0124363737062215
0,060619061432361
-0,024243501850841
-0,00741101624756467
0,00816494546741828
0,0236984687618701
0,110399056012132
0,208050854404006
-0,729907725900514
0,458282005378496
0,0350587536285893
-0,115709782269604
0,00132235469231771
-0,0316974811743666
0,0592602240168933
-0,000344811675795159
0,00325020795872379
6,01233416214745E-09
7,38546531161095E-08
-3,8734059845857E-05
0,000663994736769476
8,69351463434427E-05
-2,69850221949557E-06
-4,23024060839751E-05
-0,000405104773224724
-0,000152791414870572
-1,30111394029437E-05
-0,01127548495689
-0,000244919759261732
-0,000808088775484279
0,000145369343993376
-2,62825466353798E-06
0,00114680088207836
0,00515238307349463
-0,00830633450419635
0,00111315787904218
0,110790025819707
-0,000320868072810115
0,00193013547558253
-0,00122474292364388
-0,0184545225875667
-0,000111338187714119
-0,0574745090080436
0,0260186127399674
-0,0133428740609287
0,018094042680473
-0,0108300085252439
0,0378293807511053
-0,136383208159365
0,263751246726901
-0,0035688926168536
-0,0220508683700378
0,0694557646045343
-0,01175954596945
0,114680193148348
0,0357539121398549
0,0288264492541253
-0,0211046386652484
0,0292301536562473
0,0455867992448469
0,0752473979724325
-0,0749727800223531
0,098128725223664
-0,0215686280214852
0,176008790759269
-0,116966877075029
0,0935674895010493
-0,106061135469855
-0,0441336924236166
-0,0737585994876314
0,120085031621167
-0,0550353190173678
-0,0249262384411028
0,0251808129626655
-0,866759312715952
-0,036691896088577
-0,0257806847593806
0,0535239922779052
-0,0238872657939618
0,000902634410098579
-0,000541749110612134
5,9773467031816E-13
1,40977092572957E-09
-7,73256166834552E-10
1,29784080155958E-05
-1,75957355487639E-08
-1,77044502635855E-05
-1,9523029636713E-07
-2,9645708809928E-06
-1,8105813596236E-06
4,02353570690346E-06
3,01573387818479E-06
-0,000125331692627174
0,000157219155785546
-0,00522668944619561
5,54900759323298E-06
-2,8809627574877E-05
7,21904936935433E-06
-5,58723464776726E-05
5,92941915910599E-06
4,18543389169883E-05
1,22982023495188E-05
-5,60293596946993E-06
-2,83277564957899E-05
0,000183019390358209
9,08457087149078E-06
2,20049618307116E-05
5,50552471993512E-05
-0,000121087326990912
-0,000431972777395584
0,000329983644667272
-0,000361543235650302
8,99601968650267E-05
-0,000422922251998803
-0,000488601651488296
0,000318469360435425
-0,000363953777961574
-0,012869668447944
-0,000535046781256962
0,000209377378840025
0,0009251385427362
-3,2977596455191E-05
-0,011845870181199
-0,0106574301254877
0,00672954664513736
0,00104752727476199
0,0383140474290172
0,290443977408812
0,0383459803498876
0,00644845471900055
-0,0119606833194649
0,0128594129597834
-0,00355590942279114
0,023003125196961
-0,007576953716105
0,106375877513466
-0,118771115944061
-0,258041207610875
-0,0270202597513451
0,0918616004463659
-0,120441235821635
-0,0996559758624953
0,257668495950042
0,0903024633911275
0,843266145265441
5,65660791093436E-15
6,71195637371193E-07
-3,20775143749441E-07
7,99166973882973E-08
7,7519414130769E-07
-1,61159181065083E-05
-0,00758002768042773
-0,0582999561525143
-0,00019330103792989
5,54610695452786E-05
-0,000993987894381937
-0,00538479832191322
-0,01348310017098
-0,000424210774204663
-0,00896897756617886
0,00114486100461125
0,00164669102180147
-0,0021107395383543
-0,00017884672563865
0,0470566769706223
-0,00497824059002932
-1,37115972135476E-05
0,135223126410464
-0,00949750473356279
0,00164869630886903
0,00250090430385736
-0,0006919648410729
0,0296160064364824
-0,0236528330701495
0,0106565706692321
-0,0970644775112193
0,00130675248063726
-0,0182261926631797
-0,00540236035110243
-0,118133915623982
-0,0242405274528873
0,0166453977967601
-0,124720974219363
0,0142353820394855
0,0700003786726019
0,0387785870731584
-0,458935576928705
-0,44980468306214
-0,0804658162191195
-0,0712488722165694
0,124174862076465
0,0140559790190023
-0,175025618575237
-0,0826836483202918
0,144769778820166
-0,128524530465172
0,0605526305391326
-0,402920579579876
-0,390908933474294
-0,0749856158021386
0,0505812655331603
0,253299609755592
-0,0474811497745095
-0,0667530506513872
0,0462054258970149
0,022664328479246
-0,00378720200212821
0,0116180236017478
0,107556605169385
1,28600997320192E-12
4,00089969566285E-09
-9,96197074344641E-07
2,88598823020348E-05
6,60882711794169E-07
-0,0275016936959065
2,24217383432584E-05
-5,65241530568346E-05
-6,31095057865591E-06
0,00136350153182888
-9,9916926580726E-05
-0,00135209196424954
-0,00224339662191503
-0,0110737279149663
0,00018462220344302
-0,000117689464479612
0,000199644402014588
-0,000369119903398659
-1,87914758712898E-05
0,00452796565078336
2,44206052121768E-05
0,000307736676983524
0,000255597401204371
0,00631993272023923
0,000267465013494855
0,000438348560927397
0,00137023612551736
-0,000992748531725209
-0,000795117144287737
0,00132026277417674
-0,00267311717844099
0,000864718980734674
-0,00276888289995328
-0,00022445211159683
-0,00398229605894714
-0,000533376802286409
-0,0272871151198786
-0,00679530355585186
0,00141209973137475
0,0076256354715274
0,000614468764544442
-0,0709818205618041
-0,0555788147823698
0,0210428829609957
0,00237125058500266
0,095059501544403
0,650826354181741
0,0530563209614463
-0,00195641226006164
0,0095536679105346
-0,00795892552937704
0,00470865133655011
-0,078489179126144
-0,20641217117586
0,222662173714851
-0,273695558935191
-0,457105888584409
-0,03408407538213
-0,00433717367650158
0,0326668164333972
0,0349644801028017
-0,107225822960287
-0,0420926878914127
-0,393752283278272
2,29760377973312E-11
0,000337793771172188
-8,92645380546659E-09
-5,73681389048584E-07
8,30833768866375E-08
1,25723300655336E-09
-2,76449585014984E-07
-3,45471038513322E-06
-0,00226674190570587
4,83876961774989E-06
-2,56885073215539E-05
-0,000394123175546847
-0,00114347126910502
-7,33298245630848E-05
-0,00297286075272203
0,00023403295955552
-0,0012026545983272
3,3929599505684E-05
-0,000252717276586203
8,49440455809226E-05
-0,00191124370687554
-0,00126233897011463
0,0566566820840501
0,00102671007827956
-0,000728823766236251
-0,00220200904571109
-0,00282670143083246
0,0138372158665665
-0,0662442758413767
0,0367229962764169
0,28168834006956
0,0199348583189756
-0,0227959740111997
-0,0141032969406093
-0,00587404064184397
-0,0254685417306412
2,3857699494729E-05
-0,00730157818793983
-0,00418903406958573
-0,00323393586968216
-0,00259606586554494
-0,00764535497679077
-0,00937208391975931
0,00384419091905556
-0,00949096698594327
0,00885610896200902
-0,00141815380810893
-0,00176093977768432
-0,083804810087639
0,0365389405721233
0,0610643906582547
0,00553099439615432
0,0405302271549914
1,91400589454097E-06
0,0348176289764279
-0,0185453305732013
0,00975088444454833
-0,00814682978546676
-0,0796473398913081
0,0402885392660436
-0,520189514354891
-0,763412208924244
0,0213944026141162
0,178764186970832
5,70844149673002E-11
2,86795737662304E-07
-6,26716993711963E-08
1,66258893086871E-06
4,1180914724023E-07
-1,06849669988133E-07
-4,17462464789167E-06
-4,15239665948983E-05
-0,000616567990610526
-3,52602271389587E-05
-0,0005132993994909
-0,000106874848278034
-5,82894181619985E-05
-0,000375754365072347
-6,53490015205341E-05
0,000127593891645122
-0,00812097632829332
-0,00204947454544547
-0,00064513648077645
0,00465686828401797
-0,00742020224720195
-0,00170711139837614
0,00403734510248114
-0,00433921719688216
-0,00150781587518475
-0,141073946265424
0,0183546113036248
-0,0183723329807201
0,0505256236545022
-0,0340519342180274
0,0462176922168489
0,0310417301730124
-0,0907408702257336
0,149308936037415
-0,172196874474665
-0,181072813333202
0,0145745557081702
-0,169425636607043
-0,111337757561578
-0,125413668847272
-0,12168406519593
0,132485472708197
-0,0792523292360731
0,362812198476244
-0,569116221270485
0,0134603124391214
0,000177061561754429
-0,0503741941454797
-0,367029597731452
0,230069012331559
0,302976646376615
0,027597227473292
0,148923251539534
-0,0307147978703772
0,0742421599461778
0,0239477082941523
0,0108504872649981
0,0351601227455406
-0,00446138282013057
-0,00285146420679874
0,114871104402025
0,0392742259895257
-0,000493478701145489
-0,00196510278227934
4,97365480445174E-16
2,83638289422852E-08
-7,64936988814689E-09
1,00431769729355E-09
8,14891397980734E-08
-6,75500615003733E-09
-4,96814012400629E-08
-1,18831332945034E-07
-1,95737367720261E-06
-1,63450834837684E-07
-7,33575171271403E-05
-7,06394191512343E-05
-0,000197046078428049
-8,62951401453756E-06
1,95971107417839E-05
3,07169999762005E-05
-0,000162612495486238
-4,52678908274522E-05
0,000261980080448918
0,000722837238968631
5,79191458436668E-05
3,58086338431264E-05
-0,000640916679387932
4,74900371416724E-05
-0,00105159682635711
-0,00520067421463386
-0,0303637016864172
0,0357470014801695
0,00130870924212228
-0,0179921203934662
0,00280189338633171
-0,00193922272055876
0,00140678553409925
0,0292797953533065
0,0201700855722313
-0,0230651325993962
-0,00498749089537549
0,0194050935037717
-0,00941724562809907
-0,0724935112494686
0,153618381102535
-0,0996268139065957
0,124080307223142
0,0236380658576269
-0,0416842105576278
0,111085018331432
-0,0148213136416034
-0,00921337423477476
0,0922758302274237
0,0919593350957122
0,00242517205263721
0,0176429181226619
0,104177329981818
-0,124762474331652
0,0290438314939328
-0,0706438068086714
0,139805514136602
-0,0598561402078599
0,87457051337342
0,289185850013614
-0,0529969163053869
-0,038060397762782
0,00242389380817187
-0,0243898456085629
1,44302526114556E-12
3,94837027276117E-06
-1,52493813932058E-07
2,9245152785395E-05
2,71584114199183E-05
-2,73672742146581E-06
-4,1749337386442E-05
-0,000395246555589476
-9,75424240883962E-06
-3,10829089280639E-05
-0,000403214611586567
-5,51247387238367E-05
1,91201621300294E-05
-0,000131428200817695
1,17311094610243E-06
-5,23929429239197E-05
0,000554648507296523
-0,0153143574045363
0,00157794635505105
0,000997136272859108
-2,78082217679741E-05
-0,00574383185050389
0,000434830981814125
-0,0232995759721117
0,000714967617907502
-0,0664580854482554
0,0105341009056465
-0,0123669942353969
0,0190567079963395
-0,0126415570392764
0,0294545327219898
-0,0507732641065766
0,177067836702166
0,0581372879126767
-0,079434567842747
0,134205586497826
-0,010132876510715
0,146163055428018
0,0415366504542646
0,0377373311367702
0,00997693842785072
-0,0872468669165484
0,0249491090175125
-0,0208159401702512
-0,0596990007805525
-0,285857126455788
0,0702211758892018
-0,439912192181067
0,036074637473013
-0,182207842737341
0,239509030508945
0,0547877870354061
0,23899176689753
-0,236374613446498
-0,0395052632100978
0,0477587332448349
0,0260352791581021
-0,162937356254435
-0,0728377818227206
0,0406133186978393
-0,493386327680906
0,326529375787769
-0,01561372548382
-0,134875085833386
9,0797824449915E-12
2,17343027642786E-08
-7,78484847393254E-09
0,000197176723773895
-2,70905074856956E-07
-9,41541289367591E-06
-3,4384653000198E-07
-4,71770878036594E-06
-3,45097068747685E-05
5,31970255848896E-06
-1,69370403129276E-05
-0,0887593893096646
0,0442478589238981
-0,0739642729847603
-0,000668647896084806
-0,000320680760075859
-6,36379581093705E-05
-0,000822760622873206
-8,83873135905922E-05
0,000152297703895388
0,000451587905541025
-0,000176108643498792
0,000246437205911732
0,000560401100881674
-1,30720105782937E-05
-0,000726166777929217
-2,11081251774863E-05
-0,000914906809379742
-0,00367518311738623
0,00422288963731357
-0,00239944642297461
0,000297830888364416
-0,00213171582730481
-0,00329782026503364
0,00485630476118537
-0,00161989774871087
0,00243186923561119
0,00930503190388255
0,00310579593595493
-0,00217336837623312
0,00358947911696333
-0,00112519670863562
-0,00549778079869878
0,0427680419782965
-0,0177270738209581
-0,0298871355581295
-0,05962854868802
-0,0308190043833442
-0,0401326424198282
0,0198735946792761
0,056638715294735
0,0100511544132578
0,0409978033215513
-0,0847084436525732
-0,853419550606929
-0,410292166876389
-0,233552673822744
0,0458462887894629
0,0271138092032146
-0,0139620737018577
0,0642350801216782
-0,0624634397155014
0,00256820884329563
0,0216595350901786
1,96103463064203E-15
1,23757460920682E-07
-9,64849906673573E-08
1,09500088052836E-07
6,05628105525074E-07
-0,000657339747687913
-0,00284593588411143
-0,0219088127158561
1,22541730927398E-07
-0,0567946168412071
-7,22950121013345E-05
-2,87446730110284E-05
-9,17175632530295E-05
-6,6502565958357E-06
-3,2353600042809E-05
8,39841675264615E-05
0,000136522775246961
0,00234892495135812
0,000135274375562306
0,00872536254460673
-1,29559478444256E-05
-0,0115331848995348
0,00148848819852357
0,000462222859679946
0,000422176224391516
-0,00281237477428703
-0,00017476858246767
0,00864316745680919
-0,00296614069491617
-0,00882508788591006
-0,00308648911165408
-0,00195705532755713
-0,00784356067826674
0,00600455051268476
-0,00413007193094011
-0,00396581419130442
0,00499570559675325
-0,0150943318381879
-0,000412575111781931
0,00773600805311684
-0,00519599730025754
-0,0592440208070307
-0,117037367827428
0,0341256845230805
-0,00670941379440075
0,1283007860544
-0,020613672183616
-0,190950106135204
-0,0130468025146521
0,0138005126641657
-0,0439084427895769
-0,0238180643164599
-0,0473997258981177
0,196416710735215
0,00468493433440226
-0,0267264010772421
0,00307529522240817
0,0150272334722707
0,295246266641906
-0,863359621556146
-0,144949047176635
-0,0147967137804761
-0,0194727354101216
-0,157569877552007
2,0850238676277E-13
6,66520287046421E-12
-7,68012664800569E-11
2,23405331977884E-13
1,67490214921153E-10
-2,35175662148478E-12
-1,14418181080339E-10
-1,85728387070605E-09
-2,81483075392935E-07
-8,82600194119467E-11
-5,55351389003195E-08
-4,21164214982879E-06
-1,27951082678385E-05
-4,01187955865955E-07
-0,000166058281136448
-4,62527193618739E-06
-9,17427379902259E-08
-5,99246430701723E-07
-1,53300305727954E-07
5,89047032385866E-06
4,54539901956073E-06
5,19543501393805E-07
-8,6103304308515E-05
-7,87925376889554E-07
1,02060914405196E-06
-5,09695070481521E-06
-4,32797547417144E-05
-3,50875625090579E-05
-4,06188351100046E-06
-3,02967048828879E-05
3,99400411306618E-05
-1,50336324146796E-06
1,69899208656842E-05
-1,23035300488602E-05
5,70832223675846E-05
-3,43753076734757E-05
-5,17243243350433E-06
-1,19785559960982E-05
-6,75582053793208E-05
-0,000603383473036432
0,00112661824894028
0,00137574347374032
-0,00157362592604529
-0,000826115743009904
7,62496423865217E-06
-0,00228659946860437
0,000555508779082578
-0,000968756529128547
-0,00113223955020493
0,00262943403354035
-0,00421998525576883
-0,00172914419743031
0,00189100691981238
0,000279820034190705
-7,86725189808449E-05
-4,3087454905629E-05
-0,00018653900961784
-0,00105952197099962
0,00421586340282974
0,00454467150191922
-0,000216986886045416
-0,0027734197996155
-0,99416861767786
0,107403763539357
