0,99998763910296
-1,17242683793575E-05
1,42484257092248E-05
-0,00492839865879667
3,42732179115665E-05
-1,17235220346175E-05
7,96191931295118E-07
-3,40648229674346E-06
5,80191286441377E-05
-6,73798606752902E-06
3,49450934860725E-05
-2,59218312625506E-05
0,00026552032547089
-0,000366474435065683
5,71517261699961E-05
-6,42634402173746E-05
5,77391100442085E-05
-8,76788928211855E-05
0,000141707818491845
-4,25436961445123E-05
8,6753993177247E-05
-1,45363045326847E-05
6,59859758044081E-05
-2,55868353668151E-05
8,24334146181238E-06
-1,0261144583806E-05
1,7348925211672E-05
-6,70081671233427E-06
1,92963325569797E-05
-4,49078341111314E-05
3,75718449801157E-06
-3,19919776284791E-05
1,56009412839466E-05
-2,60309446224974E-05
3,29453119755328E-05
-1,43843222325092E-05
2,70635167120951E-05
-4,37026948183566E-05
7,25781887625788E-06
-4,91016026278827E-05
5,86681303833529E-05
-7,48399784841228E-06
3,69018399368877E-05
-7,81753401171928E-06
2,84617121598456E-05
-5,99649480707593E-05
3,20124316429834E-05
-5,08883476027268E-06
2,1709838413026E-05
-7,74631788648992E-05
1,67350369549779E-06
4,47914608881935E-05
6,27683442906903E-05
-2,8090727580434E-05
6,48860930194448E-05
-3,18308299738529E-05
5,28558758275018E-06
-4,66290237815016E-05
0,000101659905862203
-0,000324047766689665
9,71413069519416E-05
-2,4955977355626E-05
4,13416694939064E-06
-1,70354370475243E-06
2,86878192283186E-09
0,997571268233345
4,98333393547854E-05
-0,00593498051447088
-0,000206152908316816
4,95255383540108E-05
-8,69828509362487E-05
0,000232470746133191
0,0020354501858041
0,0069705281998483
-0,00035630145331769
0,00156607455618329
0,000909865349372963
0,0019158422357738
-0,00309652491443071
-0,00380438809471763
-0,00993306018334002
0,00366855661912885
-0,0159015381191361
0,000297429040367364
-0,00513776593532824
0,0132960709925898
0,0175626742700522
0,0198240266988385
0,0112177989306771
-0,0286829227833018
0,0128768249447996
-0,00411534111240209
-0,00237532498092086
0,00477991172281069
0,00551542435205496
-0,000575819896281534
0,00108102067580417
-0,00822222287870873
-0,0141086269065575
-0,0111908287026275
-0,00450550836332891
0,00261792544627602
0,0019649055423349
0,00599404243113803
-0,0151928752858776
1,12810835077834E-05
0,00724166025688314
-0,00916295027060949
-0,00480553481569694
0,00420488118573226
0,000395604236169541
0,00614575967561064
0,00255720028811204
-0,00206980830835041
-5,32807442441554E-05
-0,00422157829281144
-0,00778918258578604
-0,00351254373369657
0,00101047994505721
-0,00111479875759159
-0,00292478864097177
0,00610110403843553
-0,00993088153801461
0,0324493303068962
-0,00757910901100795
0,00269244229090704
-0,000442877608942972
0,000173258090247045
9,58576606858295E-09
1,27824562808155E-05
-0,992873506296796
-0,00412346455684097
-0,0223509939712424
0,00175380766788947
-0,00751417849728054
-0,00314720381019969
0,00873786030227638
0,0027771316963694
-0,0630495651243903
-0,00734956315642029
0,000347750631969916
0,000373349660677479
0,0116468058115347
0,0160920972760188
-0,00725193343263296
0,000262781285342636
-0,0128891291620578
0,00688717213921877
-0,00502099900088098
0,000544282455059845
-0,00875825368615941
-0,00455887545863193
0,00982224938607331
-0,0243666258565483
-0,0203653020154469
-0,00451948996761941
0,0357096419818752
-0,0181141461218384
0,000244636617039655
-0,0142556244882171
0,0120302592015545
0,0164443952306033
0,0457241178749647
-0,00166737907113081
0,00111135102027461
0,00859895115176759
0,0149178491428291
0,0113196996011496
0,0126178990085911
0,00466858386097153
-0,00619864781911798
-0,0114011266384427
-0,00237855300231691
0,00732062754186753
-0,00660374558467484
0,00558870424792518
-0,000120957436827463
-0,0032105954717186
-0,00909335083396268
-0,00683334370522063
-0,0344287158010787
-0,020087078941663
-0,0128444766006312
0,010113578364565
0,0165372812387288
0,000333165878578432
0,00209650209108722
0,00212778977941875
0,00890204086998499
-0,00335259011049602
0,000158479544518068
-6,73320115843575E-05
0,00497091615828329
0,00231524564971088
-0,00261573850175309
0,991294431365671
-0,0072506270899745
0,00236352040745799
-0,000293156318672057
0,000832234130156739
0,00226569192666822
0,00135392251447368
-0,00843411493327917
0,0070858897674043
-0,0522744187090138
0,0752347029602778
-0,0147161391405757
0,00918950007783935
-0,0164092283344067
0,0123664570298383
-0,0268440263452793
-0,000869533724452502
-0,0176120819027782
0,00378863807745431
-0,0108822563493121
-1,80174762142601E-05
-0,000745647134041773
0,00232983524326592
-0,00373445964123615
-0,000434756348415592
-0,00263168783407459
0,00724964927739531
0,00023445557599412
0,00460960067389191
-0,0025790874552827
0,00766063757016041
-0,00698469919280407
0,000692603850365683
-0,00973195442527121
0,00658597499981855
0,00110082478765482
0,00838656282272918
-0,0109206560224887
0,000380734632617948
-0,00795085738640658
0,00173555465579034
-0,00572275838060722
0,0122959984465821
-0,00699392274175366
0,00246134570614896
-0,00326541665376588
0,0160958707638958
-0,0012768079697272
-0,00727130353172118
-0,0128673205031452
0,00517876623957547
-0,0130638127062843
0,00672074994786372
-0,00107279514187341
0,00927022398364385
-0,0205864201091423
0,0657789163030728
-0,0196114769027337
0,0050459558665877
-0,000832903249700357
0,000346560696401244
5,22825730189516E-09
2,79933814971363E-05
-0,00951482930036068
0,0047609312936906
0,981613718883884
0,000552523145036463
9,47789118567936E-05
0,000535892195148227
0,0193899003705274
0,011916641303366
-0,12996375411517
-0,0176057982529403
-0,00264902400970367
0,000455977143398022
0,0274812212075876
0,00511416400420388
-0,00322942988708231
-0,0258257194383668
-0,0634634715072204
0,00280397453316538
-0,0215629736539206
0,00749649770648366
0,0281676616986518
0,0241557736201321
0,00487547626371434
-0,00615052306387032
0,00247485115931929
0,00310752285013844
0,0302437261812594
-0,0375348569692622
-0,0355664754315947
0,00455495767353857
-0,0263167096988794
0,0623915883328565
0,0241320002976776
0,0353301647157496
0,00426046568089355
-0,00794508157915466
-0,0137491296631028
0,00130854869857568
0,00662962253541551
0,0014743520487231
-0,00954139008607512
0,00904098746351419
0,0164476360406427
0,00947471534046563
-0,00434829174304508
-0,0009358636773633
-0,00737241344667614
0,00144428893887601
0,00396226795083496
0,000227012916770195
0,0106242395265804
0,00325305848635849
-0,0035975369654894
0,00155239602927279
0,000422268440942649
0,000925236082751517
-0,00127479316222756
-0,00157182265122176
-0,00354908713085791
0,000636588235878824
2,03962241834012E-05
3,06127134330287E-06
6,57070522046872E-11
3,70894923218404E-06
-0,000751988080117511
0,00139383231000296
0,000461250103194258
-0,995744905454257
-0,00577203361499924
0,00200925892776336
0,000235582053146278
0,0327576868825814
0,00162100093362148
0,00196295324858986
-0,00923567347280981
0,0145098147187974
-0,000974915338072259
0,00276869050562432
0,000641339977300368
-0,000334281172640675
0,00204964737557682
-0,000206989461041211
1,35928339922929E-05
0,000664269472831854
-0,00249957002174724
-0,00140411880217154
0,0013866433472671
-0,00655622849548356
-0,0147232506812228
0,00572230348342364
-0,00120155409249723
-0,00464119668480367
0,00324072077215809
-0,00214168540701987
-0,00287216054007914
-0,00049498427128593
0,00602790082350367
-0,00487017010317503
0,033390798344742
-0,0377746286926812
0,028557426208418
0,00229962377016104
-0,0130241043626914
0,0190913195550796
-0,009227932533383
-0,000807889166495715
0,0020737705220864
0,000329987232675484
0,00384057489574183
-0,000252521244282933
0,00240270804761642
-0,0121186537833753
0,00372507402015955
0,00347604064720614
0,000461569057176074
-0,00267866107130392
-0,00195659014385395
0,00504330359770939
-0,00136576601137991
0,0203281993358764
0,0415197510618206
0,00575981255635109
-0,00981452974824357
0,00154980542459719
-0,0124635869781769
0,00319120040842569
6,63134723520568E-10
5,41921950581945E-07
-0,00171550729216214
4,48655810032609E-06
-0,000116734090338624
-0,00239289825522463
0,916946442500024
0,380115270658179
-3,89756905064171E-05
-0,00280714185236863
0,000606239013258869
-0,000580646219100384
-0,000110506661022668
-1,17843986717057E-05
-0,00458306044673864
-0,002772398764353
-0,00320020414971266
0,00135385322285225
0,000406010807680394
-0,00245445716196673
0,00153992531868117
0,00209471387617533
-0,00154110307777029
0,00197632420558317
0,00834920741416468
-0,0354849985370288
-0,0706971045222428
0,0165797206378778
0,00223317381624733
-0,0189066405072723
0,0127278800223019
-0,0201869166257617
-0,0014236253626346
-0,0127958795704837
0,0332615584134559
-0,0120693814344456
0,00265193069807843
-0,00318473667747161
-0,007441455946732
-0,0040243588600163
0,00803563019834471
0,0202986685306804
-0,00288830234126576
-0,00403606127403265
-0,0119321799718002
0,0129266654360621
-0,0020277039096245
0,00793070093998658
-0,0051054089080521
-0,00548701873347536
-0,00780904898323951
-0,0235681556189898
0,00687120863123267
-0,0399390219589751
-0,0126612746276122
0,0272733394675371
0,0370411013837744
-0,00859132515996959
0,00440485984026869
0,00440810453142593
0,00429010681833668
-0,00199427057641901
0,000327374860891702
-6,52216099805867E-05
6,62298417181777E-10
1,69090713607539E-06
-5,02560401991093E-05
4,54952184804789E-05
1,80945465078233E-06
-0,00149864906838925
0,36990179073149
-0,890906692401787
0,00851986202092619
0,0247608681403223
-0,0138694144170088
0,0334110062565754
0,0140075425114099
0,0257272146716706
-0,00419011707527958
0,0266617904431815
-0,0396213278731762
0,0171486214343082
0,0326792408750962
0,0134478624192495
0,0280943358418938
0,0492134433499011
-0,018256783210055
0,0168767082407294
-0,0121329150450099
-0,0489865412837245
-0,0675968316663769
0,0513559339616944
-0,0418052079421066
-0,00977042505307712
-0,0274177225556085
0,038206829989067
-0,0578949259472614
0,0115620774004842
-0,0511056231498015
0,0399918299329475
-0,0156106108407502
0,00178677993123003
0,0917592206307004
0,0211642400802494
0,0503107099912946
-0,0566479354147756
0,0236583997953951
-0,0234838544524827
0,0366814049568885
-0,057675245692574
0,0133169183358121
-0,0314559396949899
-0,0188299055647567
0,00157006932757501
-0,0360734424487207
0,0472982931973333
0,011159033945562
-0,0291304640389963
-0,0241453838676606
-0,0203525144847076
-0,0370744588324709
0,0727860576934676
-0,0306127096307087
-0,00877621131442234
0,044535661611122
-0,00920912459845814
0,00150979481718282
-0,000573161844861199
4,31599067153354E-05
0,00124062620532026
-0,000170291837034381
-3,03156137262296E-06
0,000717150064885734
-6,47366616221388E-06
0,000553721025308115
-0,00252068040457885
-0,913604695157883
0,0073209378410036
-0,187616735556452
0,0431528084183056
0,0123243670681799
0,0493239060967054
-0,0614952539251974
-0,143509775451699
-0,0753103410186224
-0,0621833240496274
0,054007796045339
-0,190451623793372
0,143729305218331
0,0509376449858427
-0,00523070805728174
0,0167348733628352
0,00438768380397026
0,0116622541429453
-0,0207389264419289
-0,0279450132172699
0,0363725990979095
0,0714557580447056
-0,0260005785400441
0,0097750415681562
0,00166269766211439
0,0567491227416504
0,00528680315879903
-0,0750940409046953
-0,0281794130007806
-0,0437575013073435
-0,0270495257913001
0,0407958062327667
-0,00408902319249794
-0,0286241928621099
-0,0128702714166167
-0,0241734021698654
0,00139190766055026
-0,0236268255253585
-0,00109081472210812
-0,00133565354302789
0,0460632438503303
0,00016720501517242
0,000391967938563186
-0,00178655158440545
0,00265886255464672
0,017503914886172
-0,0341917594097131
0,00709778184271774
0,0128670455653234
-0,0139107301863082
0,00941822948918273
-0,00476032344466355
0,00558095256567271
-0,00908251011456769
3,31836741433465E-05
-3,1705111673604E-05
1,93739419775102E-11
0,000330930503603167
-2,0624847711891E-05
0,000180111501485575
0,000982282397559059
-0,0336245930049461
0,00299117502981308
-0,0142535095138529
-0,001353565827277
-0,974681398945935
-0,0463618842893051
-0,00434355303826256
0,00731353927490771
-0,00883366539122996
0,00738952984908071
0,0246049964957831
-0,0180437013118704
0,0209364039414794
-0,069518234518131
-0,023864727353791
-0,000249074222060321
0,041225878790532
0,0671156134085428
0,0349088978791997
0,0205620620251261
-0,0382032507110812
0,0286093375379777
0,0130140689461231
-0,015465750841627
0,00852701752071616
0,00561876698848475
-0,0031075227910084
-0,0101052956854346
-0,0162640069908907
-0,0121595838705726
-0,00878975441209319
-0,0183867170668128
0,00173165340425613
0,00875578360165234
0,0100539698721146
0,0212530820344653
0,0196342976639115
0,0312314866470893
-0,00749855433652834
-0,00410439336286103
-0,0176909768610663
-0,0315533184840088
0,018958377764542
0,00224114447137597
0,0278850363331571
0,0205902548748231
-0,0282889134878938
0,0334999842248872
-0,0274145721072716
-0,0127617106150385
-0,0685642655180724
-0,0232103267201626
0,00835754173253985
0,0247576915455693
0,0469774057770929
0,106505601863015
-0,0263833930263479
-0,00130804089475896
3,14833891724022E-05
1,43122914655486E-07
9,56657170401898E-06
-0,0602532144461675
0,00612373157661817
0,126413896128789
0,000210553851094117
-0,000225640037903861
-0,00227707383882296
-0,105629233908493
-0,0289546765332686
0,869522373801333
0,131180792157835
0,0526250277291745
-0,00859923619266188
-0,107996487187411
0,0669059115388454
-0,143691811920598
0,132866434380163
0,0202450483934778
-0,207004556589532
0,116809447616449
0,0953693116698897
0,0570548601258823
-0,0620790390335748
0,0105768217094784
0,00673638586898121
0,00448505138877041
-0,0208686842154723
-0,0186375125796541
0,0593583441477658
0,123185019706088
0,0280218332713866
0,0084777630354702
0,104873979152299
0,0765317822271382
0,0964850990372788
0,0128280464399993
0,0221840395595544
0,00344835923679096
-0,00661109484188069
-0,0495735522476665
-0,00775726927257544
0,0101265017679893
0,0520646575501433
-0,0847067670051632
-0,0563693791263024
0,0216898674429778
-0,0170625260733806
0,0202912927824193
-0,00256448191072147
0,00471927224749878
-0,0104373682315841
0,00729529856000042
0,00596016889130509
-0,00599315614334111
0,00956378122395909
0,0037905539571693
-0,00633293206910546
0,00176620847866639
0,00400967209706129
0,00130231620909273
-0,000696676275226759
0,000174549817791676
-4,13528724575915E-05
5,91589718947623E-13
2,15659034608231E-07
-1,1714513199609E-07
4,95878981371151E-05
1,86039742070319E-08
-1,51286867539711E-05
0,000182776129969502
-0,000917866337159617
-0,00548886640484526
0,000217790239987795
0,0338808709948551
-0,41130327493329
0,636306547542518
0,520003963290106
-0,1833705399033
0,058668464779855
0,171266396112393
-0,0285836985883629
-0,06071334693148
0,00416564626378044
-0,00821388973036175
0,0107207578209029
-0,0110099375767984
-0,0297651734377087
0,0263583264035017
0,0056127726359544
0,00521009256809901
0,00101865119023221
-0,00509764979347267
-0,00672733647355036
-0,00185485634976963
0,00250483079426188
-0,000205040501858975
-0,00886488782704653
0,00974758833978297
0,00471133198300925
-0,00573007500101503
0,0595681657260196
-0,0598902767554277
-0,00756745958019161
0,031146251696362
0,00392644831104973
0,00366906685799648
-0,0205093193297923
0,0024317106162732
-0,0535858516865614
-0,0402302750265898
0,0282758032243433
0,00268805199777705
-0,234314918608037
0,092301996200508
0,0477271917725142
0,00565398200975103
-0,018841562049372
-0,0180853954298326
-0,0283584333100847
0,000371977471758931
0,00653818507446108
-0,00238272480842736
0,00199865072553187
-0,000773588519609049
0,000467444348141911
0,000328319718832909
-8,47858590457972E-05
7,39232517169176E-09
3,62503518788732E-05
-8,43162129027272E-06
1,69434701330143E-05
5,17306845302997E-05
-0,000114774898329359
0,00321768749334423
-0,0106528293892095
-0,0341016520341775
-0,000579555121416506
0,0965448712029946
-0,776290675878311
-0,251734497926979
-0,0544430108971046
0,249949731462382
-0,0404593438030457
-0,303910609618802
0,09054829567497
0,138263442722214
-0,0455030108489331
-0,00911221229483181
-0,0399292166151765
0,0470471680792607
0,113280894773439
-0,148291323837936
-0,00836497814262285
0,000187200785757405
-0,0337496052917148
0,00716574473353512
-0,0219498371349307
0,0447585623335564
-0,0433168790863543
-0,00139357504970936
0,04000166611848
7,8515672693368E-05
-0,035111205231196
-0,163609515149613
-0,0900619357855082
0,113714322714302
-0,142578184458881
0,0251538881159983
-0,0498208761669382
0,00952095025986068
0,0190427591381485
-0,00362890592618745
0,0687424883720455
0,0345589916435259
0,0271461028265249
0,064335521277682
0,000865007953392226
-0,0259837646391148
0,041557273915163
0,0413523202731785
-0,0199015210847493
-0,0125836291649609
0,0035465239344099
-0,000972305375052289
-0,00728121572499852
0,00805142994973503
0,00152615639300481
-0,00876070305020693
0,00144011041364357
-0,00203927387148501
0,000638587567448351
2,41566698102929E-06
0,000243449073484534
-0,000164601307978862
0,0943860729265544
-0,00100015676289608
-0,00938155748668678
0,000919408073030921
-0,003623076195388
-0,00589721028344842
0,00670197609138498
-0,0178199813815185
-0,0713025666531214
0,552204369219678
-0,77014546207094
0,0538880732785064
-0,104300347069319
-0,0842100027296464
-0,0405970791301517
0,0441632077931835
0,0453116691326047
0,0525430103244042
-0,00675196735764865
-0,00450875898324344
0,0236508236583029
0,0191402599131641
-0,0151227858235185
-0,0183471626556582
0,0185210859167046
0,00711086032894972
0,0260036495196896
-0,0160002282267553
0,0052163303526092
0,00160622910662666
0,00737781154004231
-0,0212368425234259
0,003227600849877
0,0329380672915156
-0,045646871530596
0,0347618498326115
0,010247129195893
-0,0134982529944345
0,00215771341509096
-0,000531228372886381
0,00137312976209371
-0,00112616529246168
-0,00804860773570729
-0,0129735024012226
0,0179569810365182
0,0113500675250854
-0,194672285590417
0,0786918099153804
0,050829647090149
0,00787031032748757
-0,0269987916186719
-0,024538104247145
-0,0355168295825983
0,000885534206531816
0,00624860146983875
-0,000800454505426766
0,00299080476000929
-0,0021115611431935
0,00055054024289662
4,02508316192117E-05
9,2711282328512E-06
1,40005783357549E-09
3,96060658470029E-05
-5,86819153708283E-07
-1,50097227132148E-06
1,31249851555168E-05
-5,08033826925132E-07
0,000201802712613668
-0,0010177707841233
-0,0106390993041903
0,000311920037650947
0,00545969087561594
-0,115682921221735
-0,155506362630254
-0,178665670836893
-0,555932009472353
0,38743748272075
0,124270457505666
-0,414033845202433
-0,0891481046575758
0,0837556109610888
0,15890442557786
0,184763319086975
-0,114775545227418
0,169078300520431
-0,315818105603927
-0,0497644941328871
0,0172986137679313
-0,0527027042940741
0,0308113856456872
-0,0211401851508138
0,0730845106960318
-0,0483134705682583
0,0352302681777947
0,044533458723065
-0,00559782310829143
-0,0596220891600517
-0,0727865857373936
-0,00782668574348487
0,0826796203993345
-0,116441286574607
-0,00281165513620841
-0,0413046786267
0,000721723563683795
0,0560372513388782
0,00346415116535532
0,0685954534485062
0,0332938569024771
0,00892673739102115
-0,00127047641723316
-0,0167386644580157
0,0406809407774997
-0,086351640644659
0,00362784687202804
0,0242080016152736
0,00194618620028323
-0,0104891674444063
-0,0138024373301719
0,0114700121734955
0,00518483052329368
-0,00849159714330038
-0,00125628177166481
0,000569544066295026
-0,00171655678935974
0,000314490549921064
4,31217025095921E-05
0,00118471399216287
-0,000275382851855849
9,06673363973811E-05
0,0316118169251301
-0,000106897186710958
0,000114944202849032
-0,000576198070863197
-0,0719025253178854
0,00356197647005415
-0,0562397878713302
-0,0608397234510173
-0,0688579258986785
-0,103193525215643
-0,241283365991632
0,00390902222691369
0,347328562101897
0,78275192932973
-0,00949519249616838
0,246346058599758
0,201983137763302
0,0141591028139935
-0,0659867880387864
0,0528615061259514
-0,0595258327302193
0,0136836025013964
0,021291345323679
0,0750388876287424
0,0606992854090496
0,0734823785625332
0,0162581933342126
0,0139171047583535
0,0921261335801756
0,00390819825893599
0,0303490681724371
-0,0811072649610372
-0,057905224210105
-0,0206160607854652
0,0120834759157172
-0,0688295989862852
-0,0194294662938727
0,0172422025092697
0,00967611663576536
0,0281286476542863
-0,00845888841232353
0,0460209307924307
0,0784916947029779
-0,0575106672972763
0,0343066229600782
0,00700817182891311
0,000396433183311554
0,0679958052818504
-0,0169030924367986
-0,0609281371908428
-0,0281990444396752
-0,0535774755796854
0,0058444261849052
0,00340384648916487
0,014015569474779
0,00739610984249728
-0,00216637347218243
0,000277862363394415
-0,00375662362107544
0,00103364897555659
7,11474767249708E-05
3,01061453489818E-05
-0,000763995571787245
7,20886090890186E-05
0,003687332281609
3,11174755487056E-06
0,00149841676333695
-0,00217558614120735
-0,319405048396323
-0,00368025498236563
0,188448884679679
0,0464825918675273
0,0360658182832442
0,00287464507832525
0,29023678813742
0,329336158986412
0,0483763699735139
-0,0602836902845653
-0,189445837120938
0,538652145271735
-0,301815339247628
-0,131736533103985
-0,108642056143078
0,214975134370784
0,0478240052267918
0,0164299111841402
0,00357099890936805
0,0178614476691665
-0,0331332080345486
-0,0042552883135551
-0,0576496344133756
0,0576208576660271
0,0946133657858149
-0,184960469163618
0,0767090336138839
0,219734269265738
-0,0208094158331201
-0,028100691758031
0,0367917277035272
-0,0815747199631864
0,0332694107217374
0,0608246971295724
0,108852703319427
-0,0177147030060698
-0,0441618538395173
0,0768130311618752
0,0352975398470582
-0,0067376702914493
-0,0344023310285904
-0,061956964979069
-0,128762426026672
-0,0111144677813836
0,041151517206817
0,00586759979260257
0,00861604331603736
-0,0216798069582101
-0,0186052093781555
-0,0098159342082732
0,00394806911086774
-0,000385321432976148
-0,00130861278171134
0,00335985557326389
-0,000379573373836196
0,000124296751597572
5,15114659248517E-07
0,000285166996621447
-0,00199223024488321
0,0198927485660581
0,0859726616633261
-0,000205224589644498
0,00011736627841438
-0,000646502951091206
-0,0089203995347757
-0,0696850409749176
0,125298172933594
0,019143915248805
-0,0245328398578039
0,0437832444041782
-0,0662254228010787
-0,151123610211434
0,133445553548961
-0,152122233631014
0,657125912854639
0,20000412698637
-0,000396500529859305
-0,181788868132876
-0,254197541608518
-0,0580408138953039
0,0976022122462922
-0,400042672361378
0,213854968445693
-0,108817069985225
0,0615657428960158
0,0271535169240273
0,0433788608675169
0,0209430566691182
0,109138433557633
-0,132448149406175
-0,0139282319570071
-0,116823467984825
-0,0158967521640356
0,0281675572064462
0,0697300257465333
0,0281876020652478
0,0408314963566775
0,00174825057437958
-0,00592814488936344
-0,0795733334881092
-0,0237352717706891
0,029574395163828
-0,0280777641356782
0,0208103911252296
0,0136653013047456
-0,0137658127305844
-0,0361829884693223
0,0177309802073446
-0,167029885513741
-0,0105578971222198
-0,0229051292022588
-0,0151887704269061
-0,00308349172656179
0,00903497935406391
0,0110265697313983
-0,0213508708264215
0,03744302188668
-0,012304472825694
0,00026744635530152
-0,000260811449247923
2,94991021001867E-09
0,000295424654754452
-2,08526717292936E-06
0,0016148757084054
-1,66232100417486E-05
2,9545618338265E-06
0,00161074653670524
-0,0029853553780699
-0,00645907966472818
0,000261780538706693
0,0100885600697529
-0,0206168662407655
-0,00964122677286931
-0,0350043675277379
0,301314517732297
0,232615302469356
0,388796659055334
-0,0832915276136782
0,0732104141019278
-0,238608681783395
0,39691816766084
-0,116148379661491
0,179698465301714
-0,142437193248805
-0,0412579544484546
-0,00688532122800063
0,00437261436447183
-0,00974732137487017
0,0616286888536319
-0,104945388591117
-0,0887112149078383
0,0308871909147135
0,0342217239797022
-0,130641825558407
0,00210811322093606
0,0792844505800051
0,0763487304611392
-0,138049286609456
-0,0523852070147553
-0,0433229117060924
0,160995902355123
-0,213633941926178
0,216401038509033
0,0647103446104858
-0,119581610227485
0,166243620913986
-0,00797030837204576
0,0350716134709198
-0,101144887025514
-0,0603372627279407
-0,130641125280046
0,00577742924466102
-0,0218476012257782
0,00677235307224459
-0,0605605514347575
0,00390474748348692
-0,0362148312178035
0,0770936300411242
-0,0489507712543325
0,328233318901041
-0,102231661803983
0,0284318667580155
-0,00440423565539308
0,00183045099470962
2,33236627324724E-09
4,312482004757E-07
-0,00136205895014732
0,000398586387671547
0,00250977142569636
-0,000193190896949839
0,00448324685017344
-0,0158683563799978
-0,0192722812453643
-0,0105043591264101
0,202895202859494
-0,104244807892263
-0,116986867010488
-0,0664942475992357
-0,02084225809781
-0,524250220887849
0,358433069396604
-0,189670135464302
-0,42434093214301
-0,0326414990424043
-0,0443428014757369
-0,219523448287203
-0,0769086007574546
0,0389141307964065
-0,103090417983721
-0,037940178209485
-0,0411021360440524
0,0932807312124782
0,0360198538212666
-0,0613290879057851
-0,0217084969046212
0,0610191608672553
0,0993549510123579
0,0256963597254537
0,0588194930336521
-0,0393825090293308
-0,00520284913912849
0,0969573092695615
0,264974993608719
0,0561687434491077
0,182221245133445
-0,047503375209953
0,00797874505455068
-0,186996488332552
0,0496149132459202
-0,130418836795107
0,0231248078391084
-0,0507893056941944
0,0242268282201359
0,0349011804484982
0,000435466765901572
0,0729154209106788
-0,066407256551058
0,0123711311336527
0,0085221661366954
-0,0172379221866858
0,0498468181310042
-0,0690203587255163
0,0203116752156546
0,0883510781886681
-0,000463754370490138
-0,00275683301056284
-0,00182037670892603
0,00065847455322353
2,38120564714707E-13
1,20714195536865E-05
-4,50261775960418E-08
2,00538826001121E-05
7,10894349785819E-06
-4,41298075808889E-06
0,000370071777554581
-0,00157309263771359
-0,00263962018851796
0,000282184742706269
-0,000554802630319995
-0,00747699351948809
0,00199177114373069
-0,0462342100625379
0,0305493801097033
0,0817813483274711
0,190999833371657
0,0694135062230942
0,091955079226583
-0,373542743872681
-0,437179525900828
0,134763730751989
-0,245059042223819
0,285194498162381
-0,00894441423690715
-0,0137041887226275
-0,0747305897006762
-0,0379840518054974
0,0344076586971261
0,174861952469971
-0,0882699143368762
-0,00119290713563602
0,0243604389023807
0,0606940247055244
0,00700109087558764
-0,0667698283455392
0,0587676642512611
-0,0367443045920878
0,00537887900048811
0,0108527882195355
-0,0358635267008551
-0,188128858942283
0,187278958705248
0,122070720507729
-0,133568544322832
0,0719026116228303
-0,184968530509581
-0,126814026502774
-0,261903299794095
0,0552492734637608
0,119438642997935
0,229932512124894
-0,056751979108762
-0,173943761762223
0,193684645018083
-0,0091852367562377
0,0566001967791178
-0,0827128773657639
0,0953034857741358
-0,00283455638666646
0,00650724201727767
0,0250414228221349
0,00112995543410002
-4,72191567365089E-05
1,16766414944244E-10
0,05536101044019
-0,000243755407019974
-7,67459224864969E-05
0,00253997343356386
-0,000774714834492037
0,000244399552809627
-0,000817041250783708
0,000866511446802215
-0,120374561629016
0,0110406673325723
0,00460316270181305
0,000366092118698434
0,0108065101472942
-0,00644815193620333
-0,0328702335520901
0,0232593066095371
-0,0520819417969005
0,243500554358417
0,0791706193405154
0,0171508951624574
-0,19772687222357
-0,4242873382709
-0,250725628114924
-0,219394678310676
0,491332634489177
-0,257295946904551
0,0753964784106651
0,0297770608247159
-0,03409246843969
-0,0707045306171895
0,050339574101007
-0,0476697942990643
0,209249877808855
0,142180744268782
0,215730927604117
0,0085751202329357
-0,0596996743074617
-0,0424912068974185
-0,0285050300713381
0,136900286164371
0,0167341783121251
-0,168720393435658
0,179488969872944
0,0503782906624516
0,0265428172466046
-0,0585478240530879
-0,0419300063348021
-0,089034024398961
0,029541277645047
0,0503847528130269
0,0599702465146811
0,0261188955495343
0,084770711895145
-0,147059857054025
0,0510503212086143
0,045196991063275
-0,0288798249444875
0,00548275125670129
-0,0284935659632332
-0,0310810623182073
-0,0058359337897372
0,00101935450240009
-0,000202134230318811
3,50160147475266E-09
0,00461674345935802
-1,92522338597789E-06
-6,70639880146685E-05
0,00029018700029338
-1,23077002139729E-05
0,00250053382805954
-0,00884195354187924
-0,0443088508028872
0,00135350719381581
0,0130786730459295
-0,258484797277834
-0,200184603316372
-0,176578505992749
-0,335647569043694
0,229229294042755
0,046690362459164
-0,0613049420074137
0,00428203329796077
-0,0342585501201236
-0,12367090245368
-0,21717715566051
0,136972236687645
-0,246924697409072
0,519976817358995
0,0941433507308169
-0,0339944544619858
0,0767389135439163
-0,07239791225766
0,0510179583223679
-0,11752563618277
0,0821175892477556
-0,0339722658307336
-0,013846856706069
0,00697354360340881
0,0700177261626086
-0,0237881433917382
-0,135067816789966
-0,158401138915038
0,192810311912236
0,0223495871664263
0,0741932726174295
0,0102797660972267
-0,182643042788544
-0,00100068636838512
-0,19536941920674
-0,0310268536349793
-0,113653179248157
-0,060329956808106
0,0264977093863193
-0,0819800018364971
0,178234722880388
-0,0193932634258515
-0,0640492154218986
-0,00477399201569466
0,0288092243789814
0,0388003178592469
-0,0330107976118319
-0,014054472265527
0,0244796241172671
0,00273157098575973
-0,00152506528125474
0,00470238322266759
-0,00101070347436877
5,04515989290616E-09
5,15268770228992E-07
-0,000881356246829884
0,000143295682649097
0,0040582202495179
5,82106788106447E-06
7,72598089956973E-05
-0,000311348633731684
-0,0393199247752528
-0,00603979477951206
0,191869138194822
0,034113099610422
0,0214768436621037
-0,0023017661732432
0,0231150461695582
0,103348004264782
-0,0517056325654894
0,0482179508418932
-0,04293071708707
0,0685310693359126
-0,0462128471694615
0,0104107346002777
-0,0236602314118922
0,0436588311481507
0,0310588048535452
0,0942633585829387
-0,0194609758853787
-0,0365006692456949
0,399308742252338
-0,380312521749922
-0,408209612631798
-0,119463021996902
-0,160829204659693
-0,13443313501583
-0,272966701364523
-0,450473751793069
-0,0381452284819965
-0,0572973833650715
-0,0322581744918219
0,105397573855716
0,156650190103434
-0,0354271234345958
-0,209220889699574
0,07333419744968
0,0348494365199007
-0,0505238587660778
-0,0194811265926083
0,0499019260021661
-0,0168075483729793
0,0571381420611335
0,0999162556057463
0,0262292852378345
-0,0375930837725231
-0,00483735901859338
-0,00786334909644343
0,0095271758855796
0,00696247983339478
0,0136772192573243
-0,00417821698815145
-0,00207099205303043
0,00528606180826857
-0,00129196145669136
0,000209174670815408
-8,76509064760235E-05
5,18025706426879E-10
8,56403314591893E-07
-0,0544861850539727
-0,000205803837481672
-0,00124478669823495
-0,0186735703588907
0,108046579873656
0,0527848607865468
0,000336550713542984
0,00272329004873476
-0,00298467292722508
-0,000936051395301846
0,000433882461579504
-0,00419177549667874
-0,00352483755556762
-0,010917517846558
0,00901220141361236
-0,00397547792765563
-0,00683162113375718
-0,00758910197969014
-0,0276145720722643
-0,0171844484872447
0,0227184052911837
-0,0136179925297485
-0,0691231036080435
0,275410144837341
0,557264270488521
-0,138209063693094
0,00354688702313586
0,145948801812594
-0,123613179839533
0,163685344865117
0,0220912425153259
0,0577141287377018
-0,268538930148766
0,135139909478526
-0,0431330399686482
0,0163071469061739
0,0745940590704543
0,0187760921241682
-0,0448653274817208
-0,145436077321932
0,0260211462627704
0,0465690218166664
0,0930140229004488
-0,0903454351081768
0,0206654747102315
-0,0682335230129302
0,0231986091933318
0,0347381360437388
0,0357301878941838
0,2088330829437
-0,0489548641601777
0,352003521799732
0,0994353312938212
-0,241247249983708
-0,326038884204722
0,069064460921511
-0,0340313572639253
-0,038910784156551
-0,0353169218452841
0,0162576273700417
-0,00290847751643768
0,00058236399666937
1,62247140299183E-07
4,19706391803789E-05
-0,000488031405737919
0,00641112715952706
0,000727250044794502
2,08468098962933E-05
7,58807664230096E-05
-0,000420075266582258
-0,00337545055442918
-0,00483154734763864
0,0263430563546585
-0,00797425987487538
-0,0255742530245626
0,00779064751980945
-0,0061833946348063
-0,122910643483007
0,159455887823588
-0,0947226488011007
0,260324144128765
0,192031868486383
-0,0953714465514915
0,346204075003688
0,414693237577279
0,103616603290983
0,0823184979157291
0,291445443163236
-0,211518801871335
-0,026010159704951
0,222901364602525
0,099692885896127
0,0427656297942968
0,00203571304694474
0,0936452079551807
0,107873078055567
-0,161715238983315
0,13349947547862
0,120725218165327
0,0649215850452854
0,0670956474085368
-0,197740552804496
0,169026108422704
0,0531188770487242
-0,047195299268618
-0,274887405534365
-0,211714074602136
0,058088827672416
-0,0660356988052417
-0,00470258242203477
0,0822382756147991
0,0743298727865788
0,108914935662682
0,0105206437021614
-0,13418498791418
-0,0101428988544313
-0,0280477862329564
0,0237245705392424
-0,015754395185013
0,0330868557045146
-0,0169262508866928
0,00394910393597234
-0,0101013610729436
-0,00335250812853111
-0,000383355603266669
5,93379421663289E-05
8,45660186717933E-10
8,32318255888599E-08
-7,5099541367985E-06
4,01424174226754E-06
3,14903775758639E-05
-3,89758746698095E-06
0,000320926210559197
-0,00135645534290453
-0,0037108621478015
-0,000733799292547086
0,0234963608747872
-0,0641680649361778
-0,0488730925663567
-0,023532633941851
0,0566947956414539
-0,116548826110978
0,0712603233825683
-0,0475126116674416
-0,113337096610181
0,0401374334544177
0,0185147325363373
0,385908260946669
-0,24375702865373
-0,249865036526846
0,130275483613178
-0,0635134229519201
0,095432307206104
0,076263509957731
0,110672998219845
-0,00200854285071028
-0,0849467970143777
-0,0804595086712304
-0,168661227097824
-0,348816947255122
0,149315912566512
0,26448901564097
-0,100780176976915
-0,19198045644609
-0,0792179787417253
-0,168811196532476
-0,184581802817535
-0,234161316816764
0,0346048308269505
-0,0469519288548067
0,0578865708969075
-0,0432400212908129
-0,0359414486533867
-0,0028717130893573
0,222078044062896
0,141408988930831
0,310571710557076
0,00489730293489052
-0,0584815693569217
-0,0864402668958301
-0,083643851028211
0,102758013360378
-0,0454061525734454
0,0195865288037046
-0,0114231858975508
-0,0289315702685522
-0,0123771492695289
-0,00228687751319812
0,000111212123331212
-2,90164294200131E-05
1,61393385387666E-09
0,00176848367813337
-1,16943574523989E-06
-1,23131431800693E-05
0,000311089502425967
-4,60918950724648E-06
0,000287282394033361
-0,00126687860442835
-0,0154133739047743
0,000708060776816086
-0,00451553051988393
-0,028151050591412
-0,0229357394252885
-0,0614778011130162
-0,0548559163812523
0,0805957309445033
0,16197072800204
0,129932685062036
0,0541879650091498
-0,192818876635217
-0,311533867425604
0,0217255820746864
-0,0883434887505528
0,0147334002205367
0,115114131538025
-0,00454074143641359
-0,0177284330301541
0,054535352405674
-0,0718057648998248
-0,0712183172883341
0,081621966073737
-0,116317322859867
0,00925658976361377
0,0532512353804022
-0,177532565572353
0,146446196041446
0,028686364695911
-0,0131214334762113
0,097712254260781
0,267768878065693
0,144866750966974
-0,316172055925475
-0,117207881548708
-0,0568343712705112
0,0140164622076125
0,205014640833472
0,126716324179261
0,192120378328602
0,317264743645201
-0,153723385561815
-0,0723093603677837
-0,370573213367422
0,116988947087639
0,235028807882374
-0,164782754183582
0,0157903937774994
0,00884545872332372
-0,0558913389776323
0,0617896277313654
-0,0721273773512065
0,0287564381689925
-0,0437095915231674
-0,00179279609850628
4,98109619006678E-05
2,70573040292803E-05
0,000129021033075919
-1,6557790684949E-05
0,000695772164377907
0,000103166195691665
-2,8265161911323E-05
0,0187641368569998
-0,0119188272797133
-0,0455065217879579
-0,00023716037323431
0,0501698916735155
-0,0780318680084838
-0,0345944337085497
-0,0309770592719187
0,361398708255116
0,244912101182535
0,245346865066099
-0,0827599826400582
-0,0394580834565805
0,161740806943158
0,126544677430854
-0,0114617215338965
-0,0546236035818845
0,00165065722970689
0,078899188323948
-0,0122446901439742
0,0210281612495466
0,0392970694714065
-0,175245697602925
0,174526586385835
0,251355355831582
-0,0418706819335634
-0,123284259472622
0,356651559676073
-0,0622871843034097
-0,298358029554816
0,114472806623823
0,114595149951692
-0,0954245188289754
0,143691880033487
-0,138636670786831
-0,119160032157466
-0,169955584935796
-0,0345210217823011
0,105988283970808
-0,170422256679744
-0,0789417878252563
-0,0192079898671253
0,114191049353096
0,139359865661034
0,308105215850114
-0,000677553399557476
-0,101235111939125
0,00291956783592108
-0,0440118429580562
0,0557505431611722
0,0504061195938358
0,025454234837614
-0,00860801384680438
-0,00222140003122248
0,00536374349177662
-0,00861162276070433
0,000980746505940444
-0,00034617099022936
7,52653921146238E-10
0,00325142647213261
-9,02973444390143E-08
-4,96136427278461E-05
4,23271904505141E-06
4,44815988295489E-07
6,63967285438887E-05
-0,00032056709523193
-0,0188210405513761
0,00063325663980673
-0,00395189923826328
-0,0180630741664859
-0,0192481580381917
-0,0174320206565263
-0,0464498095801407
0,0226540066986699
0,00145749628273014
-0,0124982693102834
0,0013919611127418
-0,0193997223553808
-0,0184662827152285
-0,0526902178612232
0,0469703136301627
-0,0803738679781778
0,213759215672437
0,0307913342857683
-0,0155057732873933
0,0381005720823519
-0,0717723714856452
0,108708830825897
-0,184397837501512
0,196218082687649
-0,165651472503507
-0,016256501183523
0,162505732421485
-0,170533024468279
0,0922494284325599
0,267168660814704
0,2396187845577
-0,285554118807801
-0,00100208785283585
-0,0641249540534027
-0,0110209536547132
0,158989407943741
0,0119858155418268
0,155780045079156
0,0220422682113727
0,0703946366869947
0,0406134602085248
-0,0149333358218835
0,0417039347353928
-0,105239639493262
0,0127260622156921
0,0599481243425948
-0,0494548919771347
-0,00717487449206683
-0,00715637301232441
0,00943942497828019
0,0298831383542189
-0,032596998155027
0,170732693866322
0,657434704575916
0,0026362925361638
0,00153426435380733
1,64527078255614E-13
1,83552887457544E-08
-6,79941313354522E-07
2,90640640530186E-06
6,98579448454941E-05
-9,18282704907602E-05
4,63134176282035E-05
-0,000200770347191143
-0,000409244168528345
-0,000207949113930684
0,00131348567967669
-0,00533376721100503
-0,0038242171956132
-0,0075662216203678
0,00184153433329998
-0,0166761781444063
0,0233851447363136
0,0144754156174238
-0,0189815725390849
0,0223635432550089
0,0104132706796811
0,0501699062502293
-0,0290604417104377
-0,0333062162315164
0,0355616792416088
0,0126337204628306
-0,100271412537763
-0,508391880972629
-0,20812687466777
-0,071559872314356
-0,0398846820760033
-0,00240001093591323
-0,173536619310799
0,00441824349256413
-0,00286576980642992
0,0307642508706186
-0,0655479240128812
0,0267785927565731
0,0570763169100847
0,204835142073007
0,227201015370424
0,220201356365299
0,311454058026236
0,0810359724355916
-0,00368745600816166
0,0800699028936855
0,137764346286611
-0,0934862378898161
0,166165845889844
0,11708202667828
0,215225710253807
-0,0270711315805025
-0,0682908783293833
-0,13865275557365
-0,149396783964111
-0,305489296324783
0,0921137602865593
-0,00303003098270282
0,0298522164725741
-0,0922823972109979
-0,320118411910964
0,074670255322693
-0,0202104271238249
0,00612009912669593
4,6410638833494E-10
0,000162558464319921
-0,046699812251365
0,000379004386432857
0,106831174326011
0,000140283380894731
-0,000346406653616194
-0,000212684794067265
-0,00145890284544673
-0,00656422304362622
0,0439083120333465
0,00901736787075125
0,00662399203944173
0,00363944718314157
-0,00236342951023606
0,00347108993224251
-0,0319961640111802
-0,0282108230685936
0,0362294324208409
-0,0417018285191721
0,0121013075695885
-0,0292915009380308
-0,0962959232558418
-0,126450012964292
-0,110821988567754
0,345507968956558
-0,188958959701979
0,0765866255620836
-0,316148228934732
0,245275139684771
0,168436630198079
-0,0890060968644271
0,135804748865638
-0,58331789175489
-0,302188105428675
-0,315358604587344
-0,0185760667001141
0,0407414545584461
0,0625059409966224
-0,00524537454249288
-0,039803828699538
-0,010373712182216
0,0767636396492916
-0,0788491608976987
-0,0487922186123161
-0,0538783528783601
0,0436488945203031
0,0094448640128828
0,036632499663868
-0,00368221156876268
-0,0106623493239149
-0,0166527631212724
0,0201177375280406
-0,0255226748019768
0,0567433230079073
-0,0137476847779339
-0,00549322142267826
-0,00844548656994442
0,00197765962276662
0,0258924032812091
0,00368179336116938
0,00397539300314413
-0,000582904991004215
0,000200566241639071
1,95204467817264E-07
4,26697520614044E-05
-0,000366549432511855
0,00742280773809604
0,000689356023737893
2,51639188672159E-05
4,41759688314485E-05
-0,000274051697808479
-0,0018156658656728
-0,00386651885551323
0,0188396314944466
-0,00054815010240654
-0,0154242865514617
0,0104919928048204
-0,0140872808717752
-0,0778704385796495
0,0965327769010824
-0,0596692972457952
0,180284867106746
0,103584128925567
-0,0358449521013273
0,11357603642359
0,217968994618042
0,128804309180892
0,0628077563816749
0,140534977074658
-0,0521689775427274
0,0314443965078671
0,0101907865006976
0,0133872323801918
-0,0387547133328766
-0,242623457985142
-0,00651253186914012
-0,0287248886411643
0,101479479730652
0,0567881262982
-0,0392586688223782
0,012719261949281
0,0690422129113046
0,0655957805173638
-0,125127724188152
-0,0943936521069293
0,163125296950276
0,419233793608622
0,422306219896714
-0,332081493413516
0,164463913840089
0,0758391656702895
0,0134594922212274
-0,0861104987053985
-0,160148329616274
-0,0424982367059626
-0,203682789129737
0,00431970769597412
0,0346689020303136
-0,031629195932487
0,137492755893187
-0,240840182728919
0,0994474671101906
0,173856244635625
0,0327478548876221
-0,0112456083830138
-0,00286844313138586
0,00102752747110461
7,79010496599811E-10
2,96562068079398E-07
-6,51838348933828E-06
6,25414158423598E-06
2,24031014224447E-05
-7,72149578550334E-05
0,00719273127202832
-0,0223460873193197
-0,00207268260608488
0,000473767501389987
0,0140575399802803
-0,0149463596141891
-0,0171480100796557
-0,0104957096249247
0,030081803039591
-0,0485516582323375
0,0715610009737617
-0,0393716572265695
-0,0855729063734553
0,0204671839000985
0,00695373634327436
-0,00133012308510891
-0,0810674091539104
-0,0707986250979992
0,0525256341407358
-0,00614986256413493
0,0799343488564529
0,0288855960800365
0,291486196448601
0,363475619209734
0,24757438107172
-0,351982572309897
-0,56834946548927
-0,0172866537478281
-0,0221835714532564
-0,0172124583555689
-0,0398578203289295
0,0129615726401828
0,00153843378898339
0,0122566563630617
0,1481925332117
0,185478871433005
-0,0246638441105466
0,00763840091791481
-0,101006854869469
0,124973575091253
0,0704697717670586
-0,0254138293224147
-0,139156387062514
-0,110853652795413
-0,236408413239124
0,0330547461781711
0,0434339953038931
0,0345773684296221
0,0319488845083818
-0,0414084051378297
-0,160566296040747
-0,135170229397619
0,0394460100323184
0,0104749233651496
-0,0460861511966529
0,0156934352852832
-0,00204573512076339
0,00076487765551494
8,37144116976497E-11
3,86901870699268E-05
-0,000337355466450464
0,000582027194709817
-2,70973847990337E-06
-0,0096102519348008
0,0690592527943035
-0,158568975279316
-0,00298549915357645
0,00609104836211769
-0,000889174304610686
0,00300440848303424
0,0264421194263603
-0,0417466686756924
-0,00501389310690111
-0,0152658714456381
0,0227383518812965
-0,00104319986451345
0,0273666827746729
-0,015607106402082
-0,0722893586742367
0,0129402670887321
0,065540075846837
-0,0101246333340389
-0,0933256632233735
0,246589399841407
0,446122427674862
-0,0652154793157793
-0,14165227180069
-0,129741072476063
-0,00805350126299357
-0,0126673187438139
-0,00032134092036834
-0,0450428629845991
0,289321683174571
-0,140908373692001
0,00677216995926645
-0,0210235764088705
-0,208244389706065
-0,0523359097059383
0,0101390148019759
0,107716000908869
-0,129549163702962
-0,171265679172509
-0,175039162008783
0,161001713369058
-0,015281803120657
0,0296831273165798
0,0559624585242742
0,0196969883681593
0,0651271801047382
-0,113804801605423
-0,0369417450265059
0,00389914346268235
0,0921260796005959
0,0300060724846385
0,237463687885186
-0,457827567520321
0,194174845460818
0,206928715206947
-0,0166510280045979
-0,00632155105711549
-0,0044580673149477
0,00182497007623227
1,27089461852934E-09
0,000132286515649142
-1,11687663761792E-06
0,000712846995376414
-4,65659910894357E-06
-1,64682258324234E-05
0,00733736352445457
-0,022536890693585
-0,00372339968367535
0,00120956599355673
0,00388521951460881
-0,0112113243445328
-0,00205718714335085
-0,0365472923984887
0,165631606212982
0,155305152827935
0,279796083143576
-0,0112083616580928
0,0841030165716254
-0,298385720499905
0,0190775049036182
0,00729609526778859
-0,0198546872743155
0,0647795702481343
-0,0340605089017354
-0,0273121061998499
-0,0621999916537321
-0,0121754164807906
0,0616861165124611
0,0371578398346325
-0,178957908821891
0,0611488183641407
0,0212060651278599
-0,0956555507567553
-0,0780722176147018
0,184557285126091
-0,32112995909027
0,122583738524765
0,199945773075286
0,0223954242371504
-0,328322561275008
0,521036271896044
-0,299886495463234
-0,0629086857340047
0,0646348140647293
-0,0253485844803978
0,0370168588683643
0,0432693463044164
0,0609462196947781
-0,0216078192919692
0,041549418915634
-0,0425071775101047
-0,00167694936048811
0,0141437779350164
0,00463528089189623
-0,0230334361390041
0,0230282651218843
-0,0950086497361238
-0,110007164564024
-0,0133385451518997
0,00821383173912851
-3,23738429223514E-05
-9,5143391088725E-05
1,1258432758537E-05
1,53944640073745E-07
5,19056955627283E-06
-9,59027477412056E-06
0,00541800877852562
-5,49509346599944E-05
1,89199714779046E-05
1,65541694122374E-05
2,89375211830232E-05
5,42719672945833E-05
-0,000590007082814516
-0,00022685339682528
0,00033839063552553
-0,00305487311786223
0,00490861766747816
-0,00100893061435957
0,000579150078718849
-0,000903160752834276
0,000506655498075461
0,000635029238488121
0,001429281384173
-0,00189602092991264
-0,0033379718860915
-0,00954088314894737
-0,00531844082909726
-0,00426280261852181
0,0117128615755829
-0,00663251095673648
0,00149464108149964
0,0125395835549538
-0,0145661867568361
-0,0135296866758045
-0,0010697647759763
-0,0195447082462934
0,0382942656079839
-0,00237322709897156
-0,00962833058112869
0,004060131811342
0,025053817185062
-0,00465849951727026
0,012928630834346
-0,153318895918833
-0,0304423240832845
0,174698487903422
-0,197366803104592
-0,0860946684417358
-0,00839285195982536
0,460188944968538
0,548600247342014
-0,423546010460998
0,10715998952497
0,178555696175684
0,196451998543974
0,00361270688060868
0,12346206407335
-0,274732303416471
0,0162128898653446
0,0616658054143701
-0,056526533572268
0,063301569037395
-0,110209763203351
0,0708338698178214
-0,0402208029997471
0,00188688088203058
-0,000864198318693742
1,16894149046479E-08
0,00159934434650919
-1,04825685010761E-05
0,00046693069648594
0,000349406105170135
-0,000110888311240965
0,0013089131905012
-0,00437532387099658
-0,182472193625565
0,00203459091948129
-0,0309007403759977
-0,0144373249477389
0,00832564973632511
-0,0765261888914084
-0,052554137264665
0,0460312260953136
0,087870961692934
0,0785107553319283
0,0183243504305064
-0,00882204038800747
-0,280508544124885
-0,049488537046128
0,159128497410403
-0,387141779641526
-0,119771510635179
-0,0769520793245063
0,0996354215470274
0,0536664585456653
-0,125791136052239
-0,428418330654041
0,317485191918968
-0,223299158591279
-0,0518607485989682
0,002299304892727
-0,151000975434873
0,129876901241774
0,03689798267944
0,170749389780124
0,154205199008024
-0,147686521823497
0,00154042802146275
0,0595870304767749
-0,0644289468550846
0,138141766519287
0,0488868454898058
0,0346247665282535
-0,0567234971208646
0,054016014437794
-0,186891552522587
0,0917786990771438
0,130357709964873
0,0828820983266505
-0,0752233270513305
-0,127127217031427
0,192704007277052
-0,00462790244766624
-0,0526406497227291
0,0913805201843451
-0,0625162764382924
0,0362715657229141
-0,0303521400364036
0,0503330315060076
0,000414691226739447
8,80491315417696E-05
2,09020762678609E-12
3,37235156745299E-06
-1,54787095020343E-06
1,35822579461137E-05
1,98968948955231E-05
-3,02707578036356E-06
0,000193632413259194
-0,00050101272660971
-0,00547368232747417
-0,00120222382185708
0,00293856238905071
-0,000334911585159965
0,000407322142860396
-0,00454144841415764
-0,00285772001802123
0,00525424160514253
0,00581642013059591
0,00625939224242203
0,00378831700715005
0,00504210605114516
-0,0313853287382951
-0,0169900742223551
0,00340412750662366
-0,0628734182753055
-0,0215879159770236
0,0182284312777673
0,00355914833228432
0,00499029802041419
0,062429561538486
-0,211491169511204
0,00880408638152412
-0,110375370284021
-0,0740988702694468
0,0480115617088642
-0,139118992980906
-0,0848084690130824
0,0483811955089648
0,165295213943944
0,0832326217373872
-0,105981701295744
-0,369885218342897
0,0242945393694494
0,349692506201751
-0,103686280890792
-0,0347353657829125
0,0479719344665419
-0,251167835299372
-0,378940558433566
0,0163059847517745
-0,0546247436821443
-0,127925941071904
0,0598884997574077
0,0656515703576147
0,23858195943972
-0,482218914079364
0,0387608008132106
0,115867866635699
-0,134957862711597
0,0854327184503823
-0,0407872972282447
0,0714492514523732
-0,0765161665919787
0,00153828130656952
-0,00072087509677259
2,54577206458174E-09
5,14206194214476E-06
-2,94745944458373E-05
0,000300148151977173
0,0058899894068375
-0,00718221820315531
-3,0334599152825E-05
-0,000189083697214675
-0,00402299529831226
0,00145715545026792
-0,00819943810926607
-0,00902200756720914
0,00801399732433148
-0,0435247361197612
-0,0338438508040849
-0,0138309903386618
0,0661270529674576
0,138394946029949
-0,0167220395380001
0,0642332874783242
0,0510114853088804
0,00253894186084972
-0,022443533586379
0,0156464739268811
-0,00355640159940096
0,0145225643193311
-0,095004027652254
-0,440339335915024
-0,128335142735322
-0,0122063888142662
-0,0231833921705675
-0,0155936063334691
-0,167523650501101
-0,0221678076452766
0,0607317029498558
0,0193425997462007
-0,104181800912282
-0,0740976122800527
0,128537114270601
-0,0373250940476684
0,036080149584531
-0,0368263207186044
0,0866444234414971
-0,121617016500734
-0,0252038788445261
-0,273101691109382
-0,478181386051676
0,322767038559728
-0,133724813738615
0,0172248381891504
-0,0845313270765859
-0,146632231822392
0,0425536758106039
0,262113508584371
0,163974150064465
0,30280713890466
-0,0311369300457819
-0,0337283186924257
-0,0734123833377854
-0,0183445944063742
0,0228599510108012
-0,00285514204711066
0,0203435130544548
-0,0053807637955746
2,15299699790889E-09
7,13220614378809E-07
-9,55592495851033E-06
4,72499278234345E-05
3,99527315117629E-05
-6,52573050866179E-06
0,000777009298808026
-0,00164858303124489
-0,00766587911655513
-0,00120304687076738
0,0351726700341781
-0,124850123431364
-0,0798077428517475
-0,0341822116965083
0,137247371054243
-0,113243425429256
0,0930901214000553
-0,0624611438892677
-0,082645891410692
0,0986805177678619
0,0352870334338808
0,575704295100493
-0,233371913594875
-0,279537237117939
0,189013152593791
-0,00504815931940242
0,0340655329482759
-0,0293983772285689
-0,127490031679909
-0,0932959736637971
-0,0510511270676283
0,108270573732587
0,245707308531736
0,162545738096465
-0,0905646247381834
-0,155473678752622
0,0112835700419764
0,0348968850093999
-0,0462851706383641
0,0759657295547078
0,0253776312205051
0,157424439622247
-0,0264199142352468
0,12802132851538
-0,0401956912756452
0,0550976096414541
0,00178439746982133
0,0475234491666557
-0,212242513543276
-0,141365159945806
-0,320512614121269
-0,0243420924712968
0,113358709838777
0,0395131174795439
0,0587951287137862
-0,0897217645663084
0,00572680591082127
-0,00947990797545389
0,00739626518675209
-0,00340823558232849
0,010129108759915
0,00405389263012709
0,000449203821661703
-0,000118954810058089
1,08389556357064E-13
1,2674061524678E-07
-0,000433217523242617
1,33383893328689E-05
-3,09395439665446E-07
-0,0121992913595782
0,00563595040830775
-0,00375876147180922
-0,000660002162220011
0,00183429726839688
0,00769307543304336
-0,00642730581892274
-0,0075995487837076
-0,00777487648973454
-0,00260410070644224
-0,0421058759823384
0,0345641993917163
-0,0194278550964024
-0,0446771621564846
-0,00631607032590353
-0,0254685057600405
-0,0515853495081988
0,00364425572606229
-0,0179714107596632
-0,0445688656779384
0,196762242069444
0,39638217710659
-0,10205920669563
0,0972898392727105
0,172433516763019
-0,0358920568975127
0,0507759780736909
-0,000703714179208575
0,0535112348251869
-0,198225003832356
0,0661463143980854
-0,0121138942807894
0,049116531975241
0,0801513450016812
0,0303117170244149
0,0289966389215929
0,00413868901894671
0,0837613354151671
0,0831262375939047
0,0409346107218091
-0,0368334208890694
-0,0163915734472379
0,0570840949623544
-0,0664819794376634
-0,0430637206716479
-0,0882896169123282
-0,200077210304036
0,0924224976523668
-0,513290090778121
-0,208862160453266
0,329298771656631
0,312958623736484
0,222264098208772
-0,137611261038368
-0,102083663511404
0,0755235026074593
-0,0212454895941371
0,0202893166663149
-0,00546118408263428
1,05026396802445E-10
5,66987419057035E-05
-2,19219802658215E-06
0,000717732860387959
-3,62690846072346E-06
-0,000157466060309462
0,0014277383814422
-0,00460644157386472
-0,0073713254254762
0,000662448358202467
-0,00204597635325921
-0,00760808529886397
0,0329214108570187
-0,0802489412628769
0,0224952517807839
0,0450434200995103
0,120383765631206
0,040330518853004
0,0650784083713291
-0,212855643439389
-0,302318618606472
0,0820307783546442
-0,0819312674759946
0,0797102896121165
-0,0916462365529277
0,0247185026119549
0,0659121426165652
-0,038983227505766
0,00567430860135382
-0,0661610588403519
0,112879685646996
0,071212984131968
-0,0474139938862946
-0,0373952106382757
0,229056466292268
-0,210548330049688
0,138900825568003
-0,0311706598390496
-0,255620717932944
-0,299995355110798
0,155562232575499
0,21061712278791
0,0460905623995101
-0,0928730402497456
0,160683046908856
-0,307858763464758
0,171087287183816
0,00312332944190627
0,12954980787901
0,0652879344434275
-0,187750534017939
-0,0409124140357073
-0,00374935775068934
0,1036266359144
-0,229016907670249
0,0201377431406356
-0,141805923511241
0,296934240747938
-0,174966086991615
0,0880100048203479
-0,0483610375638429
-0,00795493609452982
-0,000468037767260342
3,91826448251854E-05
4,3110534566005E-05
1,82842006813993E-05
-0,000139148945675208
1,85357559211425E-06
0,000385666818541857
-6,51814309230971E-06
0,000374511178841352
-0,0017371835526841
-0,0540882996741427
4,32931995977848E-05
0,0165053621473521
-0,218149533847826
-0,125722057842598
-0,0623942385105439
-0,0162395948257597
-0,0297105903800027
-0,0403411439142808
0,0754522399131277
0,0353575062731502
0,00637696328230746
0,0831070218197113
0,0791237639681622
-0,0400369074493845
0,0997671363306155
-0,171871552456571
-0,0393819588916914
0,0157132702539179
0,0566013269827563
0,0213850366054368
-0,01579361360774
-0,128228380803583
0,0827736793230691
-0,141236826676947
-0,260066897950449
0,019008772461541
0,218620363042818
0,530031640334499
0,359083167351985
-0,17219528348397
0,307602136098891
-0,0250257531502559
0,0954277811971247
-0,0177900511304396
-0,0181878469131503
-0,0109885513236122
-0,0763254094066685
-0,0382540145482466
-0,0753037645777502
-0,205217143721777
-0,0492618545364449
0,0893582643584082
-0,237132366200743
-0,14792748410653
0,0803528707281122
0,0426442098196291
-7,14233484774675E-07
-0,0248010432095236
0,0459769710871805
-0,0199984244618101
-0,0192825881652901
0,0266069528093364
-0,00259783144684716
0,00326283228842744
-0,00135554957096397
1,54028766987217E-09
0,00325491054570875
-4,25695639055642E-06
-4,48190274212443E-05
4,71537916299844E-05
-6,9719603901682E-07
5,25710442564054E-05
-0,000196480756243511
-0,0179331298508164
0,000283791622364141
0,0107036876035429
0,00167342262936927
0,00381293953091449
-0,0111086693923283
0,0135648858227786
0,0371583554885678
0,022663638300164
0,0133444174518205
-0,0154070084960287
0,08136154695827
-0,19437482346266
-0,00428114427740703
0,183160375050335
-0,354198589617216
-0,375909295464498
-0,260852296450209
-0,0319110896975607
-0,00215555198758395
-0,142713449378566
0,329357138763164
-0,48073292480715
-0,289160545876517
0,0850796118947737
0,129930178836683
0,0168055795170625
-0,0301943145312621
0,0346800020614626
-0,0336923974188319
-0,042046736594677
-0,0138805609712117
0,0209614634647069
-0,01457446124915
-0,0346812120563339
0,0348195735027515
-0,242614871293744
-0,167164735862209
0,059638012336365
-0,0327107159614894
0,0880993954658081
-0,00195256444024608
-0,0200171260026374
-0,0239994302732027
0,00712481705007182
0,0391176638428662
-0,0668682859621515
0,00968733370015148
0,00952909639820167
-0,008724352562471
0,00951878251811955
-0,0138547952544475
0,0104001566967711
0,000411285248046291
0,000135530401762938
-5,47504455810327E-05
2,35126065649887E-14
4,15353476120271E-10
-2,3836013128244E-08
2,70848549383264E-08
1,92355311220516E-07
-3,60255819732722E-07
6,43808212901237E-05
-0,000264148734390066
-7,77368574080512E-05
-1,45863958908196E-06
0,000693447478246425
-0,00149403309227035
-0,00161685347713503
-0,000931669449635294
0,00270842645636398
-0,00513135788961826
0,0051105170455604
-0,00324430221953279
-0,00801987379003548
0,00257128165545877
0,00115954964663437
0,019261738386849
-0,0179728873137949
-0,0193762156867975
0,0125749377703673
-0,00498617555198732
0,0143518382123206
0,00883155472810711
0,0492651882145178
0,0494390197820118
0,0260578746258359
-0,0638188510392039
-0,120028805967071
-0,0489765110999559
0,0176327680557113
0,0389833638042039
-0,0296108326141724
-0,035816515542315
-0,0173886443930563
-0,0371791495393204
0,00338346166350261
0,00365681680422106
0,000638403911678104
-0,0136903662461142
-0,0334956274197247
0,0581767614787966
0,0349878693778731
-0,0262921372862972
0,0471581749107942
-0,00841710697421968
-0,00623163109879898
0,107999607251502
-0,00582566451935811
0,359140030663002
0,253060712094564
-0,215864892885976
0,720103148540921
0,39401720935178
-0,0894710889409727
0,0311285788142954
0,147670420466754
-0,0363008130575909
0,00509204097216997
-0,00192838726602539
1,57136446001731E-05
1,77368966421072E-05
-0,0728833781186639
0,013695376186834
0,00190020208347256
0,000173252809581219
-0,000296388452400519
-0,00175880520277072
-0,0263820964922174
-0,0106656050501283
0,118339010009336
-0,00996427880451341
-0,0486291163825479
0,00245992690356677
-0,0681117320648514
-0,256644407135527
0,217573296091969
-0,0828381007986935
0,139092110330321
0,0955724093688768
-0,00732117638655391
-0,047844335102324
0,11877498523306
0,19814749137233
-0,0199326966136549
-0,0971471167452737
-0,0267124327850989
0,13344734727231
-0,280115848505719
-0,0598586085321505
-0,108722942128394
0,107504393928892
-0,273855743052014
0,0171483308387734
-0,296188302363359
0,0464798414321894
0,0191148755847517
-0,173435860784098
-0,304375248900736
-0,162560007947779
-0,0787076747889718
0,0571551516501894
0,010577441560684
0,133363041659779
0,0573751022196691
0,0426350084685171
0,0324704312946118
-0,01937950796377
-0,0540477560033284
0,0227558230481667
0,102780746322277
-0,0438224407847531
0,498162134450208
0,026304290274486
0,0729785193541454
0,0421637098428994
0,0156294431175658
-0,0465770995536775
-0,00616673385743293
-0,0196244951703138
-0,10077718166516
0,0325189764701366
0,000215274143608095
0,000405307868863149
1,5715129718998E-10
1,03346621579628E-07
-9,1961801244574E-05
3,8436352835782E-05
9,40485834447815E-05
-0,000127107918747437
0,00158155255788875
-0,00528783688271454
-0,00139915886736139
-0,00472343743870582
0,0128425596454947
-0,0116012330253306
-0,0142448343500183
-0,0139217462311518
-0,0109286382094119
-0,073601441601135
0,0673156000598701
-0,010209974919464
-0,0660061131870672
0,0193332049016138
-0,0131718627472233
-0,0627757822150505
0,0144144013822817
0,00128824336816126
0,0209314136896827
0,0202182528147182
-0,155747920389112
-0,587242545479295
-0,0667227704846569
-0,028143184120707
0,0133040659854461
-0,0351416707439728
-0,054359158888066
-0,060024471416428
-0,015010787566446
0,0671965540398032
0,1086556805937
0,0475032016472931
-0,123397852719403
-0,119305451195991
-0,219477921036809
-0,250648833851659
-0,386221235044114
-0,0444506126123445
0,0265828143023811
0,0852507532174909
0,226867513542688
-0,173314467634409
-0,0582790807961277
-0,0746906013116037
-0,151433077488908
0,11155509232077
0,0255965638225803
-0,154508234803649
-0,0402686018105479
-0,0592278782473845
-0,0560231957226521
0,0370001415803985
0,0429545447018459
0,11327398809629
0,313002473870942
-0,0761678478097839
0,00104316126817273
-0,00109691004886505
7,84237928145286E-11
6,68177795625214E-07
-7,94995091342634E-07
0,000546869646417755
-7,99830092218361E-06
-0,000803583778952421
0,00187172557933277
-0,00602463723826565
-0,000168645780005526
0,000973459663930669
-0,000842997414057452
-0,00362059568745034
0,0364770636704665
-0,057288609089444
0,00949595692865785
-0,00414185352220967
0,000122602554587692
-0,00425543397450391
0,00888226792662734
-0,00632289766245899
0,00900328033510406
-7,1683655237033E-06
-0,00331525077754708
0,00983173288317686
0,00174096129884202
-0,013395498612179
-0,0246876935963194
0,0119429590192296
0,0150017151331671
0,0148302748724587
-0,0332011333901364
0,00961826513792476
0,0159049223169785
-0,0115243079216781
-0,041661407204027
0,0718963477292227
-0,36819081850123
0,390009750496249
-0,229286088258978
-0,0048396126801998
0,0569518439798555
-0,0508765575369862
-0,0124237662422739
-0,0323306512622129
0,0153024770995794
-0,0365668745287866
-0,00161513524751855
-0,0105993938799009
-0,020316729803126
0,0946088780572003
-0,0742003873246486
-0,0173142893564576
-0,00147383265779583
0,0292031384859819
0,0238948319854442
0,172681719052246
-0,0257479031448407
0,317152094160572
0,673511731745177
0,0912071712035182
-0,16076609991523
0,0242826944982651
-0,00343512532170463
0,00143968444869563
2,41582613924552E-06
0,0414802779674065
-0,000154373778701262
0,0867480344181422
-0,000722420762546911
0,000147165745359407
0,00113424458710703
-0,00263852943292488
-0,00330554621373808
0,000782122727164162
-0,000165690315583913
-0,00910749270019232
0,00502499305385943
-0,0293991894560673
0,136447832290761
0,100231848358803
0,178266508930149
-0,0382086887148745
0,0490333675717711
-0,105408097404661
0,145426962625776
-0,0231072778355421
0,10791050208722
-0,0608041394265198
-0,0337179593883653
0,0427305119365735
0,0389763464173698
-0,0209273373381581
0,0522546173925403
-0,102295841588681
0,0241187779712759
-0,0558655098807494
0,0577268244756468
-0,0900010462814823
0,137391021579368
-0,00377217401745653
0,0838291579118222
-0,00971026132142668
-0,0153156001515757
-0,0904967499557359
0,176270339449295
-0,00850033543808368
0,0596016213436727
-0,026913765583273
0,0653107926562734
-0,135696991267863
0,0582768897587239
-0,097131249141832
0,0432130954384031
0,0132487171614287
-0,063657458373668
0,0304682348114242
0,151860742849994
-0,0324476296636752
0,177326448142343
-0,0416401692365936
0,00994739970590533
-0,108397658500169
0,231924085496972
-0,745229250626368
0,223580039585005
-0,0573581259518773
0,00933875972430377
-0,0039144516409594
1,05349677804634E-09
1,20768916377615E-07
-4,04149401553487E-07
-6,0325323579322E-10
2,48727405717689E-06
-4,78442617148625E-08
8,27875142544218E-06
-5,21308429157671E-05
-0,00163677831359499
1,27748501857702E-05
0,000785451724962252
-0,0133227313696947
-0,0152375749126897
-0,0152042716413275
-0,0433946582304094
0,0282188251311552
0,0079024289011017
-0,0319046180018241
-0,00610070694363941
0,00938951791838125
0,025859841706115
0,0347678255580239
-0,0210721311146356
0,039501490501305
-0,0813542393093614
-0,0162653467222042
0,00612527059606772
-0,00232143290654588
0,0144939777831853
-0,0106899385770199
-0,00795585694746646
0,00528383618176902
-0,0308127954213503
-0,0666975122573254
0,00444093753571691
0,0606307713575618
0,242862771473499
0,214596366434112
-0,044592041770355
0,124624548637915
-0,0293904214627257
0,0487619244980992
-0,0276246423826914
0,111657182900717
-0,0218048593458163
0,0712271790132818
-0,205883558410256
0,398177622944592
0,442242641019405
0,137899790441818
-0,242081453977215
0,548883520585878
0,178376564592711
-0,12098265240001
-0,0473342992560068
0,0141379371973999
0,0408461288104118
-0,0566839097194674
0,0118515669583432
0,0273137843201814
-0,0221349457929532
0,00164295646910244
-0,00202296786853732
-0,0037412485235042
9,77584299349367E-10
7,57568190218106E-06
-0,000634691677306457
8,86488914744645E-05
0,00289483574568605
5,07517200934886E-06
8,9615281378394E-07
-0,000159881731344434
-0,0142423240015755
-0,00300142632509034
0,107871142490909
0,0182275232702586
0,01044942842772
-0,0022532781989937
-0,0100114970843823
0,0326637184129275
-0,0317896350408959
0,0323704749103183
-0,00589188295172593
-0,0217354753640519
-0,00644512014253439
0,0289078326150918
0,0394865318630403
-0,0825887498072714
-0,0754768417202044
-0,0210724048587103
-0,0226312515630547
-0,0137364671374736
-0,0442162258861477
0,161938172547303
-0,171202341495955
-0,159146163253569
0,0751646762575298
0,0507397930697932
0,00739452317266949
-0,0276617696425713
0,0681541233130806
-0,014172608814289
-0,0859758970863458
-0,0471453587201628
0,0624733452839233
0,0385555439967085
0,0600246723481648
-0,359722373022597
0,706698133107852
0,41333296133788
-0,170343795469407
0,0633540702402992
-0,114897022128905
0,00993150287663209
-0,00159344164598294
0,0227238861822769
-0,0175794048103417
-0,039106838188793
0,03146949836275
-0,0457440664661663
-0,00109606249307168
0,0137378107058826
-0,00600164908778856
-0,00752885539188647
-0,0284828202728181
0,00423040313390774
-0,00136992319662329
0,000407420198209266
8,08647559333814E-08
0,000238025381286675
-1,57586185332221E-05
0,00295210138836263
0,000568445917839623
-0,000307603343713763
0,00347927827396224
0,00139665287721307
-0,0012519380123093
-0,0481645755827543
0,00791612312802473
0,00112891820050519
-0,00218818135811626
0,00523969473525569
0,00184601356897707
-0,00328205446796624
0,0132920406380951
-0,0168200576531288
0,0897188895310065
0,0405032488050959
0,00069150355160894
-0,0769266379262263
-0,158214773363924
-0,0939650042202965
-0,0649556982030513
0,158491146823763
-0,0809887651852257
0,0199299923712527
0,125844474577028
-0,151370120232882
-0,118034956059903
-0,0206411904359961
-0,12786686493741
0,239371503027337
0,0044777111204098
-0,05275914549619
0,0429370857876249
0,0795648275937981
-0,0187664074936714
0,017036594822803
-0,357265501942788
-0,0683576997434926
0,326052984135094
-0,30541180628328
-0,0779926330695744
-0,0402426007530828
0,206215648731302
0,0672400297825975
0,225581044326139
-0,108995706534652
-0,134628238512901
-0,152574200888652
0,0297963250941999
-0,196553822759467
0,456213071291061
-0,0437425561322705
-0,104748474241402
0,0768391063115659
-0,0624690532736944
0,0321507889416408
-0,0820710332098804
0,0633325008245583
-0,00138865351193642
0,000728749130099809
1,6236893252008E-07
5,75057201162936E-06
-0,000866443087772931
0,00599536672907888
0,00130696951154837
-5,13632630733873E-05
0,00120658017692141
-0,00413965086857717
-0,00688423227182904
-0,00304232019801694
0,0748665826450254
-0,00553081030642219
-0,0241688227824243
-0,00679530018153701
-0,0284560891823076
-0,154897128921666
0,126091046696835
-0,0610774499996226
-0,0167718446689447
0,0222544798193152
-0,0274222336496906
-0,00863255316957356
0,141028645059605
0,131271704191378
-0,0532358842326845
0,140898726301845
0,0138618547530382
0,140046784562823
-0,284316556111417
-0,10249034625761
-0,0735915990401653
-0,0586113608735496
-0,171558391556301
0,00122285785080834
0,15745847470626
-0,0909765407753408
-0,189083612710515
-0,14135110066185
-0,133663505387912
0,161417942217468
-0,167652576519702
0,0223724898185496
-0,0150683691017412
0,0946139181981565
-0,142629983489566
0,265033588165
-0,15493819943962
0,10995047130797
0,00292861132449616
-0,0814247792284057
-0,151311272336135
0,0182345213366558
-0,445033032155526
-0,0503018408160627
-0,105020340795138
-0,041826074060937
-0,16322308139459
0,286801245607993
-0,0601436122342957
-0,26003866583728
0,129088861149594
-0,0331733396699342
0,00464493094987928
-0,00229672760756426
1,61406969606665E-11
1,1381482815986E-07
-1,5189006505727E-07
0,00011218006982438
-1,64304843672091E-06
-0,000164487147748837
5,64320383591007E-06
-3,86278657710266E-05
-4,11647367677057E-05
0,000143525705266489
-0,000150925982278658
-0,000791770430968237
0,00742324171417638
-0,0116256063438876
0,00102380215736588
-0,00184556357085538
-0,00151779596505559
-0,000879206997179969
0,00104088176905492
0,000915258670869024
0,00149615036453647
-0,000443790351099534
-0,000331189393140535
0,00112678610528522
0,000888902804271005
-0,00182529976459773
-0,00339821346048572
0,00200618528860745
0,00242503856968064
0,00237417582066012
-0,00251232548558333
-9,82080151415754E-05
0,00371723667417582
-9,98870416821019E-05
-0,00498939200824882
0,00764629931144527
-0,0601055785690061
0,0713596151006438
-0,0555748657217097
-0,00262948598174581
0,0252685038909183
-0,0350999040849604
0,0145478818445559
-0,00092606366943567
-0,0039207091523934
-0,00135792927210561
-0,00473288387415013
-0,00395340222121425
-0,0105961303673782
0,0183286199900629
-0,0139376756398566
-0,00105098615029283
-0,00228621928467898
0,00570222216421727
0,00882243457404398
0,0276233155362512
0,0111334223217734
-0,0329655657168424
-0,0907033218057136
-0,0249938408112099
0,0347967202634289
-0,000257906411120908
-0,95624966449953
0,241895576188687
9,9738202717751E-13
1,84259462979354E-05
-2,48205616494646E-05
1,39666379279814E-05
6,44693068180694E-05
-0,00045331959594416
0,0681909156983691
-0,16737478083798
-0,00550680548643936
0,000246077528492869
0,0332665094427209
-0,0900828292108373
-0,0710161382793013
-0,0431746328157141
-0,0360186840082899
-0,122479805436467
0,0717499743465173
-0,0580621733015728
-0,146611028029786
-0,0188607944089675
-0,0720267551811725
-0,249471180554008
0,025443575810195
-0,0830911320847012
0,132363350623688
0,0460090563711993
-0,05130423320351
-0,184320129958848
0,330199412091248
0,126105200651584
0,10894111310427
-0,140829621537266
0,360403820362062
-0,0100900502555298
-0,00173239371344496
-0,0568178731562105
0,102373716078194
-0,040274013599837
-0,291283811578806
-0,0632786892076005
-0,218326021416385
0,1703425088364
0,11389015316356
0,30876106980871
-0,0426142191978949
0,135377255608832
-0,132225223724728
0,188085736255049
0,0617815219686016
0,0287926908956124
0,188238943418794
-0,207257076223443
0,0428928596476117
0,121516439903728
0,0328459506303331
-0,0820129962544227
-0,0843081622835928
0,0745173891360404
0,0324935862737398
-0,0562955257923099
-0,0059419377995268
0,002649185628596
-0,0103698623267526
0,00234918695870007
1,04185564652591E-10
8,2719958645875E-07
-2,77408195469077E-05
0,000799748655564743
2,57477245836905E-05
-0,0811117497156379
-0,000704339050746847
-0,000365909454654629
-0,000414975150809315
0,0119394054674801
0,00115693314516041
-0,00994327034252681
0,0419556054095852
-0,071203013626368
0,00816052222425918
-0,0159251817805068
-0,00954206984239885
-0,00752592275498743
0,00512335990430793
0,0050336300700437
0,00889393739767201
-0,0101639676148183
-0,00538113566388111
0,00728078416055214
0,00672775307429231
-0,0253689289546114
-0,0551317727681191
0,0228320922996672
0,0294027767520149
0,0079441503659229
-0,00502313316063072
-0,0141153051661804
0,0429316969098774
-0,000200002182440413
-0,0148741078684065
0,0374803540555218
-0,387951587889953
0,460975240802598
-0,368381832395601
-0,028904931983247
0,161939687855067
-0,21080022304106
0,100389444777996
0,0175666036595566
-0,0302506718440228
0,0291290823500815
-0,00420598440343096
-0,0234570916951486
-0,0202290456801085
0,161865067840215
-0,048279380933826
-0,0395255135927332
-0,0091804669082645
0,00838420135960428
0,010940186972195
-0,0837659222489196
0,0199541388687036
-0,246465437598818
-0,501400905683352
-0,0691582872675423
0,118640427022376
-0,0187942804907445
0,150753377596551
-0,0385869497431181
8,29697065494895E-10
0,00302821238639014
-2,55450677337845E-07
-4,58685546807648E-05
6,00650173460123E-06
3,01859558158109E-07
6,61331053890548E-05
-0,000313955829272234
-0,0188332863044643
0,000589453479612506
-0,00329443927426127
-0,016775479878831
-0,0177198119527534
-0,0169561367292865
-0,0423030313854428
0,0232590107420572
0,00304057711581453
-0,0110986886405602
0,000625007123830043
-0,0133643403350485
-0,0273781006720483
-0,0497919404186773
0,0515243105913378
-0,0892529320670312
0,185485795080475
0,0208857778736074
-0,0153883011590243
0,0357997819506326
-0,0676197035749243
0,101052986900183
-0,171701205384129
0,18614165203266
-0,15692516498122
-0,0174092028722208
0,151381417010993
-0,156429888022129
0,0819027883521162
0,250964137637381
0,229581294398538
-0,263312667646948
-0,00565822893707159
-0,0610868235137712
-0,0109783061492858
0,16754907284798
0,00143458794794823
0,143024290490067
0,0202210046204548
0,0686085688289482
0,0110860805304082
-0,0133020696470082
0,0490131738041642
-0,0876841854711757
0,0147399885102532
0,00303677914948857
0,0650984067606183
-0,0232224178924151
-0,0333272939593655
0,0222769551824705
-0,0112250343486862
-0,0203796187050485
-0,180029648935132
-0,703842284502386
-0,00710381522812558
-0,000798676379021677
1,54606901137601E-09
1,57191735393404E-05
-4,61011595942993E-06
4,91769504332009E-05
3,3708386648977E-05
-5,05295804208706E-06
0,000183359999490837
-0,000653292521312307
-0,017734911919258
-0,000539897188994223
0,00754528336065994
-0,00122964207736134
0,00217840728310644
-0,0150433503227901
0,0146077544645628
0,0184122146902354
0,0576498490494497
-0,00255029169902802
0,0251838527413599
0,0922799631787413
-0,233624129502349
0,0716570447135025
0,249713109822153
-0,271484758637079
-0,312253142751785
-0,0732724838639205
-0,116282593882599
-0,0480589975891401
0,26127612895176
0,0874255023672682
0,205349318329743
0,577329392721697
-0,144619514276078
-0,101768542371869
0,0854487408454949
-0,14277730188492
-0,146536836745987
-0,102100043040284
-0,0383055013209989
0,26491349710718
-0,106282277390673
-0,0889143172636528
0,0369156198577176
0,0384216901492783
0,121876535419544
0,0638492795746297
-0,0245646923490892
-0,00339105883747831
-0,0053461192665607
-0,0551115191276221
-0,0124591272118119
-0,0116249994171657
0,0527018316540107
0,0119055671515021
-0,00133458180963442
-0,008872965345329
0,0411559599307432
-0,0746513309458455
0,0446711242613961
-0,0195065797891961
0,0199149427632169
0,00391398618434138
0,000235064370167379
-2,88216476686439E-05
4,03980990704779E-14
4,76884375617106E-07
-2,289989023242E-07
1,70480868570267E-07
2,57053932277879E-06
-5,32458215073767E-07
7,07361029357856E-06
-2,14787143009745E-05
-0,000202259938795886
-3,52626093542318E-05
0,0012163718718492
-0,00296382412975004
-0,00242552800728698
-0,00148432334280105
0,00513093272408622
-0,00460767770259558
0,00485885446418622
-0,00156947609490307
-0,00512180140003445
0,00677217015821668
0,00122012305637875
0,0431858064165339
-0,0163982975031078
-0,0289898557026595
0,0146267600237727
-0,00253231600899164
-0,00986268135814742
-0,0716936852800616
-0,0579535941213286
-0,0163359320201937
-0,0292730925855536
0,0065851828523585
0,00918781799583619
0,0368769923585757
-0,0195545732712525
-0,0299826370772404
-0,016470912266384
0,0197705885053583
0,00211373957993727
0,128880837365858
0,152287048153383
0,229164051443719
0,236271208405942
0,121194998465241
0,0416551717297013
0,21180168005278
0,252155334199663
-0,155252051013399
0,170135873409391
-0,0691004879178418
0,202748664876111
0,181969690177684
-0,0430797885704495
0,182395720442866
0,168453003625911
0,574384665534688
-0,130193654743859
0,0122261257311223
-0,0442788737525304
0,118193816071973
0,377723782243995
-0,0932257407353957
0,0237855297859618
-0,00721573190266671
6,54805445214141E-11
3,62605152827424E-05
-1,59079146135307E-05
0,000437386612318271
0,000733171552333104
-7,49832325324175E-05
0,00106582952851509
-0,00327276760679423
-0,000824688915465161
-0,00302937207295864
0,0111893623930331
-5,01442962598303E-05
-0,00421467326005183
0,00117095447904038
-0,00581591523843542
-0,0435741663631483
0,0615421275092877
-0,0420315871268308
0,140952361736718
0,0678974825594159
-0,0276035996952093
0,073262403024856
0,139661925783758
0,0642030051878902
0,0372158855182556
0,138895680829136
0,0770715540171129
-0,0191434660864657
0,027467881258336
-0,0262665828977166
-0,00295175015914191
-0,262936789712619
0,108485007262129
-0,0949723466110681
0,441645098395883
-0,109408158792203
-0,0875421738230107
0,117019559372397
0,178757504870917
0,335003192518009
-0,0906882695275451
-0,0888941032446739
-0,0613275224894409
-0,0325400294685398
-0,0222343408555967
0,0404031493795713
0,00167761431025124
-0,13657784099615
-0,130374736993526
0,0289020050287082
0,116073466025897
0,0599051218143936
0,505693897716108
0,0326038170133145
-0,0279103692520934
0,022487213015623
-0,120332071634985
0,237847264820356
-0,15970616399796
0,0398915895147909
-0,112830321757047
0,0401785216425853
0,000427068556309534
0,000213998704557148
2,4532965733352E-10
1,79021786312363E-06
-2,01395635638747E-06
0,00170883730732432
-2,55349244491904E-05
-0,000264567238666087
0,000104057923131115
-0,0005313401229202
-0,00226621910580467
0,000851354730319663
0,00786212648655509
-0,136796862366424
0,306098100475245
-0,00383398695719661
-0,0448777801591665
-0,00745958522019162
0,0322527031809663
-0,0211209722265637
-0,00523104455279215
0,017698387708135
0,0162597910166603
0,00121308890834654
-0,00391868070984447
0,000882657882127122
0,0192413052829257
-0,00827360254416194
-0,0118152012677383
0,0145583369098798
0,00955258548552724
0,0285856148092744
-0,0175666229737555
0,0149638312666313
0,00126977859109507
0,00465221289462347
-0,027880749147486
0,00393172652566139
0,0992618605151365
-0,13448996835248
0,12580003291188
0,0948890156640937
-0,109875210938279
0,0126543784761975
-0,0164566834916211
0,0560705014372672
-0,00604359964356448
0,139561792361609
0,11489154543489
-0,107172861152272
-0,0413225330699275
0,788520233577642
-0,298859054832073
-0,18251692870268
-0,0400569652416755
0,074698140139362
0,0685036193686447
0,0958696148804278
-0,000797105976807955
-0,0189597995049526
0,00421037318028755
-0,00769193564977483
0,00707924573569752
-0,00234382124553363
-0,000114884093663496
-2,65325762651967E-05
2,19857320917746E-13
3,38673729245381E-06
-8,05816418797081E-06
1,30684696841852E-05
4,85422613488757E-05
-0,00583014125819348
0,0250968057451345
-0,0618730580032053
-8,81630093134473E-06
-0,157709030199103
-0,00431182430729669
-0,00366284092460896
-0,00383877120141573
-0,00460716562645103
-0,00266643325179584
-0,0210101180964838
0,0107998969164371
-0,00218665524956065
-0,0606977664783483
-0,00964701102485495
-0,00879142810615284
-0,00749066809972336
0,0438087582732129
0,0200298891188492
0,0196542699289254
-0,0347530034369497
-0,0133446508892514
-0,0903351581118823
0,0213177892818959
0,00626702164329953
0,025397557688925
-0,0105966757735171
0,0876877428871728
-0,0545687471092121
-0,0157270702862397
-0,0314820150126869
0,0699733239418699
0,0245779447716307
-0,0563933193341756
-0,0531634562924232
-0,118795518578187
-0,120464419549976
-0,153225943977741
0,030692700637979
0,017455424121431
0,091352182786354
0,176920643180593
-0,10903107690191
-0,0193322917123033
-0,148242153813913
-0,116026055641157
0,165227218695647
-0,186780374443751
0,167893818601022
0,063214905745722
0,398940784055405
0,141659892374737
-0,067881750948275
-0,170382032860278
-0,277473877474069
-0,617155741964652
0,15202558709596
0,0159910638280551
-0,00231260827447737
5,62997969355166E-12
6,4525472843243E-10
-2,15898356248179E-09
-3,22199453874797E-12
1,32813364017794E-08
-2,55458498726899E-10
4,41672021005428E-08
-2,77974251128439E-07
-8,71972601217399E-06
6,80224636292762E-08
4,17960425872614E-06
-7,08694105377495E-05
-8,09553071480409E-05
-8,07306593215383E-05
-0,000230227214363843
0,000149700598368902
4,18967021905964E-05
-0,000169073455017629
-3,23064191263869E-05
4,96861269541409E-05
0,000136716632283748
0,000183423355183829
-0,000111141429918255
0,000208071593906105
-0,000427829023940275
-8,53942063984942E-05
3,21450679399664E-05
-1,21650847265898E-05
7,55460168919147E-05
-5,56660230614519E-05
-4,13884950234025E-05
2,74242736979271E-05
-0,000159409863494556
-0,000344914512459465
2,28822064457666E-05
0,000311367185726634
0,00123826565981727
0,00109109976322971
-0,000225692798734517
0,000628196357997085
-0,000147098652317084
0,000242820190933703
-0,000136276752772742
0,000547862907398727
-0,000105580451876568
0,000342608023459589
-0,000966791119528148
0,00183524160495724
0,00188782240513257
0,000576474060793834
-0,000973580986451283
0,00213582415424402
0,000568094319288899
-0,000221974916577748
-6,3024783672394E-05
7,41772800132284E-06
-0,000156563783486399
0,00044688709513732
-0,000244616775817395
-0,00116149181983476
0,00218746927580583
-0,0039901281526004
0,245340748371947
0,969415863292639
