0,999978018606397
-2,80041510615786E-05
4,53014790406222E-05
-0,00652821465343427
8,62391694437466E-05
-3,68256338708703E-05
5,460496706756E-06
-1,47595358318112E-05
8,37892580748627E-05
-2,78583329617871E-05
9,4446146129078E-05
-1,9332555587071E-05
0,000523410683821101
-0,000160559224804823
-0,000111004078567481
-0,000565386186583393
5,31639252180624E-05
-0,000297878577051488
5,93644763739381E-05
-0,00016584987216919
1,18332622662822E-05
-0,000116707377729432
2,56190047237508E-05
-0,000176888734989788
7,95700732566094E-05
-4,1247238083867E-07
3,1625605746883E-05
-6,71158825694371E-05
1,56925791662966E-05
-4,43445331139222E-05
7,83754989248145E-05
-2,26311786008646E-05
2,12680046269584E-05
-4,52808283863904E-05
1,21834292701632E-05
-0,000123840656108753
5,49754384754443E-05
-0,000108865675334237
8,64963723570162E-05
-4,06277609454181E-05
8,87239922616892E-05
-0,000107781980147008
1,36015080083463E-05
-6,82633447198767E-05
6,37169641376445E-06
-1,43308273387526E-05
2,60938571619099E-05
-2,78906988704486E-05
0,000169814125272257
-5,08444152448723E-05
9,65980610077847E-05
-7,6767944246354E-05
0,000107586342724775
-0,000115772360266067
6,29877912255744E-05
-4,11375004105101E-05
4,50837130276913E-05
-2,09139411326709E-05
0,000416613121880522
-0,000363452772852738
0,000202805321367188
-1,5796880719709E-05
1,39308507130783E-05
-2,11726843360025E-06
7,92803375756311E-09
0,995664049931102
0,000155127791519305
-0,0104701178018608
-0,000429805072939068
0,000100375463915022
-0,000355933105919828
0,000779487112517703
0,00443157714999889
0,0119423379931441
0,000266517315401306
-0,00350965470113031
-0,00207266106411089
-0,0101159894831194
-0,00423693278034578
0,00908648745574895
-0,0129414157261005
0,00525277275731367
-0,00166577438777816
0,00747576719805493
-0,00321470599262467
0,00521548718724405
0,0390528404685405
0,0179682393155655
0,0013089836110683
-0,00143201201026254
-0,0153589908749203
-0,0299437273660847
0,00157294466178477
-0,00467825856667389
-0,0036824671047834
0,0198539273865927
-0,00850296976516706
0,00315124018302421
-0,0144288977803028
0,00276225448719556
-0,00356357877905969
-0,0114084611816255
-0,0324399999994477
0,00617771877703994
-0,0127512048508002
0,00905889109217479
-0,0128180961206175
-0,013066235848642
0,00805168472880625
0,00967471931983232
-0,00449414973104669
-0,00843764520882628
0,0025795309448418
0,00064656946619884
-0,00233197300541138
0,0119788148573123
-0,00628050579072549
-0,00113428476342851
0,00120370530464169
0,00520601012752006
-0,00411898350407031
0,00197468276397079
-0,0296588090018375
0,0281134821866978
-0,0131714225181881
0,00119568557124261
-0,00102778167883265
0,000153921535810797
1,74461739931027E-08
3,4204984411577E-05
-0,986816727458591
-0,0101758190060376
-0,0406260120020949
0,00305945200114557
-0,012214963066855
-0,00636889142971796
0,0180475092828456
0,0162152920319726
-0,0633412978499892
0,0595549961532487
0,00391608469787435
0,0145817321402062
0,0165145980762192
4,80484349379513E-05
-0,0204058192069382
0,00526770073145678
0,0096800596598945
0,0197305624431121
-0,0066898236696965
0,00215437374750252
-0,0116879492353511
0,0158353568666206
0,00679982267214075
0,0189962279324993
-0,0237386530908883
-0,0208875075289026
0,0456444385922967
0,00192386450756917
0,0365636732327726
-0,0225393711934899
0,00678022187669928
-0,0315387394346148
0,0431201101376153
0,00418509795335282
4,24056376810488E-06
0,0205523184790423
0,00219984152112361
-0,000950783219113769
0,010740599725191
-0,00410602673172348
-0,00434863938787385
0,0147548838749998
0,0102276277612264
0,0204550527083814
-0,00775532636822208
0,000827014306153696
-0,00234907814978238
-0,00318400807769641
0,00679854076762452
0,0306350301724668
-0,0353188311103798
0,00418211680136321
-0,0186152105889664
0,0354677779462605
0,0189522555924412
0,0133834157646528
0,00733504063286244
0,00655487127151153
0,00868135326544606
-0,00310980345514409
0,000487762985468387
9,23653316861139E-05
0,00662818640343139
0,0041329378337846
-0,00647567041146632
0,984641774682007
-0,0136398787815313
0,00556800902234959
-0,0011912494062207
0,00270905447482657
0,00585574243245417
0,00393952367713416
-0,0143859952054492
0,00102121824903873
-0,0788096564902274
0,0210508738050868
0,0143925414819603
0,0874588896297522
-0,0089040169595998
0,0441681490735666
-0,00439397119476329
0,0264840911260536
0,00879839035586885
0,0204308378071983
-0,00320097618967828
0,0214819437269648
-0,0057111989453902
0,0026142222377314
-0,00370692038027735
0,00909417037526454
-0,00287645104565933
0,00524681433491873
-0,00846969994755851
0,00284134492140148
-0,00212820908468104
0,00958373629947528
0,000897030305447297
0,0215211421200883
-0,00458851916877089
0,0141388179873755
-0,0146086175959286
0,0035485709944952
-0,0130470768833394
0,0146819463629186
-0,00125499012927859
0,0112152244300845
-0,00210412192709679
0,00325749481477333
-0,00370928307750829
0,00214506614303591
-0,0258938628909399
0,00891831730626778
-0,0137295590030277
0,0103935332530872
-0,0172698278763161
0,0170228489202498
-0,00993972967752832
0,00668220412019295
-0,00682264388646613
0,00306129019518997
-0,0633385204612863
0,0552921815761562
-0,0307849671050059
0,00240196095046657
-0,00210919441885108
0,000322135305929417
1,24371738689266E-08
6,72079018078035E-05
-0,0172714353587609
0,00871021953817215
0,967051232801458
0,000910010055380722
4,14064911091583E-05
0,00254021814462455
0,039643918248345
0,0435767169559662
-0,112323090583598
0,116736967710497
-0,0115376918143363
-0,0113690642725545
0,0471343755308832
-0,0189507383070486
-0,0339640614090267
0,0261084032146538
0,0491275420917405
0,0428366909147437
0,00219340088171324
-0,0144873944283338
0,0649589603205571
0,0465256637234649
-0,00980578634375977
-0,0173171385239789
-0,0175076951110693
-0,0311071960024883
0,00378897053630037
-0,00927153884152735
0,0181708710007621
-0,0818149688474194
0,0584036638135828
0,0291901748277655
0,0414217557992085
0,00170015002834676
0,00390041064148708
0,0318498263463396
0,0424884361577239
0,0118627817380252
-0,00155657152092365
-0,00336818406549975
-0,00518116814830639
0,0198253886362356
-0,0152950827326198
-0,0121761095981778
0,00958029737013973
0,0026552202999047
-0,00142640173075751
-0,00333210205378779
-0,00988433752593631
-0,00920203527667914
0,0163361753292343
0,00436057525226878
-0,00318670888844275
-0,00173177945213533
-0,000496588315205065
0,000450073743770267
-0,00408576649979965
-0,000844912150294316
-0,00326113564342022
0,000731958857140285
-0,000192843054325589
-5,02238907101573E-06
2,07736631920401E-10
1,01727767106798E-05
-0,00134421897175717
0,0032096010671448
0,000682343580331537
-0,992355463276047
-0,0118438518904975
0,00426066426517035
0,000532681600483702
0,0405792988230126
0,00620889252826154
-0,00734784029019924
-0,0207284816772216
0,00866532038680165
0,0099498729574657
0,0206003358306188
0,0100845555212744
0,00608381741783578
0,000774332828004102
0,00121667910167117
0,00157705061896775
0,00380099442747594
-0,0051373673467706
-0,00195583916012724
0,000568655601729298
0,00427338349972499
-0,0168359693203241
0,00682139179792336
7,44473553265945E-05
-0,00393407090009474
0,00758606718970635
0,00346309995624029
0,00326203532178195
-0,0100790884594513
0,015079395466983
-0,0648626230290037
0,0435771369546422
0,0103214197903602
-0,0113081413670565
-0,00273329373187575
0,00312151198740634
0,0135691629200426
-0,00506363610320538
0,00807993834799817
0,00959307073590844
-0,00367639643759497
0,000752674721367778
-0,00249667932037217
0,0212531214913844
-0,0012092815447595
0,000113090016087032
-0,00162564456527812
2,99353554099278E-05
0,00063652084363035
-0,0064944926562244
-0,000658827172312456
-0,0150753997958924
0,0241306402402157
0,0389399353979065
0,0188084228939938
-0,0352246632158198
-0,000663124181483664
-0,0126828510711788
0,00227412816664152
2,09595258520388E-09
2,05962186516043E-06
-0,00301667027766449
6,24136663163557E-06
-0,000361108306939382
-0,00449931711125345
0,854025468317366
0,495062535141732
-0,00412036827632653
-0,00729302907087325
0,00693123973064173
0,00321037492521702
-0,00330914965147866
-0,00791938391968557
-0,00780906694000341
0,000862159244490473
-0,00168966051941498
0,00281506747580314
-0,00175303659598284
-0,00254469936440155
0,00308766081281651
0,00167314920458004
0,0013285965767698
-0,00526997526683587
0,00363123451238746
0,0263182766826815
-0,0778965492109394
0,0236340188594983
0,0116049830454367
-0,00487954346459473
0,0382549016207275
0,0108688102791731
0,0124997976669326
-0,0401724798694718
0,0269459480469711
-0,0119864615784759
-0,000724772990334356
-0,0203509177676501
0,0138196994242292
0,00117707828346509
0,019563932331894
0,0169345206598418
0,000584249150910721
0,0112009456677685
0,0116436997238587
0,0196342419782183
-0,0106621528771499
-0,00214395883443064
-0,00467829884595222
-0,0114243334677246
-0,00144765364187103
0,02111225203625
0,0178178861469831
0,00855915766699602
-0,0555604426080627
0,067909404795057
0,044265921359486
0,0203284154283639
0,0109162619529925
0,0116160364643586
0,0106961820201403
-0,00358443678783799
0,000639163863736584
0,000114343748607849
2,09343238613595E-09
5,9766467527052E-06
-0,000120241666046661
0,000148506156600361
4,78379167375603E-06
-0,00358248773299843
0,470468993333002
-0,806510714746808
0,0329608725290704
0,0462329725150138
-0,0739415267123897
-0,045935007166293
0,0184679251381852
0,0303853191311768
-0,0099499524670239
0,0817653082009704
0,0134527188502668
-0,0638937505796929
-0,0347762971222872
-0,019200704387332
-0,0510287545182486
0,0724178513399027
0,0146528853152128
-0,0301063023041371
-0,0315026026291513
-0,00810059277169836
-0,13547630245265
0,0285750483000972
-0,0544885205262167
-0,0218392522655426
-0,0226913638656294
-0,00527597480049077
0,0604988912400272
0,0120084742019277
-0,0255865617364238
0,0215330177233106
0,0461037103676141
0,0840768310225729
-0,0521204353854676
-0,0546343180355514
0,0267705923946047
-0,13913087932098
-0,00910818725014873
-0,0240722505634126
0,0148103054671374
-0,0257546624695739
0,0155163197443667
0,00904022997580076
-0,00867420318313325
-0,037824830871485
0,046958796643081
-0,053450911061619
-0,0109447867454461
-0,0223305946248051
0,0767863519364421
0,0417360212917047
-0,0877335570886906
0,059483301028489
-0,012691160147207
-0,00792802715822836
0,0471571296016727
-0,00597762397313468
0,00218148089177827
-0,000140972489408601
7,67310260725566E-05
0,00221875737275244
-0,000320974045968366
-2,09730935635733E-05
0,00163822921180657
-2,03971677024043E-05
0,00198263888132437
-0,00947137147140726
-0,830197021423587
0,0435394500239748
-0,269878224988825
0,0528325083721935
-0,059149854698874
-0,205361923715218
0,0429446402876122
0,0860123582136541
-0,038040621463488
-0,0487681911351014
0,0663427678589501
-0,257159474370587
0,129571029255373
0,0719209107769247
0,060080875432681
-0,132866562386698
0,016768557129815
0,0812336453303801
0,00237186041447453
-0,00669898392952235
0,0490265667453593
0,0481763754139333
-0,0746801311427845
-0,020306092966452
-0,0257769524355437
0,0627046391511719
0,121097837494438
0,0148167671343016
0,0156993909911034
-0,066120187972393
-0,0476095059563721
0,0382873522183911
-0,0513070047058102
-0,04850256181737
0,0165122608166446
0,00604153145548451
0,0309829851781655
-0,0106181363219681
0,0336892737446049
-1,93136971307765E-05
0,00588647447030184
0,0624775732201405
0,00641452663857808
-0,0188623456572059
-0,0200642473176009
0,0486799345095782
-0,00290116336224984
0,00447849066457914
0,0138280801602227
-0,00604509841634973
0,0138700043210133
0,00232338002432486
0,0065020909031379
-0,00823267135070805
0,00205414026122156
0,000113844236323419
6,40191583800855E-11
0,000584384438167694
-6,04729779803954E-05
0,000445994772370682
0,00224071335792748
-0,043982766263807
0,00622024308267359
-0,0227276969960077
-0,00123172277119839
-0,935763260158218
-0,160267248864832
0,102322430647022
0,0333568777490542
0,0333629830231093
-0,00940391224463885
-0,00465370462734483
-0,0625321777569293
0,0544251645026437
-0,00340742469613003
0,0153316192947662
-0,0139431619126013
0,0205548869214692
0,151014758813917
0,00932769484933438
0,0216540721607932
-0,0328006071477847
-0,0122704233127929
-0,0278928241185461
-0,0049584385407614
0,00244766587958293
-0,0100940971492172
0,0369492949046426
0,0019673529947614
-5,23183503162245E-05
-0,0126610856175657
0,0239988487100905
0,00866962688024432
-0,0127665783284348
-0,0188901191893588
0,00566375560801042
0,0476168028450565
-0,00378208341456858
-0,00828096818382726
-0,0285352155451404
0,00757682167595152
0,0449650290825952
0,0509181184750634
0,00463988549593344
-0,0400477187003011
0,0211634842610594
-0,0300655897579393
0,0241028899022171
0,0566889333541344
-0,0118392833179902
0,112892376330028
0,0387481040848968
-0,00970364700163926
-0,00130857349181356
0,0398071773819312
0,105120632505661
0,0721728112793391
-0,0209929809019958
0,00414990032274353
0,000430708465811088
3,35114957165512E-07
2,99854957058522E-05
-0,0825444554019722
0,0108508953622152
0,167451801861374
0,00053683302683012
0,000178031672840794
-0,00809960154091604
-0,15232167773202
-0,124012924587197
0,530371793784487
-0,573208516399287
0,124221426733614
0,12370643936497
-0,212923412789306
0,121638707548548
-0,0798218730666169
0,0395479338561754
-0,141925150749934
-0,145851251373686
0,0340890465652148
0,115714157948587
0,099105588513097
-0,163617427038809
0,0923471601216148
0,0567050959684086
0,0376536184877653
-0,0310914131559151
0,0579026760515601
-0,0692323876909986
-0,0103497960358953
0,0904157961055288
-0,0463859087681348
0,0613328102543541
0,136783824282705
0,0371445452963638
-0,00491523345141827
0,157680202570106
0,0794902572682383
-0,0247878751379582
-0,0424240065545746
0,0882576260516395
0,112188002985343
-0,104621400599048
0,0290323063198253
-0,0409323155896913
-0,00369707068383584
0,013146169083488
0,00667335301155133
0,0154384710714117
0,00836419568237968
7,23106972464129E-05
0,0133117066702097
0,0154777501292247
-0,0113242805186892
0,00064517908155828
0,00193449769548874
-0,00553196125750719
-0,000340718106123761
0,00439593681695752
-1,48551638692616E-05
-0,000446935797702865
0,000405177819945992
-4,09732528048628E-05
1,86991685933785E-12
7,02289236940319E-07
-5,42913421475835E-07
0,000110551750324039
-8,92468695423227E-08
-4,53105072097329E-05
0,000724104867774298
-0,00318800967171995
-0,0150496216126724
-0,00359636713605107
0,159449213481483
0,208223170335758
0,485543295865969
-0,204850118612445
0,105020330015071
0,449249859090226
0,380880513500466
0,333135479981133
0,150337916256204
0,0355505535794094
-0,0689156101027305
0,0891193393511921
-0,0258876523273098
-0,00163355178812519
0,0330866528801274
-0,00535315355640446
0,0148259610413018
0,00258321514528327
-0,00015259654612518
-0,000892577919504985
0,00191947432094525
-0,00731236625547437
-0,000842194094180712
-0,0292223451982685
-0,0105353713313481
0,0627055678823996
-0,127622554300861
-0,0210209635993322
0,0633864753917353
-0,000605761673469817
0,0280291254535898
-0,0154279041498843
-0,00418244862358143
-0,0119191095814753
0,0633502726256254
0,0421835797775869
0,104966471610577
0,00955516472817901
0,311168337820978
-0,0488902193334659
-0,032291385597624
-0,00589962435046406
0,00404946195936154
-0,00296718883505879
0,0350434738554145
0,0172760364868259
0,00854186108536824
0,00428723923528276
-0,00658025196492098
2,54748274569423E-05
-0,000791819797300734
0,000570814532303943
0,000496989155402645
-0,000113232289383688
1,75250665647178E-08
8,66915374304673E-05
-2,60147070634293E-05
5,4157971968015E-05
0,000163008129966558
-0,000234104162462269
0,0100519332849336
-0,028455225770972
-0,0862803082115412
-0,0205958166561512
0,487174007768888
0,546168080367531
0,00541896465751485
0,119843609948568
0,125101655878987
0,173933458337765
-0,193291927430828
-0,264947607323433
-0,242457158389185
-0,0178048175341936
0,189052172976032
-0,163706978851509
0,0743590649672082
0,0123674564688309
-0,114660099171847
0,0306130165315089
0,0232614722979767
-0,0123980283227108
-0,023400019011785
-0,0276564756756463
0,0624660178200013
0,0422737698175025
0,0246065054535364
0,0753960664013954
0,0760542057032686
0,111678698699619
0,168935367863174
-0,112191849659557
-0,0360280389835579
-0,184925202813677
0,0286964054153258
-0,0362854617412224
0,00944758791428795
-0,00872212531388983
-0,0954237839028712
-0,01390512705625
-0,106821356779315
-0,071112039478187
0,0253027287369961
0,0597963045809237
0,0410824991651394
-0,0393938243082575
0,00836857747685561
0,0115564499586144
0,00321409315236059
0,0387622040591853
0,00145266740313708
-1,72149505606514E-05
0,00948337085183579
0,000477170378736572
-0,0105088291747864
-0,000948399830612065
-0,00257829929784537
0,000569664306571172
4,29500959439011E-06
0,000577543983217652
-0,000546013953117297
0,124075567626452
-0,00251202969981794
-0,0168332337443168
0,00258329448216808
-0,0078152799079741
-0,00880686651571489
0,0247006299133215
-0,00558821770834426
0,0733865616458042
0,608262136556286
-0,225398341275515
-0,265115586298001
-0,514374948588623
-0,214035827077716
-0,262808011479092
0,00626147100950348
-0,0663266111797391
-0,0617077830781391
-0,0559719550942646
0,000919623654553204
-0,00390880465042409
0,00457941001648411
-0,00942377776243908
-0,0530646785407533
-0,00055344311858908
0,00717335370804552
0,0181262171122965
-0,0251330890691277
-0,00262203295988781
-0,00586009695079049
0,0250569984110613
-0,00649088505011172
-0,0788119906459348
0,0760359192705103
0,0243227706351686
-0,0321889406723265
0,00051654721904718
-0,00544486439214028
-0,000882528475164661
0,0010683447157503
-0,00400221208758588
0,00826217193777506
0,0178872388900308
0,0378813185411791
-0,00595428643295541
0,266042903463709
-0,0322593521763999
-0,0225084042595658
-0,0123223956814495
0,00242117730598942
-0,00136439116405058
0,047144900576758
0,0329153687825542
0,0130863345471772
0,00533908796422664
-0,00561297107739979
0,000435369847162053
-0,00371068975343712
0,000344277967179649
3,38317848230551E-05
6,98601386052836E-07
4,42560227524986E-09
9,36284148486832E-05
-1,94468841116086E-06
-6,06108391881834E-06
4,35425506470325E-05
-2,36883524441859E-06
0,000699922825675369
-0,0030891087260443
-0,0282683242484995
0,0006596041769339
0,0719220021799391
0,123449416665805
-0,113346803823207
0,220548794832577
-0,418205228572027
-0,0492834402420079
0,145543461747158
-0,012339016743464
0,551721195905057
-0,0662330594385379
-0,183105685207679
0,203646063267443
0,0496555225270937
-0,0330696388054003
-0,423436465570292
0,0808930742981165
0,0560760693415363
-0,0340648330475866
0,0310412520126813
-0,0413352170037976
0,129835090502732
0,0562559313264594
-0,075030002079563
0,0898074333715332
0,0901373887874031
0,0723744671764553
0,0756654905046891
-0,0982364515629156
-0,0688699002388262
-0,158976141947957
0,0194413514941419
0,00426615802443983
0,0198378923787665
-0,000790726453002471
-0,105933685428648
-0,0475353542649684
-0,0900139740171208
0,00874343660144843
0,0248172673725472
-0,0115002109467822
-0,0680448503537248
0,113128669632351
0,0520954499283541
0,0318097792487651
0,00821200915426982
-0,0231640785902792
-0,0276761971972208
0,00669425527995245
0,00811121593749882
-0,0126616479042601
0,000560892384849955
0,000874895322106137
-0,0011381303667243
1,58059225962234E-05
7,66641999804269E-05
0,00211878570829824
-0,000579482927152482
0,000202206914463351
0,0407561323897754
-0,000178849201509868
0,000566642441037612
-0,00264266408913885
-0,116677714330628
0,0201109162013356
-0,0359820196985825
0,131298952204511
-0,0970990482425274
-0,00263645514375249
-0,205005817472994
-0,123957520648679
0,169628776414787
0,30055707556107
-0,567255047787546
-0,0967033982561424
-0,552916913899068
-0,0307384718284238
-0,0788234821371465
0,0122299210048439
-0,0697675935325874
-0,09623585648339
0,0205057314706127
0,0583670804138495
0,126234438819167
0,0476101635898822
-0,0158960763526483
-0,00528301716658479
-0,16244560883372
-0,00354689879794212
0,0526029340610343
0,0428402938484207
0,0387852711452598
-0,109844729528329
-0,0338894371548994
-0,0741284894325152
0,0192930616278017
0,0579212760160602
0,0056893970877767
0,0037633222297428
-0,0346654625887943
-0,0902997179493074
-0,119315433528984
-0,00743084401654057
0,0264754897073916
0,0273556852564732
0,0434104325217259
-0,0405543065793639
-0,0344943835594115
-0,0317097280919817
0,0788696593708359
0,0719861333371944
0,0279072151030939
0,01508982231889
0,016273962490793
0,012558129839611
-0,0235742402110518
-0,000413858042822318
-0,00664342032172262
0,00128999674325443
9,48751654062754E-05
8,03153067835887E-05
-0,00140352651709367
0,000221016614404646
0,0065498473203752
7,08934261264781E-06
0,0040142773647271
-0,00705193406596917
-0,393754537025098
-0,0164281595593333
0,0535497421352682
-0,182035780535514
0,140063707456216
0,244972107286676
0,16546383264249
0,00939046872539139
-0,0905429093326955
-0,0367627257074087
0,127951744066161
0,31997637501073
-0,206510271608596
-0,139946846995953
-0,0858725737461159
0,490496378548468
-0,122614565601663
-0,0606212447156289
-0,028757008451502
0,0334457486497115
-0,0226325455670449
0,0411757106422446
-0,0248535478061247
-0,057263470411637
-0,04566976454893
-0,182000313092837
-0,223741655507907
0,0375464052384952
0,123668556787651
0,0412200624528867
0,169772647828413
-0,0476206100638491
0,106900286517002
0,0801861427215488
-0,0532610433087713
-0,112982938625082
-0,0286774254656199
0,071057441973289
-0,126871037058775
-0,00215595789289342
0,00459615825160348
-0,151751869141735
0,133025991613614
-0,0189580100327444
0,0615014402557251
0,0266492824951354
0,0128318945674385
0,00377222333561291
-0,00346214949059624
-0,0135341086281734
0,00548333168433083
0,00375706916406326
-0,00235062393455437
0,0011527862265869
-0,000830412074135061
9,31438544384735E-05
9,1589860737194E-07
0,000517309778225581
-0,00412929974500277
0,0266271570699826
0,113616206292317
-0,00040385896040767
0,000378346958383289
-0,00205968374721022
-0,0135788465948511
-0,134601768847607
0,0849117410525425
-0,092188038949815
-0,0665967913365628
-0,0936442634145299
0,00644997197662776
0,00749167428253216
0,352711320473511
-0,351933476481807
-0,0231269652307084
-0,0843378503091593
0,0532467932859063
-0,0727272713959722
-0,496478571168018
-0,0155882437850086
-0,0111872564349861
-0,00135876626542005
-0,110507156768095
-0,462585449504979
0,0760228755165456
-0,0680648889607343
-0,0534719222453396
0,116354771990967
-0,186096157480706
-0,13903018689599
-0,117385223401522
-0,00935920205486909
-0,00270307408330566
-0,106534417717906
-0,128638940185076
-0,00519999676021684
0,0341340754636798
-0,0434494941789321
-0,0414249823598505
0,0572622312347824
0,0347708137367181
0,119917855771248
-0,0507072927243645
0,00673964160178697
0,0120515451723612
-0,00468250127611641
0,0469373381567417
0,0865188527995913
-0,19576525439819
-0,00379090158616838
0,0360675557427714
0,0143332080977745
-0,00182257616242339
0,00955224023078698
0,0437697095934387
-0,0222805622750877
0,0293810102978943
-0,00754512020685034
0,00190279355198605
1,86648461301286E-05
6,99264400480161E-09
0,000523697070305532
-8,97022784907275E-06
0,0027658188637698
-6,06098348508643E-05
1,0401894266638E-05
0,00415483502679429
-0,00641300334087256
-0,0129500657394944
0,00073802980085692
0,0190034399257483
0,010386083650813
0,070231947030765
0,265392733942117
0,260476821849224
-0,210488418967603
0,151718145210397
0,0902593476360881
0,0928927842100378
-0,230454620197849
-0,0513484631950126
-0,153109818112011
0,0592537091362472
-0,356791457172296
0,102415394066409
0,0194232827020405
0,0634192341669946
-0,0299320740605451
0,0394979413170533
-0,0493427998999055
0,0582766547374198
-0,116833163137321
0,0366513621259841
-0,0603054268371645
-0,0954742597530363
-0,0786300072382511
0,0472904799774607
-0,107482808952245
0,129905005657112
0,0918086425216154
0,0259935784893184
-0,20548625470512
0,138779161739997
-0,165120172653097
-0,257128483612604
0,156815650976222
-0,15521722414274
-0,0167707456937658
0,00625889420122884
-0,214681293981733
0,0488891269862692
-0,0093814908666968
-0,0498386923795135
0,0822217791347906
-0,00317028064944345
0,0678537071761061
-0,0790384457250249
0,0483273577443874
-0,266288292539779
0,293983907613092
-0,180550883238828
0,0133671043951968
-0,0109470757882708
0,00167024079382898
4,72684711027183E-09
1,81086840364652E-06
-0,00248182023009397
0,000921343332214266
0,00445755902035441
-0,000458208608128513
0,0144449453800136
-0,0406979452223543
-0,047364291728444
-0,0594727103419123
0,34440064079685
-0,0161582798801759
-0,223974387445181
-0,404651330937928
0,123761007276021
-0,291093567003116
-0,121502736252211
0,368394693274489
0,211088501254538
0,0149240710922512
0,0529418217595127
-0,133873888391687
-0,064980772962575
0,000530300885203731
-0,112811736639155
-0,10658557649175
-0,0577073864152318
0,0496627290055943
0,0419316954075244
-0,015404360849954
0,0640600573187522
-0,11159463483067
-0,0862157174035746
-0,129031923381503
0,0335215591214059
0,0271517803853116
0,00582896246011042
0,184585811129548
-0,150322219197962
-0,16437257344747
0,167102261023854
-0,289437316370786
-0,0879304347399502
-0,0200126394613206
0,179447917395416
0,0156583957037097
-0,0196036092874714
0,0177212977793962
-0,0297174677304961
0,0525784564304419
0,0190733873903286
-0,045041808641036
-0,0865716680091275
-0,00811775453071251
0,00970268275016252
-0,02657804239327
0,076991095620186
-0,0253804481936049
-0,0232459948586295
0,077227309477336
-0,0268950360401724
-0,00290854863946024
-0,00200666986198576
0,000682401699790021
8,52292683521147E-13
2,27241409320325E-05
-2,43880469311586E-07
6,02795058352252E-05
1,45852140044384E-05
-1,86699825018907E-05
0,00118502999708929
-0,00383529185031836
-0,00609825501364222
0,00179987272074675
0,0017861497675317
0,010527951105108
0,0359876226513776
0,0994078016476457
0,0109413812391136
-0,149271083907996
0,149138621346615
0,146886330080206
-0,129323968905106
-0,0604199040690507
0,362209687891397
0,22334141232014
-0,00351486341957373
0,298917596931169
-0,163525707906048
0,0844754333554836
-0,11047381155861
0,0147807772713371
0,0393276026137599
0,139789050691661
-0,0891908532787544
0,00820785115183586
-0,0461382654959134
0,0597065559260935
0,0486200150945944
-0,013726073380447
-0,00595764176484981
0,0376620992286539
-0,0941207059833523
0,052333301666978
-0,08517540413518
-0,0789898695046524
0,135923735328297
-0,149061501054745
-0,27302423446191
0,0893326259098133
-0,0238625005764035
0,273377916075526
0,0189947273331911
-0,114950289259299
-0,129082061694789
-0,159711829455647
-0,113224645829004
-0,446656229193854
-0,0279770388333164
0,0382337689204287
0,179201877520743
-0,0535185373686377
0,105818541424069
0,0536186658394925
-0,0520018615058851
0,0277143142849291
-0,0077502932838393
0,00014235768520968
3,45717782140861E-10
0,0735265269352109
-0,000448768943885189
-0,000309485407804741
0,00437915970253273
-0,00133024147536707
0,0004874838106064
-0,00164399725275144
0,00303156258818237
-0,159652278328562
-0,0135848741526123
-0,00416525496668767
0,00199366056757162
-0,0137843661301331
0,0112510018855106
0,0112198949303805
0,0700446089084411
-0,120688454201524
-0,00732629498535449
-0,0543141548418751
0,0364482605845419
-0,00919763771240503
-0,554531579981509
-0,0770150968160499
-0,133829339770001
0,0229608310560176
0,127049729585959
0,425464407393351
-0,0452290624989232
0,0429952613222345
-0,00478503011076038
-0,222415997361284
0,0978883572622087
0,0778584212556008
0,171117404064906
0,0406012370566229
0,0950864628040177
0,211158012873261
0,332185022976275
-0,0278566603546821
0,0635577862683526
-0,00479702519003412
0,134682248224564
0,223421494727495
-0,125106535288398
-0,0982715553745586
0,0689293958438377
0,0941676452021188
-0,00535424898707877
-0,00609377993172491
-0,0927529469232538
-0,105193008282066
-0,0401073410417419
0,119466156078283
-0,0462320582766234
-0,00199810520735678
0,0238042197313479
-0,0046979021005372
-0,0037799455575183
-0,0308704159366153
-0,0206555684224634
-0,000788385080561793
0,000625897622784772
-4,7718082090896E-05
1,10691848383007E-08
0,0082210608067961
-6,35445134143262E-06
-0,000208423884236538
0,000683511039463109
-4,33819791204533E-05
0,00650693727037933
-0,0191938437323283
-0,0991302433021127
0,00328905658494458
0,165986845540747
0,275556479225138
-0,14213057794913
0,243237404443803
-0,438350221495509
-0,059057520609936
0,113950609683706
0,030896207785453
0,166399265169371
0,0455113021560536
0,0401927112066354
-0,0679713491768884
-0,0645612908500451
0,0575981632156067
0,502453409808715
-0,0730202479253122
-0,0638359981547742
0,046736443819228
-0,0796703455818795
0,0527276146612924
-0,175070391846089
-0,090311781665249
0,0456969699562167
-0,0512459290188519
-0,025178321094396
0,00014137888404982
0,0635935960489426
0,00336695354624353
0,117312385711261
0,209517968957265
-0,0501682852989414
-0,0822989388476696
-0,0637479861720302
-0,0294846462472858
0,266932551216258
0,00320318452734565
0,112858176396003
0,0832080751108318
-0,0465538635897147
-0,0281063838112496
0,0970858976620968
-0,190242744172038
-0,0987832169903126
-0,0640961606710901
-0,0170070548991443
0,0472643728052059
0,0581322170668074
-0,0142431403185152
-0,0168066909932005
0,0271825874012715
-0,00184839409164838
-0,00196662133656655
0,00227620466796721
-9,8984278153259E-05
9,85520598396495E-09
1,83462667171716E-06
-0,00160474899459207
0,000338458318939424
0,00705019471015591
1,86487539917748E-05
0,000310474145131228
-0,00147418984636712
-0,0648964163998282
-0,0308069025529407
0,126060873976636
-0,160743707899355
0,0716850000566359
0,107639374000683
-0,0434208530723352
0,0511579893941381
-0,0606236688074723
0,00496763134461685
-0,0402402030629296
0,0438925988465788
-0,0632882149898921
0,022451705399841
-0,00516914112059216
0,139003656092535
0,00656054784227116
0,040569093820604
0,0580794643540377
0,00836231781453199
0,17018711800294
0,00887917398560424
0,153200856986264
-0,392724123508865
0,310981171664772
0,0206307932295813
-0,160890810499641
-0,109513068730523
-0,0545152940366588
-0,410711614268531
-0,316482141427377
0,0889149865998484
0,0438525091357434
-0,230756674028589
0,173598955933925
0,344981242546012
0,0262724509780721
-0,0368383686753488
0,141398276393793
-0,0337635121956909
-0,0232942911378702
0,106728745235562
-0,162573589847418
0,00864195957087731
-0,0824425860090409
-0,0303242939739942
0,0053773228240218
0,000714197395075738
-0,00358496503787854
0,0170609342001989
0,000566658688949757
-0,00148998608741429
0,0107955902275583
-0,000827357287291263
0,00063066585297185
-8,74899647393968E-05
1,25736848212135E-09
3,01940957948275E-06
-0,0724105955695804
-0,000685480414225076
-0,00304270742317234
-0,0246846754239036
0,128928881726151
0,0894296120378623
0,000279229179873616
0,00466445580809764
-0,00139613986971836
0,00476082529155499
-0,00232472487536537
-0,0125144866967991
-0,00531027677688133
-0,0103183201352803
0,00359379588293289
0,00962044582232656
-0,000227320184445205
0,0123007124749018
0,0303396852230124
-8,19857265573372E-05
0,00827484683948117
0,0200231309361363
-0,0199128908133056
-0,134657761572152
0,455512352023708
-0,145620247501936
-0,0389330488940021
0,0382062237814531
-0,218519693872849
-0,0836924680304454
-0,0608213271250589
0,22192902807464
-0,216854034768923
0,0959089605836156
0,0473641539478416
0,116943653154007
-0,0602427500112299
-0,0211224906423172
-0,0855100068607662
-0,0886478528413
0,000748746018446842
-0,0552963492233829
-0,0803465417629033
-0,112045548080541
0,0493802629559701
0,0128877172471837
0,0278034683669516
0,0331843641518777
0,0343184963246329
-0,150804729984869
-0,108577076046929
-0,0458859868245679
0,37143529446545
-0,442078772793322
-0,293070686008955
-0,13891928309711
-0,0671589938912387
-0,0734685570509393
-0,0695621542001421
0,0227433865697409
-0,00416093814898541
-0,000707256729008285
3,84674623557623E-07
8,36012307270294E-05
-0,00120774261592392
0,0114610256044154
0,00168094201082174
9,38181333917065E-05
0,000352466565603144
-0,00181772231289549
-0,0109611812982847
-0,0252422937021627
0,0652292930089376
-0,0228531979570348
-0,096833428606774
-0,146108770479337
0,0807254593571121
-0,098680660244497
0,372991738875472
-0,320299610525103
-0,0111167147861607
0,136312103093115
-0,0992972570315362
0,0544770068844401
0,314855901152214
0,101131580840792
0,137857175423316
0,172853923381634
0,0593012883780668
0,244313293152164
0,22472240649583
0,0753392760273194
0,0376155403889165
-0,0505942374870586
-0,00872277346235607
0,300091958415366
-0,0834785541658838
-0,117991789248286
-0,075862006976662
0,0948350248988123
0,158575606552628
-0,170666236825352
0,105922240511588
-0,0415308427960797
-8,55629430154108E-06
-0,0527481095436243
0,160819691713786
0,226398618020147
-0,198443679961151
0,0730076860155958
0,00287627352324333
0,194356104396896
-0,0705053953058045
0,0604342066624394
-0,159574332377561
-0,0116294452303673
0,00630282439248128
0,0240063692303035
-0,0358339632441961
0,0214156426866875
-0,014764915693669
-0,016280894409308
-0,00702855770490927
-0,00160772063651541
-0,000566297220366941
0,000163604085601046
2,00520893257016E-09
3,08077265171095E-07
-2,42656404549899E-05
1,68835168054022E-05
9,99618943390472E-05
-1,57151362985448E-05
0,00141881365808444
-0,00512481090403885
-0,0127971171775415
-0,00988866624022138
0,100922770123024
0,0555962132303138
-0,0713123621859049
-0,0940549531812199
0,127396337719207
-0,106814860261015
-0,102285657174332
0,024687701962322
0,0453125144304439
0,0626398558485656
-0,107645825207822
0,424955970778953
-0,119336414811477
-0,0665713632834759
0,0818946500087187
-0,086395461839006
-0,0162280486714576
-0,0829655976633153
0,114340295633867
0,0516509388202143
-0,0578972059938679
0,0885772493660393
0,304025144656147
-0,243567443829265
-0,186451964845399
0,0329387119050456
0,172359325841046
-0,109710497544215
0,256020728384447
-0,0560630939215793
-0,25815206623588
-0,00779876474339693
-0,0784933636701466
-0,244823886161133
-0,144146107227713
-0,114148092158229
0,0141323418601627
0,00535425255204811
0,0475734464081024
0,37102786976915
-0,176477687648988
0,0435317356874977
-0,0771200522924824
-0,00319573234791247
-0,0271649701794785
0,119905316559656
-0,0818604765398857
0,00776342317587894
0,0108099509802586
-0,0539480407529047
0,00189453628589437
-0,000434073490154471
-0,000250366180761297
2,59782006370492E-05
3,82676273346456E-09
0,00236738056003389
-3,24504262437713E-06
-1,22581909242476E-05
0,000531304225044403
-1,93159187323854E-05
0,00113092639983869
-0,00395837220523935
-0,0296957048452916
0,00410060950689222
0,00753074286082221
0,0409187564450026
0,00414965478234656
0,104095021990588
-0,0799086155332779
-0,141175826560604
0,157435795982081
0,16345477685255
-0,158050202886782
0,016832612674076
0,225955567627909
0,151064626259531
-0,0530886980989452
0,20722141104711
0,0382893859862847
-0,0212972500154681
-0,0887518074470539
0,0262511234103761
-0,0357620998996047
0,0322903974883101
0,0696767078021675
0,0787988849744029
-0,016089363072642
0,098791930979875
-0,0543550571624356
0,0208729360548686
0,0392611393584597
0,169883175273483
-0,0444109287504916
0,194509167184429
-0,125110487488099
-0,323287385225646
0,0728619896720856
0,0512621155960834
-0,0891821922994559
0,12559662311351
-0,127677972621987
-0,244360962661541
0,111737451621927
0,131875237466952
0,0872852412014233
0,249446871298695
0,230110273556678
0,488641043036339
-0,0325314399249886
-0,116570275619437
-0,0287079223238255
-0,0460504954759373
0,10813876751451
-0,0467509906351841
0,061570244254353
-0,0396130881463392
0,0130741067128674
-0,000391536987187403
4,81034455756393E-05
0,000306816452216865
-4,7287268003609E-05
0,00161192155024628
0,00022243063045754
-0,000100299662559808
0,035402669936748
-0,0179740950328929
-0,0767544654565535
-0,00482721657378909
0,086481166749689
0,029353173036161
0,0944524350903826
0,341269544460667
0,370652162087204
-0,180809257234058
0,0381976344737174
-0,0190750936839577
0,127248671627163
-0,0141307872147342
-0,246516374934289
-0,133365063477427
-0,0686916670822829
0,0735061915875894
0,030050930888747
-0,0953033663581095
-0,0392980170798819
0,0224680051547453
-0,133297446645811
-0,0162716597446091
-0,105563853971168
0,25035121938678
-0,0920784726019625
0,169007070723834
0,307124551123547
-0,0749353164280861
-0,250844017599253
0,0837734985311251
-0,169326927860698
0,0661424575827308
-0,197826397561888
-0,0557720982321114
-0,0221249327526248
0,0635468069063178
0,0717896017174381
-0,119723907536339
0,180629586278211
0,0481287469693218
0,00170273519650382
0,278887210570488
-0,211435595906155
0,0464306399773856
-0,102484850496616
-0,0112043775977721
-0,0202722783349431
-0,0116342395873969
0,00732076781908631
0,0265791487487722
-0,00765517360456834
-0,00869803882229376
0,00553668876871637
-0,00231708458156336
0,0016104423596121
-0,000191745826096633
1,78453804423941E-09
0,00431943527363262
2,00842168928085E-07
-0,000114884479026364
1,3528120260568E-05
8,22284881165428E-07
0,000223452772706965
-0,000963990138341522
-0,0237949614669223
0,00232072631914782
0,00510767962991813
0,0240037799406481
-0,0190438568170711
0,0204139132312576
-0,056317823921814
-0,00262978640726359
0,0137904490005032
0,00328745940945226
0,0357594781942646
-0,00552062153071667
0,0191431772890502
-0,00947670919147178
-0,00121492431740979
0,00553934590307414
0,194217058158619
-0,0202911818347644
-0,0403404988513585
0,00790372566719245
-0,046005657236763
0,0571381510167851
-0,229927512465296
-0,105027305035305
0,0600766699298692
-0,141129389868904
0,0506584043994434
-0,0611374104327115
-0,185300564590893
0,0653475182749835
-0,126598691197897
-0,292466296845974
0,0997053869635438
0,0835316542270946
0,0513524888943515
0,0353551397172049
-0,230972467427606
-0,00436199910135109
-0,0865886744790388
-0,0450662480774281
0,025143963991768
0,012222010685253
-0,0475134756732046
0,0956795015205509
0,0506778203530338
0,0792556595570922
0,0161154588360619
-0,0175196779907927
-0,0296953621904412
0,00965040026667624
0,0614747291969483
0,0311402075596145
0,124948198765191
0,75001620853968
-0,156136093573461
-0,0140674318557452
5,15071090716505E-13
6,15371092206468E-08
-2,01076437873244E-06
7,47007396068669E-06
0,000156851159541072
-0,000160287447887054
0,000196189063534043
-0,000710381527268704
-0,00133265897486156
-0,00119740952815864
0,0085628314377213
0,00655935571920918
-0,00871727700480721
-0,0170297687041168
0,0103226914763238
-0,0241727182675033
-0,00695254287441989
0,0228396028639047
-0,0144377591897232
0,0118173644130319
-0,0567463403360043
0,025406110509238
-0,0319921653040837
0,0269700771862133
0,0282700843736111
0,378947819073298
0,0898741045222766
-0,0909291354240538
-0,240175500245889
-0,0355657618198166
-0,0541839560846277
0,0421769477357873
0,154714829916011
-0,00528893217062608
0,0280440620755758
0,089109652599674
0,0211430614180895
0,0622896125981985
-0,0877710366034303
0,315968997229532
0,462345308785075
0,00261541287459477
-0,043392194275541
-0,148898701962376
-0,0381298245292517
-0,122543266654081
-0,0999366608407556
0,0131091573936421
-0,0102213685548084
0,157106385488928
-0,0794399291337788
0,0736213349547287
0,00200522949125409
0,0474452143826068
0,267913255485601
0,128851774159343
0,211140684933284
0,0861763982235954
-0,0384249869929518
-0,23376277893004
-0,343715286341834
0,0575100799615239
-0,0459371143458687
0,00516049902484092
1,16261329132784E-09
0,000290957545060546
-0,0638301380712545
0,000790867328572299
0,1415991447455
0,000332839129087769
-0,000770175505470666
-0,000606983379177982
-0,00194586643054754
-0,0164572372114181
0,036817537683646
-0,0478543796758116
0,022492845434896
0,0186173899421903
-0,0183533225505994
0,0282782903444076
-0,0235253197485494
-0,0309935104443506
0,0169491454283961
-0,0361626020971277
0,081505214244984
0,0454095433883183
-0,128952093478053
-0,139852788318505
0,00238820830225275
0,0594650907382087
0,150552459759979
0,579370089461377
-0,163871641776179
0,171062014709634
-0,0642294002767817
0,381918552788089
-0,182590792195932
-0,156162396326271
-0,356680207749896
-0,060018966336969
-0,0423357730395087
-0,267750737052357
-0,269192242972819
-0,0208786194359168
0,0187927504669577
-0,043667997167702
-0,0452685091153608
-0,0684053771248459
0,0626967616386726
0,0338139442978796
-0,0226974786534175
-0,036032181483768
-0,00410507064149253
0,00809378700693615
0,0195619850012166
0,0107556334777592
0,0270400332289469
-0,0380047071433347
0,00840493322911207
-0,00237762610703161
0,00250570386064108
-0,00417720889251002
-0,00312686132211388
0,0174672909314862
0,00098456353890722
0,000931600896393402
-0,000502162973061419
5,72785267072682E-05
3,47125873284132E-07
8,07699391738217E-05
-0,000701440482007444
0,010042828212439
0,00159656255644584
8,00482046099879E-05
0,000185255998440079
-0,000981626068698511
-0,00479001794971604
-0,0174909603809764
0,03335313323247
-0,0217104057716415
-0,0562673190720559
-0,0844424009828759
0,0333653390978288
-0,0432682702239958
0,238912375980587
-0,19502958583471
-0,0037087734374657
0,0232176390073536
-0,0373429842589616
-0,0400953729802267
0,140059262064809
0,091061623952692
0,0714868435323344
0,0367529692075172
0,055849219057784
0,0554819770371328
0,116077974929234
0,162446164800445
0,14754489951588
0,0592491040370242
0,0611619544685566
-0,0929185757815651
0,0146083740515926
0,0472268222611877
0,0479663994033131
0,0891986826116738
-0,0599754018045967
-0,0247346852481662
0,00482616344068827
-0,0629148867781303
-0,01172931278342
-0,150589601086679
-0,180548462246665
-0,515465714899218
0,406805299256067
-0,227810641280099
-0,0192689948823051
-0,208109847802996
0,165446814313534
0,149897565326457
-0,0942003863194674
0,0323790840883233
-0,0358937216284194
-0,0387621691016275
0,230451197833437
-0,133027198547119
0,0412138348966177
0,170343599959696
-0,0263884733569213
-0,00976138148012961
-0,000377120301528743
0,000903122850010362
1,84675834202245E-09
9,81403189948889E-07
-2,04997618597977E-05
2,19383462078101E-05
7,06108899713877E-05
-0,000200066622736124
0,0137175675254318
-0,0317120844338755
-0,00564667702522201
-0,00342802219126419
0,0430274630110199
0,00700048383584802
-0,0350348411569213
-0,0463436966728316
0,0629814880638696
-0,0728668220092208
-0,0416604521547019
0,0871698337279532
0,080752126140728
0,0225058754049546
-0,0374044484896806
0,0150981926337748
-0,114144822408086
0,00989441842005439
0,0310296775715514
-0,10736353242013
0,0192969474414932
-0,0398673220828023
0,32320675347995
0,158073771303605
-0,162490537355795
0,478003191718583
0,495953170936479
0,223389288304283
0,121513886056033
0,0259114136071118
-0,0110008438611415
-0,0815722846694047
-0,0194349087223887
0,0287108932687744
0,164829373328845
0,0845113513944714
0,0780375679983045
0,18107577390146
0,0641449951114758
0,0817614507966814
-0,127314769021938
-0,0177158772091432
-0,00929466041476212
-0,259731742988975
0,153133357393826
-0,0491121155613596
0,0530859206665127
0,00244221367961121
0,0140483007854606
-0,033833851359866
-0,01658701527476
-0,176971227681499
0,023041650891103
0,0136643648459563
-0,067097792299
0,00995945033657137
-0,00417633392066499
0,000321055398268603
2,64911458201174E-10
9,26653778821929E-05
-0,000619620750692135
0,00135863802800336
-2,61980156245764E-05
-0,0173441224877357
0,116521505436519
-0,189874307613065
2,20023138265875E-05
0,0148846662552739
-0,0145376980247686
-0,00928923087129351
0,0428987953953891
-0,0265598476730765
-0,0355003882917172
-0,0582022031154664
0,0377779528763431
-0,0329047119535376
-0,0336831118133333
0,0326991208378842
0,0685448398318932
0,0246687372955811
0,05241744276722
0,0363975193445254
-0,0389865027889125
-0,178609540519586
0,518912891233934
-0,116248018876482
-0,148457997413264
-0,0290494223922209
-0,0313314872995384
-0,0466725636694361
-0,00954218703613748
-0,171843057561539
0,130996469530055
-0,0083759289980394
-0,0994734809192852
-0,161290584887067
0,13879095967281
0,0172175160131974
-0,0258201531996556
0,100252166615101
-0,012154310043234
0,064227236389352
0,115125012074581
0,128926104373814
-0,159010273279282
-0,00710195029419685
-0,0232936888825599
0,130391598286675
-0,0795369171214502
0,110202910712394
0,0281416451820971
0,0367083377001345
-0,165090330429761
-0,0687082664129938
0,427991118689688
-0,28228575628977
0,0888936085226791
0,251904219738556
-0,0950437846532428
-0,0100219305721974
-0,00239344569722453
0,00155522186292629
4,01713490532516E-09
0,000314053643730623
-6,16002720282813E-06
0,00165129433153008
-2,84911359190727E-05
-6,75815113578748E-05
0,0171722310800568
-0,0384257416547393
-0,0096265582329108
0,00459463224493981
0,00794969717174848
0,00922280434626775
0,0721006461924506
0,244076015118693
0,184641340486707
-0,226586719344047
0,198814510083786
0,144969197235662
-0,0180555799418907
-0,215430419799983
0,185072850117745
0,0432023957933133
0,0512767978676682
-0,0972803792801693
-0,0420310848089321
0,0831348535152628
-0,0888682380532431
-0,00340398136483376
0,0546868094014982
0,072306477920085
-0,0389735702876482
-0,165393182109749
0,061506288911552
0,0125141067049027
-0,258720687987443
0,235826518251707
0,23933138416669
0,114639979646528
-0,125957615208651
-0,125287794967762
0,0283236046196942
0,471488885114576
-0,179680929586163
0,216716390048983
0,256028366744734
-0,062027728485413
0,0450719626879382
-0,059280565996037
0,0307565674859761
0,0733083125499096
-0,0290874553811446
0,0495999823389332
0,019766777917889
0,0218862832293506
-0,0133419537602199
-0,0126403102952161
0,0858776348377184
-0,0809783172086187
-0,0709791357731506
-0,0336695757888126
0,0433142122475938
-0,000324839794733546
-0,000329758517386417
6,91885976947312E-06
2,73674954096463E-07
1,2255723787382E-05
-3,13446304457673E-05
0,00696838607658106
-0,000132449476683287
5,80146147985063E-05
9,41800766794263E-06
9,39087050712508E-05
0,000168254110734921
-0,00122214389823697
-0,000728111894111844
-1,60040886798938E-05
-0,00508650176498618
0,00169284407911969
0,00119243400934646
0,00660790656163359
0,00043554402450651
0,00216864724529198
-0,000664848550155742
0,00222139164401994
0,00108721373316792
0,00195942510631566
-0,0147368678884738
0,00263307978950824
-0,00371754597588619
0,00040648497833679
0,00211697964314031
0,0100354009723277
0,00135263324406076
-0,000373911214094935
0,00538035178528657
-0,030098159651667
0,0263568555794308
0,0228177924222933
0,026040379644095
0,00175566717151029
-0,0300075371014211
0,00459860727100766
-0,0545005267923107
0,0145418919728225
-0,0742132383180193
0,047620597513996
-0,0763291783744814
-0,204513127712319
0,0960857657272248
0,0261818000517091
-0,157372443174931
-0,436370175583534
-0,0840571245557083
-0,358921979939786
-0,572464580502311
-0,297774515272525
-0,228273723380293
0,217313698576618
0,0764481078870136
0,0341273902971097
0,0553374450760193
-0,0118416901140693
0,180321568428159
-0,0746406115742211
0,10544908226687
-0,0303345284737909
0,010089855958851
-0,000252234201314172
2,88185165885513E-08
0,00288308239752787
-3,23850706295661E-05
0,000786732895392963
0,000863776553217802
-0,000272080569666471
0,00350228437359265
-0,0101597354360939
-0,251742554773937
0,014979916132862
-0,0582845617274076
0,0432911235594039
0,0215679949867586
0,0370457834942654
-0,116453047577375
-0,124824431080918
0,111674409077859
0,0919134644145378
-0,109452564881273
0,374432925822044
0,133031456567855
-0,0038040749532856
-0,0948459444739384
-0,1885523145714
0,14015780147376
-0,134161405641048
0,067386293040121
-0,0408965706174197
-0,17747351981357
-0,285262326512278
0,478315333847224
0,206918818559529
0,127041397197164
0,0926620537047253
-0,127963752653308
-0,000302960130390475
-0,0575556755504297
0,156618272757718
-0,0136349772193797
-0,134895496852373
0,0694540538578801
0,0541769982850105
-0,0102613855593538
0,109655539156948
-0,100546492517617
-0,00678879658772325
0,0222529475805914
-0,0530059431367462
-0,0352065655605992
-0,0398539320496334
-0,159766820672149
0,0667233461906514
-0,0203901073675717
-0,263576045156076
-0,0157160759270511
-0,0113120487353946
-0,0570176464582139
0,0415313268236137
-0,0737086694457987
-0,0108741460947005
-0,0266743371452669
0,0359184919796499
-0,0080593756970741
-0,000611125596356336
6,95318447623696E-12
1,04454814767139E-05
-3,93676182505962E-06
3,24763316296242E-05
5,18065096662482E-05
-1,02412960859439E-05
0,000452903643988328
-0,00103772615504827
-0,0118181404436974
-0,00248805478675476
0,00014712478906491
-0,000774442980277377
0,00298289975138338
0,00610284289267367
-0,0116401472532099
-0,00986983786162886
0,0101330918711625
0,00900464469726185
-0,0139885930747581
0,0488360460485841
0,0161737725731108
-0,0040223755744045
-0,0477812161880758
-0,024095347884181
0,026067329173314
-0,0229463175922981
0,0287488396477725
0,00712313453174282
-0,0193121508346623
-0,0925120172368206
0,214658002254548
-0,0470174766190473
0,159049691584689
0,105178671071363
-0,0526912162390058
-0,0586327094001249
-0,147946633498573
-0,0296728316072923
-0,258768135653569
-0,0813984628503441
-0,080549216100893
0,185764287632215
-0,178591119843292
-0,221777642345292
-0,132863421626397
0,00967287064353634
0,0224210727777306
0,52427157292203
0,0174928770395183
-0,00721101719531676
0,168641232210171
-0,238982906029981
-0,10523342174766
0,490217704028562
0,0493934581041529
0,0585600162499002
0,102787202519351
-0,0564048364399197
0,119916295559224
0,0411384155716548
0,0616931806194567
-0,0572617913783826
0,0132998937871294
0,00090248297212294
6,03477169930148E-09
1,25039775987329E-05
-9,22454599385835E-05
0,000551107924838817
0,0100625944456068
-0,00944066840809143
4,61507876485058E-05
-0,00082450067364568
-0,00756778254783381
0,00462857726250949
-0,00435249435708304
0,0221406932165323
0,0010423574334769
-0,0264569553156753
-0,0373782080497476
-0,058989579346745
0,0145910341486235
0,079455475306922
-0,118913008461838
-0,0140517637046318
-0,16895024511368
-0,0458785972031733
-0,044955921127886
0,0488127241942518
-0,0140811480725043
0,402937009905997
0,100400605239335
-0,0810052548232395
-0,184539171110457
-0,0107127453215517
-0,075148397960648
0,0654220760982449
0,165398877686168
-0,0307908521184441
0,0695341283507995
0,0817512401092181
0,152987138356336
-0,025843050144708
-0,0314207736718207
-0,182212977891606
0,0479791235862843
-0,0639438431744932
-0,00853671942651375
-0,167650255683266
0,00938511525291482
0,41273256980944
0,426799803514841
0,0135215374341227
-0,126439767983752
-0,0556130416829078
-0,067521550068654
0,0231118925644604
-0,00558298749889187
0,0433491529840551
-0,335033277363446
-0,241132343709044
-0,104892449130489
-0,0707272570867381
-0,0663566107548079
-0,0364008018220903
0,100062501806898
0,000621964523996383
0,0274051633262235
-0,00509565349818697
5,11475654223598E-09
2,49780253794674E-06
-3,34184951388389E-05
0,000152131081776119
0,00013486918547298
-2,27344578637303E-05
0,0027790128317341
-0,00692708346956477
-0,0263854767742723
-0,0158991155784118
0,181521847200562
0,128012549398514
-0,0855683143158391
-0,0652166199064607
0,25160706846082
-0,142257016284136
-0,110608278667827
-0,113251452803737
0,00728096199548911
0,113587191783451
-0,196037739234902
0,623331217166112
-0,0547651323814507
-0,0476495209293958
0,180051713724248
0,0539667900860285
0,0105475776665746
-0,0284697256108598
-0,145831862194967
-0,0513651521551295
0,0347566947541814
-0,15215422990409
-0,259063816258923
0,0849599913322498
0,0434240901817742
-0,0149051114737253
-0,0632988639739479
-0,0353228153466762
-0,0835226372848201
0,10247122522527
0,0378952779964401
0,117541811825722
0,0819518665269314
0,157815379445131
0,0123294431729543
0,0704254455282465
0,0577372298322106
-0,0220188116539492
-0,0365300064336736
-0,322020198130207
0,143200426437533
-0,0336051306507599
0,114744056781494
0,00473923112254571
0,0202879880411115
-0,0569195527824305
0,0305943362511107
-0,00741682912460574
0,00369995668901474
0,0144893618585218
0,00808993836083413
0,0013568636507416
0,000912522020511361
-0,000242154354596717
3,33641035149356E-13
5,22329407950483E-07
-0,000772213996986093
5,10742289992839E-05
-1,7091569574423E-05
-0,0213520530914351
0,0106493805116605
-0,00687620301995503
-0,00173425756828514
0,00249273093417768
0,0177161744460109
0,00102798295087212
-0,0169600410366199
-0,0363956898561165
0,00623858702966965
-0,0314948981631115
-0,00874881092232059
0,0442320195473751
0,025780465650039
0,0159763113973523
0,0311452511519021
-0,0285828228353008
-0,0188574927861992
0,0256189862011206
-0,0170821461439646
-0,138402574889974
0,429617101286837
-0,131064817430122
0,0381114574595684
0,0637395458744864
-0,207557148796712
-0,0269662109032245
-0,0453665490710298
0,258006554510522
-0,169854806496157
0,0775591590309529
0,0120476269207569
0,115453920624765
-0,104047319978765
0,00178898619544043
0,0188826324397729
-0,0614661890923156
0,0118353397983927
-0,0364324993488383
-0,0490541379267484
-0,0253181151576811
0,0947079363736196
-0,00203980869345372
-0,0266908738349885
-0,106722015878563
0,0147954044680809
0,076282486415472
0,0865195920564823
0,0164754002574963
-0,284090344297797
0,541312116800296
0,0246403578344972
0,349740882918656
-0,031033649228583
-0,125480033178337
0,186495182437588
-0,0176344807407408
0,0192660857306774
-0,00265061673452467
3,32244642704091E-10
0,000135760885042071
-9,38007243012962E-06
0,0016574394968633
-2,56471958872389E-05
-0,000499122606175077
0,00444352193841658
-0,0108711483429054
-0,0147112179187755
0,00434444982047166
-0,00263644139581175
0,013593996719079
0,0869586418538898
0,0636555609539126
-0,0212436582158959
-0,19207340016736
0,120113103285978
0,089621753750603
-0,120024097874912
0,0182191347074555
0,321576250179918
0,172354270131762
0,0104588542783293
0,186798738584565
-0,14925234919619
0,0136745679070453
0,0946438991689238
-0,018188541225076
0,00270747249089266
-0,0728831346126788
-0,0390461725122357
0,0449166201659373
-0,0193784509336144
-0,13105891457564
0,226988308620803
-0,190464033388726
-0,215440076575686
-0,28295569583495
0,209626596573189
-0,146641434047623
0,180873803951167
0,0485519497201725
-0,0810412977857179
-0,0517815788970426
0,201512965736159
-0,186452986151582
0,122691822677245
-0,065032470647261
-0,160458036579265
-0,0299580062578673
0,115754877744528
-0,0566236545095136
-0,0802538703552183
0,163828684154566
0,0849666701345114
0,0681039787113898
-0,310092687957423
0,189448629048084
-0,218036504634743
-0,0107111506822992
-0,0137787939196157
-0,0030482945738738
-0,000827121738954239
0,000165934679465904
7,66469150506858E-05
5,79480849019998E-05
-0,000256475365685969
4,25600149375036E-06
0,000896833387917297
-1,87447323672562E-05
0,0016343810395107
-0,00683096405885873
-0,101307610461285
-0,00265161523725623
0,146101770360785
0,213458933804371
-0,0858591249116756
0,0374916169504292
-0,0694563224124942
0,018944602974271
-0,0437518535513449
-0,089060687291357
-0,133894355016845
-0,128292896491172
-0,0687457597396415
0,0174993683490858
0,0778040616400383
-0,0820044199423224
-0,327796907043079
-0,0240334321680426
0,00360001252986742
-0,00881995769568497
0,0795535087447977
0,0184508902338888
-0,0635819236584614
-0,0060131536808374
0,174491157426399
-0,229201257726582
-0,283088102730018
-0,263936030470236
-0,371391597044728
0,343925896328894
0,0703162826609028
0,262881075752642
-0,00463129763476622
0,0513362644822875
-0,00890840567429452
0,0136333603827782
0,120488787918288
0,0266591059365507
0,0916309644559992
0,160899118513244
-0,028394254398482
-0,178321129588404
-0,130742217002354
0,218482454205303
0,0111074857892187
0,00302002767961185
-0,0243777543704719
-0,101901072007929
-0,0488149978353179
0,00826719321690701
-0,0150312184853359
-0,0191684273212405
0,0280026115344751
0,00420060188128161
0,00473478864890798
-0,00135723043092344
3,65311736920833E-09
0,00534577681535268
-1,35123110947475E-05
-0,000126135623581607
0,000151108840513062
-3,72236702017385E-06
0,000251285403802714
-0,000928303123218259
-0,0417849273672446
0,000456855577149436
0,00375543116423051
-0,015727979226293
0,0243801039088051
0,0468692348057703
-0,0170288686039062
-0,0381660169963287
0,0418415619668812
0,0249246758584881
-0,0502172612753467
0,455698637528461
0,0490717401236009
-0,0543522699650494
0,000636676350115023
-0,372378447272147
-0,187703058500581
0,0172511887380346
-0,123496719868275
-0,184481468744676
-0,154815320372189
0,617017722762694
-0,0129579148799299
-0,0969234354106347
-0,0338135292112495
0,0375611729740867
0,0513608805327483
-0,0358836206820629
-0,00984346880380573
-0,0457099451728498
-0,000528831362219426
-0,00859057616848237
-0,0143341612520943
0,0226360132859302
0,286463530103371
-0,0986337091525181
0,149448159902348
-0,0314088878636536
0,00207401942969855
0,027375429319444
-0,00118855200734968
0,058992880048246
0,0297716368424309
-0,0221488313509111
-0,0160550391165367
0,0812646185816863
0,00476985538645176
0,0066597782512223
0,00353459361542217
-0,00211619928927172
0,0210707750481216
-0,0072495234491708
0,0127330749814291
-0,000249971016818813
0,000448070453381936
-7,23965274077718E-05
7,4322668923143E-14
1,85568173571831E-09
-1,00125214528402E-07
1,30898026445902E-07
7,84891836175229E-07
-1,23651640418579E-06
0,000161316929200236
-0,000514532274346425
-0,000286273838326941
-0,00025032478309359
0,00292875697156947
0,00124399587427851
-0,00299265826113321
-0,00434753025630295
0,00598552632953586
-0,00587601066760859
-0,00508205052425809
0,0049848283412324
0,00571856855064292
0,00361374269215641
-0,00652141923424107
0,0202543898431512
-0,0144330006400263
-0,00292501086674067
0,00731188027071436
-0,0150041714072049
0,00064558900963357
-0,0102354586663147
0,0449228742411259
0,0230755275928471
-0,0259956664872644
0,0728948889091278
0,107453414964411
0,00671648469660718
-0,00339314589497399
0,0103637041225089
0,027075477432615
-0,0390987629355347
0,0433432466975661
-0,00415656383664487
-0,00936054956171495
0,0307070543586875
0,0080572302615115
-0,00151092467286293
-0,021994629252054
-0,0026922725132376
-0,0775042135449519
-0,012822943186448
0,0333557028757644
0,0287578832214484
0,0415806220021716
-0,0574599853665093
-0,0236949749981226
-0,00194161624888169
0,0571124970178285
-0,471691462445802
0,410582197610722
0,695559593951718
-0,117881432438104
0,100095054054259
0,235894579443237
-0,033339043329822
0,0151046278624266
-0,00117866017283712
2,13446863864313E-05
5,35616774638921E-05
-0,0983507785609719
0,0236801106027561
0,00300731429909992
0,000508105900681229
-8,11753112228571E-05
-0,0064990366928057
-0,0461882354622009
-0,0497224280681568
0,169107947796342
-0,0994034253503898
-0,143591304945877
-0,236857799541932
0,0154440964942545
-0,102028199361008
0,272139300424836
-0,0695100413731704
0,000656611755172456
-0,0723407799874584
-0,0331299131739881
-0,13707550449094
0,117583606041323
0,0364760243325417
-0,124684143979433
-0,171014818635512
-0,225014022087797
-0,0180584165441495
-0,376759574882226
-0,103614575184363
-0,161299142642899
-0,0139107040663748
0,125726813751334
0,208961294304742
-0,15970790032901
-0,105673241397545
-0,0054416998277292
-0,251075640431197
0,131676703328739
0,0575144684785563
-0,0267221810135165
0,07029354813621
-0,0114883119499217
0,0100832118865767
-0,106968086310565
-0,118824372024088
0,0605329426150125
-0,00560801681967756
0,00110316135172404
-0,00848903950927444
-0,115336643462243
-0,213023790943628
0,423492470659217
0,0030538452307706
-0,0819069062244439
-0,0367426235361886
0,0195642106835903
-0,0285077320767502
-0,0238890163625871
-0,0274721698784673
-0,0389811907934646
0,0151368918835947
-0,00195604033352919
-0,000438137478395967
2,86836564930186E-10
4,01131492693565E-07
-0,000174260691029365
9,45888103594769E-05
0,000280939997716503
-0,000334783678213578
0,00504122964576563
-0,0130876219132095
-0,00494456767834935
-0,0149231710588149
0,0396189178901355
0,00679271075772003
-0,0451265743187606
-0,0876756404091839
0,0109011237117261
-0,0727717091405048
-0,0142754971083632
0,114807803973731
0,0313552233694212
0,0262349475413186
-0,0349105050713625
-0,123906583085318
-0,0473339582594106
0,0718496662651422
0,0192556549628412
0,590815337955467
0,119690790108107
-0,0970137004689103
-0,173571858925995
-0,0303688221256292
-0,0153056784100847
0,0635454627081565
0,107692792778442
-0,020120046173526
-0,0849592614609559
-0,059741796078177
-0,115513785357655
0,0382503583733647
0,10366318401363
-0,101177183874685
-0,407351175618815
-0,024335127948451
0,0391738128415549
0,227484618645008
0,0588530828635965
-0,190378082599074
-0,216644737617314
-0,0157940339287662
0,0414257130884003
-0,0754214062639563
0,113650577819435
-0,03835877335787
0,031720127601027
-0,0674258525535071
0,170044217948162
0,15643028766005
-0,0424151510430688
0,0059196839830712
0,0962432859536709
0,217275173083001
0,169525805478494
-0,046254331985684
0,00904098511903542
0,0010011009712702
2,47906027186912E-10
2,68615929390475E-06
-4,34440057944386E-06
0,00125366670451277
-3,53432779085091E-05
-0,00191000105256088
0,00310651870002919
-0,0074837814594231
-0,000282877841794571
0,00356358962721552
-0,000725254800325122
0,00518661898281122
0,0664568843822533
-0,0190747890987991
-0,0264222844770099
-0,0688070967570899
-0,0234952091391053
-0,0389046700320456
-0,000516900660456294
-0,0224615011190403
-0,00462946023654708
-0,00927297793555091
0,00141098208114387
-0,00973151427507308
-0,00329949782842711
0,00727389366410658
-0,0623557233215967
0,0120295009938599
0,0177855133388788
0,020023747945305
-0,00233604938205996
-0,0333168686603634
0,00531993485887688
0,0330546659946543
-0,111592195064234
0,479502102424545
-0,277937196853302
-0,0444782902808157
0,0632622156689597
-0,00703949764404057
-0,0137010017096909
-0,00125951935197994
-0,0198944744077074
0,0178110214171869
0,0402868062861468
-0,0136010333413626
0,0206721118680193
-0,000670369645051816
-0,131897521180335
0,0122517126746153
0,0198765145934202
-0,0149771984511746
-0,0135370035394745
0,0135840180659895
-0,185987818650783
-0,0843130013241103
-0,21339339031773
0,283118779946488
0,479716866994478
0,227713196147259
-0,427312236352772
0,0228601102319634
-0,00559935902660488
0,000449926474237644
4,29690428263167E-06
0,0553279241994202
-0,000507879716725539
0,113575198595599
-0,00196100446307961
0,000446133517690101
0,00359817191407995
-0,00632758195151587
-0,0064354228892931
0,00430400351703281
0,00156936333715875
0,0115479897529348
0,0601492497773458
0,152391134693482
0,15143956974251
-0,147630865254977
0,0941513227241293
0,0391221347866791
0,043232708563933
-0,117681508800797
-0,00642302967119338
-0,0710006035701203
0,0560962462902286
-0,186616490086982
0,0540655704340471
0,0163274197105619
0,136196419055297
-0,0180560039056795
0,0714654410802236
-0,0423953193671505
0,1225474356719
-0,0320441505180367
0,00955324874484461
-0,139021961314305
0,0251055512621337
-0,0916201789719098
-0,0341241293465033
-0,0913393491621782
0,161562009749133
-0,0468036708710864
0,139108878896901
-0,15514243311492
0,0209689728407091
-0,0598627179230996
0,0214086401484592
-0,0432980778677198
-0,00167851644131455
0,0365765968717391
-0,042230428351142
-0,0130311999396523
0,161699488968511
-0,0805890372244037
0,16536349583515
-0,150148740313191
0,0390410029739899
-0,0919596256465287
0,0431247692618919
-0,0293996772173883
0,541190825863033
-0,468531178098933
0,265191312888915
-0,0206316018534176
0,0177794012523442
-0,00272325246115039
3,3297849194346E-09
5,4846518669593E-07
-1,31865727552388E-06
-2,83104324282665E-08
1,01764187820126E-05
-2,53288881911083E-07
5,59891630318931E-05
-0,000318655555831578
-0,00528278254886786
-8,36971213897184E-05
0,0122114477131576
0,0197666086374228
-0,0166649471883031
0,0257948093429698
-0,0495757323790531
-0,00375987194278391
0,013625653198941
-0,01066566824709
0,0643155741172145
-0,0243003208958273
-0,03744252028208
0,0383721984281907
0,0229024533019363
-0,0207016750607896
-0,160858730982394
0,0169192745053663
0,0167519209244418
-0,012969497060187
0,0325003726716608
-0,0106481100928432
0,0349682448365328
0,0238472635620299
0,0298106272993471
-0,0521596287644928
-0,0856607441314933
-0,107145794709788
-0,207098330893769
0,176068112389691
-0,0190483087310978
0,0711071774921919
0,0311257142129037
0,151068255343262
0,0646040926233392
0,0729566001138692
-0,200765561926444
0,268842046432548
0,173684836330255
-0,449110859775991
-0,00873496582027244
0,333696111411631
0,325269740526872
-0,470804423352048
-0,0978089040359307
-0,0482820504939175
0,0136725608690598
0,134127454352988
0,0834684735133611
-0,0162871128836365
0,00400668284286298
0,0337799266951679
-0,0268718693778737
-0,00518522446850347
-0,00362607947393698
-0,00242565512186861
2,32633647046884E-09
2,20680505016018E-05
-0,00115634892878855
0,00020553946933407
0,00503650842168568
1,69233358151573E-05
6,68010148888936E-05
-0,000796708528305417
-0,0277104027477253
-0,0170408698442988
0,0776418169914802
-0,0928859887371783
0,0363306008188071
0,0500677017501205
-0,0430708148399693
0,0266406432590349
-0,0245655516567646
0,0119779360163022
-0,0454075685106786
0,0571519871289163
0,00226367764420014
0,026751869370566
0,0304864081231668
-0,117985674191194
-0,0188905237463004
0,048203092122067
-0,000251501931134721
-0,0412955145811223
-0,00677902703405837
0,325946279679312
0,0130822915773961
-0,049099569161084
-0,02537400824552
0,0742175574054631
0,0953566017055819
-0,0617326813044294
-0,0551377464816782
-0,0443455187363608
0,113652719496877
0,0477271618241519
-0,00534580277194644
-0,162620911991009
-0,791462100097005
0,245520959337883
-0,261959161528365
0,105422699771213
0,00809497148375078
-0,0216458131105429
-0,00979262792630513
-0,0669063833086699
-0,0163146940671448
0,0204234974842534
0,00595259634023052
-0,0578630176253328
0,019075985575648
-0,000538224546312304
0,00873833814016489
0,0101013208056469
-0,0148340754866229
-0,0138336466048421
-0,0257121609473128
0,00310962262983214
-0,00267545873492206
0,000309620305417966
1,91693675822048E-07
0,000424874973615054
-5,66923035821532E-05
0,00514782650430371
0,00129952228636773
-0,000686887713463339
0,00438433288691201
0,00195643021057496
-0,00293102985148786
-0,0848420064933273
-0,00319384264718282
-0,00359174417909756
-0,000304562122754619
0,00734438577835634
0,00564927239676432
0,00651509786633785
0,0376955931009911
-0,053991019037276
-0,00667483901247648
-0,011606394867284
0,00365225395596048
-0,0100925917630191
-0,273186648695075
-0,00815792707701543
-0,0481715603996453
-0,000704678583378316
0,0407513464016166
0,10853965664989
0,0238170414014629
-0,0181020021020805
0,0777716588461335
-0,297235583785807
0,232055404485427
0,144842135851079
0,177394511384189
-0,046717862851508
-0,144733461267356
-0,0147383262604761
-0,216098541224096
0,0430325399151206
-0,223337408024597
0,0861679855061706
-0,174383701426381
-0,450258883497496
0,183846766127626
0,0226299093333636
-0,167152197925348
-0,224111444339953
0,0592723087982101
-0,00670959552426438
0,222944655907083
0,155440233745198
0,210286346902884
-0,272552802727761
-0,0637649371029706
-0,0583669335431057
-0,0533229737663344
0,00809348937625174
-0,0835750954689545
-0,0421257245747225
-0,0675717218628796
0,0370369494801234
-0,00883949225436265
-0,000494634314166122
3,84948211039077E-07
1,83021207098391E-05
-0,00204046698537879
0,0106706274501537
0,00271338099616419
-7,51622279417631E-05
0,00301204035427869
-0,00873072036763616
-0,0175092365084501
-0,0236825756221837
0,109320574138505
-0,0637409498791287
-0,0775380152063381
-0,14906082501538
0,0149619564525073
-0,0816673012200625
0,127895728735857
0,00193266507521381
0,0311891087845469
-0,0161382437577295
0,00144860595791577
-0,0824578170017512
0,193138046143127
0,0424062105299267
-0,0626732207542018
-0,17786457915941
0,041175680775806
0,163474335825772
-0,303569179124096
0,0212462538768774
0,0125351078627779
-0,0364861272347098
0,171211734571508
-0,157567781050052
0,203454594969241
0,161376668138642
0,121591433038499
-0,0829779300638704
-0,0540027322595178
0,235862762781585
-0,157714983747476
0,205226780467723
0,0594329293746101
0,105604594588391
-0,142499172567607
0,198790686096131
-0,0324423258056919
-0,00966401160230465
0,0447111310854755
-0,0985609505456598
0,158513547300719
0,247465166344622
-0,405432238630012
-0,0276036909406622
0,132005815584036
0,0689386554649381
-0,18516051314488
0,119095393802622
0,0900368836008058
-0,16053403300911
0,117564109225049
-0,0129273499064281
0,00630775679177077
-0,000824815253776477
3,82632912263859E-11
3,58550633876472E-07
-6,41767486118575E-07
0,000192687232745366
-5,43702498281999E-06
-0,000292779834625138
1,34609937477027E-05
-8,13383579925857E-05
-7,61535351101281E-05
0,000444389440976952
2,27980595999832E-05
0,00087142904366459
0,00987510842638673
-0,00405692986182599
-0,00481571374551546
-0,00983853408206146
-0,00462127468377523
-0,00648099517399653
0,00017094786330131
-0,00208620414723975
-0,00162413839262358
-0,00208700132342258
-0,000282266455892027
-0,00050132858993713
8,10777550734544E-05
0,000354400575709357
-0,00753620105915688
0,00162552816418006
0,00253174141709913
0,00230609650089992
0,000432366183653273
-0,00252366375995715
-0,000950585166716856
0,0045745658616436
-0,0112832715744436
0,0661356266791205
-0,0481901057104583
-0,0111891663916053
0,0138398147294065
0,00438289301653672
-0,00363784373444923
-0,015008097829183
0,00525796017288366
-0,0067762363186139
-0,00755466652725892
0,00317112948304785
-0,000738164687984187
0,00436634676342655
-0,0199177055413802
-0,00373694812258031
0,00150221964776669
-0,00354345173387034
-0,00407652407538606
-0,00131122649415306
-0,0315648451969766
-0,0134298232952886
-0,0023046320183274
-0,0229381417216033
-0,03372554581826
-0,0201957576162605
0,0788302054783837
-0,203082680360471
-0,954173818756981
0,174442584140442
4,0332439065102E-12
4,43336092559558E-05
-7,95362364351574E-05
5,65391677745248E-05
0,000204981109792472
-0,00128088086141411
0,12044083598413
-0,216536344174228
-0,0147916856861776
-0,00994975371573265
0,131464845312473
0,0774568430936307
-0,107298022247658
-0,123152931234322
-0,0203267311962414
-0,0853337821541593
-0,0954391301928503
0,171200208523913
0,113340040282423
0,0606088174712908
0,102616326914761
-0,251473558421679
-0,124465917807637
0,0726593220987043
0,143025694426706
0,166543706330422
0,0605129640123905
0,00800544859130373
0,31781747486399
0,089828956445919
0,12681131732258
-0,0115188132933876
-0,270815833930872
0,110195195441353
-0,0196153284236293
-0,103557845689263
-0,0633695907988173
-0,188193779267328
0,116254301854029
0,233747456962076
-0,0282223845239015
0,408020062518413
0,0664601190269166
-0,0783649265848514
-0,237375523792124
0,0615356679794495
0,156695147551123
-0,022960688201076
0,00778942808637866
0,0598726584525797
-0,157078949291732
0,155661751442876
0,10790646005358
0,0283470904127286
0,0503955049173324
-0,0880036192798522
-0,0872497909391203
0,0256522800186608
0,0301068464687578
-0,0471866485918426
0,00226265034418618
0,0030689914432359
-0,0037453796145311
0,000260037445497143
3,29334595411966E-10
3,41974147322469E-06
-6,88222683794993E-05
0,00188776707332596
2,35129341716375E-05
-0,106622824636514
-0,00184730095856607
-0,000576496738394079
-0,00113133980193382
0,0208672326144792
0,00845094161468427
0,00831438730495972
0,0754383674002597
-0,0344500143760105
-0,0356864969651189
-0,0777486811338628
-0,0393076197182741
-0,0535947349292101
0,00276637477665702
-0,0179950917809215
-0,00911647539615993
-0,0241230722913424
-0,0120691134652014
-0,00620544198442204
0,000508616361761176
0,0142834499255025
-0,109911170559807
0,0328737703197622
0,0382985172682703
0,0171150471706863
0,0356725776202712
-0,0206874550388479
-0,0146577881924042
0,0205259933652559
-0,0722867940308836
0,562032180900267
-0,421273725866593
-0,11436062834302
0,130467349417949
0,0428110779101331
-0,014970421078604
-0,102745463982045
0,0477948516731344
-0,0498560736175319
-0,0810433777373735
0,00651704678589349
-0,0566528776979514
0,020670839397697
-0,218096226703378
0,0144436874629085
0,0102661279035267
0,0189617920980607
0,00318682698794343
-0,00959259686922353
0,082687797489027
0,0264763670852739
0,147290160811936
-0,218293706368101
-0,35371668028232
-0,170530549565963
0,318363031771237
0,00602409796291287
0,115081484310134
-0,0206190343523188
2,44454044888866E-09
0,00536445709610496
-1,80188485311412E-07
-0,000141878351991432
2,19482595413149E-05
6,55255565194888E-07
0,000292496447856446
-0,00124871896171157
-0,0317037352225675
0,00290897256366539
0,00621692519759496
0,0294093759858197
-0,0226984568710762
0,027200306016808
-0,0703629884751451
-0,00517350509261388
0,0191481916683163
0,0049220262822377
0,0428523649529913
0,00952255410362945
0,0255344120662714
-0,0139035325144107
-0,00241714138431014
-0,00210546979857282
0,236756938582057
-0,0255257901309943
-0,0520342100131197
0,00852731885700991
-0,0584236305770495
0,0686510877595171
-0,285580376291711
-0,129688435848916
0,0757127637667991
-0,177918212377317
0,0595322569998616
-0,0728776857952637
-0,227455279509707
0,0854914782117975
-0,159688791779046
-0,365578785083243
0,125128695849391
0,109599120930486
0,0775956462325456
0,042840394482122
-0,291722399052085
-0,00825095776170784
-0,107022599351248
-0,0603800519160949
0,0312805414625544
-0,0016479016545691
-0,0721188183262111
0,127958589486605
0,0808646358027813
-0,0092581355485294
0,00493473956998513
-0,0411061373696541
-0,0363446052342587
0,00691835150234696
-0,00774212502099495
-0,0810382143873406
-0,0876148620499301
-0,600347611856582
0,12376501754824
0,0112353015268576
3,67124269529255E-09
4,69226418458688E-05
-1,50357614208659E-05
0,000120037843496255
0,000110380025725447
-1,62970285911095E-05
0,000611943738326603
-0,00194394405176121
-0,0419566355340721
-0,00167632681781784
0,00409128166086193
-0,00823824643722987
0,0146156045767077
0,0245658510507646
-0,00161322967827094
-0,0730159114341344
0,111512848623561
-0,0154723845201857
-0,0510814426556425
0,482412717193652
0,0703930806200891
-0,0364192913263212
0,0771599615291477
-0,265219059418955
-0,163321290150838
0,130577851572816
-0,0276672395117662
0,147334890596731
0,290327919093577
-0,44898059728186
-0,441683258967135
-0,0488753287160224
-0,0381284283300388
-0,106337561693052
0,0950600565029738
0,0936680968703996
0,0745081109155003
-0,0466085526975333
-0,111229617619273
0,14888439529715
-0,0949732106885182
-0,0464324007498452
-0,086180122504467
0,0312350858796849
-0,0694818162876926
-0,0210032685774737
0,0498553571480712
0,00280791404537787
0,0324722379541203
-0,0180189931090552
0,0208406233419786
-0,0188552552234317
0,0417278854374074
0,0356364877430604
-0,00806064819645222
-0,00973430863799974
0,0577379362428647
-0,0340561112023358
0,0409103706195974
0,0104906917581226
0,0088001719201718
0,00106804514649476
0,000270242670597197
-6,89854018869601E-05
1,27961057533755E-13
1,04144383230338E-06
-5,97502829995036E-07
6,72534302682029E-07
6,75598651094711E-06
-1,65356333717775E-06
3,35773286306345E-05
-0,000118826417608558
-0,000717099747208075
-0,000473870297322898
0,00511610459880754
0,0030511502072593
-0,00306460180478775
-0,00295327841259349
0,00981513077218233
-0,00707579833933879
-0,00524377385335654
-0,00330972255878861
-0,00160555233057767
0,0107570938579509
-0,0161039768628759
0,0413786895214674
-0,00765259073157516
-0,0054049227020077
0,0166350347038508
0,0654913725824742
0,0143166971050752
-0,0231297033833671
-0,0689685919070434
0,00330921392044331
-0,00796548672463321
-0,0153481053430808
-0,000918295996992988
0,0185427651778041
0,0245756695211957
0,0305524393451745
-0,0111621630705045
0,0175177290710658
-0,0702657505137004
0,287150538347624
0,380594929024817
0,0629725736273981
-0,0696184488382258
-0,0581769002514309
-0,0805618167025826
-0,251063462862763
-0,25032735354219
-0,00291485668587659
0,187614634094543
0,143445149507755
-0,0153697591822135
-0,111149686553492
-0,129487627849922
-0,0751701345748807
-0,386502573374924
-0,130338443108214
-0,29604740081514
-0,101816895613326
0,0438942310938689
0,27497766231039
0,409468722247113
-0,0699182070363504
0,0544433865395303
-0,00601692370967715
1,95341075744377E-10
6,57073119066653E-05
-5,96237252542014E-05
0,000964392217905915
0,00172200813834007
-0,00017709056831178
0,00239401624675929
-0,00556046280615915
-0,00268007267634081
-0,0134913837451438
0,0213270932954627
-0,0152638446113196
-0,0293802842702448
-0,0584613385066355
0,02292961376797
-0,0398250135268321
0,188044510140797
-0,169120916266828
-0,00477586397212451
0,0190214854413373
-0,0171875570797623
-0,0272724814265994
0,0875679645781572
0,0733150492706594
0,0725934731177724
0,0132696900624679
0,199179182533777
-0,011412036408397
0,1472576377628
0,178855170591632
0,200989871210579
0,0681217094945529
0,0141856763126506
-0,419531877926882
0,216494621019589
0,181089945789131
0,063115306178987
0,145095055702046
-0,215771619957732
0,120403784377468
-0,109690939794989
0,00556503338165265
0,0131942934904231
0,0945697784468197
0,0172161815298566
0,0329960712062814
-0,0677969597502295
0,128202690328773
0,0116348150346178
0,00868167793947076
-0,161335868033067
-0,322961545536601
0,409329402659106
0,0078439302692856
0,000608853248565557
0,0123168598450808
-0,19803090989197
0,115952386012876
-0,171950811114227
-0,0444286867679191
-0,0418400877013204
0,021451382004189
-0,00425261756159936
-0,000505180635912481
5,81885208501835E-10
5,70468036120888E-06
-8,90637623163947E-06
0,00294059050849258
-8,34375087484845E-05
-0,000628883386868096
0,000468972451919691
-0,00201674790185548
-0,00730221788668724
0,0022179145913543
0,0658614407878937
0,099742162961214
0,349666097874452
-0,147374183249002
-0,0227623539557527
0,0609760083646839
0,106954965119854
0,0626160289155499
0,0710865597848433
-0,0062238975914534
-0,0569672407849592
0,0170711511746644
-0,0114853044896185
-0,00450838717007681
0,0191714095276559
-0,00845109412939399
-0,0316976369784263
0,00245768585431853
0,011983376807156
0,015328657734942
-0,0345951783443939
-0,00850806314107046
-0,0108194572809698
0,0178804361407783
-0,0176256293366755
-0,183034707453328
0,180813445603462
0,100504051308943
-0,116568344490704
0,0941625725612362
-0,0765723282441137
0,0534530095846094
0,00490879207443289
0,0321350351658481
-0,100621267111384
-0,0940894979407748
-0,198446953834614
0,0122843761581601
-0,784496598256359
0,0918595478731849
0,0605764118469875
0,034742022360237
-0,0145078721254335
0,00182698089888831
-0,0920654238614694
-0,0640633892223245
-0,0228512907834566
-0,0111210931100284
0,012335663226325
-0,000305719706322988
0,00733344335631584
-0,00100850432930671
1,64247476400048E-06
8,54400414369465E-06
8,02593849126708E-13
8,13523364540824E-06
-2,60842215350355E-05
4,80721059661696E-05
0,000146001598309446
-0,0102465417738353
0,0433789065944753
-0,077995393239375
0,00110018910334448
-0,193399687007506
-0,0242771639181927
0,0220384070896883
-0,00916689379279992
-0,0244651631631865
-0,00136854701564812
-0,0165177892583632
-0,0400504069527847
0,0652921916097328
0,0208270079058295
0,0211417992112458
-0,00262911216565382
-0,0296209922077811
0,0864857892882451
0,0229664297967941
0,0230375969933072
0,0959348154364978
0,00292501343235262
-0,0380447805116197
0,0133135621337589
-0,00459920473519564
0,0286577484635929
0,0360484014193557
-0,0793086702451775
-0,0388873170844648
-0,0734604553829004
-0,0624785072302121
-0,0745209978705018
-0,0352674939733106
0,00514816956680337
-0,01858860005901
-0,188157777831834
-0,00257852852243966
0,0298120950516496
0,1157183490447
-0,036260329083965
-0,189954794329806
-0,20511850962473
-0,00678600920572601
0,152909578762653
-0,0907272017869033
0,110756111798914
-0,126338269669203
-0,248593140133283
0,0721935687884011
-0,496730858997238
-0,168905878563229
0,0595082990674269
-0,012573851174245
-0,201284671763948
-0,476166193756536
-0,297047874111711
0,0919476221491505
-0,00956250902958483
-0,00339666003338975
1,33459982092589E-11
2,197794813114E-09
-5,28326519368512E-09
-1,13407114253187E-10
4,07554778451285E-08
-1,0143270135789E-09
2,24047946615787E-07
-1,27447506223239E-06
-2,11154504970084E-05
-3,34329773639831E-07
4,87675325032327E-05
7,89299178116698E-05
-6,64643721317396E-05
0,000102826123314692
-0,000197608143076754
-1,49853452805893E-05
5,42709554508366E-05
-4,24547714952911E-05
0,000255910376341276
-9,66612909228884E-05
-0,000148869486508834
0,000152447079138993
9,08533314180601E-05
-8,20998588224454E-05
-0,000637378402612564
6,69621859998402E-05
6,62603417253325E-05
-5,12352317039268E-05
0,000128214037857284
-4,19630132665322E-05
0,000137632091354035
9,37598949335659E-05
0,000116970765855109
-0,000204106892319918
-0,000334654628037876
-0,000417189627215189
-0,000803804721398362
0,000682433886872562
-7,37132308511836E-05
0,00027308359213593
0,000119397475475349
0,000574063630213315
0,00024442443569096
0,000274745426928602
-0,000753087709876288
0,000991074408529501
0,000638750193696435
-0,00160371559768713
-3,02334695739218E-05
0,00113383683504925
0,00105521593522294
-0,00140007388707793
-0,000275851135399423
-8,76601468785145E-05
8,95593488549448E-06
6,78874804962058E-05
-0,000168058168502021
0,00015951107184386
-8,10031757501323E-05
-0,000881868996592434
0,00139626660922108
0,0532709577114785
0,168730946495145
0,984214218604345
