0,999965641080637
-5,51805525512204E-05
0,000114637062131987
-0,00809194065869083
0,000174757388293497
-8,82448228224675E-05
2,15369957752439E-05
-4,33563901213449E-05
9,75924929453591E-05
-0,000131129650332101
7,9496511587162E-05
-7,83545232658031E-05
0,000627519956236271
-2,74421871651292E-05
0,000528774250792757
-0,00081609578105907
7,34570621600766E-05
-0,000346658972434484
0,000441719803306884
-0,000228913549393117
0,000139479100161924
0,000247774688167774
0,000117091403139043
-0,000136623619237502
0,000199301328536197
-0,000187204360141497
0,000138171607478764
-2,28231668202241E-05
-6,49417504242394E-05
-0,000182491784693762
0,000113049583307686
-2,03062785818579E-05
5,01437669395956E-05
-1,68391056477828E-06
0,00024253437275884
-0,000137991912941883
2,74483375497702E-05
-0,000278332326780134
4,79005923460094E-05
-7,85831170604083E-05
8,68917673279493E-05
-5,48865163551866E-05
0,00015906293817421
-0,000102829920044063
7,56922027537506E-05
-7,01417509042603E-05
1,06000329097213E-05
-8,06730256768512E-05
0,000288996125626291
-0,000168307550691206
0,000162223196236594
-0,000199589708519626
0,000157120780274261
-0,000184045740696253
6,38352740612859E-05
-8,45748536727383E-05
0,000149170820414278
-0,000333898858881457
-3,10250004825495E-05
-0,000723321208540494
0,00018105448166703
-9,1352167154302E-06
1,54679301207098E-05
-9,60221279367381E-07
1,76902115694456E-08
0,99318863734361
0,000402994493210224
-0,0161961201380972
-0,000717941047652315
0,000159277311104026
-0,00105807618188512
0,00221440649349256
0,00794559982811133
0,00274533906731399
-0,00769388246709519
-0,0166741183827728
-0,0139927175698207
-0,0058361380396119
0,0133913087401023
0,0118378162289154
0,000427217806221405
0,00576717552583244
0,00138904190336711
0,00544107785989202
-0,00656446438390291
-0,00101772781906504
0,00420025003801184
0,0542072897464877
-0,000383389237547285
0,000400076364304505
-0,0138095267577429
-0,0170396359241311
-0,00682215205644038
-0,0163949523137135
0,00477899737296099
0,0266493314057771
-0,0207359507842935
-0,00699030745324481
-0,0161983499184554
-0,0043975298608332
0,000817821384613483
0,0256947665263587
0,0486606394395778
0,00891030370913178
-0,0100559268482595
-0,0118278539737681
-0,00329566893065798
0,0248587898343994
0,00222730455370304
-0,00985398341377036
0,00964805423503545
-0,00645778774532927
0,00294085047946129
0,00185997251254985
-0,00503546039302548
0,0187718834583399
-0,00280488237485694
0,00310756065944556
0,00161609579095055
0,00901095906305902
-0,0061229760594018
0,0180355188130919
0,00084371853757335
0,0427276406209526
-0,00991896346437283
0,000508192061668621
-0,000905106401049634
5,40457558958073E-05
2,80723876656891E-08
7,65599497399668E-05
-0,978273245295463
-0,0208078079390132
-0,0649692384284632
0,00464588337660176
-0,0172636998713613
-0,00837512183652545
0,0280148717286097
0,0476350015927528
-0,0759763822009955
0,0672746355794185
0,0077616911250864
0,033267264042558
0,00437374281796311
0,0212967659443902
0,0157479403135519
0,026330344383909
0,00688734729201227
-0,0202756558892145
-0,00196200598470426
-0,00141959819338221
-0,0318157460624646
0,00317047578275186
-0,0259273423934839
0,00781581651252141
-0,0217589959843557
-0,0626701175754023
0,00613118008764478
-0,0157876758839954
0,0304854438314009
-0,0193230766423365
0,0234296028094166
0,0517922457900449
0,0238652632304264
0,0181778446847802
0,0020847519968683
0,0108402072973708
-0,0265151690336097
-0,00527599228074191
0,00523828002685872
-0,00103248325275423
-0,00260066985235096
0,00155804958451293
-0,0166309468404543
-0,0218442243688209
0,0159256840010341
0,00802269810612417
-0,00307441394749842
0,00214534442191452
0,0119708337550822
0,0521374331955438
-0,02186392414044
0,0185587984909484
-0,0302697158845534
0,0468846195371162
0,0105848714104719
-0,0273843580345234
0,00287006391203388
0,000897182167923731
0,00327094323759615
0,0017998680562099
0,00168938808453168
0,000324916348035008
0,00828571224782982
0,00649089135625609
-0,0133446449572377
0,976176691994548
-0,0220628350208857
0,0106746242828987
-0,00345549966636734
0,00708996290416172
0,0103868798568601
0,0130872616622379
-0,00769481843759547
0,00752277021852163
-0,0766378582364498
-0,000484524278467942
-0,0620288164770259
0,097040540524161
-0,00709695050672469
0,0482715348009329
-0,0542117771234654
0,0252295724691517
-0,00810368158516777
-0,0385711054414174
-0,0171400513308858
0,0162602796931471
-0,0201762959530461
0,015182493497606
-0,0151876626301463
0,00356980780836844
0,00565647668983791
0,0192295202181426
-0,00973638317715656
0,00262804003039719
-0,00281706692351672
-0,00143586824595313
-0,0283786064368709
0,0212454801035653
0,00045143309400432
0,0323528854085435
-0,00474051220998011
0,0112872380021523
-0,00788923971179684
0,00620736387963198
-0,0190054085517622
0,00985570399263993
-0,00840976579890397
0,00771531038428692
-0,000242590456407304
0,00742420773154127
-0,0353135057028006
0,0217141451703434
-0,0191513335613816
0,0237124492342946
-0,0204729184515932
0,0216574319140909
-0,00838135216070044
0,0107279132533439
-0,0181665778483279
0,0406415455855672
0,00370462779743146
0,087928854294254
-0,0219405857180386
0,00110029347102645
-0,00187736672970407
0,000116819732246691
2,43781206857202E-08
0,000133291402295662
-0,0276587509330828
0,0135191017052587
0,948219826223614
0,000883654214809162
-0,000675361441763132
0,0102142272024812
0,0582971426183697
0,0680820794362118
-0,148666540286506
0,096885250184036
-0,0246879068218552
0,0926006977552522
0,0303452419285404
0,011440648177536
0,02981223946471
0,0368436403586408
-0,0171029812032097
-0,0648505433382936
0,0050736572325202
-0,00423871793065831
0,0155205712229896
0,116516363781425
-0,00157156716893298
0,0513895608821196
-0,0341210187772757
-0,02091473778934
-0,0387584887199746
-0,0432698803170659
0,00720350151813908
-0,0584486447692184
0,0979067654977007
-0,0134754474618847
0,0332644627842286
0,0208310124458039
0,00172776823594424
-3,50414417532489E-05
-0,0679745285133606
-0,00542148940211182
-0,0195622057286485
-0,00480351073121421
-0,00638048897306295
-0,0139609623816699
-0,0015738938990471
0,0116704324593579
-0,02041300705065
-0,005929462964422
-0,00452355706394421
-0,000891798083838457
-0,0165609878556497
-0,0214903391247224
0,0173454176348539
0,00629740459858199
-0,00221891606789617
-0,00217016319826296
-0,0024917733217586
0,00466170873943626
0,00190676018624958
0,00631991173027998
-0,0017114875588266
-0,000194771223633342
-0,000486484434940817
-4,87861554726661E-05
5,07365156452137E-10
2,33801396402141E-05
-0,00211874090522102
0,00599206603432289
0,000433973780190419
-0,987852601038385
-0,0214388235036489
0,00709946736145101
0,000105607771995898
0,00527599778983269
-0,0243816629080265
-0,0410437883646218
-0,0212725863858216
0,0102281562345052
-0,0322168183421592
0,0222824435124315
-0,0178343385811825
0,00891825357961874
-0,0240561202272495
0,00311468083867566
-0,00403905772507257
-0,0131615646493658
-0,00272997649991964
-0,00832153655704802
-0,00203999992048171
-0,00480714406337123
-0,0161604908907817
0,000399024866182016
0,00553166623903628
0,00335108600736409
0,00988840748951281
0,00459706266637314
-0,00109393774813575
0,0183112939460148
0,0688193837809748
-0,0513003639292818
0,0492174080854254
0,00330367998128485
0,0020988592244221
-0,00232298271093366
0,00365200255032644
0,00158447611580937
-0,00716299318266666
0,0103200887316716
-0,0151196033793235
-0,000941545919939494
-0,00607496084929208
-0,00829263514078634
0,0274863084806005
-0,00250906035659654
-0,000618101542433948
-0,000960336129190474
-0,000846934458532115
-0,000257599799016684
-0,00487445087950165
-0,0103406743288497
-0,0245022003109618
-0,0440168554151045
-0,00948295690886122
0,00120024251017877
-0,0564107200446107
0,00890656780252194
-0,00738096270649255
0,000777116668302756
5,11737144597065E-09
5,997509342484E-06
-0,00464147241564799
-4,19037554212322E-06
-0,000859561512025627
-0,00752789282732712
0,777362555030903
0,59510192308696
-0,0383069988649014
-0,0388241075419
0,00456277158614561
0,00579681478755895
-0,0128541339518766
-0,00762107312487115
0,00998254855829018
-0,00600901482296046
0,0111606393655883
-0,00218458502148954
-0,00645317811822615
0,00372518577023125
0,00276141789057183
-0,00130655433909101
0,00332662497340097
-0,00361618616857751
0,00180368246767858
-0,033765338764471
-0,075759079471913
-0,0187551706936041
0,0210190710531919
0,0174560997125437
0,0413499775542457
0,0133495403421228
0,0163663474710958
0,0489337411569548
0,0374788278715304
0,00083858415642902
-0,0093065004759853
-0,0319388266019458
0,00557767762318914
-0,0180209587070316
0,0118795827026179
0,0104604220224049
-0,0120882759257847
0,00854308374636473
-0,0197160539389936
-0,0201616307361946
0,0170598203874112
0,00519820293730155
-0,0060479653683137
-0,00258783409033196
-0,0101561082213345
0,0112999891761906
0,0196444328699301
0,0511328761707645
-0,0769162345001164
0,0939927300364802
0,0201122633896684
-0,0488580925230939
0,00242345140380795
0,00441818935188666
0,00613457126653336
0,00259444632375191
0,00252904035121231
0,000482997520385276
5,11158887327387E-09
1,61418756268632E-05
-0,000237881051953233
0,000367774876971945
3,01905777100643E-06
-0,00707478415324841
0,547856567918628
-0,69050203725756
0,109799770661447
0,17652001013843
-0,00484722544185098
-0,030836070651407
-0,00132617236686886
-0,0459347863934105
-0,036003509676168
0,0594882648576639
-0,132687351778126
0,00633876484744729
0,0816278866311351
0,0711250555471654
-0,0874328850169259
-0,0343158826085463
0,0643829248558323
-0,0159469375479603
0,0371012861785901
-0,0300928013891125
-0,160766095739747
0,0373753542724746
-0,00531379465721045
-0,0043770601613547
-0,00299336524257836
0,0409548747455538
0,0629856819113568
0,0161481400671606
-0,038585160231283
-0,0244815391192453
0,071266596436733
0,0764621799366304
-0,052059668346518
0,0269555579975985
0,0829765175139037
-0,0943894252699491
0,121293866361534
-0,0661175559036485
0,00333305655501973
-0,00953803877192332
-0,000380638803197674
-0,00011531187746052
-0,00898116991634378
-0,0567131464839197
0,0436341136819914
-0,0455555037394395
-0,0213884001176332
-0,0874264101870228
0,114951735508723
0,0469623751078393
-0,0750802125681176
-0,0427095578802947
0,0507738856709827
0,01196428227759
0,0371241519339431
0,00205937575289137
0,00231199124917141
0,000273970504659391
0,000119896854067849
0,00348911365336882
-0,000534190161018346
-6,99495861585871E-05
0,00304253381580694
-5,28830985003949E-05
0,00556231815020983
-0,0397483586427422
-0,717757243629033
0,300675773805785
-0,0354425381254941
0,097176159337361
-0,191661866919661
0,128111730502248
0,196063028939105
0,135937331020356
-0,087866315477032
-0,258074067988505
0,000994860357465016
-3,4563849907203E-05
0,161676190889249
-0,131396364616321
0,129593518808743
-0,0412571020498034
0,00624611541677429
-0,212894396859274
0,0251338713923756
-0,063771743152238
0,00340995305109342
-0,028695255716026
-0,0995809122340342
-0,0364007905502619
-0,0271481715992621
-0,0252005743732751
0,112395661268745
0,156520253290983
0,0288602607477981
0,0286926427072879
0,064099779392074
0,0576539317637308
-0,0505133178407389
-0,0110845982950209
0,0689459186885914
-0,0379322521617325
-0,0116897814300499
-0,00508046215608574
-0,0640088844923376
-0,0155283892836756
0,00227982991801486
0,0858755037191424
0,0107862554991294
-0,0118097289817325
-0,0559354845183458
0,0358673619258727
0,00993568036081809
0,000828312789641315
0,0116207217987903
-0,00778391978739816
-0,0149270608348168
-0,00798037202301434
0,00353741064731435
0,00302545504010861
0,00655011613928578
0,000758281501698499
1,63109287788982E-10
0,000905291251985283
-0,000146206825018632
0,00089316807022456
0,0041379843664672
-0,0536455622731535
0,0101087957965555
-0,0309441064184556
0,00383193667040694
-0,101413766908885
0,549545440652109
0,737082664612547
0,0784639337023228
-0,0220577108661052
0,0130214966936378
0,0414613319959487
0,0867531596129762
0,0107393450510547
0,00188689008191877
0,0210091611263449
-0,045705676155275
-0,00579271329679564
0,0595113432116713
0,191043278595518
0,0684342192937398
-0,024433793761065
0,0234162846470663
-0,0269292841017958
0,00649127853313053
0,00480887943392523
0,000131851925538697
0,0519713926857354
-0,0105007289550675
-0,0108455776992851
-0,0276831337345909
0,026176379059846
0,0173647090598195
-0,00100784271801179
0,0215756627714503
-0,0411529425610115
0,0421045678229875
-0,0113890919634777
0,00816762289440373
0,0234502311393487
0,0445222280098883
-0,0770286900542716
-0,0316497969746037
0,0121931768689724
-0,0559927967607543
0,0388200595414061
-0,0183203228012348
0,010501368380428
0,0900798199622382
-0,0257789015006302
0,141550659432094
0,0597631372054504
0,0348486507794216
-0,0650510000894639
-0,0933608347028267
0,0657059534920142
0,022131318635151
0,00663518363669327
0,011668755983513
0,0015010592899278
6,49816520959254E-07
7,40159332309826E-05
-0,106808113498437
0,0165449501389537
0,206671466493526
0,00104948941362132
0,00193047185997647
-0,025957987989018
-0,164190020898483
-0,210383284593758
0,461965376572838
-0,438375705270151
0,169812486648442
-0,370654168431744
-0,0842977611309686
0,0934606764856011
0,0499474717665397
-0,094480462417594
0,0411355071616883
0,212947769169896
-0,0514059898193431
-0,0255170690963127
0,0289606847384841
-0,00370602143732252
0,0607098442086013
-0,189061799615107
0,0971955861519835
-0,0667240217176199
0,0726130455509033
-0,125599974140017
0,046315886195501
0,0804388965428721
-0,0857722240734545
-0,0115408909163393
0,0741454546065094
0,129804841931143
0,0215926662975983
0,0905679662191631
-0,167556502873396
0,0473050607102868
0,00738083546266422
0,194262090893626
0,0726081429782239
0,123429622183301
0,0698662871726643
0,0822397279153344
-0,00925693020285144
0,0104213092280745
0,0104668011823364
-0,000401792467385545
0,0167650666345021
-0,019810872482244
0,0107694842318313
0,0205709074980984
-0,00822365582892062
0,0014143306917042
-0,00577883202633343
0,00557839277250863
-0,00626289397727148
0,00286626402474113
-0,000103670028640493
-0,00020408703920417
0,000469609339785443
3,36658029809398E-06
4,56585550091135E-12
1,76288147631645E-06
-1,86462175458852E-06
0,0002000283919518
-4,47236916215701E-07
-0,000105978215075509
0,00207715765932491
-0,00975844597933205
-0,0267277555952356
-0,136972463089992
-0,101635477850213
0,0529878301980547
0,239637225772721
-0,149118610918649
0,298220252299695
0,0702001992221815
-0,377181653905955
0,0421437141575382
-0,503247677537475
-0,0905696771450748
-0,261422924183404
-0,293622856396796
-0,0298333724503463
-0,0247706919587501
-0,00715688637324569
0,000726007119425353
0,0301802774741452
-0,00754705873805796
0,0122623289783845
0,00701346106979635
0,00379298833585656
-0,0180452011837609
-5,01016932674862E-05
0,0315173587522038
-0,0814772191069987
0,0745210061854088
-0,203247012616515
-0,0484535096157386
-0,0402947562280995
-0,0296106206342222
0,0399447293484594
-0,00332663699810329
0,037683578165974
0,0575408767678935
-0,0238044894892085
-0,130071595726546
-0,137682657744653
-0,0463430862018416
0,345484143055641
-0,0619694299041289
-0,0335836956041378
0,007058446981359
0,0128309872944799
-0,00606776897576736
0,0303522185098707
0,016702424731952
0,0200933859812429
0,00796169273192194
0,0089543996580221
0,00593496504422638
0,00256262094396299
-0,00108063804558868
8,3731059227955E-05
-0,00012317712329177
3,42349488653501E-08
0,000171058932260643
-6,47357330156029E-05
0,00013319914051459
0,000395083438824821
-0,000462194596140885
0,0248198580792227
-0,0728421698045562
-0,15719541116148
-0,544292403704047
-0,31258690867237
0,148508261196945
0,161436016557369
-0,0557410950999907
-0,0384411929121976
0,242760168865497
-0,210305974312776
0,0847295852683427
0,0384866084374722
0,162202344030038
0,340903737765936
0,277807495784469
0,0371447990057612
0,0699495966145038
-0,0352908660625532
0,00869686548160817
-0,00377892053038709
0,0471178504151484
-0,0422460444551727
-0,0161263764357082
0,0591331487734121
0,0717764388436129
0,0544440739291207
-0,0466630928909364
0,00936860307173768
0,15876882578684
0,164492498746538
-0,0931942924720016
0,0786644957031457
0,0949700977222795
0,176233315279763
-0,0405829782130247
-0,011695715430088
-0,0817702894306636
0,0412050527707055
0,129890558478493
0,131147993861316
-0,0546016374715159
0,0461363110395086
0,0572784318270085
0,0361941374922013
-0,0241810663897155
-0,0265014406486899
0,00866399888434891
0,0138144022522622
0,0466507073406048
-0,00347683160334345
-0,0110169926359244
0,00099046732359175
-0,00980547507479445
-0,0172735408635452
0,00342223288713175
-0,000843433462714216
0,000447307571177104
6,7119383778015E-06
0,00112911435193944
-0,00141440950981595
0,152327147640218
-0,00509707852742415
-0,0263334069417585
0,00527806280036013
-0,0131980229894581
-0,00893761256750756
0,023122402800134
-0,0996468846295351
0,0339363263542306
0,359637123869734
-0,175391781940933
0,519534586441325
-0,367944072099405
0,186331483219646
-0,155055894516174
0,403908151119977
-0,0794235902650772
0,040774936929904
0,167083090618764
0,0230803542254483
-0,008841874969922
0,0434894875677136
-0,00643905226468947
-0,0566564906514523
-0,0121725228978887
-0,0055902996798848
-0,00131497307861779
-0,0293299529116167
0,000909404669681455
-0,0153386266697767
-0,0307278746648686
0,075265677286299
-0,0889323526379311
0,123942083337196
0,0310550120939512
0,0126318245341861
0,00907433228452063
0,00343343236621377
-0,00263933348071515
0,00491359811808576
0,00772731321248316
-0,00186180655865254
-0,0424262465805674
-0,0609949058169165
-0,0489107425256861
0,296314957773171
-0,044576658385162
-0,0240700224495736
0,005417547944313
0,0053173710504977
-0,00533574510727038
0,0442873202042115
0,0381412832094289
0,0275079656199541
0,00705761621154085
0,0121028217018915
0,0043364035062055
-0,00241491210330441
-0,000307611203012187
-8,56946006514119E-05
-9,72551528139295E-06
1,08066700828008E-08
0,000182321785789676
-4,9898932524861E-06
-1,76112917452151E-05
0,000109880968064188
-8,56771641062849E-06
0,00193314922967954
-0,00992928272551916
-0,0532261759030055
-0,082609482760393
-0,0981112305283668
0,0692385314988769
-0,0681667425495323
-0,266016551388504
-0,257327711185439
-0,127895470723911
0,0611655219193486
-0,111879973918968
0,167057925897408
-0,384731408302247
-0,200494066834002
-0,326423179150279
0,331383118874318
-0,0149456250401227
-0,357888304263714
0,104908356600275
0,0203532603959401
0,0219344860915669
-0,02554255427564
0,00342791783649652
0,198219460342411
-0,00897030144329955
-0,0890083466608599
-0,0601574672536965
0,0456130304639047
0,195934454330442
0,107751781481016
-0,0413114789102975
0,117715541106413
0,0854876249114586
0,15822082905166
-0,0142789958588618
-0,0373366791556035
-0,0710549665616115
0,0216132753312503
0,155125433325044
0,0628490562785494
0,0618957849511316
0,0453305105937916
-0,0143303953413485
-0,0646530704932443
0,111739612036273
0,115389539512278
0,0457929589919858
0,0241935352656462
-0,0314393828739757
-0,0437623724901963
-0,00613122442095752
0,00909409436114121
-0,0184282649885686
0,00804025501634744
-0,00101326436362794
-0,000958839296950644
-0,000335652776371021
0,000119794633592211
0,00333619362460324
-0,00105286980815044
0,000349098080128739
0,0488237060370279
-0,000292029281006579
0,00201961720129033
-0,0125343102929891
-0,159203136371384
0,0245288410146236
-0,132869929208467
0,112225765642077
-0,145101401702445
-0,0519000861680174
-0,0563185360913343
-0,169471437010523
0,0692411752210506
-0,137811627939155
-0,122869152692553
0,395471028162677
-0,571955842603967
0,349700178656692
-0,0681431015700398
-0,106000670794181
0,0334135922062914
0,170433469834349
0,0477903661334313
-0,101905289321845
0,145004659112706
0,0954140249138482
-0,0161690822539922
-0,124855214285306
-0,175020591560792
0,0209424946959221
-0,0040228173722769
0,0877719941742872
0,0384910170794275
-0,0717888946259227
0,113156078419389
0,0171344961338529
0,0844800899858544
0,0226645599034231
-0,0591539564985504
-0,00222173529921214
-0,0470721592210296
0,174100454118713
0,087648889444728
-0,0119479368468231
0,0436989477637804
0,00414723373065534
0,0583909156134662
-0,011031042053928
-0,0323228365572045
-0,0471321593167126
0,0676445857391655
0,0832506378031156
0,0497177608569549
-0,0235440735584644
0,0106718025816284
0,00229620060595024
-0,0521200586858574
0,00699488490580597
-0,00603803662431756
0,000713124829974742
0,00011861303558573
0,00017471706117064
-0,00228276150468368
0,000479232461429412
0,0101573167615649
4,97330223013631E-06
0,00894975108469325
-0,0270880144897432
-0,419928764008545
0,117685622153682
0,159622487225797
-0,1296125425775
0,231869692334534
0,0518140993191729
-0,0507879303526693
0,150431481444199
0,00356975527672133
0,164257832571064
0,0715189823612894
-0,212535452784434
-0,0585883799048762
0,0749166013348322
-0,224692370231345
0,200818391815211
-0,213394370504308
0,353408820622257
-0,127659788894775
0,037191799210798
0,00639355565150029
0,11237840064466
-0,0482540379525864
-0,0678167972696427
-0,00231542493175463
0,0799453466810676
-0,231924271057747
-0,203740455445337
0,0812560332799975
-0,213065308158086
-0,0603383806048538
-0,103874467703596
0,0705561057502699
0,00642449101355465
-0,0588332889567945
0,125215062780423
0,0643309031643588
-0,0108523555296951
0,186505215095054
0,0581623331291886
0,0174261744522602
-0,210781199134486
0,0927994126963885
-0,0880757184955394
0,0259441414752034
0,0489064142286624
0,021757701491937
0,0245432561420214
-0,008129246420728
-0,00518940174476405
-0,00593007743000651
-0,00154822377249304
-0,00410667118438277
0,00101033765651796
-0,000426033506830009
0,000113820586188296
1,4313815492154E-06
0,000824932515443489
-0,00746614028377284
0,0334329161247108
0,139975798565222
-0,000685156268386046
0,000872921807210332
-0,0055396345062948
-0,0131278317150975
-0,0830545933163361
0,206543782394438
0,0359560378591516
-0,0737396995362869
0,0178421287479784
-0,0472885242063807
-0,17816472516975
-0,296877861186971
-0,0467877571940545
0,0643621268319851
-0,0415534410304125
0,145152820554387
0,0161774475480449
-0,162947730855229
-0,467926663640156
-0,0779277828541029
0,107469536824217
-0,112568643148113
-0,167947539539268
-0,198022062570209
-0,338566372339973
-0,0313864546585424
0,11650920990687
-0,314092813932951
0,100792440404914
-0,120028390792902
-0,107370409485016
-0,00407289654531188
-0,0429764352025909
0,187968359653214
-0,0218976162654001
0,00912728763035571
-0,0753749693670871
-0,0596622101018693
-0,0575544301464334
-0,0782690183274826
-0,133897939475039
0,0946176439913652
0,0525758703818993
0,02969485026664
8,44382795023578E-05
0,0811025540762244
0,19563749050755
-0,15344783022437
-0,0344516552349685
0,0288735822512895
0,00546609792053632
0,0156365265340821
-0,0404223374129518
0,00444103014849395
-0,0652420682296053
0,01329802127003
0,00182046257464645
0,00348087211461978
0,000366298333463035
1,36581711568453E-08
0,000815261014557553
-2,83673154776024E-05
0,00412352094534116
-0,000158343510827839
2,38979030691989E-05
0,00839845178669576
-0,0113923599905525
-0,0173014824507232
-0,00459059440856885
-0,00926173304552321
-0,0047703655385843
0,245992108227552
0,211437204094614
-0,192781295046804
-0,0765828997948143
0,0288218419429384
-0,151603079427591
-0,106958891175463
-0,127955328241001
-0,0541208658631717
0,0877977442577712
0,133390509270915
-0,123048907750619
0,154671924254945
-0,211912967098246
0,160071621750194
-0,0438737535472878
0,00642812978592305
-0,110310893174221
0,0711253827036244
-0,0889249610898374
0,0794395044057165
-0,0117129830269346
0,0292511259848682
-0,070888129757718
-0,0351112060368712
-0,187110411460107
0,0311449473224819
-0,0720859904288368
-0,0936145688232938
0,0341433407273068
0,111718202961318
-0,256467532680896
0,278043556971016
-0,0488773978792508
0,226878566683575
0,0569278336346629
0,0380015039065959
-0,24440915781506
-0,0579670806764254
0,0317031678251864
-0,115459670494384
0,085839216615677
0,0405197344359663
0,119666905165294
-0,142453192306352
0,134643593792893
0,0308284043803683
0,438082728460765
-0,152981427918553
0,00517326477317965
-0,0095260753516833
0,000688419273248838
8,32879653941463E-09
5,57553188790232E-06
-0,0040021364961412
0,00173388045487273
0,00690242829189471
-0,000968972116010943
0,0360064445649863
-0,094560653867207
-0,0850405031448363
-0,407439068176281
0,0977454196118899
-0,14782461362426
-0,215358575718506
0,224422175654083
0,232043583562188
-0,0515460706367393
0,398309856286243
-0,0485941942744594
-0,217547294371992
-0,16278512075305
0,018834984308118
-0,0330148475617494
0,0958028900604285
-0,0548802733203413
0,0367307110907944
0,122367849715596
-0,0272074812775213
-0,0409325716822562
0,0420087247658174
0,0244680050594161
0,0675193357466617
-0,143577749814578
-0,0217813115815761
0,182739653740328
-0,0656845820035148
-0,060264796323171
0,0442801956414651
0,18364671941473
-0,0960115328984138
-0,0215165272980195
0,275874828896553
-0,245196834352605
0,25320881742861
-0,0206352576876881
-0,0988161700870435
-0,0767568111268402
0,065695025607669
0,0319595190066411
-0,0305221161153998
0,0601074122276568
0,0220350450706877
-0,00484323336773425
-0,0964690200000428
-0,000593270525150549
-0,00843751481035021
-0,0217998535049872
0,0775026697355439
0,0192703367125879
-0,0283374512219468
0,0706159626317939
-0,0320212750625392
0,00322659754923032
7,53681770363937E-05
0,000575260282488751
2,32438417690717E-12
3,80389496366309E-05
-9,85373354505318E-07
0,000138115283877756
2,20904829909158E-05
-5,69185029178596E-05
0,00281109570423703
-0,0076897521457689
-0,00929924906500571
0,00424211915032218
-0,0128838888256928
0,00662392936435957
0,098006842793233
0,0397605842834317
-0,080738149608764
-0,169257975079496
0,0715690614687348
-0,0688321695165314
-0,142825100354696
0,242640770598923
0,189325345407659
-0,203818409103809
-0,0416349025045213
0,106230528066832
-0,205255897908421
0,0850724693378491
-0,18443034580134
-0,0610695976635534
-0,00918764024246849
0,111406111390204
-0,0923329744549654
0,00535126023408537
-0,0576841463653523
-0,0275843202133973
-0,0010123901036162
0,0364601180899531
0,0356475997311371
0,138285521115034
0,0185714106231031
0,0358140364078513
-0,0860997093747295
0,0553746382698611
0,0335116528300393
-0,19273168138344
0,274084738121395
0,032049757916392
-0,00207628176106163
0,284950927270481
0,0908024829689306
-0,10404267370867
-0,0817680001996688
-0,0282319619603618
-0,0132908426649436
-0,476288789601615
-0,218891709732121
0,0734896395377319
0,302392971562561
-0,0232944088421717
-0,105679635742343
0,00219480048637044
-0,144610609256372
-0,0102041012802166
-0,0308799320953075
-0,00232453581779678
8,11248355854952E-10
0,0914402324853851
-0,00072498211658695
-0,000748224034821685
0,00656101473350445
-0,00198856712224305
0,000687169977611781
-0,00221315416759891
0,00852624244135341
-0,0271197805871081
0,137888629690196
0,135521407171882
0,0168577405006308
0,00288781524333739
0,00383690338223328
-0,00500045178676618
-0,0573582689022952
-0,0240071441329073
0,0381226334853572
0,00881310097890971
0,0861883187418934
-0,0122520528060037
-0,0638834909887405
-0,52629178700466
-0,11451923973856
0,131635904643624
-0,0140925785441095
0,245406576978697
0,0930341195836572
0,20879633501276
-0,076641266857295
-0,241063051165583
0,182150325294064
-0,0102310938886098
0,0892548431645453
0,0985245621179414
0,0969674974280898
-0,131331714651756
-0,496265258377225
-0,0306493570939436
0,0259342141499923
0,135879341224059
-0,0804387316985863
-0,18375755592221
-0,0530616824811794
0,116489372642487
-0,146595396489451
0,0525539782222604
0,00159266324002533
0,0281341794997176
-0,0908136945362661
-0,0630137140950136
-0,0849600107571641
0,0685845464635056
-0,0313680303159073
-0,013746297315751
-0,00498733095227358
0,0181249337117891
0,019099021210911
-0,0148144109784346
-0,00647880835710696
-0,000180130951864992
0,000263065919567414
-1,87289672480027E-06
2,70313784742841E-08
0,0128719369967372
-1,52618843647479E-05
-0,000499003763715046
0,00132894760233999
-0,000126521194187342
0,01431683310471
-0,0454883041435885
-0,174486433155608
-0,195256918348483
-0,227910079779667
0,149345697397633
-0,0959024794406863
-0,378484032947686
-0,335787331162096
-0,191748927944861
0,102811831607408
-0,0218520914395096
0,0480171644330075
-0,204398189166401
-0,00668889185533467
-0,115842802439418
-0,310116269732255
0,031502398918102
0,286335628517246
-0,115357758977077
-0,0342249055538726
0,0326812135959978
-0,0111796156319279
-0,00299753133674338
-0,219284921763101
-0,0567989496074916
0,0540014062943343
0,0437026181418648
-0,0213839296727943
-0,0443007154348436
0,0260950058665558
-0,096747047113329
-0,0719993936537812
-0,0389452740829567
-0,1929522852112
-0,0641615585751377
0,184766675691394
0,127767658618824
-0,116769395872361
-0,142067416061969
-0,113602576445968
0,0227712481921132
-0,0618500445502388
-0,0184818601051373
0,0758346962261915
-0,147185977876106
-0,163759186894923
-0,0735528738813513
-0,0397217112123099
0,0521929443126089
0,0731275464217077
0,0100713665535697
-0,0155003781750191
0,0311741455936043
-0,0145439563362914
0,00190184793428151
0,00162211291920041
0,000530635700374243
1,67973243600813E-08
5,02681962678028E-06
-0,00258229628506977
0,000641426423551664
0,0106443751619286
4,2223072882641E-05
0,000962610954948335
-0,00646810005009846
-0,0790466249615499
-0,0294948067774598
0,140689085561168
-0,127835614105921
0,111837114712341
-0,12458873935223
-0,0471599662624388
0,0762181193263088
0,0212635670247698
0,0209593581654377
0,0510843281404732
0,0484022733693471
-0,0651166481055592
0,0216290372962325
-0,133008422164191
0,0663053949492862
-0,116069443464938
0,0845769455891928
0,0184928132518344
-0,133828117068386
0,0612179752804267
-0,0410646566216982
0,058027337902776
-0,235482993780617
0,405885914992635
-0,0856663824272536
0,0256173427733805
-0,122620724649672
-0,0830976517073335
-0,0478327944931641
0,385508407035821
-0,0359103985172182
-0,0109889582813613
-0,0280922164511518
0,062692220350323
-0,457435126779231
-0,246992771658368
-0,105998543836043
-0,216215183441533
-0,0842123042919941
-0,0485593465730692
0,22128208207151
-0,149271283508854
0,124425998878232
-0,0565408274210665
-0,0685744454226872
0,00541545556043094
-0,0146677922174781
0,0129862367696011
-0,0135758523075809
0,00128605824173706
-0,000486270569506908
0,0109611903141477
-0,000785051214695091
0,000548707744515933
-9,17692060199657E-05
2,529724197732E-09
8,35073253881889E-06
-0,0900491265497813
-0,00177730652200481
-0,00615274263860616
-0,0305380431103768
0,138930245761735
0,130445675684827
-0,00675548480579403
-0,00572353831745113
-0,010182746077525
0,00118995144454819
-0,0107069461534478
1,62201365780656E-05
0,0114245682650528
-0,0149893469837342
0,0111870501114543
0,00572608140976844
-0,0102924720039196
0,0128800431770519
0,0339411561589114
-0,022380118708984
-0,00367604908346247
0,0226154477654526
-0,0216631202485728
0,115643151124876
0,354014950804324
0,0420243951328508
-0,0848783953338774
-0,0879983061939964
-0,180151193477205
-0,0729914507503996
-0,040239668987588
-0,246419794194456
-0,232843390013816
-0,0242314349509313
0,087698449121221
0,100890005313817
-0,0309807266371888
0,0658462891796887
-0,0302617748632011
-0,0397587942545552
0,0349403335540376
-0,0481730188148633
0,0807900821691698
0,092972229276088
-0,0606959592425183
-0,0216631473333513
0,0289744001007257
-0,0320602700974559
0,0668295512225784
-0,079466874768059
-0,106062738852133
-0,265374164047147
0,420422427674325
-0,490442499330428
-0,110062475223825
0,256715626702377
-0,0176146051799028
-0,0243559802942032
-0,033478473079776
-0,013231229486025
-0,0129799616536878
-0,00246533205957937
7,51529603380933E-07
0,000149214489564366
-0,00249117443260728
0,0179670237593506
0,00316064238747645
0,000297799269527915
0,00127614071729628
-0,00775488294881714
-0,0247025493240942
-0,100370449011761
0,0891063467919064
-0,0447331036277141
-0,144500539897304
0,179129551597152
-0,0152098101181226
-0,335148641940738
-0,383241058719437
0,0679514009916398
0,144512081101554
-0,0677042581911477
-0,0346948965976295
0,0219023882954776
-0,101364506218673
0,224764477793682
-0,0761134408068297
-0,156943268514014
0,0406563746634075
-0,111437809716559
0,226595694205564
0,175559037447938
0,036736516940879
-0,0888467403539971
0,0579240092086499
-0,375277106789178
0,109267740376453
-0,0691734745228126
-0,0945058574833459
-0,00729832435320273
-0,188343146654449
0,00396153775404882
0,14473166027261
0,0259546968509553
0,112254225761713
0,125472462783416
-0,00904944292899701
-0,0835627487544949
0,237113687022561
0,149348807678676
0,0642803324846683
0,23328657273195
0,0128124269558278
0,146185004627693
-0,113517428518846
-0,0434330978140609
0,0117646420281788
0,013961776273974
-0,0292660271628867
0,00152223957913014
0,0306765185741306
-0,0122217878516154
-0,00420168751851307
0,00165452685563411
-0,000101113558148407
0,000188420364867379
3,91799935600583E-09
8,8143199665242E-07
-6,13702462790205E-05
5,06991718798507E-05
0,000243324870140384
-5,06911947959916E-05
0,00474769127617678
-0,0179002855569779
-0,0305848307893542
-0,158063886313003
-0,0225266163944983
-0,0140788154767586
-0,0306322465249986
0,19714864684189
0,0755078016220101
0,0400894575687706
0,109327099100768
0,0623419820765749
0,180333598111631
0,109342960105041
-0,181044023701392
-0,302292886875779
-0,00732399889138921
-0,114346525092419
0,0617059800228439
0,0473543776113838
0,0105977449458203
-0,138846179656364
0,0204522065169146
-0,0441285152596628
-0,112079062290204
0,245167130409475
0,236243975744005
0,124525829447429
-0,121913743114683
-0,160850103330274
0,0157820124219905
-0,329841529628651
-0,00517708559039028
0,153346724669324
-0,155670054385885
-0,0715472860024511
0,0311241757829951
0,132105323131758
0,331326023997979
0,258073324058643
-0,0626994417690574
-0,0170042639534033
0,0831080577009701
0,332937833510561
-0,0469052794674561
0,102968162420518
-0,0267059282342048
-0,0422553134006442
0,0135852365910898
0,0896569322523454
-0,090331647070603
-0,00292823241832237
0,0272419466032213
-0,0679038827098245
0,0052623010302017
0,000657661445138297
-0,000501791729041892
-7,95471981678351E-07
7,47687799230142E-09
0,00297573961983156
-7,36861046730238E-06
1,34912644740389E-05
0,00078913567442656
-6,42057796438811E-05
0,00323635457824301
-0,0108487937406864
-0,0452125504287927
-0,00112957776987074
-0,0415625838314879
0,0294541391864302
0,0617120005142693
-0,0194849198941189
-0,11579598359223
-0,216106755048283
0,096823660134995
-0,0271100833739437
-0,148234687151955
0,24832537974093
0,0931227329771766
-0,164911227677528
-0,148319225858306
0,0651305527201365
-0,0555601506938035
0,0927708215258642
-0,150538147969829
-0,0127404154634328
-0,0075498436558584
0,103576334681258
0,0281973645418256
0,0512645598051516
-0,0609475178942903
-0,0564861006921762
-0,0572146397012232
0,0082245797522641
0,0688672514257417
0,149945045963847
-0,0859058980088954
0,0230092993574212
-0,228734982380895
-0,054105012392833
0,165898360475386
-0,263601460410949
0,129558511915127
-0,109519734738258
0,187835519650711
-0,160630444830802
0,115084550906735
0,0995832618759708
0,0545473008349519
0,0381717375009086
0,137106575009951
0,548412322485736
0,129388389092331
-0,152266999879773
-0,122464870182159
-0,0588811385411758
-0,0764826633250362
-0,129909276866996
0,0950714946131557
0,00743933974900298
0,0383830773524191
0,00259640805722627
7,51647905791039E-05
0,000601585397877344
-0,000112877404945835
0,00305641121962797
0,000371351300542732
-0,00027799453650011
0,0577643499885619
-0,0267375559294349
-0,101243715207489
-0,0513456023811881
-0,00864578661889981
-0,0244618285637257
0,391853256311519
0,323910269032498
-0,253109608177348
0,0413862012985911
-0,0132202070113022
-0,0578791385181026
0,0281539858739223
-0,252390678280282
-0,16551522155172
0,178352307925916
-0,0697436779244341
-0,00913558195088184
0,0799386207947599
0,155134287827954
-0,0516433703961786
0,152381762851205
-0,0297667090007129
0,0662614739716881
-0,0971425033813861
0,159666290353909
-0,229240745855831
0,0126021546667526
0,19719333851169
0,139263448583629
-0,163749714724362
0,31085704400385
-0,0220168065323889
0,120283025081322
-0,112669716628594
-0,0501166030230352
0,0472984941848791
0,0199424744678385
-0,0247335140426429
0,0509399708336456
-0,228934280313009
-0,0193338664850267
-0,00449813712213738
0,28104805731241
-0,0973343404421503
0,112024119127359
-0,0347639656639721
-0,0352245361473089
-0,0189996743304129
-0,0452325267556682
0,0106760387821239
0,00809017476854787
0,00955793463986489
-9,46459273789003E-05
0,00553187261601421
-0,00152521333984778
0,000669387517631705
-0,000181248124759628
3,48657579503768E-09
0,00537384949079157
1,67881390957048E-06
-0,000217836190474241
3,30428591138193E-05
2,44390719925336E-07
0,000587642106824002
-0,00311130552493838
-0,0276521094091176
-0,00620433940933572
-0,0210781365872512
0,0151112532097777
-0,0211088632059941
-0,0425340932783806
-0,0327017216429395
-0,0182663622281871
0,0104926089518397
-0,0168036352139869
0,00894652254626947
-0,0420976608895694
0,0112434412181297
-0,0392908836411341
-0,0813461887628612
0,0236359142467553
0,106787607010788
-0,0803447748400249
-0,0186724900002366
-0,00403067068716515
-0,010167791127324
-0,022256508092434
-0,213845436965089
-0,0488771915048093
0,0455770205393415
0,107552350710308
0,0129573456139409
-0,0812178873949856
-0,135871389697162
0,132873011774823
-0,000344176797270054
0,0131726868848091
0,247572923907565
0,063690668545576
-0,179619973409448
-0,102932107638711
0,0858630672875864
0,101796421316849
0,0785813565377165
-0,00302345963427259
0,0335957888824371
-0,00081849110838805
-0,03130701547572
0,0621007696816357
0,072183636507355
0,0654218196568343
0,0403850802865006
-0,0167226128612424
-0,0377485782725139
-0,0530523642839232
-0,0419034590842343
-0,0169038083514619
0,0753533695849477
-0,421782673118532
-0,715712593275859
-0,0921877663788759
1,25105071549936E-12
1,5987999210283E-07
-4,96530284132162E-06
1,57880497643639E-05
0,000285961242342984
-0,000246016589007572
0,000602498245364037
-0,00218281932972275
-0,00295755688381634
-0,0147210118073764
-0,003154561489723
0,00104697337122535
-0,00836657060869269
0,0246120821411719
0,0147804243852267
-0,00737320186538007
0,0256322359303585
0,00374746326433659
0,00298033429731093
0,0125265736981781
-0,0797034665705657
0,0276245008014448
-0,106079826140448
-0,00283867254573445
-0,216335210216528
-0,208398512902969
0,015781126042671
0,160619070622973
-0,15242867672286
-0,0635505521199974
-0,0617470105593498
0,117363608280286
0,102050024920311
0,0151903122689711
-0,0269555580581441
0,107121517153312
0,0660856943552766
0,106110895384465
0,0353890052724098
-0,616162096002467
-0,0136151754964686
-0,070131859386573
0,0880332778939093
0,0403571944080928
0,0502316129570625
0,11861241061611
0,0151329564442155
0,0120340252727028
-0,0082971560500978
0,107916508948579
-0,025562528159725
0,0587714400866476
0,0506067090434642
0,0897550306624365
0,158479128472242
0,0814445074503469
0,214137676398744
0,103186921003719
0,34736855095288
-0,14330412410752
-0,328041450729204
0,0135151441114094
-0,0627752467778822
-0,00120641107310145
2,41857697320373E-09
0,000459448396837671
-0,0823436538174128
0,00119192396856027
0,175220687023594
0,000572116791445178
-0,00145868161922369
-0,00106434639950296
0,00138538091006001
-0,0154850363556835
0,0512042264895306
-0,038550148486264
0,042683249335771
-0,0610780259714631
-0,00954304895652912
0,0394782599262123
0,00566735716335509
-0,00843487015435364
0,0339821318599027
0,0265555628692534
0,097979598558906
-0,0800465879944938
0,045606686168389
-0,223685418050323
0,0234046905818166
-0,194343058311646
0,153866543739854
0,321007599287582
0,25582311766854
0,591626230545304
-0,0482067524431755
0,174752991792935
-0,178229143551044
0,000615101853435119
-0,168542464283476
-0,199561658197966
-0,0533616068334184
-0,0314296460229546
0,374005997850124
-0,0138094167364055
0,0492605471415935
-0,115148088038745
0,0239323341182043
-0,00494206669371347
-0,0164824674611747
-0,058847144640693
0,0445230244841035
-0,0184973464057583
-0,00725182679598752
0,00403463360020878
0,00904418366189548
0,000214442231330202
0,0196400512165152
-0,0220929010040395
0,00403024870054685
0,00278237649240451
0,00766227258170149
-0,00232536359926918
-0,00739846708787482
0,00967507858941585
-0,000399649123344368
-7,00410657529643E-06
-0,000344086378151593
-5,5980047312911E-06
5,42578426551038E-07
0,000134579392576688
-0,00121077528744822
0,0127801778272129
0,00301841446543746
0,000196867592850547
0,000573176081671898
-0,00340939760153626
-0,0091385925806054
-0,0443073571787846
0,0601287808824946
-0,022300298426606
-0,0856548220127429
0,0785452975053917
-0,018247081457882
-0,197042455202884
-0,242030637011763
-0,00996497802035513
0,0548107990022258
-0,0680963506783613
0,0305198498407912
0,0497487317687705
-0,0989737849662743
0,0707008153306324
-0,0438632112357488
-0,0281476991758864
0,0806998394355251
-0,190774016748617
0,046606694060119
0,13923971590007
0,0858009858446016
0,0646951248896366
0,050444233994629
0,0894681591997903
-0,0441318876541533
-0,0135364472719636
0,0546917032368296
0,05710424781754
-0,0173514775868308
-0,00158818574063481
0,0819302229399579
-0,0988695711482218
0,104856571599316
-0,0301982678938624
0,174339289827582
0,293777640361378
-0,440033074047243
-0,376727403046582
-0,153822277365368
-0,359719842469495
0,116264789146341
0,126816493564992
0,0089428106136719
0,133016619507023
-0,0708380147137504
-0,0228856947399705
0,192900550457474
0,0214733298948596
-0,165417368293517
0,0665615535978005
-0,0488402727697458
0,00292090383812376
0,00469004771488574
0,000896439689815624
3,60747373225456E-09
2,51559352044309E-06
-5,09624499517992E-05
5,80061581102741E-05
0,00017023097270183
-0,000435525427908257
0,0232867788695559
-0,0450299898924212
-0,00952925837483273
-0,0623579825632079
0,00424868826196788
-0,0226355303466695
-0,0214891979413634
0,0943401643205578
0,0384744787702566
0,00919450807387131
0,117228802648173
0,00233218640966685
-0,0297289893990719
-0,088704151636657
-0,053494662251716
-0,0612788992278308
-0,0335433650776982
-0,123525208447507
0,0546289901895483
0,172839006868005
0,027791946046864
-0,258540383635169
0,140463860749197
0,0663938779461384
-0,232239894359221
0,57685700208996
0,241478291980676
-0,256792348491547
0,156279308482224
0,205078085993341
0,014191252226933
-0,000928715291150517
0,0389486877204657
-0,0906519569998237
0,0558025315624704
0,135125600389968
-0,09737488803629
-0,0920842637321607
-0,241157887485637
-0,105650376486905
0,131037779369891
0,00423681574669558
-0,0216694825343354
-0,242718049457723
0,0527810521749391
-0,0866518525821313
0,0122905980211118
0,0313175155472098
-0,0095094756197734
-0,0173712740486747
0,015275949383554
0,101879198806422
-0,109514778616912
-0,0356899021377282
-0,0597363251181357
-0,00124295082497553
-0,00427921532947421
-0,000210969026689589
6,47658421776618E-10
0,000183421068640557
-0,00101158626781348
0,00259930878401502
-0,000115910517830865
-0,0276226358387069
0,168513472407189
-0,201477314252182
0,0215366135540692
0,0540737859692349
-0,00746026352626919
-0,0144867392728753
0,0182701655427644
-0,0307538706144062
0,0477478242160972
-0,102462693742729
-0,0186183546318267
0,00738840601818461
0,0452677685532807
0,0718453448975379
0,0766467739091622
-0,03788871679624
0,00813986446433847
0,0801017381912496
-0,0259884781347655
0,189091643431745
0,504323317143925
0,149758787304741
-0,144663720990729
-0,0849217613114542
-0,100445803729779
-0,0495640898847195
-0,00760908536707151
0,12275278400005
0,0405251657249427
0,0515224366834561
-0,160156048928148
-0,156650638710351
0,0239150650963062
0,00617134773418023
-0,0311578561314735
0,0429431637322457
-0,0393649326970206
0,0885623819658717
-0,0811097867072555
-0,0255121193246054
0,160654884691458
0,0352760832144745
-0,0158030223688344
0,172025226694521
-0,0570603372897186
0,0792322676298596
0,039757109807877
0,232032497212094
-0,224221367337201
-0,058755279660976
0,367600862456867
0,0893816075067589
-0,322411458786033
0,0894857776489296
-0,129839101687688
0,00497478949129905
0,00614157121613888
0,0015743354967067
9,80892673901016E-09
0,000614593497428694
-2,38629956567124E-05
0,00313190682330672
-0,000104220416215484
-0,000206735414487845
0,0324581916031763
-0,0564395672768479
-0,0122457383647668
0,0152349259433862
-0,0174483221009654
-0,00240868592387993
0,287415542458493
0,208705255245944
-0,234404838492211
-0,189884113444632
0,0604593841717238
-0,196401727120883
-0,196447324491933
0,0917510505057506
0,0860442257354409
-0,0923695425728499
0,132381473067398
-0,0448952781294015
-0,00586138654021311
-0,183845404621864
-0,0820976227482733
-0,11271296903821
-0,00355852966084102
-0,0249883544659693
-0,0122620537907229
-0,121192542654533
0,172070467852277
-0,0964641828253125
-0,322001183242381
-0,0655308599998653
0,293780943778672
0,0248681465492815
0,042980734683152
0,0222834290905361
0,107246094566853
0,0639757397656108
-0,294296376692671
0,334056511063273
-0,291973464660211
0,019318999463845
-0,0721806737738202
-0,0785697228375301
0,0070800474726178
0,0939317500977821
-0,0181330325277664
0,0347922691462515
0,0295499492174761
0,0656173949345809
-0,049548667687965
-0,00650986134716491
0,0892750115039076
0,0893327234712999
-0,0158638856037013
-0,00949415851700434
0,0554482700703209
0,00142752469092402
-0,000170377936543225
1,95469288384545E-06
4,27608260220119E-07
2,38142355306218E-05
-7,96720522085216E-05
0,00832552799622238
-0,000255467750658175
0,000134786208994981
-3,62510194059886E-05
0,000254233595206681
0,00033261285661791
0,000267823697594259
0,0012850434942944
0,00207257058154506
-0,0045523783963495
-0,000151753748846207
-0,004772114099588
0,00701562598393935
-0,00145133943544672
0,00410924809492986
-0,00432257767199623
0,00262707589391886
0,000259304777533463
-0,00418725769664516
-0,00651145267932996
-0,0126019216770073
-0,00652061866010307
0,00963426263937264
-0,00515238424674281
0,00446382841701239
0,000460414202998248
0,00218602006716811
-0,00275135343664628
-0,0217975714438657
0,0356743867242711
-0,00665370021600318
0,0144305350635818
0,0193107470452293
-0,0195620571949198
0,0608020295519945
0,0536842354540737
0,0351594774990242
-0,0328186616791398
-0,00925903839190885
0,0474991436887115
0,176494231188247
0,0541963944807916
0,0323151677068377
0,201339755636272
-0,198411127762767
-0,0721249960847627
-0,222341942488093
-0,735240497765971
-0,0352767592972966
-0,376852680311187
0,0337731057781658
0,178594033483812
0,0217065464840694
0,101255793419511
-0,169650087055515
-0,0742421181130439
-0,218975012589219
0,0732543629381263
0,00631592721921472
0,021351987049237
0,0017824028495726
5,84579701396735E-08
0,00458082043084274
-8,03696924278653E-05
0,00114367059158951
0,00174315014039833
-0,000555600637987748
0,00803586242174324
-0,0294138664962332
-0,314274638927615
0,113399208117832
-0,0457021708588454
0,0548317548594313
-0,0051156768266753
-0,0518758820048431
-0,0114890573268943
-0,237343051704796
0,106043532492421
0,356232949037144
-0,0866313490807109
0,0712490437100504
0,0199822222101421
-0,0349703255855814
-0,104548577381262
-0,121113490891257
0,230245000602593
0,02651007375065
0,102741406467371
0,196544201726679
-0,0898365681967159
-0,086332143882659
0,53213361504565
0,235996589657646
0,093941862466444
-0,0955908446476355
-0,0432350172506199
-0,0668561362587236
-0,0320941586070582
0,0966586293302425
-0,121285947793682
-0,00247474651358337
0,0973502581371871
-0,0127757815953355
-0,118855015958407
-0,0442684206192717
-0,00978550719003608
0,00203961378390429
0,0185135690879857
-0,0803085107266215
-0,0347367086073788
0,00564475618845631
-0,127025103939095
0,131271597625284
0,117941760670173
-0,204998359124922
-0,0817212221785659
-0,0219676921508944
-0,0336533359454079
0,0389348902000914
0,0599999477451107
0,0346506937965044
-0,0064899116720997
-0,0125679651512781
-0,0231640310459586
-0,00289017307916376
1,79268758790031E-11
2,52734832715363E-05
-8,48580333389637E-06
6,25323295654635E-05
0,000110642880599893
-2,66572085226968E-05
0,000926516968800383
-0,00254331361515423
-0,0193098440529726
0,00563864009671348
0,00276827857943922
0,00428772609691119
0,00249882604409838
-0,00968428449865437
-0,00284654778727842
-0,0240957902450285
0,0139220000960749
0,0490016021107855
-0,0110630068362896
0,0112549002253146
0,00466336923073861
-0,00319199715280297
-0,0441523617160816
-0,0548622997165098
0,0375659535450602
0,0276898946366504
0,025842671825775
0,0509983840574821
-0,0200763440228899
-0,0363823589516738
0,214501517367164
0,0146561783330504
0,191308184511744
-0,0964406802876422
0,0434838646496843
-0,0498538766546123
-0,113340330291625
0,210153908281943
0,199784352089188
0,0579156665204879
0,0456423145449607
-0,0778403998452751
-0,17594912293548
0,0945992574300987
0,143689332783479
0,125189513927779
-0,211542655154058
0,538581281059095
0,0668495253150094
-0,0499385760799548
0,169279446701592
-0,232920332728272
-0,319283325797663
0,336374420470264
0,172716440159463
0,0682750076571049
0,0732578533523806
-0,0822030503130894
-0,111824482340076
-0,0419937607128384
0,0152623668688414
0,0204443885179784
0,0371271833627731
0,00468342318124697
1,17875402039598E-08
2,50921438640824E-05
-0,000226038197429859
0,000890557307520737
0,0149375847220572
-0,0115967517752823
0,000440557855736945
-0,00289225765900847
-0,0110675743481606
-0,00180098146299511
-0,0259503618042927
0,017558256002129
-0,0234817278695784
0,00685312618648728
0,0314170981238837
-0,0529210314797098
0,0587249650254059
-0,0343882381700834
-0,0419155543035647
0,0587578957161227
-0,207751370870798
0,170719775252639
-0,151118237874049
-0,01620367861493
-0,300388486301656
-0,205998414425642
0,0225283446465174
0,152954201664956
-0,138992159061116
-0,0471314566981686
-0,10175573181227
0,142694225821527
0,119292603299736
0,0421002031584686
0,00586452374402801
0,103863599466261
0,159320561283503
-0,0685475729239972
0,0427598062417551
0,0985650028673609
0,262861680415486
-0,0165252616592666
0,0187590966821418
0,0607052139387164
0,31498033627351
-0,44195719307324
-0,15786601486971
0,068578691512104
-0,134219387821619
0,00312676015612308
-0,0850526203865569
0,00110877161618804
-0,071225410835796
0,0483007898030694
-0,269401706848909
-0,218733867952185
-0,150111996561549
0,0760284709115405
-0,0431002544975342
-0,00984352539374616
0,172492286207736
-0,0227429361672462
0,0203632111535819
-0,00217087789402946
1,00182518604446E-08
6,74943167627889E-06
-9,13596024667214E-05
0,000376146845419849
0,000347945510985943
-6,68133441297067E-05
0,00849957887090987
-0,027521179739954
-0,0644029149298306
-0,295389242911344
-0,0721756294346912
0,00256849225507972
0,0316704959472359
0,348027816909694
0,051100641943236
0,0706245896741633
-0,0043659026505777
0,144062559075272
0,402433848917877
0,228983025514289
-0,24499873901077
-0,367677723881619
-0,108317242476138
0,00775590737924478
0,0265853767947909
-0,138414096022048
0,00272947687701385
0,110411200931161
-0,0839691741568313
-0,0455604414396619
0,0561490394686315
-0,224868221540937
-0,17505055307533
-0,0341909758726106
0,0297442060924904
0,0548651779351296
-0,0209789400135622
0,071426478467334
0,0603564484362472
-0,0419872292630526
-0,0633079016138425
0,135129069870528
-0,126560716345082
-0,0689877924331647
-0,139118894826854
-0,158297175050712
-0,0410014610571625
-0,0173389031925757
-0,064960132127959
-0,278562762097854
0,0235533760633643
-0,0944778246817404
0,06814001571175
0,0291320048214597
-0,00271776911645374
-0,0368614258494908
0,0299523421935004
-0,00321025777877663
-0,0137649395412803
0,0183255549134866
0,00836960821372562
-0,00166904823936572
0,000472665236161075
-0,00019690297289962
8,3020890367508E-13
1,59658945284369E-06
-0,0012085769673999
0,000139609546335394
-8,18405696601871E-05
-0,0327101957160086
0,0172115082188212
-0,0107300132073856
-0,00228392818533082
-0,0179304183753641
-0,00189666477405864
-0,0142852431337228
-0,0216118287207509
0,0159611979895262
0,0232978401306274
-0,0157432260170524
0,0412646260306585
0,00285325406686237
-0,0321084294698921
-0,0168562777215674
0,0394165394396152
-0,0199164885718829
-0,0113936514755978
0,00438880299191266
-0,0177042752455683
0,167622874789233
0,415912480597599
0,0154341235170517
-0,0698047827724171
-0,0807558449490262
-0,224153089063883
-0,0517635661265631
-0,0647407276446059
-0,325608651511249
-0,225229871364208
0,00863372835939124
0,0838016607711875
0,184944850531664
-0,0210294391824269
0,0231965811044695
-0,000138261771449188
-0,0376116881375068
0,0474946762562098
-0,0601072515478873
0,0634614053416229
-0,0106809044350319
-0,102344431246174
-0,00943986249934217
-0,031558241399648
-0,0775690467153613
-0,0150410537339956
0,0150931602481485
0,0586417701717777
0,0552742709194735
-0,205505420935902
0,493562294321969
-0,15000341939158
-0,259544772080056
0,271435417637889
-0,0454080484510014
0,185925705023318
-0,000621207090155719
0,0146108367001613
0,000280563511866516
8,12034427946883E-10
0,000268547084470382
-3,12972612126355E-05
0,0031317173437245
-9,80760172554842E-05
-0,00121850296552811
0,0103773677788005
-0,0210859208831436
-0,0216187439726935
0,017057764614539
-0,0231314287815805
0,0102859873377148
0,149038974767597
0,0221700369122783
-0,0201697124179871
-0,264188107029781
0,104920839878261
-0,0297160241869572
-0,0912834051734578
0,258459599386248
0,237983577110822
-0,189637363462938
-0,0145864284692544
0,116338682658242
-0,209201338673899
0,145083177599498
0,0274701661766532
0,0472382041885662
0,00284726466467589
-0,0131781400919753
-0,0664563736406895
0,0418882840701932
-0,0787167886592324
0,127860052914325
0,299760398147755
0,0358697589197605
-0,298956082559965
-0,214026096122722
0,0452449336202548
-0,0566076847405499
0,195680051598977
-0,0303507291918964
0,0323021072655302
0,163107807703999
-0,130267037778832
0,0671238719730674
-0,131562397284063
-0,0594852326409366
-0,211787376332173
-0,0604598563403046
0,0497877301032031
-0,0324011238754395
-0,144061855901142
-0,0269490808190005
0,171127768394145
0,0676744127347174
-0,314279299669499
0,0203445899278659
0,218854118252815
0,134347250143092
0,0420979202533871
0,00412384507312776
-9,10353951519794E-06
0,000281127585478861
0,000119772787083242
0,000141877365398625
-0,000419629876011168
4,9062472393481E-06
0,00170736689580147
-4,89474699102218E-05
0,00526926860452903
-0,0258218881987632
-0,158218585928592
-0,179293847811835
-0,15678615328526
0,10028485517744
-0,0587900843910439
-0,0822453273323598
-0,0818963297855579
0,0458503498158459
-0,0650783456591904
-0,129981948539993
0,097103138198442
0,154343117415479
-0,0277372890730088
0,160230804354344
0,362606019894418
-0,0454016048006956
-0,189185658755621
0,0892858617086794
0,0329560132014434
-0,0905629223783058
0,0598491257526303
-0,00111109092982767
-0,0248724627390198
0,108029586411129
0,12003071765302
0,0790542691193518
-0,081701359146685
-0,417361634122375
-0,291269416625923
0,202973312120359
-0,206075509141364
-0,160728153594166
-0,203836227897528
0,0523949563498131
0,0138607920878952
0,098602709673903
-0,0503991933958326
-0,153723341473626
-0,113463775511376
0,154987319167374
-0,0445106304030087
-0,14687868034227
-0,101233973021675
0,1522131966969
0,129049809188634
0,0228526478981045
-0,03090873920646
-0,106279072340585
-0,0546847747517132
0,0168946425243029
0,00866179421849865
-0,00169776807356646
0,0469317581841022
-0,00841460065712984
0,000425176060506203
-0,00130431748837616
7,14039668594421E-09
0,00793088953402166
-3,28644633090712E-05
-0,000281179093917194
0,000372293709534521
-1,39926400314324E-05
0,000895311479679288
-0,00491884232593771
-0,0732962675404734
0,0279090940103573
0,0178179505679726
-0,0173879357656341
0,0462785924213383
-0,0256440941689567
-0,021228581325702
-0,112345624549933
0,0500301603124627
0,499116941703893
-0,0480254304098855
-0,00814678324536563
-0,0337530480345754
0,0900380713194392
0,295718002497863
-0,1247244691644
0,0156972450165133
-0,102776306153602
-0,04029355826642
-0,266134492142302
-0,499749014653365
0,309129074545054
-0,170108496625919
-0,0897470728733491
-0,0345832308317331
-0,00369013990538695
0,0355129114842871
-0,0023112879361495
-0,0123444205582903
-0,0115080859848325
0,0728768382915253
0,0148362206743524
0,0364203878318383
0,276403446136972
0,207595105956558
0,00908046178089751
-0,0245271604794792
0,0258027972417301
-0,0455763439760922
0,0297618210919543
-8,75626283851166E-05
0,0542220430044995
0,0300079789622236
-0,0287550861265035
-0,0549479689219961
0,0515818077232014
0,0278115976406555
0,00449680811017367
0,0008485464142409
-0,0170482819812225
-0,00939999878602099
-0,0213595098159017
0,00769784274998849
-0,000378475504750897
0,000395184703478196
-3,46246757441079E-05
1,81483796586625E-13
6,01580869085711E-09
-3,09161397746588E-07
4,37443518610864E-07
2,28079196140584E-06
-3,34094471636151E-06
0,000340352700762076
-0,00100430251272177
-0,000648349449129013
-0,00442311000488043
-0,000327923253348606
-0,000896392414412678
-0,00149744439665718
0,00868983607692491
0,00351289589299184
0,00150700498452638
0,00800979151562596
0,00220593941181467
0,0050655155881367
-0,000333467023371279
-0,0107808846798921
-0,0164599443322951
-0,00268627967741084
-0,0151343936106239
0,00752752379192387
0,0164620109157114
0,00303811298052888
-0,0335494077685271
0,0145554912740979
0,00336860481890741
-0,0345688604029103
0,0916532672165786
0,0571144953618175
-0,0245227738451095
0,0109551589794915
0,0149063846018527
0,00514485957340313
-0,0536461571731525
0,00874102350742695
0,00638122033332453
-0,0178706481819015
0,0280826252966214
-0,0277434433228492
0,00334723885436581
0,00397072600959164
0,0507025278599195
0,0583694912494411
-0,00742711725810193
0,0403783377564268
0,0106517561470364
0,0377479492831463
-0,0269995973873396
-0,0326805942788802
0,029039497616301
-0,0189497688139636
-0,417721157090624
0,369694950779559
-0,4924103127373
0,428221601741329
0,409023071881134
0,248655525368757
0,0032348894659851
0,0201443662448633
0,000915130385365688
2,73129843065454E-05
0,000128415941108183
-0,124880494835209
0,0355461752977754
0,00368763834709394
0,0012295768616043
0,00145748516044949
-0,0215049947738514
-0,0673784217631733
-0,171641330272966
0,181193842960728
-0,139873556242395
-0,205056697710097
0,0650820067720144
0,0275881122950127
-0,246440927253196
-0,170341585843379
-0,131656753062474
-0,0981143042439473
-0,0279762744745485
-0,0328864877295734
0,0974634279891549
0,205431904414328
0,100833269391941
0,162955721905191
0,114642915447113
-0,261528240384444
0,32214506574728
-0,200702685715571
-0,0827543200848322
-0,116020326579456
0,0417822905471042
0,0156717134689567
-0,229448920878204
0,0296916030181177
-0,103351030976491
-0,0659374989379947
-0,213631587320479
0,133455741983702
-0,0330088905730318
-0,0569575628996707
-0,0355365750841885
-0,0744527078028529
-0,0664879927797362
0,034923600326353
0,0864884054165811
-0,10771901853359
-0,0467166225731287
0,000459025271952527
0,00402689707779461
-0,168499821858266
-0,360592594537538
0,24199207514912
0,0430860999367362
-0,0599044057458754
-0,0254912288210075
-0,00608203369470176
0,0329623743811046
-0,00138014078352003
0,00260713471745176
-0,00181833790848916
-0,00493200776847575
-0,00449299928509259
-0,000860067711503321
4,63367175511859E-10
1,19283506941128E-06
-0,00029607808233825
0,000191813778428173
0,000642272295750374
-0,000729478644513642
0,0123455730749328
-0,0282819764165624
-0,0103700588994473
-0,0665286221958355
0,0175455778868037
-0,00576947896137475
-0,0692853018316225
0,0512227815584201
0,069798397697665
-0,0376936263214497
0,136982356846697
-0,0091977476711893
-0,124178193556662
-0,0968247102104321
-0,0664303156860354
0,134149096789913
-0,196637792749217
0,00375671550781648
-0,431305643317133
-0,357490859787728
0,0185606360175307
0,172956132079047
-0,161141633012086
-0,0606783012149947
-0,0284298425351364
0,138331661170115
0,0754452530910514
-0,0107435452717963
-0,0382219639828859
-0,113462908090156
-0,145158495499091
4,39050889238313E-05
-0,10072854757275
0,336011434731455
-0,192743035786919
0,0395121556006241
-0,0166962887340389
-0,0720669191983476
-0,253556910316889
0,197120772696006
0,103340336511315
-0,0537778385324396
0,0418935096199282
-0,0639347789285771
0,0870016109313271
-0,0198420867793326
0,0752199617165134
-0,0850867068840223
0,198191464148204
0,174110066793714
0,0323990502544149
-0,139067635877915
-0,169868619122236
0,0980271165165787
0,0337712731729403
0,0141683628160659
0,0194758120465077
0,00293645433956805
6,05374279797483E-10
7,94253758799516E-06
-1,6769060502926E-05
0,0023471377717387
-0,000111200807316004
-0,00370401409053344
0,00439141739152712
-0,00852546175209563
0,00034474319245571
0,00472076666292714
-0,0120508652179645
0,000869254381683705
0,0574487309485021
-0,0209553590666861
0,0730901892649257
-0,0645151609882982
0,0308882241102438
-0,0389011728382025
0,0841237889079031
-0,0148337185178335
0,015132963131796
0,0442098920429051
0,0205110143552395
-0,0157815558872564
0,0231891786763006
-0,0267874088356729
-0,0909892272410182
-0,0292118371171053
0,0100993800769634
0,0109978063222784
0,00816249313928189
-0,0260603285715187
0,047146352442203
-0,0541318090837677
-0,390246708194275
0,275212714058913
-0,250941439196158
-0,0162190407843078
-0,0198620184811117
0,0152572338821844
0,0036804995455051
-0,0104548698595843
-0,00718704783800786
0,0310174449798814
-0,0261065463952677
-0,000595615691240263
-0,0167709200354915
0,00605363410440274
-0,135983706468617
0,0280549096486967
0,00422647272480117
-0,0218416105847241
-0,0370067236364192
0,00760686416591309
-0,141662273487779
-0,179957552836181
-0,294776393345857
-0,437128189572598
-0,110026410850392
0,00581889795012677
-0,546908529369694
-0,0189574660365279
-0,00890179182958868
-0,00120952220577349
6,71813632840177E-06
0,0691916127406138
-0,00130468901381314
0,138706758311845
-0,00412534152747501
0,00101475044307392
0,00841641133948745
-0,0115491924373598
-0,00728039194450262
0,0110852558142353
-0,0209547201100717
0,00397493516013652
0,202324624958378
0,161462844704581
-0,119656269070132
-0,0799220710604835
0,0328983927643124
-0,102407807542983
-0,0585019520863548
-0,0720734329481071
-0,00537538177780183
0,0508547441061597
0,0785914086065312
-0,0621750094201484
0,0611776837944297
-0,129719359982992
0,22974300348864
-0,0590501813600935
0,036043103696695
-0,0721294743206441
0,121192513973573
-0,0406455954813117
0,0463787760610984
0,0868027773336381
0,113764929176551
-0,0439902540856023
-0,112007204174526
-0,226590934965703
-0,0424216496442298
-0,0914413211982672
0,0788341275489949
-0,0437098203940374
0,145092579479396
-0,100504483050158
0,0366863753467824
-0,0182400945780467
0,0478854799216056
0,0316919206739936
-0,0476658261148286
-0,0742554943072467
0,189533591135528
-0,187980943762232
0,157022235587205
-0,146908154912043
0,0134082724193331
-0,112732557804639
0,0963774213832881
-0,284323885519887
-0,0365152093989755
-0,599236115158185
0,151931494416589
-0,00710807983147875
0,0127697677460515
-0,00077959972308987
8,13003202529435E-09
1,78980879744833E-06
-3,35058432554479E-06
-2,08366861500811E-07
2,97766839464908E-05
-1,06086447920969E-06
0,000250931788153438
-0,00171068924714239
-0,0117243871413435
-0,0183289836057973
-0,0193260981007448
0,0135704999028323
-0,0133572562707328
-0,0417219509090538
-0,0418958881262266
-0,0127817424383036
0,00175518149225828
-0,0341612754662263
0,0420609860398023
-0,052120053541014
-0,0472259472087784
-0,0440574692169474
0,161341605789038
-0,0139001358293835
-0,146933692393847
0,0542925078505963
0,0155912608679047
-0,0177580326912974
0,00759652926020722
0,00112425320029436
0,0857144879089649
0,0394890365458076
0,000890349577716527
-0,000479400978256529
-0,0146024899147246
-0,116992536822802
-0,133151073946608
0,157402201487189
-0,0730059784872233
-0,0747315189293216
0,0140862700884709
0,147963955732179
-0,268930730497912
-0,0776970131067326
0,216010966626025
-0,217136697576886
0,0814296211000824
-0,490432291086827
-0,0290164078390829
0,255612930982631
0,244473615604317
-0,368313157221591
-0,329620915490655
-0,0870684200134721
-0,00126182471952003
0,147602497619613
0,111452096674008
-0,00844343773784131
-0,0199671623518413
0,0251543839500488
-0,055114250442421
0,00966787335782569
0,000988326847988278
-0,00136311944371634
4,56162519667735E-09
5,10505363222516E-05
-0,00186295463140341
0,0003816283705811
0,00762590134011948
4,00806809963763E-05
0,000342283047089856
-0,0035925151735641
-0,0386508895507769
-0,0232224235823221
0,0830069533474897
-0,0815935785492275
0,061272626226749
-0,0905085239345278
-0,0288209301603299
0,0211711181658653
0,022859047158514
0,083260769965283
0,0158346946939127
0,0589221161023502
-0,0398433257494221
0,0208259461260791
0,0651434615524175
-0,0205370528053497
-0,0154566756757089
-0,102564509780522
0,0445730160667329
-0,208895381893022
-0,187772596349916
0,182176208375586
-0,0850365584017762
-0,0901967639083052
0,0122401069505523
-0,0719123453360775
0,16347741527158
0,102346183144348
-0,0625819390254562
-0,0482947573891235
-0,160970922672214
0,0146816661668884
-0,138165566314662
-0,727342650076514
-0,410405482003653
-0,017139900805333
0,0235334619258872
-0,0878047615719015
0,0660880203901568
-0,0178971594159983
-0,0045835094737027
-0,0582607745247185
-0,0149163518972098
0,0224495851811424
0,0387336238588727
-0,0351097654408104
-0,0105317107808069
-0,00351465463453907
0,0108959695558888
0,014588613713566
0,0257374124149274
0,00462079708410861
-0,0185693121516988
0,00085329874051218
-0,00295349122459719
-3,02197047842621E-05
3,74431932628486E-07
0,000667290825470294
-0,000159889344123006
0,00783173314951332
0,00241876446258623
-0,00124118360196175
0,00513267432174615
0,00205828236793996
-0,00406831762351052
-0,0193372455756901
0,0903560967940086
0,0877949624660619
0,0143368395266339
-0,00462881624436551
-0,0158149204784036
-0,00233770677454213
-0,0314706718725483
-0,000825122357402245
0,0186112964449449
0,00238757107114384
0,0278173026705358
0,001182239045515
-0,0840259463618276
-0,281553080411611
-0,0658291217173747
0,125630814535606
-0,0418732994391049
0,0556933079219744
-0,00837744938110315
-0,0222006795727074
-0,00779198362033466
-0,247169856984781
0,351511005864545
-0,0537715203622344
0,184610755559927
0,0827683783772069
-0,126468469146963
0,266933125243855
0,275451786917282
0,136059401567492
-0,112918696081161
-0,0470982759001677
0,192067437259923
0,384418591310469
0,139721959842682
0,0336436746093388
0,248311438289406
-0,183860217577597
0,04855219094662
-0,113126907743944
0,166084941796814
-0,0511886756129945
0,233387579878617
-0,085903626077964
-0,133084586121303
-0,0499144537766082
-0,0549215043509593
0,0793579458408045
0,0727043724687346
0,0112787524063739
-0,0248844172820995
-0,0101546675039052
-0,0194629655214161
-0,00235131016927853
7,52036523206266E-07
4,52993182245069E-05
-0,00403458859540708
0,0166581049154663
0,00471615620283401
-3,04531225041371E-05
0,00631785679108009
-0,0191645707764725
-0,0302268439806593
-0,110404400093911
0,107136928141284
-0,101343583837609
-0,114753058234617
0,0448170479246823
0,034656328519147
-0,158034513971499
-0,0685160183835732
-0,0691270924506917
-0,0661796999424957
-0,0386446272115016
-0,00400875706016064
0,0414481748497529
0,147951012464785
0,190722648019919
0,141141065497529
0,100525413937408
0,0389331795273977
0,265621976018931
-0,0900024107482547
0,154918733503936
-0,027931454302593
-0,0152322839188578
0,23897602999012
0,280071218029223
0,00487759081061821
0,218121844974199
0,134189888272303
0,0140611841101586
0,0694215261185372
0,0106586355321453
-0,258957218211702
0,16019051796691
-0,219117002146286
-0,0301519701290189
0,0167877370044066
-0,127452093184447
0,0520176529187222
0,00762602063760447
0,0359700280822551
-0,130514934123245
0,213063576848761
0,399938255332436
-0,208254074166823
-0,112884588537743
0,119042068015596
0,0386403010451213
-0,0893269672787112
-0,102995653526725
0,0747165026554667
-0,146061124404734
0,0656900611804722
0,00128257272455155
0,00518876324055504
0,000148089054745169
7,47426918431476E-11
8,71596754668478E-07
-2,01104669111404E-06
0,000288329130916536
-1,36639509830871E-05
-0,000453526021390388
2,34621875190601E-05
-0,000142589155732323
-8,61893246805601E-05
0,00025020102382572
-0,00143378844063058
0,000170307702283897
0,00618542034302642
-0,00314631822972
0,0098665578468842
-0,00742296122579836
0,0039404726226555
-0,00399518901071843
0,0109158035847949
-0,00251221983731578
0,00175134970434826
0,00603408616756618
0,00138304262513348
-0,00155915373454038
0,00268849065934523
-0,00180006749661852
-0,00955927870801335
-0,0028611734546375
0,00129651947524204
0,00159981110409771
0,0011369052573343
-0,00219532033403099
0,00305363718881643
-0,0054319865379611
-0,0419015441251711
0,0345686727460066
-0,0362869604691238
-0,00350818591950343
-0,00246117336799108
0,000873014272679448
-0,00382651452842682
-0,0010289811770847
0,00561034318123744
-0,00712193396003343
0,00843177051337799
-0,000633785623647516
0,0020939490236516
0,00591397339573741
-0,0150832163179174
-0,00181346598587971
-0,00153016963689421
-0,00216739915346923
-0,00595488004067595
0,0004648330060456
-0,0234927416918625
-0,0204117048046202
-0,0175659813476879
0,00440169905286227
-0,0269608903509694
-0,00180262897925484
0,07884229019204
0,853422098725735
-0,503121367961764
0,0704623801151227
1,20454590288534E-11
8,83104956074338E-05
-0,000198868134504633
0,000165814663239342
0,000497786806865438
-0,0029929102632099
0,185872098772684
-0,265707051628133
-0,0161649478578966
-0,172913471620823
-0,0357002300872548
-0,0098151591026975
-0,131907607082029
0,00900322885487453
0,0881177330331211
0,0190070037718734
0,22712096028169
0,0298772617197472
-0,175838204771384
-0,203884283788367
0,166881139510199
0,114536612876942
-0,200245316721454
-0,0594929352615566
-0,0827636217649438
-0,0486270682179754
0,035041884309906
-0,210061538672456
0,134549336350244
0,0723703025722063
0,110294190442595
-0,16530420661051
-0,204650699711304
-0,158871711028332
0,110613099990667
0,0238658259349435
-0,0686726116823846
-0,137126644193399
0,132602518741339
-0,14829670336874
-0,229964289146053
0,258952860202182
-0,30340636328542
0,118419896055401
0,235470202776875
-0,0266120067893312
-0,159637980421456
-0,0104076810634095
-0,00330405102763593
0,0441004035814489
-0,0951671822326099
0,0898059514067104
0,15329546418915
0,00819215175082158
0,0529258980045036
-0,0802092558643199
-0,0721272109039737
-0,014594471879462
0,0222368137514608
-0,0428033215521176
0,0177347480740619
-0,00252846941069553
-0,00215864109330275
-0,000635478502011272
8,04209063746528E-10
1,03260825248299E-05
-0,000145128168351558
0,00362695522650822
-8,91570193408812E-05
-0,130937070676123
-0,00397037890593046
-0,00110026228102869
-0,00212213098578779
-0,00105360497854378
-0,0301367189196797
-0,018812258836427
0,0575521810570277
-0,028852306466366
0,0957286621386383
-0,069215075312315
0,0363307572125395
-0,0393990633791422
0,1060868029612
-0,0300070054640371
0,0253215818091926
0,0657871057501792
0,0121285904517572
-0,0337071944129833
0,0300929562117809
-0,0309292489009883
-0,159217764222511
-0,0441812633096019
0,0331212685652264
0,0329603088316888
0,0496166755777668
-0,0276818044904354
0,0370440338360861
-0,0208980617039377
-0,414715511239875
0,38240212308258
-0,409612939780915
-0,0610547110059896
-0,0233944440450179
-0,0117046454674874
-0,0407325204185399
0,00261484002020195
0,0403680788576677
-0,0735618395429409
0,0694497566472635
0,0398144636878002
0,0821063742159207
0,0641570068826176
-0,239175547907686
0,0192088565861772
0,0183909415495007
0,00816349821711824
0,0161373866302185
-0,000187703033710789
0,0532771773916352
0,0936140350156815
0,192209183311565
0,321979579567341
0,0716835303888978
-0,00863487584957036
0,408221739270221
-0,0647249743201267
0,0535733829677579
-0,00563288957607128
5,76843057779202E-09
0,00834339016818641
1,70777471974496E-06
-0,000336683375562301
6,17705672252891E-05
-5,54857340256028E-07
0,000953538275576673
-0,00503316704916313
-0,0458182801095264
-0,00845951545865358
-0,0323295570628289
0,0232396584824937
-0,0313843996363986
-0,0662944314072786
-0,0513738166853009
-0,0322262584164388
0,0177143398464987
-0,0119551015861853
0,0123831383525182
-0,0660924187289006
0,0170811696029449
-0,0589718234399612
-0,121456939752455
0,0339812472537687
0,166150640713198
-0,12479081538965
-0,0298057142975836
-0,00501729916967419
-0,0166279749556553
-0,0359138685953948
-0,330516992878087
-0,0743602414989072
0,0714003814114219
0,168864147641114
0,0153513031012016
-0,128726968789446
-0,208483176439037
0,207110016400541
-0,00109470901255429
0,019303247462829
0,388157185383317
0,110499972177489
-0,278276803741188
-0,16198591246297
0,135192029176985
0,160522680502805
0,124405726866131
-0,0100204984910379
0,0513930986546325
-0,0154676044826942
-0,0624744519158138
0,105512966066386
0,15327961068668
0,0198006162611138
0,0111360387596381
-0,0514048404380654
-0,0482492467958057
0,00846840552331466
0,0469321979571382
-0,0601176822314846
-0,0252480421118018
0,268285868971931
0,458093425719058
0,0585450052901006
7,18420616979777E-09
0,000110877546473832
-3,87028712283375E-05
0,000238223110734513
0,000278877476820947
-4,29694012021302E-05
0,00173158317133942
-0,00715379987680775
-0,0753739113128059
0,0213848483776618
0,0166443390368533
-0,00902928314698007
0,0326562351902945
0,0160896358402951
-0,0190438410519114
-0,19517819388852
0,00709547717451463
0,52807261029773
-0,047717722856415
-0,0220009373643907
0,012459070563755
0,0731561837083328
0,251008758047724
-0,0310190872080638
-0,118248112215411
-0,102508099539007
-0,0429053604827534
0,11404226256115
0,54435654791823
-0,341407507882564
-0,265792462254426
-0,0504649399743198
-0,0379698929726828
0,113545256030968
-0,0103677102696728
0,104805026368724
0,0709920930726549
0,0326146461858716
0,0678148195076015
0,017301111289322
-0,120781755498248
-0,104576749624651
-0,0396376559348634
-0,045053842496102
0,0162643877479126
-0,00699961058845293
-0,0537907427596791
-0,0120826483423603
0,0192951293604879
-0,0172075111864581
0,00922189468928174
-0,0396391929951527
0,00558826223091448
0,0474401913516172
-0,00336187277983778
-0,00528170840766941
0,0435133477615155
-0,00769560514461364
-0,0379620383711772
-0,0124433202650996
-0,00238031644228549
-0,000912988300188736
2,26134573599454E-06
-7,46908644656216E-05
3,1327107876947E-13
1,92553740747199E-06
-1,32375180432476E-06
1,9375319775802E-06
1,4612542610993E-05
-4,00671740338564E-06
0,000123844660524942
-0,000567105470937715
-0,0017194711018279
-0,00797109730426277
-0,00160514793354298
-0,000315520980689984
0,00104352377302466
0,0138795369172537
0,00280390056300243
0,00171864699465163
0,00248789685722457
0,0107057484716725
0,0200666892379411
0,0144595873161359
-0,0254131873532389
-0,0176070561442926
-0,0208991171923263
-0,00141294523365373
-0,034897946607952
-0,0526814784218344
0,00361895509533713
0,0391809803540868
-0,0527405819552052
-0,0124667977001572
-0,0140271394453111
-0,000475103539342833
0,00640482988793483
-0,0027860377624461
0,00122760287512398
0,0694631914233907
0,028637168100215
0,0871461789502943
0,044522054485028
-0,537530537954763
-0,0548286112123697
-0,0706666040165823
0,0129926159210502
0,0196157891864703
-0,0496863412813
0,289873323391065
0,0777109552992327
-0,0265996963672714
0,172695647833151
0,0695445096040569
0,0278244644833657
-0,0256058843708858
-0,136102004478939
-0,141844554818206
-0,213021137330101
-0,0818986707638126
-0,288971615467256
-0,123800717039106
-0,414998813786029
0,163921535039908
0,390263565842745
-0,0152718467855686
0,0750388111478352
0,00155871140348916
4,71251144338983E-10
0,000105385897170614
-0,000171818786846969
0,00182315443697734
0,00330787597481018
-0,000339311288518634
0,00436104645660964
-0,00890676778636319
-0,00534135878078451
-0,0311073743737804
0,0480808299610504
-0,0144411817118901
-0,057155472192002
0,0627451136961798
-0,00993185098633436
-0,178921805381065
-0,209947444166456
-0,00855081555232979
0,0649283711569674
-0,0600143439607404
0,0507975112188368
0,0392553921159127
-0,120566737680277
0,0423903892650947
-0,0616623479249045
0,00298604743099064
0,242631854877325
-0,232903047589651
0,0240592309742555
0,134479356333962
0,106281489680851
0,0703275358638423
0,0648596732775288
0,475781391899737
-0,0908739970112258
0,140300731045239
0,132015647144361
0,16434081218431
0,0381444549080477
0,0343903262975358
-0,119553980481149
0,0346139529067854
-0,0629178548153379
-0,0512229216623812
-0,0882313156765089
-0,0237736503772104
0,0247338587254278
0,130635340667793
0,0545147403333906
0,108091676968037
-0,228502448177029
-0,449903372156884
0,203152148497076
-0,0428113847497431
0,036464457776937
0,0165644721925208
-0,183164263713944
0,0508740807130843
0,141275505867622
0,0923809418483799
0,0194432703021209
-0,00472676352832454
-0,00937999878441579
-0,00122781081282424
1,13740573060912E-09
1,4033430874246E-05
-2,87933830429475E-05
0,00440890721618967
-0,000205098238958086
-0,00121983573122061
0,00148857624105097
-0,00655194408171389
-0,0153058846280485
-0,0694042032269856
-0,0720409885054147
0,0348711145420334
0,2187675344765
-0,128513216188256
0,305683924932609
-0,062283924221928
-0,163454561849486
-0,0245383744482802
-0,155881546305896
-0,0877041888597968
-0,145336190234751
-0,108686649478968
-0,00553784313562711
-0,0223321621698289
0,0217420629127831
-0,00483568461734456
-0,0206371663232127
-0,0172180831764399
0,010597732513819
0,00135565258342828
-0,0336166016653547
-0,0156054007116196
-0,0272667093959601
-0,0180610194990978
0,109437474708071
-0,186188644633464
0,220637095342816
0,121331335681652
0,0253631268342494
0,000385144257493451
-0,155294675264013
0,0261375877870298
-0,0604072452017948
-0,0630946588219399
0,0226971933191758
0,176815719666408
0,195127189449548
0,116700912723776
-0,694218225513969
0,09344341762278
0,0491180428934603
-0,00210174296707771
-0,0127232065772374
0,00813149166315023
-0,0694343635356745
-0,0579620792419455
-0,0398640034503696
-0,0110097908653912
-0,0191047427908204
-0,00741401810217861
0,00334073428926474
0,000530577776176019
0,00024915720354822
3,17551880357729E-05
2,24102657285046E-12
1,61913139828713E-05
-6,56043431086778E-05
0,000130667087144155
0,000327889766786748
-0,015804482894019
0,0647671887419171
-0,0901056017389207
0,00894193745358907
-0,0329301441158756
0,135174502526754
0,173775052712033
-0,0111564512549228
0,00199466641670786
0,0329718875316402
0,0188358653726628
0,0777808332743144
0,0111934845969275
-0,0399852350918996
-0,0285541884937222
-0,0246438558079376
0,0201953796512688
-0,00298137888266267
0,139965411273754
-0,0432053236296031
-0,0992390505253198
0,016866150477213
-0,0235971334110802
0,00462338012097825
0,00343496027446908
0,0512996119298742
0,0273356602795125
-0,0839173415146378
0,0102808538030762
-0,0301783962484279
-0,0987895990556444
-0,0965807206835408
-0,00970804406300022
0,0274570746009725
0,119995813120174
-0,127727595567179
0,0100272718907979
-0,0299810421401201
-0,114341752474298
-0,149038191755645
0,262745671937381
0,0766909040207486
-0,0209567088241723
0,166500684826229
-0,121830968416068
0,0293816736283027
-0,0599474872922976
-0,336662238121417
0,109513741372518
-0,501543619644879
-0,206349032735157
-0,104726823283639
0,263888419732421
0,338813275183593
-0,234185579461248
-0,0426999728222864
-0,029166568051946
-0,0357535698751536
-0,00575716662062562
2,60685649088261E-11
5,73767183053987E-09
-1,07394836953864E-08
-6,67761469387565E-10
9,5405038984696E-08
-3,39878842436995E-09
8,03400588012703E-07
-5,47416340907181E-06
-3,75056253881272E-05
-5,86025435376865E-05
-6,17803703117405E-05
4,33752823921132E-05
-4,26605054389339E-05
-0,000133217869245453
-0,000133756707446919
-4,08001993753988E-05
5,60143567672393E-06
-0,000108962445239773
0,000134112959766053
-0,000166098881928468
-0,000150423573931719
-0,000140328461270467
0,00051319096988824
-4,41956967972593E-05
-0,000467055835439252
0,000172489374862435
4,94999859663687E-05
-5,63308341072274E-05
2,4094476771315E-05
3,56254122573156E-06
0,000271376603011865
0,000124865274263538
2,81026194973323E-06
-1,51073714761078E-06
-4,5916536055117E-05
-0,000367561571369638
-0,000417409053476033
0,000492459350266979
-0,000227558693621642
-0,000232739014502716
4,3709572114918E-05
0,00045647107542669
-0,000827081256382263
-0,000237033897402299
0,000657364006732969
-0,000654623245021005
0,00024256844525126
-0,00143813887926225
-8,41905414481643E-05
0,000720524603610858
0,00065018753079292
-0,000935381527248696
-0,000791005750667328
-0,000124809827848305
-1,56788559811015E-06
-3,05622064917131E-05
-0,000120334895081673
8,43035818087326E-05
0,000260537174802553
-0,000423501545112794
0,00286026120965362
-0,116638729675199
-0,0585506471273559
0,991438831232526
