0,999999656768
-5,35254379013401E-08
4,05855753674461E-08
-0,000828240024311668
1,2328008633693E-07
-8,61795413454555E-09
2,75675953890781E-10
-1,42241717021988E-11
1,85674842666654E-06
-5,67303875023399E-09
4,48602594337107E-07
-8,99881918310293E-08
1,58968361915993E-07
-1,31939994051718E-05
4,62820049748241E-09
-1,19514477597664E-06
1,17873346655098E-05
-2,53880732541766E-06
1,15405874840207E-06
-2,94851706618488E-07
1,79150347115477E-08
-2,53821504049951E-07
1,44231121821986E-08
-4,96572381476451E-07
8,10180880247911E-09
-5,34429924117605E-07
6,37457329029831E-08
-1,21272380416784E-07
8,47423012272851E-08
-4,04675662034867E-08
3,28401024901208E-09
-6,96240431318349E-08
1,05474459878051E-06
-2,41760799372653E-08
-1,82995045558574E-07
-8,69135711513961E-08
9,71458898851616E-07
-5,93307481534775E-07
2,49810192560697E-07
-6,02896890358698E-07
2,51070357773645E-07
-2,15898534620331E-07
2,70909787213572E-07
-2,56242488804752E-06
2,71630294943721E-07
-2,73088268212248E-06
8,75529683426082E-08
-1,58557477988912E-06
9,01275445016329E-06
-3,28916747606618E-06
1,74730086837206E-06
-5,42152984208549E-07
5,38907025767268E-07
-5,26921532440856E-07
3,22935589507957E-08
-2,80350471136098E-07
-1,18022704706548E-06
-2,18590554348919E-06
2,89621406019897E-07
-4,97980637943753E-07
1,52148080845553E-06
-1,26456402932676E-06
-3,55483240914625E-08
-5,43680570904532E-06
7,78333761703626E-12
0,999932912181328
1,44018723273193E-07
-0,000166239843158407
-1,17825079200888E-06
2,7429301030893E-07
4,97301824849011E-08
-1,48342899241874E-07
3,77073543547771E-05
0,000193079442016495
6,68218772956073E-06
1,58365559256591E-06
8,25407844427368E-06
3,21270416918871E-06
1,42337943345772E-05
-3,847852535466E-05
6,72953322005361E-07
0,000984876744875951
-0,000498840900498738
2,7509962269344E-05
2,54188345101881E-05
-0,0091748991791047
-0,000231133768009215
-1,33494485442674E-05
-4,75965111574633E-06
0,000207539964689045
-9,75416224288087E-06
0,000257633513153456
6,97524960503544E-05
-4,00678580653814E-06
-0,000569327176031567
-0,000540087548381572
-0,000395787862083048
3,93641819396455E-06
0,00015327537516567
4,63696592400868E-05
-0,00048492718559509
-0,000186981248440364
-0,000250621823792137
9,14990325416015E-06
2,64265680735216E-05
-1,58191603640316E-06
-1,6495485075411E-05
0,000297072264006227
-0,000348799685420325
0,000999654840555376
-3,63454892041187E-05
0,000814616257720358
-0,00485993206504056
0,00242491951619797
-0,00145766468116725
0,000392938902589876
-0,000728015990560497
0,000211868181892905
0,000562573230971208
0,000190388565668357
0,000715698117534146
0,000985003542966727
-0,000241249126744761
0,000283424604709555
-0,000840286576638291
0,000760868997785111
2,08459126987921E-05
0,00314916775651684
2,58330526894893E-10
4,88125602198276E-08
-0,999811221860991
-1,78663879692383E-05
-0,000596770257541983
4,94593133728811E-05
0,00023530818087262
1,66724112411815E-05
7,13461857687647E-05
1,89511259017026E-06
0,00972736632976096
-7,26141337462866E-07
-4,64593228489427E-07
1,43730534783144E-07
8,16233886109929E-07
-0,00010745135849717
-0,000556040200867089
0,000399221264723086
-9,84390980180413E-06
-0,000701903052898801
-5,78856499103832E-07
-0,000384700234830788
-7,0931673473687E-06
-0,00033857784327118
-0,00896681785654662
0,000348698409512842
-1,32559500713496E-05
-6,72338088835603E-05
2,16349500889987E-05
-6,21153145671159E-05
2,86505782018418E-06
0,00757502930637631
-0,00156672760575475
0,000107057929792028
-0,00175063933342012
3,1203618219035E-06
-0,000293067624407335
-1,44269396846239E-05
-1,87656429499944E-05
-0,000607432849493557
-0,000117700327800203
-0,000117858555311551
0,00181459492477189
-0,00486502254495249
-0,000805335145629894
-0,00639470561250099
0,000265496603582702
-0,00108427730586077
0,00266173924363404
0,00473870913611029
-0,00482826567142891
0,00133812903123593
-0,00343070666606038
-0,000285120484458024
-0,000158226663283983
-0,000923588487394447
-6,57807832980322E-05
7,39534875168836E-05
-0,000384381693367093
-0,000170910550496716
1,92895546826853E-05
-3,67599783020802E-05
-1,14165778746362E-05
-7,37353131190928E-05
0,000828439434378267
6,3942435879745E-05
-1,14068402888907E-05
0,999755190387048
-0,000158669502411246
1,04259367824339E-05
1,12699795656437E-07
-5,65692568201399E-07
6,18976857042127E-06
7,01486180001157E-06
0,000260691447833868
0,000132246837648618
-6,9386855062789E-05
0,0160077339715583
-5,30010675286921E-07
1,86990224776075E-05
-3,17413027930365E-05
0,00340990323449895
-0,00108791648041268
1,11192944945057E-05
-2,79781547625797E-05
0,000341725465617374
4,71723584258018E-09
7,82845040695643E-06
-7,3333277628025E-06
0,000736841150094929
-2,72648000355374E-05
8,55696819318665E-05
0,000111044191472435
1,93353094354237E-05
2,27100242478294E-06
0,000125533708711528
-0,00188775469232704
6,78119788746057E-05
4,4798958071082E-05
0,000104063319100593
-0,0011161102474771
0,000730553233429416
-0,000294178116177515
5,33543659735791E-05
-0,000386039473337338
8,79170588613624E-05
-3,48813099628286E-05
0,000680375131446971
-0,000711589013898599
0,0021964526581665
-8,10741697849451E-05
0,00168493465828938
-0,010333231074497
0,00512984367552662
-0,00307851326947432
0,000818413374159068
-0,00138322201568658
0,000574158547279232
-4,92761373644514E-05
0,000161095483888119
0,00148635585383949
0,00267384583256187
-0,000444587270040615
0,000610984102275599
-0,00183347526082978
0,00154861828006712
4,35272826555386E-05
0,0065991002733243
2,39898556974011E-11
1,2658474477611E-07
-0,000256308203441266
0,000107951993524604
0,999500430172128
3,36686404662622E-06
-1,55255935323411E-07
-6,77594875816492E-08
9,05107379517919E-05
3,83489018428583E-05
0,0214538219828999
-3,06214155898014E-06
-8,07150706983312E-06
-1,55395437372027E-05
2,46611373852229E-05
-0,00547110015667231
-0,00126569240582621
0,0136330177151989
8,05508021676659E-05
0,000785500907671469
-3,10394996356308E-05
0,000214868750701944
4,39033798841856E-05
-0,000689654593483522
-3,89685799090185E-06
-0,000104651675359938
6,19482082978964E-06
-0,000104955186001434
-1,98578114246634E-05
1,16383418726332E-05
-1,63046170852731E-06
0,01776368469731
0,00143659271048541
3,68799409323566E-05
-0,00029297073223375
2,24231522885515E-06
-9,96022353412586E-05
4,73412773773525E-05
9,36178202075099E-05
5,99945413779332E-05
-0,000106709804806774
1,79483491170977E-05
-6,46362520902492E-05
0,000298450860849331
3,7082667887635E-05
0,000392722348936312
-1,36169661477614E-05
7,30545848418786E-05
-0,000168229328611954
-0,000344404207515597
0,00042669161101349
0,00103715792148304
0,0002371588722821
-5,34181872632792E-05
-0,000195509541079342
-7,75648471751499E-05
-0,000666372139317546
-1,14325848734176E-05
5,69672091393551E-05
0,000151747469242167
4,69449920389813E-05
4,95017739166135E-06
1,39125047368178E-06
5,89814040653479E-06
5,0668120507678E-14
1,38476980073531E-08
-2,07748596727626E-05
6,44424012848753E-06
3,09227824255113E-06
-0,999882817227408
0,000127462287445156
-1,05708128716862E-05
1,42812518727775E-07
0,00573772730128121
-8,39160392585463E-07
6,93967578234859E-06
2,09711781004404E-05
0,000291856512420266
-1,38800945611146E-07
-4,31814522600303E-05
-1,69370695463762E-08
-1,74853211685677E-05
-7,56860777299118E-08
-5,08777648551111E-05
-9,07959606313712E-08
8,95981423983714E-05
-5,85610412320834E-06
6,93717478399076E-06
-0,00315222664598796
-2,97813913613633E-06
2,24911071727107E-06
-2,20709745549455E-05
-1,80032077403004E-05
-0,000257025752076493
3,76994603773764E-06
-6,66475899364438E-07
3,57078670336648E-05
1,3857917734842E-05
-0,00011559862711679
-4,99637876711987E-05
-3,70879386475401E-05
-2,79632719224061E-06
2,01986435139974E-05
0,000332685066849788
3,19302753004174E-05
-0,00106393367393356
-0,000172312992732313
7,95317995354077E-05
-4,28604639510984E-06
-0,000318851627193758
-2,62023046679926E-05
0,00511129894775876
0,000656739122437838
-0,000413395415340577
0,000632749715386482
-0,000162901385425626
-0,0040037198784738
-0,00451369854521477
-0,00226079676417224
0,00667895773298893
-0,00055525721995845
-0,000466552487279782
0,00307987690649096
-0,000785302633221382
-0,00167679042353618
0,00770938512745406
-5,78770367281415E-06
-0,00193863572258177
5,11608757640051E-13
6,53308186401025E-10
-4,82504114114686E-05
2,56044088551777E-08
-9,29034159909353E-08
-6,17143184464092E-05
-0,997700499990633
-0,0645656100981782
6,77218600025392E-07
-1,37339353188966E-05
-1,88052178182854E-06
1,76231210310118E-06
8,66428071504631E-06
3,11186071225423E-07
-5,54814653529188E-07
1,9087583004786E-07
3,50253297445371E-05
6,09658808708779E-06
-3,76649820554677E-05
-4,76032964747831E-05
-4,7914494292514E-07
-4,66758896472159E-05
-2,31611944380448E-05
3,8708393539619E-05
-0,0203175415745848
-2,66617703417838E-05
3,57544752680901E-05
-0,000116050705162414
-0,000311530608411816
3,458258733527E-05
1,45841084573775E-05
-8,17503690750025E-05
0,000474277384038647
-0,000163054667139004
-0,00226410998455855
2,09125097402556E-05
-0,000569733374265272
-1,05221047311018E-05
2,31415425110535E-05
0,00015602518441124
-3,55316718093853E-05
2,97790460551802E-05
0,00233292272261413
0,000197400432280394
-9,7087450513577E-05
-6,39101456313971E-05
7,44025412569198E-05
0,000111132338717597
-0,000223468688747303
-0,000159103566169205
0,000175434344507776
-3,02985728274839E-05
-0,000265549037323356
-0,000184055346916102
-0,000612838056730909
-0,000334025340604772
0,000259831125474624
-4,6362227433238E-05
4,81909795266252E-05
-1,74156780680286E-05
4,92844953744836E-05
-0,000133574135603893
-1,05622718704626E-06
-0,000147707080064576
5,10919100352642E-13
9,24004746881476E-10
-2,30065253977703E-07
3,00044127671444E-08
5,08145802450628E-10
-6,85005292920921E-06
-0,0645200233041162
0,996966614411109
1,46281894537116E-05
0,000773005559320809
1,03534716972655E-05
3,58018985046751E-05
0,000170335973888464
6,86930352400718E-05
9,39565764821598E-05
-8,30303637529297E-06
5,14462981893474E-05
5,09751747233506E-06
-0,000128214114545863
-0,000539900524835057
9,74105188773008E-05
3,90844345776335E-05
-0,002392500496162
2,67162341658455E-06
-0,00350965093147046
0,000138717610670628
0,000198947765976543
0,000617824836556832
-0,00119339960327479
7,13711813555928E-05
0,000501682404990654
0,000825310691514596
-0,00573751885539349
-0,000608699544223007
0,0277018419933529
-0,000890372118413457
0,00681063325597202
0,00106679122631848
0,00191430952071321
-0,000469045925579566
0,000875444929796472
9,89263079129817E-05
-0,00811914891638853
-0,00121008554791852
0,000187699213030159
-0,00584405915196316
4,2310495674019E-05
0,00435544479922995
-0,00326907281397857
-0,00891123468279392
0,00888012515639906
-0,00179080991640951
-0,0155583011906584
-0,0118695265010041
-4,26616264316409E-05
-0,0157733376368057
-0,00144237240986739
0,00154495102952252
-0,00752697436324749
6,3903637581789E-05
0,00325349540866174
-0,000711762611964594
3,07529273576092E-05
0,00475386466490461
1,19884131083551E-06
3,40091399157924E-05
-4,17688478083259E-06
5,07499868096244E-08
3,42922918722073E-06
-5,38096600883657E-09
-3,30175301186172E-07
5,69834889004947E-06
-0,998062285218713
1,10566643702509E-06
0,00634559984310467
7,93001064497575E-05
0,000374409811434475
0,000402191675688175
0,000105606400958749
-0,00207788398340964
0,0547172430364709
0,000777358647127512
0,00134429879685417
-0,000596198319126697
0,000313189164600943
6,26304265732481E-05
-0,00170355615455982
-0,00167992367615171
-0,000173145561393523
0,000162252664886306
-0,000270607605488606
0,00612225629650714
0,00304154640162255
-0,000402310750550745
-0,00427275642838556
0,000171320721716193
-0,00183879829403069
-0,00053857420472178
0,007525455307122
7,72399302253304E-05
-0,0224704558393388
-0,00331672954233214
-0,00343048206827386
-0,000564412233378191
-0,00509964543384185
-0,000378104503087758
0,000693400778559973
-0,000373328837128454
-0,0112849236817283
-0,00158505289612834
8,90469826514517E-05
-0,000710961810930159
0,00261543553904425
0,000354334000243992
-0,000590823749760823
3,92258731103114E-05
-0,000110244689501241
0,00121815950329666
-0,000285602354420633
0,000604822969346707
0,000391387703742945
-0,000652399632438867
-0,000363637605967167
0,000161793779349764
-0,000366918562320643
-0,000126111593768772
-1,22849702312764E-05
-0,00181068523461806
1,32496500140001E-14
9,27056807414417E-06
-5,89508330866781E-08
6,91515241339274E-07
4,65156005243704E-06
-0,00574052776218867
-1,60016181355168E-05
0,000457847371012977
-4,44011636392898E-07
-0,999374900942913
0,000164637681162213
-3,13554403744652E-07
-4,19255123925257E-07
-1,69490808407618E-05
-1,88923386681999E-07
1,18116555775075E-05
-4,2899914289702E-05
0,00389678105180905
3,09099932962033E-05
1,96913764230512E-06
-2,54055321991136E-06
-0,0194636786650277
-2,67268924070263E-05
-1,8520997963944E-05
6,99582814734906E-05
6,21802714572899E-05
7,81692937126673E-06
4,01340588247792E-07
5,28659350027136E-06
-6,06819765958632E-05
-6,1337424595776E-06
-0,00103981550705345
-4,81226983461183E-05
-4,49506450693653E-05
1,2339683975851E-05
1,55835594481285E-05
-6,64708091708569E-05
-3,27267913000393E-05
-2,75148838125659E-05
-0,000155847589460821
-2,10126903757182E-06
4,31472745319707E-05
-0,000294180867712243
-0,000164052316969428
0,000234050217816822
-0,00228543126094414
3,26144777652229E-05
0,000522988119108306
-0,00216988725876093
-0,00250821522258325
0,00241972039086088
-0,000355821685651869
-0,00113824239842303
0,000150349822541377
-3,49957728663662E-05
-0,00242821653378336
0,000168007087635787
0,00144057831277608
-0,023913830279241
-0,000849058133898523
0,00895233654709476
0,0114910686767873
-1,77041724624224E-06
-0,00217121350897758
8,28510369462346E-10
1,20077741869452E-08
-0,00970709710426754
0,00016348139274513
0,0210524805109668
5,99517867381111E-07
3,06622318415367E-06
1,73382330619138E-06
-0,00322685032483489
-9,13619846407967E-05
-0,996138096746481
0,000171953157872449
0,000613585076111165
-0,000161031170548589
-2,36394531068792E-05
0,00147804633295542
0,0570511940282644
0,0311685188349283
0,00156293271620663
-0,0295060336875477
2,34744632289122E-05
0,00214765796713507
-1,12866824667866E-05
0,0391410268530352
0,000201464080988369
-0,000184372568428634
-0,000478293358476027
-3,23703801564122E-05
0,00183282500128276
-0,000204966828131317
-2,97881167668758E-05
0,00330462451684757
7,6170311669619E-05
0,000174877300603843
0,000191251392372669
3,31518696887346E-06
0,000194287134890351
-7,57000562435271E-05
-0,00100675601264198
-0,000281319417269608
0,00140263884869276
-2,54259158720145E-05
0,000414314946025649
0,00056032796271883
0,000110232449180133
-0,000142731732084945
-6,43376074966956E-06
-0,000102728227623484
0,000138356882744805
0,000923437035586822
-0,0024170470728268
-0,0218386612755533
-0,000505554002863352
0,00128092166231825
0,000212933017161729
0,000586430417095724
0,0029684915236996
5,99781577356237E-05
-0,000432791172588592
-0,00283330126614842
-0,00100455573358005
-0,000308797192099892
-1,74916346010759E-05
2,40814782717688E-05
4,56410633337753E-16
1,53073872589949E-10
-2,49044177884503E-11
2,48471320569658E-07
2,93955686951378E-11
-2,1435151068594E-08
-4,28713532896032E-08
6,61008201981616E-07
-4,44364330324717E-06
4,45425508165248E-08
-4,91510782924516E-05
-0,973831306123985
0,221868529621048
0,0107679476296354
-0,000901373143951992
8,01252820687535E-05
-0,000209425542956195
7,9101305513481E-07
0,000139793353238231
0,000213714275923586
-3,38662856141575E-05
-3,03132012835693E-07
0,00158933631908723
1,09620052536307E-05
-1,66043087965553E-06
3,03092922625322E-06
-0,000419035700401566
9,23394560945495E-05
0,000475596082693577
-3,16132021396943E-05
-0,000136264422424862
-2,49183845448737E-06
2,93202527462648E-05
0,000128886789313014
-3,4492177000411E-05
9,94376105380057E-06
0,000205915633752032
4,10675030430037E-05
4,21114162603013E-05
0,000305762960273252
0,000135836231342765
0,000518050174249846
-9,23184542896756E-05
0,000927678585503166
0,000657066170647442
-0,000421867947582063
2,6568515899526E-05
-0,000585427797925254
-0,0008993761528831
-4,01621530084675E-05
7,21103531189869E-05
0,000246557649118544
-0,00267142404891295
0,00452674011289677
0,000375826655663246
-0,000698191940598222
0,000234693687899943
-0,0459895285220064
-0,00120249849890992
-0,000943464877688662
0,00178478108435774
0,00335657142910248
8,3783380323718E-05
0,0119924673765803
3,4217467647399E-11
1,65116182241113E-07
-1,5170960023063E-08
1,24957371210362E-08
3,9588657550997E-08
-2,94121862849826E-06
-4,35614871445842E-06
4,58896743134942E-05
-0,000126524283336429
5,59776880025896E-07
-0,000340946579606425
-0,221668376019293
-0,972042548707603
-0,00248186107508552
0,0131757432005954
-0,00122379977072156
0,00367750181126167
0,000193395468099014
-0,00314860977079754
-0,0053403723316982
0,00083504451477697
3,17344345149109E-05
-0,0504011618021021
-0,000365418340198238
0,000121976241241724
0,000331132454443964
0,0150138015006739
-0,00449798234672847
-0,0175359090051055
0,00220066729632834
0,00526870060739092
6,99083910461205E-05
-0,000939584198135976
-0,00470810259985212
-0,000845682018906647
-0,000104263042987364
-0,00018053573952783
-0,000146958402202683
-0,000538062263088114
-0,0161228328057236
-0,00163403040556139
-0,00631111988269876
0,00354027826827165
-0,0411668485884554
-0,00736231560252831
0,0186252075266558
-0,00110656546085079
0,00250344134162308
-0,00382712959876176
-0,00405010445103468
0,0115982556795856
-0,00197939984999585
0,00357334128407087
-0,000480709490377429
0,000331689699372091
0,00176796249074561
0,000763790898717335
-0,000145267733142322
0,000963128857654608
0,00211606864575212
0,000645469104323302
0,00118392484680371
0,000112970443223261
-0,000259535422069192
6,70922848702245E-08
1,12558623409327E-06
-1,18775334451029E-07
0,0160170555497339
-3,63958811335236E-06
-0,000244297564175038
-8,04878448124366E-07
1,87428627735516E-05
-0,000182521803273589
1,33730110049115E-05
0,000119653940233774
-0,00807692389407223
0,00440160812340774
-0,998967323452334
2,7746402545562E-05
-0,000905912137916381
5,50556516297548E-05
-0,00152087253443824
-0,000120425769923892
-2,25246493306011E-05
0,000375824095817373
-9,46162813253161E-05
-0,000219925191692311
-6,66882314396543E-07
-0,000251830780232519
6,11997617774977E-06
3,79329838293812E-05
0,00191473527177907
-8,20737880843119E-05
-0,00154463431660038
-0,000260346675130028
6,49609438870664E-05
-0,000443476812262235
-0,000504785862984663
0,00358258974818436
-0,000192317944039237
-0,00615675942733379
-0,00110236782867511
-0,00096953321128985
0,001903017525819
-0,00119334179008245
-0,00594523974965724
7,68714100287166E-05
0,000299573095531487
-0,000959526811526264
-0,000173916819225499
-6,77441204914653E-06
0,00318142811675074
-3,18098796546166E-06
0,000207710828228051
5,06516695756066E-05
0,000133837968529765
-0,00241825810787085
0,00276207039873923
-0,000280321714495354
0,00159015074622816
-3,8593862839005E-06
-0,0384728201602304
-0,00123462396403948
-0,000680722659550506
0,00147845820594081
0,00280601283980676
7,22556687927644E-05
0,0100086488226197
1,07993434023189E-12
1,84111617185956E-07
-4,14549577821253E-10
-2,05758043844179E-10
8,26888442323246E-09
-1,54365953801997E-10
-1,39813709507136E-07
3,89562237004565E-06
-2,62131082940762E-05
2,54573852149981E-08
-1,0007513979095E-06
-0,00110748936483367
-0,00821552271707804
-4,32774519544324E-05
-0,995622297946721
-0,00500159161477157
-0,000287060276444171
3,98096713068484E-06
7,16324909273079E-05
-0,000171946258044274
0,00193432378102996
9,3554127083726E-05
-0,092013409204877
-4,18182541066098E-05
0,000188728190368896
-8,88409979122578E-06
0,000482729156271529
-0,00798536868303698
-0,00039675187157843
6,08265424982776E-05
0,00839406488883828
2,58924646293356E-05
-0,000154818675712425
-0,0003504777972659
0,000280390631760637
1,44011843898833E-05
-0,00010203116151935
-3,68833398784349E-05
-0,000250442184790137
-0,000996161559341428
-7,75492327259515E-05
-0,000402163568283869
0,00165338030219825
-0,00232698618017755
-0,00038645964165279
0,00201221086506595
-3,22828682974698E-05
-0,00034466558932072
0,000218032097248621
-0,000905576120032984
-0,00255728370274889
0,000247197996502914
0,00252959327805615
0,00186949688661781
4,31286121736708E-05
0,00222778548420563
-0,000425587392150714
-2,77573342754359E-05
-0,000240962709052331
8,34613650672934E-05
-5,62814785362628E-05
0,000934466852106077
-6,86404844907739E-05
-0,000352465287406856
1,19775875120421E-06
3,26647448635702E-05
-4,40788173736462E-06
4,08152880185296E-07
0,00549594564202268
-3,59535679796702E-06
-5,29538289310749E-09
2,79446310140246E-07
-0,00211367152555478
2,04792460041293E-06
0,00141402047599632
-0,00010987385022717
-0,000752244066093723
-0,000653788531785264
-0,00439691824849536
0,999044154710432
-0,0033703786534474
-0,00199137855759408
-0,000182708170507559
-0,00220244408544198
0,00589554564723343
0,00016561013123025
-0,00864302246933491
7,59687553642665E-05
-1,10506546962414E-05
0,000410687034281626
0,000545437194442774
0,0233164031208594
-0,000273473445971546
-0,00810517302217544
-0,00232934688203321
-0,00120558408269566
-0,00161296705363551
0,000526016805149211
-0,0017693636639562
-9,28978202132985E-05
0,00176925436105792
0,000271766858597301
0,000319867469252856
0,00709151219420952
0,00113461723830185
-0,0311548855521366
0,000632203519711754
-0,00604564683443474
-0,000575571175170559
-0,00381834118055043
5,62558843709138E-05
-0,000551284577444261
0,001551763183845
0,00308104616152876
-0,00264639092392587
0,000387678600187552
-0,00206119322622866
-0,000142556409399551
-5,26912261338004E-05
-0,000393422221405613
0,000175971702675779
-0,00015404645702374
-0,000216705357411585
2,19446448904879E-06
3,87273446790242E-05
0,000116511119867559
1,03491086768593E-06
3,80067586230039E-05
1,18560609730897E-05
9,68101842900736E-08
-2,02524124957991E-05
-1,34731464657396E-06
0,000100843027804307
2,65830730001504E-09
-5,23893544057704E-06
8,72423353472931E-06
-0,0550619421877416
-2,96045473468867E-06
-0,0557848920426088
-0,00030455803586064
-0,00209586095804531
-1,95464861248209E-05
0,000276042475119076
-0,00340511602970797
-0,992622927245281
-0,0109195242285634
-0,0274622299019632
0,00581974961570433
-0,000376155513051629
-0,000443019011296697
0,000705673802377248
0,0406332766344167
3,99121451580977E-05
0,000540885176035799
0,00916484226211275
0,00228330624886657
-0,0734639173139061
0,00904795066330412
0,000598714650444377
1,37285080600609E-06
-0,000587089786151049
-0,0141817771002059
-0,00155635200901784
-0,000269156065388738
-0,00234906120455853
-0,000659869198700965
-0,00142422733976069
0,012307204042888
0,00294149080116887
0,00298858710189002
-0,000765903124316284
-0,00422211958661187
-0,000878546189331145
0,00156764616097015
-0,000472514278032928
0,000108948510272377
-3,17009516778305E-05
-0,000607035723536201
0,000962530414002231
-0,000134907700573093
-0,00100247633386018
0,00140612251082347
0,00136171600013838
0,000582733288064851
-0,000112950769733619
0,000208751291264631
0,00041551577122258
0,00122767501395504
0,000882980242823991
0,000232779974241003
1,30454768850834E-05
-2,12231447856102E-05
1,43059943626231E-08
7,52625504374824E-06
-3,55589806071194E-05
0,00329991810751592
0,0143147415469097
-1,51339637167247E-06
-2,73761019793021E-07
4,79507717366608E-07
-0,000109592872802132
-0,00190397777955074
-0,0299432946473542
1,15569476192712E-05
-6,29291238373721E-07
0,00157564674538133
5,04167656744468E-06
-0,00244921379794139
0,0126462602643276
-0,992554226498051
-0,0076509178617233
-0,0158926950717391
-4,40404506527585E-05
-0,101081164117077
-4,65081119727214E-05
-0,00292620749517311
1,26089270336981E-05
0,00877900359688753
-0,000159614835968359
2,61419521649815E-06
7,5312372756517E-05
-0,000267209523216906
-2,18804642890973E-05
-0,0022464538235277
-0,0158614168936382
0,000662836831638038
-0,00306149482703406
1,91353191241067E-05
-0,000208014729155532
-0,000171582501498574
-0,000143946541706304
-0,00292127452329971
-0,000380567625605415
-0,000564378339323282
0,00330994413316653
-0,021946424917424
-0,00371564584798286
-0,0269878481342908
0,000961714624116221
-0,00418969379189736
0,00724879203503343
0,0235693308559901
-0,0230783299072628
0,0049566970893579
-0,0150631756327406
-0,000493467602405316
-0,000250207698617284
-0,00339607775522295
0,000525264229598086
0,000389518233445839
-0,00177232404123165
-0,000923005390638117
6,31707352529871E-05
-3,46890216103595E-05
-5,16105987870252E-05
-0,000482538115091518
1,36563453850708E-11
8,23561171669631E-06
-3,46046457036543E-10
4,70406283437376E-05
1,32966689688308E-08
4,30491015051111E-10
-4,8041719962544E-06
1,65290706857977E-05
-3,2793592966945E-05
-5,64334586191162E-08
-8,91469981527484E-05
-0,000223952572680213
-0,00140559113771393
-4,78578308141761E-05
6,32274302560743E-05
-2,07815193143063E-05
-0,0202284284843316
-0,00747475332961479
0,989389828542142
-0,000537715177519834
0,0236741174515057
4,68777255454881E-05
0,00119246020338103
-0,00203880823280535
-9,87902058345854E-05
0,00351580216162769
0,011050231582096
0,00157628329289227
-0,0871991009696535
0,0107221205055664
0,000628955698767486
0,000400160556286623
-0,00494689722292922
-0,0162869354826177
-0,000918552678740066
-0,0796306868505409
-0,00650262928111824
-0,00154620518972942
-0,00124787226619629
0,0148463012121343
-0,000820601613910873
0,00340725504152545
-0,000988608633211643
-0,00180147502813862
-0,00448745240250634
0,0128208830119508
-0,000939805854138648
0,00264551632510505
-0,053013691407897
0,0248317083346894
-0,0142759254393401
0,00362043338412643
-0,00852299410012248
0,00139244567928432
0,00060581040717049
0,00331656755353649
0,00716549813441555
0,0102449606675234
-0,0021695146967589
0,0045277138183623
-0,00811024394458388
0,00792564911332865
0,000231271189459518
0,0327248198314383
4,36744730922008E-11
7,67749739416626E-11
-3,66676078942583E-05
1,88713926124534E-06
6,83695948266646E-05
-2,46659152528809E-06
-3,57689470289241E-06
6,91926387887594E-05
-0,000127164544619788
-2,29462645793048E-05
-0,0294527388875108
-0,00074991689350167
-0,00411953039190014
-1,78434529135946E-05
-1,44640402398831E-05
0,00149797468393764
0,00744988983976356
-0,0108340515066863
0,000504301308491751
0,994118993691259
-1,31577789986255E-05
0,00202938008610714
-0,00142546963794461
-0,00442902536531259
-0,00528632185841625
0,00605912062599715
0,0118703338418169
-0,000167859394343376
-0,00155272085828209
-0,00141481634220904
0,000364827224250357
0,00411103155131605
-0,0283969944961103
0,00716814075131217
0,00321470623261005
-0,000100033030601144
0,00255261771875739
0,000448174319432075
0,000873467946460706
-0,0146046407684782
-0,000780752018821932
-0,00368102881336607
-0,0153168095159565
-0,0455681147647114
-0,00481445177641014
-0,0409540071430393
0,00104800175880631
-0,00601704131960412
0,0206324127035029
0,0234230941847057
-0,0237872687978492
0,00788148402304658
-0,0206114385927875
-0,00142139378434919
-0,00191638409533487
0,000368134875801897
0,0566802718494761
0,000907426303823966
-0,00338705660326764
-0,00172757911686113
-0,000409914111631993
0,00116103657757224
-2,87907160661546E-05
-2,67780557505355E-05
1,229229913581E-16
3,10581134712216E-07
-7,76998215873061E-12
1,64842588730688E-08
3,71423483278256E-08
-5,61352606983821E-10
-2,41418586861756E-07
6,34328732675975E-06
-9,61295092824451E-06
4,00837741039622E-08
4,83849877229039E-07
-9,06310475398978E-06
-6,01454607864981E-05
-0,000131809200998663
-0,000282158987570166
0,00289969598258578
-0,00017406107422355
-0,000121004971918789
0,0181568515219902
-4,61212619244784E-05
-0,986856381291929
0,00019517482518791
-0,0287445989153061
7,76766566525179E-06
-0,000360750032707209
0,000631411616248731
0,000132803039884034
0,112250525716833
0,00323888495769268
-0,00108643708503253
-0,0125268484970482
-0,000193660566894882
0,00080143208422005
0,000582691060912582
-0,000630939307099298
-0,0693685145382953
-0,0150660122224555
-0,00248951707612311
-0,00544859670356019
0,00125048532849733
-0,00730590959292752
-0,000309876520854001
0,00285583862349639
-0,012639309102581
0,0763669694139632
0,00430297422836593
-0,000221837620992234
-0,00526627561444336
-0,00232860469100732
0,00617433899757579
-0,00602552393010135
-0,00113255629157359
0,0127453936743517
-0,0261941725264499
-5,49509402476238E-05
-0,00349853575852759
0,000824740055140891
-0,00169794475210687
0,00110460819336637
-0,00281351237280519
0,00665802640862361
-5,5896639565206E-05
1,90694772940919E-05
0,00205480560722234
2,09619761161041E-13
0,00927137964045308
-6,33464310987651E-06
4,84159813124946E-06
7,27712951901901E-05
-2,24483831670059E-05
-4,01100603541099E-06
4,50466052047199E-06
5,01795259026903E-06
-0,019821144115249
-0,000689005264679191
5,97943823091113E-07
1,62182610659152E-06
5,84366739686152E-05
1,06715247453588E-05
-0,000242979547602431
0,000844872882627653
-0,101157304287146
-0,000870551345881596
-0,00288288727344228
0,000122428404989927
0,99035744371532
0,00098950218569983
0,00158100992228007
2,60403466907487E-05
-0,00123526191434606
0,000235413827682421
-0,000140560487717362
-0,00206973054605995
0,000298105482584144
0,000671651568022995
0,0609740087825433
0,00539610935686274
-0,000513441940257264
-0,000775870265575874
-1,03124226394333E-05
-0,003645355234039
0,00869290237990898
0,0146283951172895
0,00071878035178099
0,000650551504604785
0,000262910606534459
0,00025337573730355
0,000880342057988784
0,00109084290005625
0,00295250541239016
-0,000177170785361526
-4,4154513382884E-05
-0,000262451009269845
-0,000180663325114056
0,000370967364233662
0,000880708769466853
0,00760693997386626
0,00654189751297814
-0,0643564551724576
-0,0118051813853272
-0,00183563577587283
-0,000320285026018806
0,00244773632775307
-0,000445452929403281
-0,00104735046354814
-0,00204989065877662
-4,02474314148882E-06
0,00022679222485578
2,70089566972195E-12
0,000127973286785109
-1,14438563573904E-09
-5,31070589179915E-08
1,36065264512302E-06
-2,40336944848764E-08
-1,02097982899972E-05
0,000206908850707339
-0,000672889524440987
6,36883213385359E-07
-5,50166932933596E-06
-0,0099278278393261
-0,0511063288220109
-0,000187123696640959
-0,092248096471432
0,00522038681825109
0,000477612175933807
1,56703911761478E-05
-0,000340556721911208
0,000316997882448449
-0,0142694741360543
-0,000855702368590832
0,977696426472465
0,000494475682127129
-0,00218649164838687
0,000196484591269202
-0,0036885086072641
0,1107465112816
0,0059093151540915
-0,00100020452167922
-0,119659198180068
-0,000352239345025935
0,00165055451468391
0,00481054056713893
-0,0045690783327177
-0,000250541781422842
0,00165799640741338
0,00053823821781926
0,0035878652028333
-0,00018226463373273
-0,000363403473934316
0,000325104369861407
-0,0232431585877491
-0,00165604688637999
-0,000765345173370025
-0,0124167872025309
-0,000849917447644079
0,00904710098617435
-0,0110939858670342
-0,0189223135998614
0,0201497683417853
-0,00361501519437698
-0,0401675680759561
-0,0311327391927489
-0,000593159707409112
-0,03657846939327
0,00771953521542228
0,000394312462813537
0,00450879520205765
0,000211832976401511
0,0015466419413461
-0,0154100572645365
3,5726744834551E-05
0,00588422628935521
1,06089531482922E-10
2,90372070966823E-10
-2,36977726454359E-05
6,18553355440024E-07
0,000114497572152077
3,28883139282897E-09
-1,63331205219693E-07
9,32285025566451E-08
-0,000705475655634401
-3,43871083897667E-06
-0,0412042314193893
1,77264366826143E-06
-1,77494028807691E-05
-1,07853427795921E-05
8,52170362006734E-06
-2,86369805526096E-06
-0,0395720064120897
0,00362131149901885
-0,00162123037268587
-0,00530286356668336
-3,58456500727753E-05
0,00160098850186914
0,000417584780651116
-0,997851826852098
-0,00202038035838809
-4,47494000291508E-05
-0,00209967674088099
-0,000199561307297688
0,0126996259980045
-0,00143082709055051
-9,97502324338542E-05
-0,00095409903892289
-2,16183752485893E-06
0,00165713069439103
0,000587234152244809
3,81423537818831E-05
-0,00531245865843312
0,002796299101645
0,0275762237920904
-0,00213310729084758
0,00125266649519408
-0,00036543317578271
0,000648731823866924
0,000261857266886385
0,000938865236799469
5,82089169944651E-05
5,11891883758855E-05
-8,26512603175199E-05
-2,9339790862087E-05
0,000333116644497654
-0,000325421789260234
5,16722363373113E-05
0,000446454740546138
0,000122472710100738
0,000245314930664741
0,000316238903397234
-0,000500581077161889
1,21403718722514E-06
-6,9668501148044E-05
-0,000109610392586878
-7,46138509089777E-05
0,000137630115771317
-9,01326366787356E-07
2,53402085259026E-06
2,3260484112727E-12
5,58062332717062E-10
-0,00911121564278749
-1,46379183322922E-07
-5,50972973326211E-06
-0,00314803112025938
-0,0205426543974954
-0,00154646067617532
-4,96338765764531E-07
8,61409741727428E-05
0,00010019252591031
-1,17749348861553E-07
-1,47926235018951E-07
-2,887874115423E-05
-1,20840992041338E-06
-6,56924620460504E-07
3,98846397348103E-06
-1,3412423905677E-05
1,09306991087382E-06
0,00222507771475114
-6,72868906078939E-05
-1,14686287871573E-05
0,00137356192937715
-0,00201211311582589
0,984736167909765
0,00137204748258984
0,000277979719056899
0,00618557343017784
-0,00247424011429048
0,000516713556369344
-0,000645717395766899
0,00358475314902691
-0,0240169507539135
0,00185223478393233
0,112644704844534
-0,000584522863406408
0,0273609487740946
0,00400797623786628
0,00492714234680096
-0,00409213504100835
0,00261112212631485
-0,000539894065785584
-0,119266460213624
-0,0117227086990716
0,00511688940789328
0,00415854683930846
-0,00424427707077981
-0,00649053005793274
0,0113989218775395
0,00865457107914821
-0,00937047376610878
0,00112545013294112
0,016549831708914
0,0124213735662696
0,000986443659965627
0,0117331442407744
-0,0134593696744558
0,00230663892928589
-0,00237163011537957
0,000932570798305721
-0,00251081889413985
0,00642383597898021
5,40654847066883E-05
0,00758530877789798
7,50878837762464E-10
9,95339092197946E-07
-2,13015248849563E-06
0,000174612455787776
3,44406011310125E-06
-2,64177418168937E-09
-5,13811893314243E-08
1,10501897411373E-06
-6,27199380621459E-06
-6,48529422151202E-06
-6,98094264296341E-05
-2,20896941713224E-06
-1,34765987390321E-05
4,78437935421523E-05
-1,91949865579089E-07
5,10189486270258E-05
-1,04496906230807E-05
-0,00610379972066535
0,000944732730046553
0,00154333896674489
-6,67013433705525E-05
-0,00168842346423074
4,17476556094754E-05
-7,65660713294749E-05
0,000703570505982827
-0,98626465555667
0,0140943438062013
0,00229914540212797
-0,00508972273699228
-0,00917889727385417
-0,000578891838586928
0,0095618574850318
-0,137865092402089
0,00523029787450427
-0,0202574738271858
0,000336553342874521
-0,0161303672669954
-0,00260671496457192
-0,00423248268883694
-0,0104342122977209
0,00237787913872929
-0,001305391855798
-0,000499950572938998
-0,00334836145320113
0,0305205656173977
-0,0155549759399909
0,000390483605258337
0,00644677091275426
-0,0294905155116042
-0,00695072481093091
0,0103185089455088
0,0038087205601672
-0,0334690710395511
0,0556485022159046
-0,000299311037824764
0,0112682366169081
-0,00161270209594965
0,00613136106425571
-0,0013529452352195
0,00509735738235008
-0,0171955856273431
-0,00129930924629677
-5,42869522337613E-05
-0,00339000118288048
3,91281490255667E-12
4,26644852693765E-11
-6,74329281965674E-09
4,91651509192552E-10
2,34983065018263E-08
-3,78153951773032E-09
-1,15736967417361E-07
2,6191221541627E-06
-6,32275190166275E-06
-9,46254506827045E-08
-7,07606585017744E-05
-0,00173246944532031
-0,00876690265677021
-2,51447061561745E-05
0,00014144910036923
4,52585779946292E-05
-1,36964396848046E-06
-8,95574249560553E-05
0,000147775802036531
0,00940773996780172
3,74780025594348E-05
3,26075728386088E-05
-0,00370365925757023
0,000256472724492073
-6,60506805701299E-05
-0,0104750935908411
-0,966009046223733
0,00440177351941605
-0,1587256858905
-0,0335903764810782
-0,000467737562569672
-9,62506289482588E-05
0,0011567622732522
-6,63709562700834E-05
-0,000442301351144301
-0,0010037415108856
0,000192204014449323
-0,00122791654296439
-0,00571427083395418
-0,187939838820506
-0,0177212913339487
-0,0489956063306675
0,00526696053364332
0,015180854354315
0,00318456952842021
-0,00388387599977652
-0,0353296712758806
0,0012692000646326
-0,00444930842749758
-0,00359070229053807
0,00651839994580375
0,00300399225797917
0,00434690983129661
0,00072933596005682
-0,00116010274988663
0,00110347582352184
-0,000543882973400819
-0,000126301735336762
-0,0017184381188421
-0,0199965127371145
-0,00830509421218949
-0,00291187472080962
-8,55960566977596E-05
0,000282537100454362
7,46822600080307E-12
0,000293415419749858
-3,2529540765733E-09
-1,04549115918234E-07
9,10739053580047E-06
-7,2725965752672E-09
-9,37019868001712E-08
2,43887711257602E-06
-0,000302516093553445
1,07162129874812E-06
1,80280937541034E-05
-0,000180342927183522
-0,00105789001714663
-0,000199110393885512
-0,00287164370280672
0,0249002430956658
-0,000107178739079509
-5,79043526571121E-05
0,00193273273621902
-7,46160139801536E-05
-0,115881163027242
-0,000453570445416167
0,121692109134154
9,83883956514908E-05
0,000576289577946124
-0,000564028961331946
-0,00206834954365448
-0,949919826721791
-0,0187029500761152
0,00836677922851931
0,111159821982951
0,00327616961156427
-0,0193752569496588
-0,0165792499006374
0,0988421476436637
0,00525075334054386
-0,19197691145889
-0,0281535624053118
-0,0273834354952105
0,0027704655437514
-0,0358621946325269
0,00380976418551168
0,00684381118225357
0,0124116020338562
-0,0704917156310247
-0,000480450640826501
0,000416888539124951
-0,0041439266284607
0,0135790970432406
-0,00167476206771707
-0,000833841896645498
-0,000158453966807204
0,00925786550140869
0,0119331740810353
-0,00116760404534129
0,00970657841836861
0,000599611062180689
-0,0036308870193318
-0,00200722298807814
0,00101297707675958
-0,0020045481851796
0,00147905315207494
-7,04999424488937E-05
-0,0105763877883814
7,51561074150232E-07
5,94354700991714E-07
-4,99786413380172E-08
3,31027539147573E-06
5,07718933139825E-07
-2,07941446184597E-08
-0,000416065989547315
0,000486417452089147
-0,00124388131300954
-1,39321063295434E-06
-0,00193575548338754
-0,00385916464884629
-0,0193826004856088
-5,91821574155237E-05
0,000402779964919859
-0,000288844779490532
-0,078773365191177
-0,00179494653015273
0,0903981628297392
0,000950778309517767
0,00243658332867424
0,000733296855492411
-0,00596948646198783
0,016157005990216
0,000197287878401491
-0,00359273957411737
-0,109732097914373
-0,0214583926038617
0,936149057869871
-0,117734502218389
-0,00553290767119922
-0,00156536555455775
0,00849036432987486
0,195853409114846
0,0311947422834959
0,00403982693820404
0,00145872051878878
0,00308818021445679
0,000843216121084913
-0,183721907403642
-0,0173357303195354
-0,0443110213871479
0,0108767129018974
0,0675320002687661
0,0127719472279807
-0,0246889184471528
0,00735990388265983
-0,00105032080336992
0,000576641052709461
0,00148276912983632
-0,00712202024326906
0,00492577196954456
0,00190910271876014
0,00222084118331802
-0,0218774514757135
-0,0039820640666626
-0,000552881285185705
-0,000126402414959099
-0,00250931597947845
-0,022195388226902
-0,00923039744584941
-0,00358539926463386
-0,000206343260850846
0,000337828790949101
3,48323422405398E-12
0,000544368471122911
-1,32561872809005E-09
-2,36384706242871E-07
3,03139140515051E-09
5,42920970048629E-10
-4,55208914926314E-08
1,19819503349006E-06
-0,0034411708834849
1,92717555532876E-06
3,292396842844E-05
-0,000161992332794469
-0,000950249769453168
-8,97467980207381E-07
-0,00248960446618822
0,000129528818016193
0,000622385837499789
4,94876218721456E-05
-1,52670770053136E-05
6,64108222246451E-06
-0,000800395962118402
-0,000772497566544849
0,105322046793876
-4,29161493677455E-06
-0,000333861192206589
-2,66343308512638E-05
-0,00146754123935845
0,128528744745284
0,00877402089109258
-0,00740938994808968
0,973766211876211
0,000731273566047834
-0,000555928889850946
-0,00261540723699811
0,0033291152458216
9,02919861303821E-05
-0,00617891902982568
-0,000996344096837282
-0,00244845805491037
-0,00049788226689352
0,00732602289892224
8,52282280851186E-06
0,00482829304988019
0,000189630025923337
0,000680813483289195
0,0009440148559422
0,000209271866815334
-0,00151962359576363
0,00348023589513856
-0,00202633047637854
0,00212284253640165
0,00337680493567486
-0,0112589069307624
0,0370360668707561
-0,000695057807836122
0,0161540525437946
-0,0025975668912172
0,0177665770963606
0,0505906056896399
-0,0559248297084443
0,122079887548756
0,0115305906457094
0,000307979545152822
0,0320792319391658
1,53408567920213E-16
1,24218473142139E-11
-2,19072569960919E-09
1,14441422232515E-08
3,46097139282176E-07
-2,62394336900927E-06
-7,40830313494336E-09
1,4393957563021E-07
-3,28947803776424E-07
7,52460602300793E-08
-6,65260164496304E-07
-6,81552448993027E-06
-3,50571223669055E-05
-0,000136073657557966
-3,02455712647127E-06
0,000945452737849503
-3,08108460256759E-05
-2,16685571611323E-05
5,69928293269574E-05
0,000392035240135154
2,14818933616618E-05
-6,49591191565085E-06
-0,000104568655597023
8,40119730936631E-05
-3,24539274658145E-05
-0,00588396651644562
-0,0348088133000503
0,00611335293302633
0,103215801233798
0,952987760881576
0,00553111578124707
0,000131642080590476
-0,000615261857845989
-0,0171567141102863
-0,00300884489141543
-0,000329416491735186
-0,00139161352914538
-0,0005657219238
-0,0010096623937486
-0,0140671658404226
0,000610745962230404
-0,217890611366504
-0,00546820185909278
0,000996030099867816
0,00555967435609933
-0,135692017386421
0,00420590770184579
0,0143380811906027
-0,0679913347544352
-0,044789199931527
0,0312793307222713
-0,00560756130557646
0,0677077527686304
0,00730736888036312
-0,000462938829355316
0,023899791332759
-0,00194688763164456
-0,0036698653694777
0,0168557024958362
0,00118513644225051
-0,00366885314190693
-0,00148568980464316
2,41029646796274E-05
1,88869500873171E-05
1,95578238177392E-12
4,48564826584115E-06
-0,0075447263750837
1,87462717375613E-06
0,0178916654202562
3,96295015254102E-07
1,78695136219951E-06
2,52854508789271E-07
-1,56573326018219E-06
-0,000172305019107071
-0,00171794787281757
4,1955321877625E-07
1,93966778843681E-06
1,05996748785606E-06
5,7463831230652E-06
-0,00136944149291271
0,000272684945963695
-0,00284301535129384
-1,83760628923607E-05
0,000137453714908785
-8,75361493244903E-06
0,0622556936335952
0,000119854514598267
0,000942171744378495
7,96102925619079E-06
-0,00075272601702091
0,00014318347780026
-0,000846634885444512
-0,000886300974751558
0,000194295969913489
0,000796711002969026
-0,993791930288344
-0,0680029418220472
-0,00282305705520093
0,0190340828618315
-0,000112295948545329
0,00505674732658714
-0,00252385960748949
-0,00419390763299577
-0,000494835615223676
0,00484683397726003
6,27439682744737E-06
0,00051051165195094
0,00106852387982219
0,000814391338994638
-0,000808432437254971
3,0995223850856E-05
-0,000681568642006657
0,00343373373268137
-0,000109275849245059
-0,00354975537271485
-0,040531959654717
-0,000968398863460821
0,00214136244966761
0,0110181221542146
0,00648276373726682
0,0342116795741148
0,000274257168266628
-0,00138183819161511
-0,00504332144059727
-0,00170708528607869
4,49202122692176E-05
-2,24978977226228E-05
5,98187969854084E-06
5,42027739330318E-09
1,0174577126148E-06
-9,3780588529749E-06
0,00120498397869548
3,25863347448778E-06
1,93490370870402E-08
-8,66955699530306E-09
4,71419499208794E-07
-2,23571648752205E-05
-2,42566337939645E-06
-0,000122832778801144
5,15825924503518E-07
-9,39664498869286E-06
0,00027374756045233
-1,06869915275554E-06
0,000193579845570158
8,6909049767876E-05
-0,00600089682046065
0,00068372668728519
0,00460999409573297
1,85871179168182E-05
-0,00138557727616673
-3,67384859096257E-05
-8,97736832409604E-05
0,000482293674293911
-0,135206725123482
0,00321036905537537
-0,000456425349292645
-0,00278124870419847
-0,00170108199518302
-1,4386463197135E-05
-0,0549012070420411
0,93083058676639
-0,0611589634075096
0,214219833722647
0,000174537542569865
0,0241807779548811
0,0027310000781878
0,00273076646501463
-0,0125195722152603
-0,000437295703687055
-0,00203409869548088
0,0196498622937649
-0,0932215864237819
-0,0217732847258284
-0,0981300079602072
0,003733020922379
-0,0137347436607938
0,0111343415438496
0,100188214204936
-0,0952152037975698
0,022629683196284
-0,0481378242788047
-0,00389485487716207
-0,00355065541820021
0,00249561557076781
0,142216457277318
0,00203398592465009
-0,00709029757272232
-0,00527298531874964
0,00163008194215195
0,00097902327427631
-0,000145711772501766
-0,000814066795031857
3,60592220905353E-12
2,05251268117154E-10
-8,36164268839132E-09
3,25888057167938E-09
1,6978451103918E-08
-2,9920711352671E-07
-0,000178053849135985
0,00353109715501441
-7,03685939953649E-06
4,68697288128007E-06
-6,41968915337724E-05
-4,33551647749768E-05
-0,00024823177699105
-6,61548913868383E-08
2,58628872827797E-06
5,25078461834498E-07
-0,00140427932378528
-8,87920131994559E-05
0,00216240512097612
0,0057020541514991
7,66900963786823E-05
4,97640770755222E-05
0,000130527644587067
0,00107253164283462
0,00521967345806873
-0,000421125700699267
-0,0424892735140219
-0,00376222670022794
0,20953102265902
-0,0376998889649153
-0,00328046569611198
0,000713166897198608
-0,0216714032403655
-0,946483271419321
-0,165535446196501
-0,000971852544325206
-0,0106603538572618
-0,00204956530527854
0,00272293761040208
0,0575435012779462
0,00327056293329229
0,0129769094737264
-0,124641580129768
-0,0214608626608363
-0,000606822836451566
0,00376180906280685
-0,0965221206404382
-0,00246635423379017
0,00258655095186422
0,00427121360397469
-0,00287780863951899
7,40790144486512E-05
0,00489727769796811
0,0034309382069745
0,0033603498189457
0,00431336860377172
0,000210367749916232
-0,000207406078085699
0,00140684054874224
0,00313466809046756
0,000841322442335045
0,000626968890550483
2,48441318113735E-05
-0,000720419828380405
6,44307058818125E-14
1,76795765912491E-07
-9,00959563907979E-06
2,74420483016739E-06
1,58087034368308E-08
-0,000261937006227103
-0,00202092499126026
0,0298881414354745
-0,000119573121076371
3,09626853861111E-05
-3,02815531903243E-05
-8,94231111021391E-06
9,8106053126285E-06
-0,00151840536624507
-2,42581109725942E-06
4,80637997861728E-05
1,19800256759149E-05
-0,000111601920237753
0,000129892773750558
0,00173833549708769
-0,000680986682072579
-6,01516413426528E-06
0,000949274927503626
-0,000234300081107784
0,119899091637077
-0,00336442959350438
0,000619383780018143
-0,0338721181323765
-0,00392008198051916
0,000785546791572386
0,00673268968310628
-0,027414474294144
0,195164760520542
0,153087394989401
-0,889869489920261
0,006361711525947
-0,284011848585155
-0,0407557112815522
-0,0342985342826866
0,00858665015106572
-0,0414392833263379
0,000407164759639343
0,0120802167319551
0,0155912779276319
-0,0266440792325283
0,0160444363575986
-0,000598197592114234
0,0067539179450492
-0,0514350838896154
0,0258043726416409
-0,0166801585145588
0,0107357326720723
-0,00137522769297277
0,0089172260615649
-0,0029849272913559
0,0176217569006143
0,152822287316592
-0,0285579459858096
0,00485806042760541
-0,0108408663723012
0,0264555338409512
-0,0253550646056617
-0,000750825836714285
-0,113405640975412
9,80464771703359E-13
6,11245125170968E-07
-5,0245505948677E-11
3,3951141658751E-06
3,23400526250573E-09
-3,79996589014902E-09
-3,33081975538595E-05
0,00065885248059743
-3,01082258249454E-06
8,71411112322129E-07
-6,63678753158411E-06
-1,74849137874144E-05
-0,00011030842130062
-2,32012199309649E-05
-1,3380339692272E-05
0,000190366887347553
-0,0015998825772302
-0,00060625261808726
0,0809361109773194
-4,98860394741796E-05
-0,0675614363388143
1,86416116071216E-05
-0,00212654020275324
-0,000194249044030954
-8,20716998580526E-05
0,000422049499892518
0,00126545929674778
0,0125762132452454
-0,0111409748330298
0,00139428717855801
-0,00146050568114576
9,77148555963789E-05
-0,00141724242364319
-0,00424267626725696
0,00284273773138625
0,989623537405945
0,00815554091970163
0,00140159223185826
0,000913798524996888
-0,00231547689926149
0,000843107539832199
-0,000125291358751074
0,000409751814430434
0,00079112756960869
-0,00282734408409856
-0,000724916651447827
-9,91627259997558E-05
0,0827565511027819
0,0199885801782652
0,00879813165818341
-0,00734630241694052
0,00132657446899695
0,0188178985703818
0,0204092020091197
0,0094322709991507
-0,0295130776861494
0,00253918581623067
0,000172017997208671
0,00142346018756654
-0,000215177416444345
-0,000327622272793551
0,000699108474927636
-5,53707536587594E-09
-1,09655480927752E-07
4,27632601872293E-09
2,41335434139177E-08
-7,0513384658342E-09
0,000945722648614675
-2,14108739236557E-07
1,42983985020597E-08
-6,93989861209761E-07
-7,55253633639168E-08
3,19973053759264E-08
-3,17683929927632E-06
2,04181864318988E-06
1,33257671336688E-06
-1,01941458855432E-06
0,000205645468468569
1,52650150927132E-09
2,37039359332083E-07
-2,75374157136366E-06
1,88762223785823E-05
-2,28149544951449E-05
-1,82358933132443E-06
-6,31234959578409E-07
0,00102883966910486
8,90443850154356E-07
-0,000123494734566603
-6,22883156105648E-06
5,77655107476367E-05
-7,71525558835927E-05
-2,92101518751694E-05
0,0011349841541231
-0,000175089753580626
2,48515090791436E-06
0,00169558503007466
-0,000405607886065436
0,00107938084457768
-0,000100535058321888
0,000262807767385837
0,125885523206171
-0,98048008450869
0,119202470962013
0,00230754146024081
0,00567089273807019
0,000761136434719538
0,00144454037558212
-0,00185408401890187
0,00235011829560878
0,000734367239380453
-0,000156810993319519
-0,00100558917661082
0,00332471196082948
0,000422379644199855
-0,000914921465571928
-0,00125599757942751
0,00969673624272576
0,00932979483570793
-0,0898032480643682
-0,0166367831220541
-0,000669110199356427
-0,000842098344492535
0,000289894757549524
-0,00121187195220385
-5,73135574362181E-06
-0,00171227820827607
-2,14329076609103E-05
-0,00152768329416266
4,87084107520876E-11
4,34632721348313E-05
-2,04161774155774E-08
1,38513853039168E-05
1,38478499626529E-06
-4,79466662278946E-07
-5,24992921784206E-06
0,000101099596911292
-0,0282805407315216
3,6650591631681E-07
0,000126361642923773
-7,49919456934938E-05
-0,000124664089688195
-0,00760213077676152
-0,000440816060377785
0,00364845697242412
-0,000570308191867105
-6,60944318191102E-05
0,000689368094346663
7,04778833025389E-05
-0,00842080012526511
-8,19110568695287E-05
0,022400769025626
-5,17508627640111E-06
0,00569066377075563
-0,00293257742407452
-0,000155320186720328
-0,229725195058407
-0,00643942525964141
0,00239106358546811
0,0300845770456103
-0,00466553764341318
0,0442276393435806
0,0382302888000697
-0,266068974446091
-0,00242018920829704
0,797755102434975
0,118202766457697
0,123268034774069
-0,0186813702976405
0,175221826296483
0,00375321147010551
-0,0140786397664573
-0,0623940227505196
0,392436168441801
0,0174668430151225
-0,00173902817183174
0,0174932266357327
-0,0739826500292301
0,025907714261641
-0,0118160770376092
0,00419394647267546
-0,019467912216033
-0,047537360416596
0,00817214297058463
-0,0285519061596612
-0,0122665826764224
0,0241172293080032
0,00960071480021274
-0,00733884975557641
0,0126738173022414
0,00472250380147023
0,000440546782201548
0,0656441959948802
1,59898066401238E-15
3,92692714135661E-09
-6,64647415984521E-09
5,55696602427438E-08
7,32458294295982E-08
-2,14750100886762E-09
-1,92146968023176E-06
1,32181075694104E-05
-2,61618847110976E-05
-5,79819672898556E-06
-0,000165020089031889
-1,01474057354952E-06
-5,64544073982993E-06
-1,40033156232299E-05
-5,75727284034546E-06
9,47422597800029E-06
-0,000334622240969926
-6,75553925662239E-05
-9,09726842447061E-06
-2,79288889276674E-05
-4,02436669534129E-05
0,00181139981907484
0,000616643604287663
-0,0277825687132652
9,74175408667444E-06
-4,59608598171608E-05
-0,000223827202926343
-0,00428212940718177
0,00253383397518655
-0,000288821081074879
0,000263958742715082
0,00227888239880972
0,00194459896305559
0,00248854918786235
-0,013212005086964
-0,000313957410253426
0,182160078622859
-0,0739616583148961
-0,955102141639213
0,0337552704818557
-0,0549516215367189
0,00318122819968695
-0,02492985784111
-0,000182248983618529
-0,032627678832244
-0,00553326446082537
-0,000863321933618156
0,00315098680754301
-0,0016175358975235
-0,00778033064445068
0,0074411450968509
-0,00443308269445474
0,00122298195050796
0,00760927379141201
-0,197887139845185
-0,052543294396824
0,00361709673486596
-0,00126849850823047
0,00208043994304571
-0,00190606761917946
-0,00074812255171587
-0,00996507300987162
-3,128658628675E-05
-2,96705395858422E-05
1,17851216597207E-11
2,24904382619836E-08
-3,46966399002542E-08
8,00304196253107E-06
0,000171852186255292
-0,00121878522211324
3,09020951376581E-07
2,71226580967762E-08
-2,38373789854276E-05
3,07689921555574E-05
4,56989603207E-05
-4,56972728544186E-05
1,00508407394459E-05
-0,00669812834139053
-0,000133130824379703
0,0326926359717285
-0,000118429950545815
-6,8632047259678E-05
-7,33994064249169E-06
-6,2905152416044E-05
0,000342303611028406
1,24978010635366E-05
-0,000802201508110086
1,08190803869604E-05
-0,000173467943787543
-0,000957627776774832
-0,00493055831481182
0,00691192109132967
0,0202306761241957
0,211120513048816
0,000591701648530858
5,11994608913064E-06
-0,00083340299916516
-0,00729911951197614
-0,00177810997325313
-0,000531266461522494
-0,000780769977000771
-0,000810410431589834
-0,00492665363361216
-0,272419582888048
-0,0321648515300043
0,936650351628101
0,00461826000586786
-0,0213766524751436
-0,00580801405312966
0,0242315798570699
0,00036181759139069
-0,00283772276328011
0,00207060174324576
-0,000716647519548082
0,00227360981577567
-0,000515292195650206
0,00185297714425318
0,000623443933217715
0,00120694772532464
-0,00227662941426786
9,62185059538687E-05
0,00699046261404167
-0,000757283748749398
-3,54151286309067E-05
0,000153699663263535
-0,00257266606457507
-3,62861511991236E-06
-0,0012093631091658
9,93967283272111E-12
4,22186537545068E-10
-6,97902548203377E-09
3,4125547382401E-08
2,53599703969279E-08
-1,1024764736335E-08
-1,94228272786335E-06
4,07635312785904E-06
-1,70011253055269E-05
-4,94510725877476E-06
-9,02267485161837E-05
-0,000892018270734735
-0,00453382263901329
-1,40945501748374E-05
6,16555421123701E-05
4,74456235851644E-05
-0,00219715234182303
-0,000155357965971928
0,00333446701970039
0,00717882286722547
0,000128904734792679
4,85101623693945E-05
-0,00178277623118843
0,00150761564736038
-6,5339651163065E-05
-0,0163174534506642
-0,215034697604287
-0,00296242155138768
0,167879694994061
0,056159869762628
-0,000717278487619811
-0,00013279723911429
-0,00200770498249613
0,100869617019837
0,0170282510854531
0,00421576137317905
0,000662905174164261
0,00557169498602895
0,0250749617310953
0,83936018205969
0,0797818844204602
0,219220836536996
0,0158781591869207
-0,320643333483111
-0,0610465326193255
0,130185061746139
0,0137236359001173
0,00432387668981148
0,00149104107929311
-0,00436728106451774
0,0318162258740521
-0,0315768028444369
-0,00195092886575395
-0,00502678131194488
0,00904728794719679
-0,00234758354702806
0,00270949328195475
0,000153722680685945
0,0156877779752447
0,146686868445491
0,0604265580748361
0,0208985946862771
0,00126807590899353
-0,00201380680907853
2,07852562044044E-16
3,03093415708403E-11
-1,19414145960072E-05
2,93263339665845E-09
5,57333826297569E-08
-0,000345654116541933
-0,000130609926040518
7,76412499603322E-05
-8,48625504013851E-07
9,56262242342781E-06
-0,000195108477403402
-1,00491721593748E-05
-6,07150724779929E-05
-3,65481695213805E-06
-2,25606335680145E-05
2,13172712645196E-05
8,90773522793145E-05
-0,000183759598328298
3,77842566763493E-05
0,0206526844892689
-1,92248515502907E-05
5,87810418072117E-05
0,00210822619613969
-0,000416839666472769
0,123413473473845
0,000479526913508666
-0,0013443237001858
0,00154601089663406
0,013887301339701
-0,00273812552434077
-0,00212824917733939
0,00122659760309103
-0,0111700837321277
-0,125801300403525
-0,00418025143465451
-0,000798165589998153
0,0211763893609706
0,00207666535880963
-0,0109667757430582
0,023821873179701
0,011309284506105
0,00488911818343602
0,938004354085049
0,0839731792125658
-0,021826007341471
-0,0473304484520335
0,0369379595528657
0,0463663193112049
-0,0613682480230365
-0,0949591107788981
0,0943939883616184
-0,0178305913781934
-0,142617720287785
-0,113319397793919
-0,00245204582598153
-0,125238291832317
0,00675123342715768
0,00100381312529645
0,0148815380282043
0,00043577063174066
0,00467535633511133
-0,0472617231801604
7,70603604856951E-05
0,0180093332223321
8,09090098297381E-14
2,5907226388812E-07
-1,00237199095236E-09
3,43443709260275E-06
4,35766978139489E-09
-1,1835757626648E-07
-1,05686548374916E-06
2,03566661641925E-05
-0,000156358771325388
1,45892698212766E-08
7,02882073001401E-07
-1,35016550232411E-05
8,68496505345675E-07
-0,00192177409625517
-3,01182374081906E-05
0,000299437288626652
-5,06075709012042E-05
-3,04088754310517E-05
0,00169859867585291
3,93632286345683E-05
-0,0850506101344104
8,59999948549521E-06
-0,00155829784771754
5,7956080988167E-06
0,00146538193051976
-0,00400672508694963
0,000103455512320761
-0,0138794680831852
-0,000623287997150648
0,000226228379318224
0,00287067903011151
-0,00149183125538962
0,0125769303990798
0,013950350664003
-0,0946344663139843
-0,011126436056697
0,349191783350736
0,0541605841481467
0,0871334018785141
-0,0150398904398027
0,117355583821451
-0,000191757599973987
-0,0399977668176022
0,134405425817187
-0,819586464670732
-0,0503939425588299
0,00231470268951085
0,00537972156782411
-0,000502284516385872
-0,0797411523941553
0,0794747318716215
0,0129255557897947
-0,179148608719719
0,293115276703366
-0,00526041794851111
0,0554950433233812
-0,0126473922879823
0,0244716830417256
-0,0127292530164594
0,033967568203096
-0,0801606782071245
-0,00131335537083647
-0,00016567642062089
-0,0148729112480346
1,19739834708873E-06
1,4017243000709E-08
-3,67253482320858E-06
3,35463327434699E-09
1,82314100857921E-06
-2,24823396400854E-08
-6,92752579527178E-08
1,10338735776369E-06
-0,00136916734925444
-1,86870567667729E-07
-0,000177257485946562
-0,0102605945674085
-0,0507619475674329
-0,000142566285963727
-0,0020855547677272
0,00395558846368501
0,000589804689679966
-0,000718221798499364
-0,000271133056005942
0,0172840544901489
9,51110318983508E-05
-0,000114961816527983
-0,0038382653928459
-0,000222260063613955
-0,000211086124040407
-0,00186604241586227
-0,0590932171882621
0,000655934058568918
-0,00851877652812702
0,00305003790647325
0,000331819285155026
-0,000608317618324197
0,0140859375119859
0,00954124796114377
0,00769426717587656
0,000595875418698959
-0,00139601778623568
0,000819008951927193
0,00781488468119523
0,337821911940089
0,0336492852067754
0,127664104935009
-0,0697336276056013
0,793852704269556
0,141240524992711
-0,360521031112925
0,0231488711306126
-0,0392934562890071
0,0769480304922776
0,0795483753025525
-0,227989290399474
0,0386538879027193
-0,0751291939546944
0,00260886595779101
-0,00403233781763273
-0,0165487384700969
-0,0189545122816345
0,00192236589439767
-0,0128928925104389
-0,0432261165945765
-0,016195895850833
-0,00619541170537496
-0,00225987845168077
0,000669735259555217
7,12613093024595E-12
0,000225830290602894
-3,24700059018012E-09
-9,46848779026051E-08
3,47905923711742E-08
8,28908285298098E-11
-5,54259035279012E-09
9,9858654429553E-08
-7,66910799598477E-05
7,47718660573165E-07
-9,12861732992699E-05
-6,03925594224993E-07
-3,28865337606271E-06
-2,25508670084926E-05
-1,7376729844225E-06
7,69082392268851E-06
-0,00211930969960012
-9,48193433818114E-06
-7,87373845362374E-05
2,22752124038195E-05
-7,23396799867288E-05
-0,000217828721692097
0,000351078772066935
0,000296304589689359
8,23585277215628E-05
-0,00141336748654588
7,13619316264961E-05
-0,00664024890319816
-0,00125028537481785
0,00037999355791976
0,00394376482019237
-0,00182332535613083
0,00103510761150828
0,00240364212675145
-0,0202725844004545
-0,000602376494893806
0,193941756501912
0,0310637705404118
0,0939753119434314
0,0884262845952789
-0,965268466618497
-0,00650738874538102
0,0054692616575055
0,0041665284601004
-0,00529727558985944
-0,0113467271930757
6,586038449221E-05
5,29569906355423E-05
0,00538143590138941
-0,0161264025276009
0,0103672175338202
-0,0648553498637353
-0,0435646895154303
0,0711967464306817
-0,000759286258314595
0,0146110477506721
0,000996183058829725
0,00778241467365128
0,0116024919039973
0,00585821490790769
0,0165444580714025
0,00180216343940793
8,04258958922103E-05
-0,00078387198341629
1,81375047218961E-17
4,62038246394685E-14
-4,44400060056658E-12
1,83564762055204E-12
2,51492962297591E-11
-2,34099471281628E-10
-2,75721786725095E-07
7,03446086775313E-06
-3,67490895226447E-08
1,5546293107531E-08
-5,43614399813275E-07
-7,23060882477636E-06
-4,13632476769594E-05
-1,25861060998876E-07
9,14223802070636E-07
3,12124049200123E-07
-1,32613380055001E-05
-1,77208783267854E-06
2,73637375650896E-05
0,000176360713639117
1,60397114568845E-06
1,42338912205023E-06
-6,33675298931001E-05
3,61394076116627E-05
0,000149259767982583
-0,0002972073597018
-0,0331654204940488
-2,42228159099507E-05
0,00494675181792478
-0,00381995650362267
-0,000230747147088307
5,06736822988597E-05
-0,00181473665602747
-0,0901539209387157
-0,0163609877608456
-0,000248664128278042
-0,00176661926488964
-0,000512502469569854
-0,000342309207921732
-0,0209581284585418
-0,0026391660599135
-0,00766267247218294
-0,0497699308051114
-0,00644042499668367
0,00123544163866324
0,0408208037599981
0,992805115992013
0,00249655256974114
0,00113861950525387
-0,00183440627901153
-0,00211051036077635
-0,0021693810525955
-0,00577360935429421
-0,00266705154236719
-0,0014958243212719
-0,00289762613525104
0,000110605500134516
0,000142356138964714
-5,05794631813915E-05
0,00527685882331788
0,00238215702257358
0,000683137371366138
1,71322641974671E-05
0,000219598644375989
2,55753453082549E-06
2,94357251447991E-08
-0,0119700815524974
0,000392438842392281
5,35213041306429E-05
5,80123054668806E-07
2,79064156480559E-06
1,1560922498514E-06
-0,00289801505731958
-3,07699349084234E-05
-0,00373760723229077
-7,27057199048367E-05
-0,000426401282142379
0,000130914594994848
-5,04141286181582E-05
0,00839692719165037
0,00170725649472183
-0,0540627943623877
-0,000366077387538055
0,0777037499780552
8,58071545454751E-05
-0,00907793163788959
-0,0005163885922128
-0,000581006277761646
-0,000863542093094715
-0,0292920621051076
0,00116023379842357
0,00148235848754277
-0,000758019491408279
0,00480581843038215
-0,000229457749073266
-0,0120041818681357
0,191124347513288
-0,00867037230967128
0,0489027377646924
0,000247916336812449
0,000522138606382029
-0,000173877072862213
0,00124544029040061
0,0542973268921199
0,00376013379206047
0,010260598849919
-0,0623497351563617
0,414078609460599
0,0628202242841657
0,531864423002106
-0,0190064990340266
0,0960196050307241
-0,233323508123989
-0,403253361056487
0,414713246881431
-0,0708352161132597
0,275354280287926
0,0121777191413011
0,00541336107683687
0,0638830413189985
-0,0080667804072157
-0,00813839983989063
0,0351238416630255
0,0188886806069508
0,0021048066874008
-0,00155821075435113
0,00094135372860427
0,000433352908639285
4,22256627761195E-12
1,08469658234939E-10
-2,3645070572062E-06
1,64345015247616E-07
9,51704577909441E-08
-4,42984521974703E-07
-1,19333689051945E-06
2,37975544333672E-05
-5,63744753131129E-06
-2,09623900620036E-05
-5,50413317277148E-05
-2,97569203697083E-06
-1,7210492444486E-05
-2,11649649829359E-05
-7,51094970715632E-06
0,000201288528536612
2,81039320525742E-05
-0,000441066825189323
6,65946689459726E-06
0,00519766557141495
-4,77567128843937E-06
-0,000120462994669494
0,000542264799405206
-4,68279412657956E-05
-2,71445470922899E-05
-0,0191770254348345
-0,00370380495088875
0,00137284757079559
0,015901313314755
0,164090981254341
0,000521350876490442
-4,06930105307861E-05
0,00256236001216777
-0,00550238954336584
0,000224151649119231
-0,000270147674124947
0,00501703344688918
0,000339829842446258
-0,0021016696231801
-0,033212898366348
-0,00332020791471696
-0,0611717952986224
0,0141773184577784
0,157823817234618
0,00462791234368479
0,675009516290817
-0,0303938078430154
-0,0826573816728368
0,394522817360696
0,268289340186073
-0,205251101711946
0,0381434154204847
-0,415755196494807
-0,0428848733836365
-0,00326157681073504
-0,146276449373459
0,0120115139542789
0,0161543527608855
-0,102795626958415
-0,00271219518176683
0,0234542772248018
0,0110521870581494
-0,000253101738470939
0,00123587073386336
6,04904577780521E-14
1,60215862973613E-10
-6,89265038235126E-11
2,63991494060239E-06
-8,46334319728131E-10
-3,54022254462196E-06
-5,60713453656734E-05
0,00111441791816559
-1,6681362166285E-07
1,85049150940436E-06
1,46681804175572E-07
-1,45709759736419E-05
5,98611770166211E-06
-0,00215542752078196
4,89988075659838E-07
-1,45085027453113E-06
-1,06784285540145E-05
-1,07658641392661E-05
0,000718680275763467
6,14120617567465E-06
-0,00075897268222199
3,12907331261418E-07
-6,93837839830485E-05
-4,22100886265239E-06
-7,42312100861951E-05
1,41473631239126E-05
4,77617828007011E-05
0,000540479702541175
-0,000478653420086144
2,8143247899247E-05
-5,90363289700344E-05
4,31049070667929E-05
-0,000373697000858543
-0,000341104143914708
0,00172422317913213
0,0957729746929764
0,00123541679617993
0,000198401766218738
0,000187800769043926
-0,000271632059204838
0,000188126171288926
-0,00104100657222429
0,000397001276061953
-0,000553863745826012
-0,000949805680115689
0,00560639978548835
0,00116155975883506
-0,841643369572949
-0,194541142117107
-0,0925743976593519
0,0767244853425991
-0,0138388767588596
-0,204848595419033
-0,224616002817483
-0,10912829756514
0,352733651493985
-0,0296000139748233
-0,0029292750469323
-0,0142605224975858
0,00262246787267936
0,00264685170988776
-0,00838137951868416
-1,33592981882993E-05
-0,00207372585956273
6,70651645439806E-08
0,00690993728733949
-1,18974422247136E-07
0,0147919250220667
2,35149144590378E-06
1,10956333399226E-07
-7,3599380344505E-07
8,74943851237885E-06
-5,62782232397255E-05
-1,49479538181401E-06
-4,76186069579215E-05
-1,86736390345882E-05
-9,89669571544795E-05
-0,000468416426635536
6,40610362901507E-06
-2,41986409309765E-06
-0,00142220149276532
-0,00572447977136502
0,0720965374454614
-8,76703172346036E-05
0,00145850872005458
-0,000980674315016566
0,00024627200759021
-0,000197752289576363
0,000654969355354528
-0,0281388330688816
0,00136228226956848
-0,00763060678985752
-0,00725878813173515
0,000453453392342067
0,0001175424958109
-0,0031128412645933
0,0505223964393661
0,000616999944631836
-0,0231411527784959
-0,00687627533270697
0,0720406876117691
0,0149645786969167
0,0141899070576695
-0,00518645793924943
0,0270880047980777
4,93201911438113E-05
0,00170656797129249
-0,044387490341948
0,0497590549478233
-0,14820379423244
0,0054884518524808
-0,117805957730234
0,703415624056129
-0,350153210781745
0,210117718604108
-0,0559388420414656
0,0967204125610072
-0,0418358808782682
0,00407219386586952
-0,0124056685513752
-0,101185684116689
-0,142428944153136
0,0312765262627525
-0,0406159736304264
0,122471009799645
-0,107482735486237
-0,00301500004443281
-0,456158817752666
8,12817739654772E-13
1,23381710955693E-11
-2,97760669281961E-10
3,8202990398886E-13
3,26032121386673E-10
-4,30880096633563E-12
-9,66383354204451E-11
3,05942781110126E-09
-1,06949471468555E-06
-1,26041334998283E-10
-2,01825418678646E-07
-1,53604224899574E-05
-9,08481603294713E-05
-3,23084405708782E-07
-0,00270172666752443
-5,8969215737922E-06
4,78609788744163E-07
-1,96342675884449E-06
-5,13942356507196E-07
5,69966265608595E-05
9,85533289727771E-06
4,29060721387461E-08
-0,000721642555122636
-1,89733159859621E-06
2,73167411230603E-07
-1,59682601444863E-05
-0,00059487706203862
-0,000125921589372665
-0,000116252321031251
4,41912521307217E-05
0,000169323477972354
-1,04046176270947E-05
0,000275718064811964
0,000195531679085846
0,000179484208112331
1,92592158523227E-05
-5,49434385054728E-05
2,8241307142245E-05
0,000333753647757999
0,0168769265074683
0,00175041962387776
0,00778621323317312
-0,0050069886139397
0,0794561878276998
0,0147936726114377
-0,0971139466191692
0,00746445811816761
-0,0350640086532326
0,0891026140487829
0,672139214815909
0,720401119104808
-0,049382524159842
0,0330923928402647
-0,00205023449603341
0,00125108942100808
0,00373676192440627
0,00522008977908882
-0,00037274042372418
0,00240622822753236
0,00771391495846284
0,00288815762537204
0,00087154177438732
-0,0051003702356293
2,2365037079647E-06
4,48237952429284E-12
1,48495741902269E-08
-1,7087804885609E-05
4,02151651644544E-07
8,19376891353502E-05
2,44049376636902E-09
2,35325127170368E-08
1,95038316703738E-08
-7,24382615065365E-05
-1,83909501773911E-06
-0,0223735318582573
4,23645198380005E-06
1,61470315249426E-05
-5,22542344727451E-06
-6,06335114041832E-07
5,27867302949385E-05
0,00126277304265195
0,00167070544041322
4,23440490386421E-05
-0,00195196668584681
4,29058707850118E-07
0,000899464731858979
6,7417076428376E-06
0,000925290313025561
1,92655510203643E-05
-6,35192803084447E-05
-0,000112953064628541
-0,000132125845696042
8,07273149389536E-05
0,000142630535936793
0,000101310849385062
-0,0426359778420082
-0,00323128381803964
-4,07756673039289E-05
0,000521609305029734
-2,59912462723537E-05
0,00964324528091835
0,0013053103345894
0,00511666743111016
0,0103023788238077
-0,0642119443890743
0,00084997913588832
0,00138467836884752
-0,00401459234823964
-0,00144161877450565
0,00319234272261935
0,00144204253519786
-0,000252823659656945
0,0121489296101852
-0,0452549525355622
0,105775836992401
0,977788561811975
0,0304281431596231
-0,0544432328295431
-0,0140371047978591
-0,0152343016862563
-0,0381035384354578
-0,00283551967565986
0,0184740257445965
0,12501494399634
0,0434699283209057
0,0135145250355078
0,000762027109927715
-0,00104996697637851
3,7431468082018E-10
6,57817224963886E-06
-1,89753242579229E-08
8,30575520352333E-05
2,7324606978832E-06
-1,52971738888551E-06
-0,000633361247113186
-5,19169911332854E-05
-2,06989897410561E-06
-0,00133633381374419
-8,05672611867296E-05
-8,30837407294073E-06
-4,78349951758246E-05
2,17152637506188E-05
1,65486177372711E-06
-1,41692410099036E-05
-0,000308918451418047
-0,00684102324231507
0,000375426724492375
-0,000202985744344209
2,06533182533944E-05
0,0672188000208304
4,59319285108571E-05
-0,00517428391081958
-0,000237046722743578
-0,000128153844482597
-0,00184931893745996
-0,000758505619896286
0,0198685307023305
-0,00273597921623374
2,9427069273605E-05
0,0163737815067874
0,00170046863143705
0,00715807520221423
-0,000750782854579113
0,000180696042020472
0,043465412376787
-0,108880446536488
-0,18805870280296
-0,0057964837503357
-0,0144040663123354
-0,0030587867898812
-0,00670185366702332
0,00920409414677708
-0,0124279333335241
-0,0118035099288572
0,00152225084782161
0,00459437021392795
-0,00284974625217007
-0,0175859162155103
0,0168945285246074
0,00999849374496452
-0,0949745180867887
-0,0974669884911261
0,945387729253583
0,177361601426547
0,00322632353819185
0,00231614936417109
-0,0021061492797391
0,0121631295754632
0,00493547089791267
0,0154441690692068
0,00012980051661925
-3,55613319495515E-05
7,5152553690899E-10
4,99104166857981E-09
-6,23207109721012E-06
0,000165910778159884
1,78268208504516E-05
-3,45414245185777E-07
-5,26333703954142E-06
0,000100388518848749
-1,56632449250888E-05
-7,42332244308355E-07
-0,00397074956378763
-1,63505406668106E-05
-0,000103589220385583
2,00373845209432E-05
-9,53526397251845E-07
0,00011313241285174
0,00070049641484471
-0,000802389162543595
5,34113693906591E-05
0,0576959341536096
-1,69138265978203E-05
0,000599934778426868
-0,00011079339219161
0,000267410881272997
0,00507781605752758
-0,0167527559844795
0,00251425115593763
-0,00297576151757673
-0,000992087728060902
-0,00039360924745631
0,000779472030967235
-0,0453258638840096
0,154634151097547
0,0154682399485681
-0,0981598504648958
0,00137801399185127
-0,0629682419784883
-0,00960511755972522
-0,00962111826149657
-0,00740820825289983
-0,0144268288584568
-0,00295047983663323
-0,0139750072494692
-0,0258086993708856
-0,0227094560685104
0,00172730547134832
-0,00165828270592803
0,0189997118363105
-0,106965754491785
0,0588453207837972
-0,0299646546049628
-0,0346378524374723
-0,0474623698354887
-0,0299311388957012
0,0182189530168892
-0,114131260505117
-0,959489040114983
-0,00327169249514026
0,0076268815230023
0,00663751565300575
0,00545564853730913
-0,00720181980328313
-0,000201774102763838
-7,00360961716459E-05
7,47160263950429E-14
8,81263181502881E-11
-3,23354436489257E-11
3,25719675504399E-06
-1,04685900336716E-09
-4,3649632992175E-06
-2,49894096147379E-08
6,95918401361188E-07
-2,28045839567929E-07
4,80509724087096E-07
1,75228784233139E-07
-1,79220495885272E-05
7,23906318792177E-06
-0,00264026705512412
1,64201918902205E-07
-3,27113363779121E-06
2,54032856001371E-07
-6,97221133622851E-06
1,96293933331036E-06
1,30781431617683E-05
-1,17437944267477E-06
-4,3517892073464E-07
-1,41888878096444E-06
-2,88414699805951E-07
-2,05371292746784E-05
6,99858338781765E-07
4,91885673921769E-06
4,85923585195901E-05
-1,31281669769824E-05
-3,85956640701947E-05
-1,24536497418541E-05
4,34595318599363E-06
-3,45777711724806E-05
-4,08177141643754E-05
0,000155145823240187
0,00342304286389399
-0,000193015437990038
-4,420221093606E-05
-0,000124511651210884
0,000122097155398351
-4,23436322752527E-05
-0,000972633707719448
0,00146691977126324
-0,000428002798980899
-0,000113687326969064
0,00512900670734433
0,00061911700524889
-0,302125083856684
-0,0617129147428458
-0,0146825655408032
0,00486825113482457
0,000734664968620458
0,102810320513759
0,145349725188039
0,119032757260976
-0,538303827195859
0,0528353115820947
0,0147124719918699
0,32049398123119
-0,0729729546902897
-0,150688912693822
0,639935901183593
-0,00051804096814646
-0,160350238142619
2,52440803863608E-16
8,37692893813409E-08
-2,21029806153233E-08
4,60517985291107E-09
4,81140558594088E-08
-3,07028512757758E-06
-0,00189401808946283
0,029277934457391
-3,85580735214745E-05
7,24557031159896E-06
-0,000123262720369455
-0,000686865849197175
-0,00354041674094949
-3,15433504276519E-05
-0,0024383038011602
0,000171017734906889
9,22082523370553E-05
-0,000111464567702345
-3,64632016208165E-05
0,0124753005706539
-0,000729342029767994
-1,83281204001508E-05
0,0736600969295847
-0,000255190342481233
0,00335611579546661
-0,000378380713597074
-0,000195677676067065
0,0141702367682539
0,00323819858069231
0,00240421537513013
-0,0226853031373657
0,000244850288527395
-0,00202796970167954
-0,0252974953130325
-0,0129153678616043
-0,00176523046043417
0,0555227765004516
0,0049282616595842
-0,0304996663748469
0,00159902531181329
0,0117065801427431
-0,00421956054038025
0,271776218418352
0,0245994197082334
0,0233385061244542
0,152636840550895
0,0106983681520958
-0,116465271618065
0,141317243775941
0,247730386388644
-0,256422736929811
0,0464126898048269
0,522938200435031
0,4044774253326
0,0075505905911819
0,477375031966465
-0,10098080868904
-0,00524321749078042
-0,0606512462570679
-0,00272208247219651
-0,0204878836764301
0,202894915590655
-0,000322456035923709
-0,0777352185952589
8,03820028036639E-14
1,54327371041505E-10
-1,24396685904923E-07
3,56093769056722E-06
4,7693803798325E-08
-0,0137739157065777
2,76944194752159E-06
1,43541130254928E-05
-4,31372337556191E-07
0,000342176550680198
-2,4792096598148E-05
-0,00030262200222617
-0,00139159574832414
-0,00281584051292756
2,13796715084824E-05
-1,01816916088753E-05
2,11246624744622E-05
-3,24867459854031E-05
-5,81182161439986E-06
0,00243768604719556
-9,52485903668051E-07
3,58060888078867E-05
0,000117383450039429
-2,26517495760564E-05
-0,00155943774629739
3,52305326669009E-05
0,000233613358147797
0,000146105118353828
-0,000214618833464955
-0,000244510572024902
-0,000242538957000036
6,01049751761915E-05
-0,000426879674893285
-0,00050025735751817
-0,000223748265750877
0,00368458423022082
0,00144095878620253
0,000102449439900472
-0,00119981051595004
0,000105536308761158
0,000446020478966469
-0,00550118995956307
0,0155313226209995
-0,00360110088221489
0,000717399783657409
0,0209193023672395
0,00192345919208323
-0,370279769549681
-0,0479075032939922
0,0299626231033829
-0,0460111406890348
0,011858334308221
0,290222990300139
0,327293341105112
0,16387650300051
-0,48450590059664
0,0403165672310002
0,033830716231539
-0,22347055813058
0,057018601002345
0,121681818938571
-0,559445853781257
0,00041936170493413
0,140682611138758
4,12242245276186E-12
8,44766528912814E-05
-9,3810936533444E-10
-3,52200123950237E-08
8,66891264747822E-09
1,76368357534934E-12
-9,87476225152523E-09
2,35699816076531E-07
-0,000571825574195361
2,9262164699287E-07
-2,28175560844051E-05
-2,54358994416258E-05
-0,000149070697249568
-1,10576785753862E-05
-0,000387183569766577
2,38883347058049E-05
-0,000914289383992102
-6,15454903114123E-06
-3,59983513900184E-05
1,5351715571542E-05
-0,000157697118534994
-0,00012248815337139
0,0164983371824539
0,000121503063189963
-1,68269672477491E-05
-0,000582613674372972
-0,000177900036573522
0,0175174983299778
0,000877919232080979
-0,00106308478708823
0,152459089802452
3,78046284638354E-05
0,000273712820475737
0,000225708721685247
-0,00500594516021643
-0,00010693824903348
0,0287922953671946
0,00441855149201673
0,00765125912798047
0,0024660616407587
-0,0288544234733047
-0,000219497912880681
8,37162145057239E-05
0,000540553899208951
0,00189335930747853
0,00671948508211835
-0,000331781828711832
-0,000730429520699623
-0,00541186577747087
0,0283644529521419
-0,0311234546683276
-0,017060149150556
0,109879075630871
-0,197347555760081
0,00445586596348662
-0,0648435343840651
0,00768227155114953
-0,114448385630872
-0,328761202718324
0,358823431430317
-0,785622020535706
-0,0595343959604611
-0,00203685983635001
-0,215102782428853
7,13061980625685E-12
2,67413903756883E-08
-4,76258161771728E-09
2,02005316441769E-07
2,84416608860859E-08
-1,22682701952284E-08
-4,951568870569E-07
9,84623254898509E-06
-7,637878850189E-05
-8,57763845759462E-06
-7,46797753531873E-05
-2,03365107846504E-05
-4,75103194346197E-06
-5,62779019864996E-05
-4,86668947080151E-06
1,42463830047167E-05
-0,00202319577243994
-0,000196020673584824
-1,69732474401386E-05
0,00190571095027529
-0,00167519200799753
-7,54437115375812E-05
0,000501759596512852
0,000228539009762953
0,000158957548016333
-0,076159382764292
0,00141931143094386
-0,00561315718294489
-0,00147904950534923
0,000705740322069898
0,00287185071409719
0,00126501588751354
-0,0223015389252964
0,00358089684520055
-0,0265837535115735
-0,00193937963045234
0,125843998103805
0,0195286788879868
0,035468936112297
-0,00325574892517015
-0,0422721450237595
-0,00415321414682716
-0,00554467027796232
0,06917131270116
-0,356721079757818
0,0602269711288438
-0,00158823413574245
-0,021116661748136
0,0264071341554217
0,168490548806197
-0,178676663370701
-0,0305859122563286
0,46871762170284
-0,690724522189269
0,00329376118832007
-0,119966911042136
0,0264829265056684
-0,0752338230668813
0,0221246963410126
-0,0904530864622867
0,217094820408981
0,0175702419568376
0,000494476892060212
0,043261635360775
3,10746662765439E-17
5,53744171544774E-09
-9,47548416485853E-10
4,57756514044622E-11
1,00041797381486E-08
-4,22796367711853E-10
-2,88469060059032E-09
7,87786298142736E-09
-1,1833920514873E-07
-1,66000063531944E-08
-1,7614254367833E-05
-4,56423624018276E-06
-2,60846534819386E-05
-2,9474425114393E-07
4,81623556011924E-07
2,2023098691761E-06
-2,01678555398494E-05
1,37744342924911E-06
3,78282183207532E-05
8,9487615199866E-05
1,77159904409254E-06
3,10387431386135E-06
-3,84740035381101E-05
4,48010725247048E-05
-1,52495773090668E-06
-0,000569866148496734
-0,00847485401025079
-0,000119790108257098
0,00901167829996071
0,0134069885877654
5,3483557251096E-05
-0,00050721576540339
-0,000182483348303327
0,00747324535077873
0,00109091376834372
0,000433770192976991
0,00328890706201101
0,00119110867362737
0,00547771818234734
0,134594851215663
-0,00939769578686166
0,0319424641795526
0,00335506822500046
-0,0849957902262426
-0,016615318302689
0,04616064914808
0,0073393515759992
0,00479750496731374
-0,00693024446365699
-0,0187901359503465
0,0502795817995064
0,123888938627421
0,0174673986268157
-0,00597104096443743
0,0149113748827522
0,00634588636771176
-0,0146138165918507
0,00198796138610876
-0,147765908291127
-0,895159486259168
-0,342719463042829
-0,103926616217899
-0,00580979514684611
0,00940734660287945
1,56753416059321E-13
9,85355747570136E-07
-1,10082050119027E-08
6,34380013009572E-06
3,38425247797039E-06
-3,40988186892968E-07
-5,2438121962345E-06
9,96974022778017E-05
-9,11762728121987E-07
-1,92014557930831E-06
-5,00405128659821E-05
-1,38559462632592E-05
2,99608019265022E-06
-2,87650318604572E-05
-6,76181222448776E-09
-5,22446313231042E-06
3,06882160596166E-05
-0,00371012459278891
0,000604926803678393
0,000195511992789432
-1,69151685354395E-06
-0,00064710471911595
3,98783308327093E-05
-4,08789306427483E-05
0,00561684096986672
-0,01733475158103
0,000406276166057401
-0,00310221670894411
-0,000783473318459422
-0,000180380457035492
0,000651956840790556
-0,0055948889081903
0,0566235044408056
0,0195943519024388
-0,123589322101785
0,000724799078157455
-0,0576740756785273
-0,00807247054940373
-0,00807338939012084
-0,000349589260574494
-0,00969860603926222
-0,00042854868500753
0,00679981786040362
-0,0193659262561438
-0,00386094881916947
-0,0850021303984959
0,00315233767215122
-0,0733512828447363
0,420734817878313
-0,197479015135774
0,112833639031926
-0,03445397936054
0,0972570823250924
-0,0473046332568429
-0,00554921132081691
0,0118676469316267
-0,0435571622722191
0,191247644974311
-0,0487222415042957
0,0711013713202444
-0,193375132832716
0,188236019279457
0,00535217318265307
0,776906160446564
1,13489571316726E-12
1,35646261779943E-09
-2,41362618049739E-10
4,94704516556688E-05
-1,59730450722577E-08
-1,15629739068326E-06
-1,01503316713906E-08
2,71215172871201E-07
-3,68536838230552E-06
2,73162175489092E-07
9,49281693763564E-07
-0,0471731955671582
0,0108513877001268
-0,039421215686216
-4,20793380416928E-05
-4,52261124576514E-05
-8,3580455715246E-06
-0,000105583295900918
-1,53323241894495E-06
1,05186529516042E-05
3,0647629244515E-05
-1,14588331044739E-05
4,73700804604414E-05
8,20063940883003E-07
-3,34969303470095E-05
-0,00021908479508226
-6,18074994943213E-06
0,000550031627521122
-9,20524027170218E-06
-0,000512940653060608
-8,28914581772904E-05
1,26137959494094E-05
-9,35375121376651E-05
-0,000134905342165303
0,00109443823448088
-0,000144326150145297
-0,00400463126128607
-0,000743664961521108
-0,000573686839618273
0,0019458922142607
-0,00191353110892152
-0,00729804926194058
9,51372850504496E-05
0,00176142925537088
-0,00970089316040609
-0,000680945251484148
9,11884916160088E-06
0,0108129335273379
0,0204697365306206
0,00286211603869288
-0,00731140271900308
-0,00410253404544354
0,0535225811252386
-0,093531190363666
-0,0079589412499779
0,0135977181676091
-0,00525316466134239
0,955989823518479
0,0245255900969026
0,0185623095116275
-0,0374507565438173
-0,0704245699519533
-0,00179992732424183
-0,249388615917849
1,11940553652709E-16
1,54519874642728E-08
-6,00538481950769E-09
7,33528035639191E-09
3,74086547644149E-08
-0,000164575475832922
-0,000712283497852321
0,0110126917905519
4,85162173638638E-08
-0,0285970926069258
-1,568893972474E-05
-1,04982715748321E-06
-6,63326432831379E-06
1,01539316358289E-07
-2,28512073853141E-06
3,59771133558699E-06
8,24372791398869E-06
0,000346343364167519
-1,86233285331705E-06
0,0022260469598687
3,41416898023104E-07
-0,00306939447512493
0,000239649869794441
-2,44237205314644E-05
-4,6794644393334E-05
-0,00158100105062658
-0,000307996361087248
0,000109964367221305
0,000251676210921382
0,00210379821874711
-0,000181423689221231
-0,000521124474140031
-0,000933675331588314
0,00148670322286782
0,000247963582378533
-0,000496063071437579
0,00269849783492548
0,000347729754957747
-0,000185757752914154
0,00503341461045506
0,000245404893088943
-0,000781622753464332
0,0102160088243501
0,00559154961839931
-0,00807416711083858
0,0792453094683546
-0,00110801819657143
-0,0215660224434163
0,0749394188259015
0,0873559538892402
-0,0845557916836502
0,0114215191518059
0,0422036544231815
-0,00220129393313729
0,00315660880989459
0,0802893366162709
-0,00459401427994283
-0,0499108856813849
0,832002334216455
0,0300072120523657
-0,311218891739631
-0,40601956852049
6,5014495806937E-05
0,0770427023355468
2,60626181091924E-14
3,95527864591102E-13
-9,54385332391721E-12
1,22423247530996E-14
1,0445141411784E-11
-1,3803356935404E-13
-3,0930171174733E-12
9,78693370147331E-11
-3,41674394286563E-08
-4,02548485928859E-12
-6,43639242687073E-09
-4,89437568756882E-07
-2,8924798870264E-06
-1,02795870608367E-08
-8,5787000321392E-05
-1,87105336574814E-07
1,51787183038169E-08
-6,21329975447668E-08
-1,62510088686914E-08
1,79866354368538E-06
3,10484891566815E-07
1,3459047004122E-09
-2,25204729373029E-05
-5,89086686307295E-08
8,47846281386228E-09
-4,91995502537263E-07
-1,81900818222915E-05
-3,80795009509684E-06
-3,51249404304543E-06
1,327785938419E-06
5,07341114517608E-06
-3,07219756793247E-07
8,08118023903261E-06
5,69046226581689E-06
5,2080232939319E-06
5,38610353843409E-07
-1,50945392005356E-06
7,73484191182626E-07
8,87313781802624E-06
0,00043978761027689
4,52878653796048E-05
0,0001952751753398
-0,000120433023804144
0,00176848278625716
0,000325110563080767
-0,00153390379907418
0,000109877608510662
-0,000344714317883022
0,000796981739653321
0,00404986921854891
0,00284879977768958
-6,62220975049342E-05
-0,000339207623251749
2,91890559977189E-05
-3,29963910327058E-05
-0,000144455548685084
-0,000219966403185014
6,37225780135767E-05
-0,00108424466710924
-0,00530885335701105
-0,00264497234789466
-0,0016045592177409
0,999942466827727
-0,00669421328453955
