0,999911896941258
-0,000233780597290441
0,0008980666329061
-0,0124671657789635
0,000671248913137741
-0,00051593310707007
0,000242739978518606
-0,000114207733904955
0,000319115680391408
-0,000316234007638702
0,000459707111268322
-0,0010557065312789
0,000656797873172189
-0,000344233683982775
0,000715911369583805
-0,00114883077757826
0,000278365812285075
0,00206255658601373
0,000149753677830346
-0,00096945573832039
0,000926640913116475
-0,000263663241673351
0,000312295734649032
-0,000732408781912712
0,000115763791375164
-0,000182610961551427
0,000441546494632516
-0,000376575938473749
0,000223570098713996
-9,60424665060602E-05
0,000840206195312527
-0,000261429621449643
0,000515181689221846
-0,000241239789267528
0,00109083138699168
-0,00044710192014334
0,000546770877344115
-0,00014578198951264
2,37246780055247E-05
-0,000531770686318608
8,21510420603546E-05
-0,00014715035646573
7,25034021077601E-05
-2,71447967571785E-05
9,22723703554142E-05
-0,000738212251959792
0,000205919499054462
-0,000970880199200601
0,000133693606599687
-0,000581147344698921
0,000183714065863106
-0,000841397341295012
0,000219647694557623
-0,000257186175646216
5,15590437380338E-06
-0,000385664216580945
0,000475807691250563
-0,000911593365685947
0,000600540318319064
-0,000666878376131064
0,000148209491311549
-1,42234862423296E-05
3,55011696051787E-06
1,85684653396167E-06
9,96455898075648E-08
0,982148788966298
0,00381086764699109
-0,0396320211843536
-0,00164828009672186
0,00035189138861314
-0,00900804362574545
-0,0186857229062562
0,0167487743599587
-0,010132282037615
-0,00402508727717859
0,0191799466075568
-0,0276821768406707
0,00532745089672003
0,0331052303945701
0,0218757087802437
0,0184880169685905
-0,000380069711994014
-0,000558357592243701
0,012546677748268
-0,00285642874218868
-0,00911533950433669
-0,0132957482432545
-0,000733881195371979
-0,00278151872864346
-0,0234121702017138
-0,0428765590667859
0,0230923841376132
0,00513228924833747
-0,0446071334755874
-0,0327955705585
-0,0429908099140846
0,0217964991680208
0,0187984262624467
-0,0330604125627442
0,049418569857656
-0,0547134714526115
-0,0373354707512418
0,0433156300057153
-0,028996975080942
0,0291112487385265
-0,0511892809918263
-0,0209904448906672
0,00181641056359813
-0,032283332536795
0,026338719395925
-0,00985568740681079
-0,00186725803500235
0,000105649499514124
0,00681908548214337
0,00125577724554917
0,0363180851432635
-0,000894194967060227
0,0169667742149695
-0,00530854194420154
0,00861639278390103
-0,0247387429558698
0,030408564525749
-0,0215333555209396
0,0242882837758518
-0,00529802298785058
0,000474409101669128
-0,000128654957901038
-6,57568815116144E-05
8,08830058836946E-08
0,000492244874432225
-0,92832834732827
-0,0977142551259178
-0,175402382672874
0,0103319224919289
-0,0346278483891961
-0,0238589545816436
-0,0311122212166147
0,15863214948642
0,00327195692611833
-0,0154434946445274
0,00664261757879651
-0,0986147024343919
-0,0494551964955244
0,0830208804028037
-0,0182736658557206
-0,0117052779758363
0,0444945245952804
-0,0498195946729812
-0,0221298544064294
0,0459772401279082
0,00235504326032315
0,0278291190397294
0,03265787976645
-0,023790062445203
-0,04879142633323
0,0653300966679846
-0,0154563316551783
-0,0327429953885704
0,0123856773569547
-0,00537053605382722
-0,0696665263647018
0,023079576929859
0,037485107661339
-0,0110402390328311
-0,00496023351732622
0,006581620441588
-0,00517573309875553
0,0367190985556563
-0,00661105926744
0,0176416022862691
0,0278202765355096
-0,0120972407985005
-0,0351508304535698
0,00162958407951719
-0,0101406039604695
0,010621364210761
0,00793041257836014
0,0110978313061876
0,0371525479917697
0,0991779430199937
0,000616452304815098
-0,0587157061377362
-0,0186435421807541
-0,0681981569570782
0,0106819884275688
0,0141504855071544
0,0324924110648401
0,00110051572538238
-0,0114203154366503
0,00126778182169835
0,00020907428130773
-0,000151103798328722
0,0132604624720177
0,0169782173341713
-0,0665863510208558
0,939069654474339
-0,0529334886916416
0,0390735296441504
-0,0243918129924772
-0,015740081798752
-0,00851676211700772
0,0229125415350338
-0,0310919930659518
0,0818796477898048
-0,0564332827518968
0,011510290327358
-0,048431102198748
0,0712401738219663
-0,0212704704138024
-0,163366573149485
-0,0175459288779701
0,0653560132374355
-0,0834560118305764
0,0177498526977001
-0,0246948731278623
0,055936245357456
-0,0110846554504702
0,0126077239696439
-0,036886260341099
0,0229787530300588
-0,0224831697223615
0,00618683376958495
-0,0579318833551428
0,0124462227810987
-0,0401292091372702
0,0121955560600925
-0,0806978174279114
0,030271160328756
-0,0400962073739945
0,0125523193736826
0,00145190094435103
0,0402271800753315
-0,00824544028903192
0,00956660498731176
-0,0042555782474019
0,00146818779012463
-0,00575537848524443
0,0523572038555437
-0,0172864715080412
0,0728769224096245
-0,0110610147162451
0,0459352899769414
-0,0145281153250752
0,0644324786463411
-0,0178938396255335
0,0194374305819094
0,000261894402383771
0,028282016091389
-0,0363032136102886
0,0691930624840529
-0,0456794677861269
0,0505978387250047
-0,0111577301143187
0,00107687207370499
-0,000269116242340036
-0,000140908530514678
1,00927853621094E-07
0,000584212311482564
-0,0764331595457111
0,0236694305694113
0,868709485963059
-0,00627378749019575
-0,0200867978649067
-0,0781558633782864
-0,0331060740307705
0,196835104985062
-0,0578385430886656
-0,00289915761126657
0,000455458532106776
-0,142691649946739
0,0343806174039869
0,158152084518377
-0,0892068792273772
-0,00409143963345515
0,0974874541797199
0,00685035014657303
-0,00821364065156414
-0,0769500784458246
0,0517230612604673
-0,0197911037562292
0,0137898137367577
-0,211468917739248
-0,156716930188772
0,0658866078674448
-0,0352646523583482
-0,0256124725771938
0,0275299089144343
-0,00425339327430682
-0,0659572320916137
-0,106039623218022
0,0624195847561424
-0,000939672805361547
0,0123701742616102
0,00631666802818504
-0,0402178073109897
0,088113367521535
0,0160832892209494
0,0207347789632402
0,0388941439725698
-0,0111103011988194
0,032980876929159
0,00146309445184579
-0,000751292837236887
-0,00244552119499127
-0,0305398584917103
0,0209475950234105
-0,0415295570816121
-0,0352422324793406
0,0369536560202793
-0,000537497785583185
-0,0201453509819702
0,0130840867142875
-0,00558935380648077
0,0203329549972029
-0,0124734360935646
0,014318430459253
-0,0001974436873968
0,000144266668886049
-0,00016002945041711
-3,66315382358595E-06
3,32990254858395E-09
0,000159663550303354
-0,00577775619631517
0,0196177694644193
-0,00788028575856739
-0,965289301202335
-0,077346734677547
0,0176163179241465
0,0121193813252467
-0,019519480831472
-0,0153082647104634
-0,00225904350017335
-0,00477065776473435
0,0388596095754125
0,0374016974738296
0,0394846353352723
-0,0267023395888293
-0,100198345125633
0,022135126467844
0,0413533958747854
-0,0505856697006782
0,00334171657128939
-0,00570642652956609
0,0500174654278799
-0,0096738113086231
0,0267478220841837
-0,00772994015828749
0,00372252476201011
-0,0200561345101293
-0,011409921454713
-0,0107502081711041
0,01230198614443
-0,00635615741069796
0,046639172625222
0,103357677090258
-0,0125808792410835
0,0568964485682266
-0,0631272551573035
0,0225009841611851
-0,00373636830815497
0,00561647459579454
-0,000844070879891898
0,00291856888287388
0,0198809264787226
-0,00850275018397899
0,0183839530051398
-0,000521301992476019
-0,0463196305656319
0,00290877452115372
-0,00528135252209966
-0,00279388356007282
0,0057885980186705
-0,000412590001357382
0,00351377854320761
0,015888370523655
0,00518995060239588
0,0956169610720686
0,0355609600307198
-0,0114982063564193
0,0022649853368318
-0,0415810662724484
0,00236380892798968
-0,00246823369618329
-0,000267460430263624
3,35434209595429E-08
6,08284464803903E-05
-0,010876040620128
-0,00049126683457845
-0,00510708074991635
-0,0252076777024891
0,47720065639331
-0,309884265437648
-0,32056825055324
-0,272695880065476
-0,617634602263132
0,00037003976225081
-0,109112639269546
-0,0126688794077261
-0,00538208178698651
-0,0795935701374495
-0,097442327767867
0,0707765289827413
0,00138673024013108
0,0132629660714978
-0,0073108597424553
0,010291149001652
-0,000276771676068963
-0,00843897090283005
0,00446634873736693
0,0724184804305735
-0,0637346253714781
0,00177463642354376
-0,0344207762595462
-0,0365795830567275
-0,0160880316042028
-0,0226361353257039
-0,0292462078369414
0,0182274985810501
0,0780276975097404
-0,0317174678121563
0,0125210142088434
0,0139034321217694
-0,0125236855817534
-0,027205166134261
-0,013894647277063
0,00508264751373035
0,000399524140343029
0,0126033686714061
-0,0285042021214651
-0,00309924906857848
-0,000479923472438501
0,00956716520738211
0,0102068091393917
0,0330304666197994
-0,0363439189969611
0,092791286179988
0,0550082201414083
-0,132641647819383
-0,059669830875837
-0,134444344420538
0,0173471476379399
0,0483603207869404
0,0602798797575434
0,00938729564137099
-0,0183022500641263
0,00241606118721517
0,000280632805281378
-0,000258660053876588
3,35155600908228E-08
0,000136224430597022
-0,00104358642615645
0,00225186826476979
-0,000400742501538215
-0,0308852309929882
0,564579444838362
-0,185660390579773
-0,0688723174893712
0,124255913543393
0,392189907385289
0,0833276673430826
0,15867942717126
0,0171715646800557
0,0492159788177188
0,170183666664073
0,288157942427865
-0,164139900024776
-0,127202164358189
0,0374149898488381
0,108122309853062
-0,168134513988643
-0,0467205632028208
0,0406617693070948
-0,0128673641781224
0,163200197045089
-0,0940811072735819
0,058357665587124
-0,105160046676763
0,0401686683033433
-0,0238828489760926
-0,094543480472378
-0,0728001867010997
0,0289860353833354
-0,0114079525801776
0,0601094079013556
0,0744023346634026
-0,0789160458595301
0,010570825565067
0,0796159838658425
-0,0945705154167083
-0,116412556032013
0,163153170228152
0,0176596181902887
0,0209918731268996
-0,143968139290975
0,0360842806481794
-0,0159043517492914
-0,0123284109770935
-0,0503927288837868
0,0868645331622806
-0,143726206856606
-0,0283053690487633
0,151471443748027
0,0308766040565177
-0,100747861861724
-0,00160464815103089
0,0465043693928024
0,0781541061773664
0,0322818657589028
-0,0108299347841343
0,00314694015654638
-0,000366018369260618
-0,000203857141697668
0,000306987233132282
0,00913309092896024
-0,0016507116084604
-0,000770912183148703
0,0100420425303004
-0,000663243537099952
0,048976505193369
0,385681229393033
-0,317383991983384
-0,043053861575518
0,010731049611955
0,0837348281727071
-0,00899042130832575
0,208250364276642
-0,134703181567052
0,420112811456222
0,0456927519022983
0,267799065019563
0,0166460551269909
0,0903285082172442
-0,0676967281932587
0,0982391776696131
0,114591600276412
0,0232478943417316
-0,0931720087659709
0,107094845571432
-0,231013637306039
-0,243529151855676
0,163812178091614
0,141164743104675
0,143052422214452
-0,0292713391013776
0,0321717291498002
0,0358410260661001
0,0700860289550169
-0,132556868150064
-0,121490239965011
0,0750694693632793
0,216199683380943
0,0342265936904626
0,0949912041742813
-0,0497464254074035
0,148378731450825
-0,0478307681838588
0,14772224526501
0,00832941547674122
0,0663063861224492
-0,024648718508535
-0,0342116501614578
0,14190220633867
0,0212284014306484
0,0289125415669113
-0,0919410059855197
0,00147830100013743
-0,0338230195001437
0,0102974036271011
0,0101319156733845
-0,0264177103491663
-0,0220004127105256
-0,0124170070328562
0,0153301068661249
-0,000268302189996473
0,00517648413373976
-0,000185080283608653
1,2031698900671E-09
0,00223388624501999
-0,00109483553215185
0,00347175585921536
0,0130795544520455
-0,0772046119872557
0,0145271126575498
-0,00543591666738733
0,0333123865561033
-0,0947519536457215
0,0556895650655201
0,0759296709700406
0,20066382075078
-0,157517330288307
-0,742723787999141
-0,18574090870187
-0,0558558827394106
0,0894124404002758
-0,103400165017947
0,044885924264989
0,0733663921750101
-0,155737928953345
0,0170527276900374
-0,0603927560189004
-0,000476460285405944
-0,116228440288675
-0,0768867998562805
-0,0584010093258605
0,160908600886036
-0,188744400404999
-0,121829061043146
-0,0915192442934566
0,0162900903830599
-0,0657032728889618
-0,0634548366591001
-0,0562886989833802
-0,025011289878242
-0,0233126343627716
0,0267593223702573
-0,0272259727297225
-0,0934401069888939
-0,0537031753107222
0,000322854262656234
-0,119848921788611
-0,0807810659140433
0,00291346041325095
0,0396224069426052
0,0521585874675801
-0,0291949338609087
0,091744880237027
0,114569476895722
-0,0936884071823768
0,132390150143869
0,0836517983050271
-0,190805087116755
-0,041568229993155
0,0184261617425858
0,0492139155855172
-0,0917485521010424
0,0428279387072938
0,0201770640743512
0,000242897585513048
0,00418986100347623
-0,000167900993306156
2,6358354728508E-06
0,000536743357319582
-0,196474463653767
0,0291291636560976
0,301222692998633
0,00279948283157455
0,0201755912993613
0,0852925570543043
0,0500234854690589
-0,302581716204576
0,112282799925651
-0,0483764081396296
-0,164829535825776
0,368291667122525
0,0380518844645815
-0,331215146209084
0,182785145085503
-0,0335833442944188
-0,217891118135924
0,0225444946610384
0,0412508529475243
0,0394770263854442
-0,134438454072006
0,0113926384645914
-0,0124393767597277
0,149365115413267
0,121433676142316
0,092723727885858
0,115310262773309
-0,158193597936853
0,111235417754622
-0,152642355768838
0,134827658417932
0,145953507335422
-0,0277134233380137
-0,0935975075492644
-0,0442048929932783
0,0271265905806089
0,129007168584808
0,0441845645414913
-0,0555509018370372
0,223697038913739
0,205018106918485
-0,176670904680466
0,0672547126303012
0,149721348197762
-0,142617343689629
0,0157828395625945
0,028301397000894
-0,0683983348632343
-0,0237909496427834
-0,0525174113797793
-0,00349222838060611
-0,0353763366002762
-0,00174819819890194
0,00669809078557061
-0,0101215761612678
0,0308918175034672
-0,0005347875550153
0,00132639924156288
-0,00124900246622393
0,000197010579090916
0,000130063242036754
-2,03189684735655E-05
2,99405997415577E-11
1,23899263198118E-05
-2,82638457830707E-05
0,000604766640530808
8,28065117225059E-06
-0,000665285257784174
0,0152248837500104
0,0349925284933052
0,0337412418983302
0,0546521958785604
-0,0524830351229538
-0,034667876290469
0,00613042393298948
-0,0262131947450532
-0,00170461745151953
-0,126531217676145
0,219233920839358
0,112140981269861
0,237325629827763
0,183166621431736
-0,191312734970895
-0,226780115508548
-0,00305301263792577
0,41491707275229
-0,0660486260666904
0,0385557576668667
-0,00395319210978522
-0,014353365875696
-0,00946544310758967
-0,0372418467560561
0,0193422498638688
0,0531303261721387
-0,0381785445160435
0,0208021222418495
-0,0831048199757245
0,00235095679818923
-0,198960337394182
0,312491178589924
-0,193285473615454
-0,0344012699255495
-0,154419714892207
-0,00931480702349788
0,106275284394884
-0,00396506024084439
-0,148642813717457
0,154081031563268
0,170034757924771
-0,495382098631788
-0,00633344235708079
-0,0632255193158183
-0,0348096276933346
0,0157529421958767
0,0380052567050295
0,0297724582484988
-0,0322976190570108
0,00551026207335445
-0,0544478129584065
-0,0143055431454519
-0,000332800405701441
0,0111753782316881
0,0100367306397678
-0,000769780540975032
7,90128781560149E-05
0,000100325928837905
1,40338055258245E-07
0,000728499114172564
-0,000517887045877147
0,000848765297679405
0,00246126806182316
-0,00386582279637598
0,164341984546611
0,283266040135682
0,253545539643892
0,219224467382344
-0,268203052144759
-0,105568099502368
0,0570700125070121
-0,00564491569240265
-0,0526095122538171
-0,171760361982276
0,305287278172201
-0,115245253752334
0,243804696183939
0,256658380654024
-0,193579011822934
0,148954197926643
-0,0375933039596443
-0,320266166226225
0,0579266935910522
-0,0503314241062969
0,0148012310243472
0,0245520135472388
-0,0472484382288859
0,0758424249896547
-0,0806403494658244
-0,22742734744779
-0,0208852682324719
-0,134043807727154
-0,011558229315411
-0,094470460989063
0,0629968508788101
0,0305562582402762
0,147411154512343
-0,0517937004934849
-0,106254133595333
-0,139163678732934
0,0153523386982429
0,105907583493051
0,206266203520158
-0,0483490653931495
-0,160271717868428
-0,00526377530048749
0,115085173565249
0,00384258550926868
0,0648918363159585
0,0162299264168754
-0,0483523580249047
-0,00199453167157473
-0,0205927140816504
-0,0408745161194239
0,00457599540866928
0,0137571243953159
0,0179660370352776
-0,0190878678808609
-0,0288749250505932
0,0015910044157325
-0,000266299827852629
-0,000265988607656756
1,71935144245663E-05
0,00464115954625433
-0,0114511345085141
0,225877835731574
-0,0203000932319493
-0,0651822617418741
0,00784288978187625
-0,00564578473994431
-0,0567823674859066
0,191555978809204
0,0203692386600103
-0,0984198466721685
-0,0865672973260547
-0,140469360025388
0,0995586013207109
-0,195149713422284
0,20090433237122
0,571709788193107
-0,0442823451381127
-0,280186056250929
0,26576715624687
-0,0279720337530134
0,0392211954566277
-0,189653871889116
0,0368577683233435
-0,0150574305759938
-0,00606590194318251
0,00122735376789708
0,0381026368003953
0,0192552042493082
0,00453515068158465
0,00176261924216029
0,0589176535965641
-0,00197752775733809
0,0892027338534869
0,00190655625238712
0,171756090629266
-0,247187087593247
0,133130297757285
0,0108911889494489
0,0257339529492205
-0,0244534025455591
0,00179115327642378
0,0321206661829597
0,015592633211965
0,0644586647966093
0,039504642143429
-0,336641891757747
0,0440698984593396
-0,0641013760047803
-0,00233965522507503
0,0291900074452706
0,0213156295509085
0,0354911187066462
-0,0536549322804717
-0,0144298368022718
-0,0727718258037354
-0,0135793718796901
0,00924010948898911
0,00466992332302494
-0,00159554326670679
-0,000234395312211512
-1,64417050811582E-05
-3,56666578953921E-06
7,08692974026664E-08
0,000740110761287763
-3,56105471187679E-05
-0,000158907922217842
0,000743121203831564
-0,000192644333963669
0,0178895232177281
0,0889005246715509
-0,017882433308735
0,0913368487920754
-0,0846552283190646
0,113502364894667
0,130100246869368
0,0867000603120107
0,0329209264637807
-0,150947158146197
-0,0235513609880376
-0,113170426390353
-0,0802606107793252
-0,155844570462989
0,340619550971847
0,139038800419597
0,0899810726395932
0,341751453849114
-0,174316595196117
-0,237680095726882
-0,0795321104849048
-0,14714200558041
-0,365455837924224
-0,132150179054897
0,0323456023926952
0,0983072610204902
-0,00478745063979894
0,00932537045561306
-0,0708056687987057
-0,206296578051353
-0,0574775398677019
0,0882622801401073
0,2466594502042
-0,0989865993588086
-0,0783964258662809
-0,123819640724862
0,0304481685426338
0,127808871562272
0,202941561348551
0,0483504142511351
0,0134437266062129
0,0645260398480962
0,159657258061688
-0,101241235612772
0,0857637479123547
0,0912139363014785
0,225226644796994
0,0453105676491723
0,0443525062377685
0,0737664247998833
0,0152172800490207
0,0335201802032046
0,0517090757533722
-0,01667356887407
0,043503749118594
-0,00206772421546392
-0,000172086200726185
0,000542540499566885
0,000306749918257482
0,00883042477097054
-0,0038496305511601
0,000263227488170954
0,0660040156321613
-0,00162946905044493
0,0285983417328222
0,198627977248101
-0,137378197225225
0,117470481735905
-0,0776558978547622
0,146983306665053
0,119210927876297
0,0323760543950333
0,0212851566644743
0,173461577841113
-0,153723577141495
0,119679413856094
-0,0185797869761274
0,190648486474357
0,184007703938306
-0,176889644800852
-0,152416321071526
-0,00726753838381144
0,21510727535088
0,181652518974479
0,306887924830776
0,336474806578968
0,166795660690387
-0,173505908877034
-0,0733496300684102
0,338630990039521
-0,027618453605528
0,096942146828388
-0,139294281923775
-0,0962602577457612
-0,00362919243421182
0,0404512714250653
0,0484061013680949
-0,165936465893195
-0,0929986252245387
-0,0142839123824506
-0,102883699171438
0,22390872982003
0,0936510677753554
0,0598490078683464
-0,136438446001301
0,0121540896315831
0,0945961657804892
-0,0924491623965538
0,111376895124771
-0,0377393247160319
-0,0332407792922162
0,0140562254672326
-0,0559472135062106
-0,0766409314981061
0,00122302871025363
0,00392181528693935
0,00932676200278456
0,000601018277724931
-0,0928632261064462
0,00416801120568297
-0,00529102488079231
-0,000593728341763066
0,000189913344359765
0,000946739085276966
-0,00677801106474856
0,00157981782753607
0,0240861417836751
-0,000514409012361447
0,0501752359513053
0,29012122932083
-0,279513268836493
-0,207183759660017
0,136991770198629
-0,196509415096713
-0,179319691660019
0,15015089252928
-0,128255181863568
0,0765186707335655
0,157872870366586
-0,00165928794780493
0,0883968720822698
-0,171769676850149
-0,0984892370868924
0,119913245671407
-0,0567346963811982
0,0364492824885682
-0,0831338876586426
-0,253408765427773
-0,159245109350032
0,158533049996108
-0,10118557585017
-0,00250131432512733
-0,178494717620129
0,0935478102145631
-0,123515938400463
-0,100082716091113
-0,160475571236133
0,025829825996598
0,24782509222411
-0,0609925256770631
-0,222611180978854
-0,183868632634692
-0,048583877254306
-0,0265824060970126
-0,142180942617542
0,038325661474979
-0,196609910128447
-0,0142257755703626
-0,0625933867255572
0,0472696905007248
0,0964837456727275
-0,284490107996975
-0,052786390009087
-0,107112770320743
-0,0364240724405739
-0,0612362447647094
-0,059574153697329
-0,04487599576915
0,00258019163625258
0,068927510194073
0,0581644140290439
0,00876686630173564
-0,0239237961689116
0,00255219135960759
-0,000408865343484249
-0,000248070504332471
3,66786478474371E-06
0,00225473723471916
-0,0285019414015526
0,0521916472519764
0,207430064558466
-0,00258757453678491
0,00135480227376563
0,00107896672539513
0,0563746147499151
-0,192741705943577
0,018620757230181
0,0526899120729076
0,248760215001385
-0,104135414380433
-0,155105755827032
-0,0439363163274041
0,0425841912183317
0,0446899841491349
0,0464433472944634
-0,0954467758154892
-0,080584925065852
0,161553583625425
0,0710273628943823
0,062319060218714
0,09834001617036
0,116771564529636
0,0372887788919997
0,135374266632378
-0,148761338819905
0,268544160396443
0,25897612426277
-0,141537005974997
0,210758389958745
0,379420823238536
-0,141228427806707
-0,0104852158763755
0,0563174282695494
-0,00161351794553118
-0,00603946590306827
-0,119983466913514
0,085238284288673
-0,0703562128849294
-0,207267170592397
0,142351069900591
-0,193520366172075
-0,108934103814499
0,113848817099072
-0,0295579777584461
0,0899244725222931
-0,0272213863070916
0,220210974559327
0,221632654994971
-0,153816788859115
0,0376090139686978
0,080767436987456
-0,0429096126674526
0,0400019286621923
-0,119634121616561
0,0691720574750889
-0,0712484906390417
-0,000490812036510986
-0,000721130823770554
0,000627699618607867
2,88094382044048E-05
5,59556377307877E-08
0,00205362904051044
-0,000340277554187101
0,00872039962156428
-0,000969463392130422
-6,87109939752727E-05
0,0247887360075209
-3,96114846618872E-06
-0,0258257311704719
0,0280285819101309
0,0303884229734779
-0,208763991613782
0,1004571056331
0,0730621120859475
-0,00892927122125204
-0,0282556815450509
-0,121661692482583
-0,0357700733880509
0,108365229857227
-0,0311763958443629
0,0583225354797667
-0,0418800109068522
0,0424280997031555
0,00112925002529293
0,0240686251006404
0,0475223504861515
0,0856796401316413
-0,0977832927639647
0,084371105976998
-0,0664161719870933
0,213223409058246
-0,0244701841872167
0,0434121909799308
-0,087529596270648
0,108646653938235
-0,0735926183660069
-0,00614235572666765
0,0969781744517268
-0,0651042140741989
-0,119830315564499
0,0658215235556311
0,0685536566471503
-0,083619674759229
-0,137741349314877
0,0917982752441997
-0,331912647436313
0,0172417449568764
-0,0177640755516574
0,064578654405466
-0,224885431708654
-0,126427406711662
0,275157201858094
-0,125174679772376
0,302815086712816
-0,0571169298490411
-0,0459858847235969
-0,184560816462336
0,463510001283813
-0,0991565881297195
0,287692172226494
-0,119340764193274
0,00344636134674523
-0,00173110345295179
-0,000968739628599949
2,91310007208904E-08
6,28242989287692E-05
-0,0116753099272351
0,00563520059757648
0,0160282668035403
-0,00736525638388514
0,230489139245424
0,215797435819739
0,409957366610634
-0,0890425113904171
0,0236686555429155
1,06138112229831E-05
-0,305963896722388
0,0356870324214193
-0,00781492278185779
-0,0150464660958218
-0,347679130557058
0,154565375557822
0,0479960078072007
-0,0295351591701837
0,0270664943522432
0,00724657795610817
0,212768727728986
0,0602776376932367
0,0309977153656016
-0,00415923086402756
0,000503360665488202
-0,0147560108068635
-0,00537260666893372
-0,0729149259229618
0,133116636291114
0,096849189747218
-0,151110446273916
0,14347429774715
-0,0619406462638179
0,140833471080493
0,0475805850257757
-0,13584577124007
-0,108989916765545
0,104491544397035
-0,269179195094016
-0,265708793764631
0,284880810239848
0,0537980283930684
-0,0711729229701517
-0,132020366265664
0,0193453560928557
0,0694496994917757
0,0848461321294365
0,0460688625261847
-0,0172039730191881
0,0619796938079672
-0,096012739606007
-0,016250602872398
-0,03661899424355
0,0231556148875351
-7,1678436809E-05
-0,0213214137145542
-0,0593132016665765
0,0474801896783889
-0,0191429567038283
0,00107582424177942
3,4179703657281E-05
-0,000252169001205919
2,00297871984183E-11
0,000125194244935474
-2,31007531681381E-05
0,000696856586926689
-2,63813339627117E-05
-0,000592673197418118
0,0111397254831285
0,00593085524323334
-0,0183303871261035
0,02673887121563
0,0321509166070768
-0,0784661832169335
0,0714953176863061
-0,00378178350909048
0,0460554965497873
-0,0842648965406418
-0,119018458343009
0,0782798777210834
-0,121940416467129
0,147930187035301
-0,115689310650137
0,100614837012808
-0,0338397494054749
0,040815704040723
-0,00605759315357166
0,00931618533713725
-0,162730251582383
0,0542533985464891
-0,0624909483312741
0,0370652693789158
-0,141607805189822
0,0474122666025346
-0,0246318109438158
0,043217135761662
-0,0962808301811262
0,0358400855186636
-0,0456829097247361
-0,0509617403566397
0,0571384186802755
0,0793142441263384
0,0511517151469885
0,0603002086133804
-0,035006121379377
-0,187246968409183
0,155460404580525
-0,145361025293476
0,159141912582264
-0,0327508353736071
0,162926698463951
-0,182705467018735
-0,0270867029511172
-0,0138664499600796
0,154597331983042
-0,0452542962353334
0,174030832934268
-0,319620282766943
-0,0724353989128987
-0,339236306162375
-0,464043598889332
0,0465904115699702
-0,36901152096801
-0,00373769663092754
-0,0446175085779913
-0,000388765457724391
5,0303220011613E-09
0,14296390302677
-0,00185242540151482
-0,00393308005163715
0,0137643873049003
-0,00421721132873877
-0,00396420749259175
-0,0285784145771269
0,0274713143422063
-0,0521769318267828
0,0179081363594895
0,00211917900765608
0,0623884767042481
-0,041190693927145
-0,236557929777975
-0,047506337980314
0,0245783184824089
0,052865233074911
-0,0293242456753547
0,0287240111511435
0,0145205359445942
0,0752176848816062
0,0673376833032699
-0,0159496610625615
-0,0569717360007006
0,149584305450936
0,199926054349975
-0,0284878968576136
-0,217615485317304
0,354559357072763
0,0455375123084622
0,312562770870756
-0,166386603302853
-0,110242998065713
0,0279126133443919
-0,257041931391564
0,364739230389998
0,125811271882727
-0,171928243143945
0,312358846090781
-0,128032314590596
0,308594687704806
0,0921384489888217
0,0177249307455042
0,194053771677804
0,060861490580885
0,0277035139625725
0,0093732049161107
-0,0212398197669456
0,032983829834959
-0,0851066443632986
0,0165349241028641
-0,0312196113205968
-0,0042811273438252
0,00632591663565207
0,0202662222408952
-0,00527133566152987
0,00291663906378686
0,00728130395275759
-0,00123937830253954
-0,00111188847411107
2,16257522194573E-06
1,51785965632282E-05
-2,28571594693309E-06
1,773359521172E-07
0,0332241175657044
-1,72166394904668E-05
-0,00306589501596235
0,00551723570911114
-0,00173727344181676
0,0877286450174374
0,313668821173882
-0,0827711504960581
0,237451679175367
-0,171033751051924
0,276617984187876
0,238182474722763
0,0802363877991559
0,101073372092655
-0,339076163094054
-0,109228744869932
-0,213702707534763
-0,126728977256744
-0,392258788022237
-0,133238192170922
-0,168802553364136
-0,03944545124017
0,0051838323701624
-0,0350355514177022
0,011780465849035
-0,0662554677585303
0,0197722962199629
0,181251416660448
0,12052874702222
0,0279135598400299
0,0488510274847631
-0,0425083806522362
-0,0237446703324727
0,0031744254840536
-0,0303321065566975
0,12272524216326
0,0219529844107616
-0,11630642346624
-0,032962151476769
0,190743120202275
-0,0408516776774817
0,177341485545093
-0,0463479623639552
-0,118644808882856
0,0232011564985838
0,0949131946631714
0,0127753001988649
-0,0941788081070264
0,0507051356055938
-0,0713393684278068
-0,0707267758231054
-0,191774740605408
-0,040514097022899
-0,0422602777954665
-0,0757006085027671
-0,0158288923362339
-0,0351248039746344
-0,0546476427249865
0,0175306787111096
-0,0470452615412685
0,00224437786905525
0,00018153685320775
-0,000559049228337169
5,39836162801264E-08
4,55721930933048E-05
-0,0073584544210097
0,00178921865154345
0,0227625371301266
8,31651979154257E-05
0,00813605926874843
0,0535572791014845
-0,0340727553127265
-0,109704596895053
0,0531611766399454
-0,0533271525852261
-0,0850363861752049
0,142701567783548
-0,0475245049872878
-0,109311834929044
0,120320729511031
-0,0192042574980302
-0,0734565715023395
-0,0626491921430601
-0,0125571535088406
0,111914588418462
-0,144867341717579
0,0654341182903526
0,0468224269455042
-0,0482968774537648
-0,0011376965708982
0,317510004282281
0,00165146146999299
-0,100603692892996
0,0887469026927973
0,102063752718375
-0,119725239383694
-0,300929960568796
0,183761000576761
0,157525217336993
-0,0846780259821305
-0,0413062066792897
-0,0666801800418881
-0,122088793227638
0,00690487714930957
0,0364856642306026
-0,0313386707522436
0,222692681796935
0,20707137306243
-0,200288413703984
0,310990030785075
-0,0553516721235903
-0,146415503222937
0,437236486676104
0,130669695172567
0,206114092426015
0,0442598997153254
0,145098922978068
0,0278949952159321
0,0141542297178883
0,0225590946842279
-0,107424972521815
-0,0629221825800739
-0,0145867485648162
0,0335515922920524
-0,00311154057768387
0,000699899901442196
0,000310480072058668
1,167430757665E-08
8,35194131230391E-05
-0,138650722989645
-0,013967854340378
-0,0277048901002979
-0,0471543677442584
0,100872264762452
-0,0860152129885204
-0,0957130667377336
-0,0639323675185915
-0,200038119482095
0,0043405388811686
-0,0410200232125395
-0,0250127287736714
0,0102077919709789
-0,0144358529729659
-0,0464225685389199
0,0318684026407511
-0,0177791548390306
0,0269014979790649
-0,0470096621639045
0,063570300345567
0,0152885199373343
0,0477851567304624
-0,00012886585739907
-0,133595253580003
0,106519600495149
-0,0285193394422464
0,103116222648265
0,052250850063907
0,109850898028245
0,00601420416211363
0,0704210602316095
-0,164111055444023
-0,251806081413069
0,0558266784518377
0,0237055111228344
-0,0531962133760153
0,0331562837245942
0,0493272726482692
0,0178643104160752
-0,00858790689699861
-0,00991740974122564
0,0117011533040286
0,0510669952538298
-0,00563173633573027
0,00152349537171336
-0,0228734751232055
-0,0333301622817655
-0,147931635168658
0,12718242016095
-0,344882932426078
-0,199375218322001
0,470014146641762
0,196253185757517
0,4465717271833
-0,0583564812269542
-0,153028375817239
-0,196303963844349
-0,0312560019047954
0,0584049094715053
-0,00776507770713868
-0,000902044067959152
0,000829437109130622
3,08181893411391E-06
0,000606361662428096
-0,0127779371951628
0,0451056271138907
0,0104550370585778
0,00321335635179602
0,0220144471493625
0,0760617545064389
0,125169693238805
-0,327304669112792
-0,0193277204243741
0,017470247563102
0,371629456065544
-0,21273410845768
0,190960761060816
0,133422355691502
0,0658028788079773
0,0552522589626138
0,101552023622202
-0,140922388851576
-0,0188877269673361
0,0978886399265654
-0,0805971989977172
0,0213588650680974
-0,0460461425457283
0,0576970841192459
-0,0953327463620935
-0,0168491890286615
0,046881598534362
-0,158545597910647
-0,135494440454169
0,214943183296532
0,281168903147467
-0,319729070704713
0,123368460614924
0,0685551857124814
-0,00680444513657605
-0,0068189331164619
-0,0586514242703571
0,0678727750568788
-0,109282218492238
0,032549973951233
0,209724416972714
-0,169413806545339
-0,0800380407641497
0,0616163502359716
-0,161564913307323
0,0183833924225001
0,29012198066544
0,080536004029981
0,143425597630298
0,0985716675047521
-0,0971481289474192
0,0368338560282573
0,0584630741984155
-0,0195054262911983
0,000166592551639358
-0,0214013720456325
0,0268716246162287
-0,0218274269187215
-0,0166588058417048
0,00075369278777019
-9,40736373573287E-05
-0,000135462047288447
1,60737151604683E-08
9,40756677676014E-06
-0,000472825627227388
0,000451822074519614
0,00149245608053475
-0,000946217067498851
0,0597774080734169
0,103422819193571
0,174231310877938
-0,00784555312163435
-0,0923576257675247
-0,136894015769886
-0,0979832925036736
-0,0900443880236689
-0,0251088660033926
0,15248871888045
-0,0451072581983541
0,0123508897547655
-0,284360844958012
-0,0809308082715777
0,0789171705549858
-0,0883287534847102
0,126383365365524
0,278069644237098
0,0235123799791236
0,0742585244234384
0,036493462405595
0,103709769126858
0,0601373334269792
0,112959018865333
-0,0856201563669407
-0,25643781445161
-0,0774344730581554
-0,043311083247552
0,0664613483069454
0,0908651311076852
0,185301387195298
0,156724013131915
-0,21566075433789
-0,140973043042355
0,182247873273282
-0,155907860390666
-0,206240448534552
-0,294419484524435
0,328304317223118
0,227314972022128
-0,174042623554733
-0,0742861063092871
0,0847927381227219
0,103510824861277
0,133077555633169
-0,00181028242409358
0,0107744291681725
0,0604898780196237
0,0549831164449905
-0,0511834575720311
-0,0108610666324374
0,0185996712594821
0,0574321770788854
-0,0719124055619234
-0,0100109903934082
7,84987990588975E-05
-0,000171887608411389
-1,0884212874142E-05
3,06731552803308E-08
0,00490398115736952
-5,27296426496928E-05
0,000514091641191783
0,00161097651881973
-0,00094731835475233
0,0219094031228952
0,0524708494556311
-0,0550124408914039
0,0551740698399089
0,0331379027331042
-0,0703553436921834
0,115266899274216
-0,0217168263164362
0,0790888698561046
-0,138162327176086
-0,194958212162259
0,0914190802868803
-0,193436321274717
0,161417914503129
-0,193202681909144
0,0570297962680239
-0,0695473867514657
0,0423863160856732
0,0295580344161327
0,0492428151860314
-0,126204626629136
0,114174410779991
-0,106074672012802
-0,00684239877634921
-0,206399209487561
0,0889124592770467
-0,0241524001864768
0,0722825903746573
-0,17858441249179
0,040864687179779
-0,0371179261498709
-0,0676429857341903
0,0499345135570398
0,121269293592322
0,14835401712947
0,0494224575484494
-0,00293915280820928
-0,212408605941532
0,13910498475846
-0,376754042202753
-0,00199726944132573
-0,197946270745126
0,121690499316179
-0,0055507131865936
0,00578039657305372
0,0376530600164466
-0,0234278796640285
-0,102486940604787
-0,25918975295137
0,301475639002504
0,15145722579045
0,121003765828698
0,21702821272963
-0,109190875547182
0,280265550176413
-0,00638600991610833
0,0348240914534042
0,000672922541619447
0,000192456862116766
0,00250152728658023
-0,00090768134381076
0,0109994452187086
0,000388799840522001
-0,00297090897945409
0,138889176535533
0,0386057321369525
-0,0887357635629186
-0,000396446003571345
0,00313408611372654
-0,512059084166529
0,158132110308354
0,18332847949437
-0,0848532842983405
0,0163660904436483
-0,0800002710267518
-0,163401314932564
0,292890121788881
-0,217747175250712
0,128109461006626
-0,176163168680968
0,0421604047598536
-0,0917812323024176
-0,00105680396685578
-0,133558315397078
0,152092347941132
0,0419812138608171
0,00596019359009104
0,130664615719269
-0,251749676611571
0,133845255650088
0,076123260750024
0,30377843365608
-0,0276360743623361
0,111534567050395
-0,171077698110507
-0,0149902398228955
0,0730270685731005
0,182464015372085
0,0465078524615132
-0,0153962132275506
0,0495375159274326
-0,0753587226326788
0,0994031210391122
0,146613593050827
0,0231229936307611
-0,0211808437925533
-0,0405029788500623
0,181661645859151
0,0384035703843041
0,0586859168626913
0,0134269284907571
0,0294401233250656
0,0428559380521139
0,0764330186227474
-0,00334371736406688
-0,0612940827330852
-0,0540261262824324
-0,00845437172755171
0,0221117663482022
-0,0025256288648313
0,00037852615929311
0,000246257742982206
1,43008816106458E-08
0,00842054822330904
4,35314071106729E-05
-0,000790691604722168
0,000202505573051898
-4,88069123344052E-05
0,00448938023110977
0,025761767630626
-0,0121105660830262
0,0165934905373214
-0,0137431159376266
0,0296726862817393
0,0203620966044176
0,0175480153862905
0,00968901427794021
-0,0202005388493741
-0,00972395349110719
-0,0157212574410875
-0,0194260248123171
-0,0660696215539518
-0,0342379519807651
-0,0339348841824095
-0,00217914151144513
0,00398440690796655
-0,0234795516235578
0,0104151465971623
-0,0750702331200687
-0,0209986653801424
0,116559543054868
0,0791584195851382
0,0371431072091504
-0,0072749537750407
-0,0197475580140239
0,025729464414273
0,045671439490275
0,0792782020136722
-0,0531472487509964
-0,0188940667293999
-0,00787575397043733
0,0548943929088092
-0,200269278231501
0,0775858147667401
-0,135358665848871
0,0325513700099209
0,0490932700361144
-0,022791584973145
-0,0473755834155439
-0,000292092029477264
0,0448634995761612
-0,0408755937089363
0,0260477745215573
0,00902683678306603
0,0635275817702163
0,00816040828330693
-0,0020130644045963
0,02083064369624
0,0212875761835056
0,0238493504465455
0,0366524032629488
-0,0194702089887386
0,0809015290701934
-0,212134621997346
-0,898922182384526
0,05814293177012
8,15933181217168E-12
1,28549993152876E-06
-3,98902361749889E-05
7,34945617096262E-05
0,000887034832884075
-0,000644670243067924
0,00548706402611019
0,00817267693731698
0,0140528350957996
0,00225564059751764
-0,00494461865425614
-0,00577084954798485
-0,0106767067185503
-0,0148851977102109
-0,00538391193166495
0,0196308179641739
-0,0308449136653173
0,0177051322922159
0,0147706418817565
-0,0170627780013091
0,0389098292249485
-0,000688327096432331
-0,237293417149796
0,0404099937185071
-0,0535484880020634
0,000955042780336887
0,0244191938083978
-0,043816098866449
-0,0288887666736547
0,12471691611402
0,00869112468298878
-0,117912476566689
-0,0160372478309925
-0,0247727728878966
-0,0286742597250925
-0,371686770106273
-0,316931630292094
-0,384781010299234
-0,341716476256652
-0,00130939485777352
0,00540666231128829
-0,0556046083184284
0,0235515269688145
-0,0342994879918415
0,0512773300601032
0,0101056882099484
-0,021183006364625
0,0135242628703677
0,00978733309408681
0,055386142180313
0,0237978366803557
0,0200838958514272
0,0437978919646315
0,014923055795275
-0,120188653574587
0,225681860409566
-0,0908731566480872
-0,0969211991496409
0,270527262514206
0,0154207121817053
-0,473437558680019
0,0178512019570862
-0,0372066689554833
-0,00197889727446465
1,23595032105472E-08
0,00126205974031409
-0,149295625744295
-0,00440647307125426
0,261218808000436
-0,000138160072030468
-0,0102286468152626
-0,0262628570790789
0,0029630126771379
0,00662002390490482
0,0166465226959307
-0,030595598820049
-0,0553597325269416
0,0556351953335316
-0,0131832139821661
-0,099253458761094
0,0794048048692796
-0,035077381907791
-0,0976619958709503
-0,0242934945374444
-0,0267401801077076
0,125600334005185
0,0371616614027728
-0,00496452242147416
-0,159856412501544
0,380859662137072
0,247714228213802
-0,509899644067742
0,0650206772966258
0,063840941557547
-0,369066614122456
0,19537116052746
-0,0495715902783768
-0,0839337801073847
-0,0441971843957929
0,14915592623296
-0,0564802797906914
-0,0627935685627899
-0,0269163868243875
-0,201649063141832
0,00578938638040562
-0,219786594340031
-0,153056714389151
0,102232501282135
-0,053787617613981
-0,0850071633648
0,0690778373718765
-4,92599391415641E-05
-0,000256494003501862
0,0293019556978607
0,0114254566456495
0,0133501466855669
0,00257150107351866
0,0139036661457432
0,000870404018314556
-0,00979205173450109
0,00327604082416718
-0,01246896719923
-0,00554144927952335
0,00164417691022813
0,00169252421568175
-0,000134629061079398
-3,62384090104961E-05
1,16765454935313E-05
1,39129178422567E-06
0,000423440013337967
-0,00478738687341141
0,0218140516692955
0,0106207552115329
0,00133069498004082
0,00638614404787628
0,0223116281861103
0,0497304500106092
-0,173330905945341
0,00473532829804269
0,0323958310741142
0,235947689939892
-0,105123724312571
0,0833261802857202
0,0548951774338383
0,0347152601027445
0,0572349583312204
0,118126552377142
-0,141872757495868
-0,0664054470438356
0,188625866265647
0,000944551691006866
0,078653431847845
0,0975612947537778
0,0765961301225855
0,0234426937287597
0,0273723548958794
0,037569536600447
-0,100169943572975
-0,0544856329973699
-0,0673175362282916
-0,0355224891544004
0,0438101409624424
-0,0343484540714039
0,0347020898024661
0,0365278792249062
-0,0446658338164887
-0,0441819521532004
-0,00265308402692806
-0,107194234736609
-0,144881916051082
0,052381100232603
-0,0123307193092038
0,306008279361383
0,0341180512689832
-0,0132568950627869
0,012771270487936
-0,663916409407543
-0,320964525176244
-0,00113507905176109
0,0566753582255977
0,0962924985885164
-0,146187365599833
-0,162763793494407
0,0790436637923887
0,00537026789899093
0,00506450979886327
-0,126044646673641
0,0149660259289543
0,016252658728395
-0,00215162934070224
0,00146460064834289
8,48538292166188E-05
1,47852949294765E-08
1,9538649566633E-05
-0,000379676582018257
0,000413857729566374
0,000986775274469468
-0,00295631752810075
0,0780310161691511
0,0370594360205265
0,0909072013178032
0,00501592894282529
0,0358267253314809
-0,026639660378997
-0,0917673440317605
0,00192123112266974
-0,0150830569639204
0,0494283439228044
-0,125712786811598
0,0199190867115919
-0,00828127131292095
-0,111974266950745
0,0356788572407803
-0,0236988382785256
0,274769726294933
0,261211899041149
0,0812925760305758
0,0877070974617878
0,0852489358486415
0,221267941257399
0,0844199634772234
0,220115003594797
-0,392595390698875
-0,284898052337065
0,204918622624002
-0,284785609512755
0,0750538078663483
-0,201274928748799
-0,126711555273384
0,0183984338008461
0,210867232516178
0,0214421076455463
-0,0206291477544195
0,213315431876765
0,069955270290138
0,262623566052176
-0,16999259992479
-0,134942658055723
0,0455420053814782
0,0329632079270385
-0,0275112295593578
-0,103963553194421
-0,0862320902937037
0,00195172475041676
-0,0144635589840384
-0,057602501969254
-0,0423675625782741
0,0359419947588324
-0,010302050992463
0,0239513021933814
-0,0622607149132053
-0,0655117680950765
-0,0169150145065352
-0,00115023865987711
5,31285004755957E-06
-6,17840059226115E-05
4,26577979466087E-09
0,000796338756089201
-0,00320984309401756
0,00959843335852795
-0,0019191915018456
-0,0767559316123232
0,267749375161208
-0,080864093503431
-0,0493484492874063
0,0566588850725916
0,183321724814641
0,0579212506012827
0,07031550253377
-0,0608913603652694
0,0997761863882132
0,0257720167441775
0,139329512010097
0,0838398350162171
-0,167076183767309
0,0551584793793904
-0,0366874077855663
0,0941782813319148
-0,00162144494196761
0,0084590339742659
-0,0274022714517307
-0,3981945377262
0,311696280488169
-0,0858968572985725
0,191868609332287
0,118055808420195
0,09400387497109
0,00342621291129319
0,00176848910440985
0,00504463776979933
-0,00195315368577146
0,00909917080788429
-0,056365213768457
0,171155090583071
-0,105140638996207
-0,088149752685204
0,011413627114027
-0,00129450975679687
-0,0354864434410331
0,0108817640800135
-0,0479869765781845
0,0201356572911575
-0,117951197428743
0,0961110775550627
0,147212943320714
0,0717683625588813
-0,0854422277256579
0,241885052089106
0,00817206984951491
-0,263295181402712
-0,253889858331982
0,214314760255714
0,0186630887882102
-0,0823781444805161
-0,322184651686345
-0,0241894891352753
0,00286893597378054
-0,00534883477781916
0,00355772003207536
-4,86091477014721E-05
6,43242937866933E-08
0,00253790609882168
-0,000456422496812145
0,0113369983785356
-0,00124654514223953
-0,00252199520189399
0,0923004878392503
-0,0133117830606376
-0,0638536881448213
0,0892161447899136
0,139169093139207
-0,378494232481975
0,262056967129468
0,10646858872936
0,0562719402082804
-0,114602420308585
-0,272482814674478
0,0124833658119522
-0,0295523274386807
0,168913285222908
-0,021909717759099
0,00707193068924777
0,00679432915552088
0,0829545846680164
0,0353397630754077
0,233039369457835
-0,188001123441643
-0,0763412348920576
-0,0137504489419653
-0,0540564070688837
0,270755889972748
-0,103898374614098
-0,0846886632784841
-0,306025534328823
-0,178614693912023
0,014627399559648
0,143040183399242
-0,150029930092257
0,0749317266228535
-0,0477944787768245
-0,0188714078068112
0,00579756162485403
-0,0979691128753612
0,17794394872017
-0,154747507445259
0,336629164429059
-0,0952038567823787
0,0201912843178493
-0,0278988545727456
0,0957604706444471
-0,0402067119275234
0,0801143303941835
0,024824341464173
-0,125775370573928
-0,0449173194301718
0,069583653123467
-0,0672727488252082
-0,0576913204728709
-0,0447893734273264
-0,0236199196629761
0,0327030224336851
0,00381058437401047
-2,0954912708864E-05
-6,54198072497828E-07
1,09457876852989E-06
9,53588318976139E-05
-0,000595461894244835
0,0110845185177456
-0,000819648876593963
0,000693308606762623
-0,000618844324619054
-0,000556127663235547
-0,00025414482043326
0,000143285111571526
-0,00125971495985314
0,00429364433061788
-0,00159191156413913
-0,000193688550763494
-0,008149055261422
0,00285884349405661
-0,00122167292380692
-0,0104040169415223
-0,00237448032588358
0,00522085013848146
-0,00803176632420649
0,00280495134277014
-0,00178299900098236
0,00692153391450587
0,000442435003882123
0,0035675808731062
-0,000399823727095904
0,0119352562342571
-0,0117052062679729
0,0178602867360379
0,0033706067517274
0,0161320793391144
-0,0224660003906823
-0,0100924074655429
0,00362043099263842
0,0383162050971839
-0,052386176497927
-0,00521143614188775
0,0251320738136715
-0,00749335633837429
0,0231076970347951
-0,0210260988274684
0,028353503163526
-0,0251188675266189
-0,0211544104119429
0,0667167429730997
-0,169974559815
0,0699470155021016
-0,0244719732847977
-0,105518500578641
-0,437310069262572
0,237700615054039
0,0328938558857561
0,54360821107521
-0,310122809237413
-0,211434642074177
0,229645055063605
-0,368253593411667
0,123639041365865
-0,213682424135455
0,0750370754336968
-0,0046536990204128
0,00968804460673085
0,000253287815040856
2,66227377716984E-07
0,0125286091489434
-0,000588038538495199
0,00193567420911598
0,00760411129929589
-0,00299345758127832
0,0582435312758572
0,362474211700431
-0,337721612974047
-0,0467050410936225
0,0982928286257624
0,0348032175279841
-0,0880635158787978
-0,283781934262982
0,0437548174089588
-0,0397728693803531
-0,102177820630653
-0,00894961269690243
-0,0781614439601381
-0,0513455231369628
-0,228094845091537
-0,197460802496532
0,0258348517818735
-0,0768909452749418
0,0699331129907612
0,0375245403414825
0,341025951336968
-0,118078234964752
-0,381660354966042
-0,195111706498953
0,0408565913954922
-0,221689780448474
0,0868757774899752
-0,040360386056583
0,0554880309369123
0,0475783156710126
-0,0269212302816706
-0,00833120251140987
-0,00998910396905513
0,153451761942903
-0,0746582210454352
0,0149633896944151
-0,0361232289175038
-0,00462192182013395
-0,0485704624382089
-0,0502851787539699
-0,118051643126688
-0,0252538256835627
-0,0649015332951135
0,0886692773236773
-0,00470293586661658
0,0752427929866344
0,197591017214672
0,0601081952950136
0,169165226253852
0,0191875652324812
-0,0336875216169398
-0,0275874878733739
-0,0298837026285048
0,0166881412624903
-0,000784440096861976
-0,00286075553444625
-0,0111840872073456
0,000748262001781641
1,3933202438903E-10
0,00016582058771587
-5,35563607657997E-05
0,000209141304262931
0,000570059364322654
-0,000225541483708102
0,00553587359352491
0,0308366419870146
-0,0298160371402912
-0,00837898822755971
0,0133924110219747
0,00472714181643976
-0,0122961119284483
-0,0388908735480796
-0,00554178774172962
-0,0132095906076074
-0,0139074638411144
-0,0013049518166771
-0,018034840801738
-0,0158857400745244
-0,0586809118002942
-0,0412980701980962
0,00161693248508872
-0,0199573063324975
0,0297265512980709
0,0151251360982265
0,12978733494035
-0,00114625645620138
-0,173309437528612
-0,0622326705574483
0,060380462108603
-0,0744761310722465
0,0128839999666533
-0,107227910838403
0,158678479268339
0,166946249537899
-0,183894515200464
-0,0500654774582323
0,0555812499686211
0,152345091769652
-0,0612094136850664
-0,0268268458978828
-0,15463795555232
-0,0241485241336191
0,178726392770516
0,31234590282336
0,491038507277733
0,18330073027852
0,21724323963584
-0,237355766704732
0,0402761336696627
-0,117877269914724
-0,358513183503081
-0,076896793156001
-0,321191539227984
-0,0557524756011726
0,0608417279556477
0,0441009356271216
0,041275729441468
-0,0250204918171269
-0,0010926375789931
0,00475589766105387
0,0178310108484032
-0,00122986667372662
4,82973863371705E-08
0,000112509214792883
-0,0015205777676952
0,00227148640405276
0,0308791339145362
-0,0176344439202021
0,00725501278652476
0,0157379900986298
0,00150323271328365
0,0366970086519061
-0,00407402903822067
0,0267760029777079
-0,0154767133079276
-0,0260987635710015
0,00173328617247119
0,0516370554314667
-0,118725107283875
0,0818522746181382
0,104538632596096
-0,00411818981388117
0,125770875901827
-0,0335772047461983
-0,488067479947105
0,0724095773361211
-0,0443675181612375
0,000782966291393112
0,10208447376978
0,0530232330846226
-0,0112359538286608
0,183579462592073
-0,0559052266888336
-0,129756757510226
-0,0699671616221243
-0,0717260797290531
-0,00165739627738181
-0,118667288049001
0,109566744953872
0,0205387797762172
0,227666919463822
-0,151942345814292
-0,324880975941631
-0,156504760279492
-0,0630985378213271
-0,390380417632502
-0,117951004139095
-0,0367580145365744
0,207868586992209
0,0858055830267207
-0,054824961207303
0,0485211940574755
-0,198678230892069
0,116737760456359
-0,0988764365052954
-0,0619819584584426
0,229817281996647
0,0522930664646648
-0,0163470218564201
-0,04887687457005
-0,00788916566591992
-0,0287103421298727
0,191120716905918
-0,00885219629223436
0,0109246204110767
0,00119787791712598
4,15406823099825E-08
5,98581618605905E-05
-0,000882298301277012
0,00242081447056558
0,00248609746742364
-0,00125739232286396
0,107630857729055
0,216329943446477
0,316601228419178
-0,00908291876457399
-0,25427633007448
-0,342827261197234
0,00133146205181098
-0,22699697333007
-0,0266081752934053
0,271193907128198
0,181859858071491
-0,0830952889510834
-0,421112050796567
-0,0671483287846366
0,00533987776724069
-0,104335147229566
-0,208554844630661
-0,0107488117332412
-0,0644114193724896
-0,0148517905551961
-0,0458124469835917
-0,087772180294119
-0,0233677997235872
-0,0681239981273648
0,134475612888734
0,168070555475992
0,0170831716422587
0,0804522536529801
-0,0369409849483814
-0,0626586845904774
-0,0779266883503829
0,0027496089017044
0,121470781032669
0,00490252768031811
0,055757262419675
0,189962248185562
-0,0522598311455851
0,110778759711965
-0,178455941751487
-0,0678009902746989
0,147927171451123
0,0107672512194214
-0,147546685958803
-0,0835240652895897
-0,0975228205753659
-0,0483119232960599
0,0478591390529835
-0,0279413636487314
-0,0240179625098385
0,0192284897333084
0,00294123797939616
0,00379475758788621
-0,0128392625074106
0,0257762239333858
0,0161316369020011
-0,000562313129116015
0,000129993624936723
0,000125141758511281
6,5844338051001E-12
1,80933086968688E-05
-0,00306011055652268
0,000922213632779444
-0,00137860290241658
-0,0771080462986694
0,0346281247530579
-0,00467788551953934
0,0080532297538972
-0,00251858698701831
0,00964157726259685
0,0149707455905222
-0,0187709022377407
-0,00383971406147752
0,0303503914364568
0,014925640730801
-0,0184747494886376
0,00552099577183479
-0,0272911203944197
0,0273579873111175
-0,05822849576831
0,0767229221356128
0,0562064706456434
0,0855051813062088
-0,00409947784443767
-0,266657910658089
0,249105395336813
-0,0407171192502598
0,195451758198484
0,139016980999889
0,140557640196877
0,0662318665997411
0,179252510138444
-0,233594009540588
-0,459493565317831
0,12154349008331
-0,0496023747577542
-0,115186068719988
0,0947086575353366
0,138867179463792
0,0237335363593401
-0,013068778937221
0,0250904177609486
-0,0773162111248437
0,0919411640128984
-0,017953605561015
0,0899112264947591
-0,0314248158736798
-0,104503955931721
0,042552045510532
0,00882267594002257
0,00380779889448174
0,11057689714412
-0,071472036831263
0,0678503502601929
-0,426553653028523
-0,0745208742269661
0,110004884223997
0,367925601931511
0,0348619681490346
0,00646157329430199
0,00610632911459349
0,000305693286269238
-0,000168639871799022
5,34457632481111E-09
0,00115869130620491
-0,000495133451696228
0,0111706656323334
-0,00121327875953815
-0,00797079838028777
0,0426335772049804
0,014963789838593
-0,0588806656616285
0,0725612026677853
0,0914120362313944
-0,150864000235473
0,112731508357695
-0,0788393431410625
0,120689864245945
-0,187117458968781
-0,156299822805039
0,258316214152429
-0,263995781774105
0,220103344130199
-0,155088781957418
0,228920750963315
-0,0301366536829744
-0,00592439188363221
-0,0703177178872357
-0,204573244887866
-0,0710318775629926
0,0497059751749959
0,00223457618712246
0,106045204733955
-0,198296607980495
0,0473346407720763
0,0638077271187854
0,197374953550739
0,248755428770619
-0,032629404355301
-0,0929542362229062
0,158719799116561
-0,0884292293833431
-0,0680168591796567
-0,130420258667716
-0,052016697302438
0,0797899783946755
0,128603398107493
-0,0687024103074912
0,179277747944788
0,00685547050108395
0,197542477682735
-0,190730495309365
0,0435455264300041
0,041399829007643
-0,0887182141165492
-0,103412193480486
0,229004554248425
0,164299740371702
-0,11155293099875
-0,0454678053910179
0,182388355574645
0,17416352917992
0,0909610740350032
-0,0194403524473416
0,00641013264840698
-0,000270736852273326
-0,000371493892562649
0,000306751246791609
0,000937515673658277
-0,00129318245852773
-0,000168363909431998
0,00628899541949034
-0,000784710993681885
0,0593094496957654
0,246730456018414
-0,00962780825224315
0,147851709613409
-0,185860223812139
0,11494993705919
0,166694076990209
0,16067375446954
-0,0292290786872467
0,0351118530777603
0,0775383064842842
0,00866015333129099
0,024875678660405
0,284461537328488
0,415298253491802
0,26102165141213
0,0827221675033311
0,0252312267085493
0,0354420026855355
0,0234594268471472
0,0857826850137096
0,0284547739761699
-0,0166671329645121
-0,0274913121401097
-0,0512815993036242
-0,135549817937621
0,0394673733381926
0,00755539877289787
0,0906231970508553
0,301069134501276
0,00940436642143447
-0,135986079094597
-0,302017321336699
0,153526996972357
0,0776186919504692
0,174116944382502
-0,0163864330494098
-0,143390128428728
-0,252508118559384
0,0145596880739466
0,150364427959037
0,0374929241524648
-0,0503247237164955
-0,0778531090261677
-0,0616875840157776
0,0434838530230573
0,172236350031089
0,0112928321348216
0,0782693174927937
0,0857386978967069
-0,00167232686169443
0,014362264023193
0,0174816066117812
0,0101138225414803
0,0725090753224771
-0,00367134206836314
0,000182088384542655
0,000754268533146956
2,93516960480666E-08
0,0185667537616037
-0,000181264480596724
-0,00150608151245618
0,00241329401315641
-0,0002806166251687
0,0142086139095182
0,12865282496489
-0,138440806695496
-0,101445175618753
0,0923439870321069
-0,0482516340557751
-0,167919912468454
-0,344454702923856
0,0591385731644634
-0,160570990873183
0,0208395651905992
-0,222272355439822
0,0681518157075085
0,128888770047561
0,228924640580471
0,0186420264413878
-0,0264503442627562
0,102875084670338
0,560751571504416
-0,0494154737968728
-0,187844907926756
-0,266547663060026
0,07330096373636
0,189549076783121
-0,0205990342200418
0,0792056639581391
-0,00401162089957163
0,061280508576369
-0,0203372886314017
0,0516523131047912
0,00018602110676842
-0,0437040764947674
0,00466051162338444
-0,242453835151881
-0,0359785771997527
0,202496057076429
0,15948499370444
-0,0244539141194853
0,103194445454512
0,0281457636915069
0,0564255769476883
0,0118678938270987
0,0121763405600107
0,0326432838284149
0,0235631724540652
-0,0181921401705727
-0,0683651278076622
-0,00600081019332121
-0,0404891167017118
-0,00756580095749018
0,0198193734947983
-0,010748697173794
0,0124548842382953
-0,0154816409037054
0,00520350225261125
-0,000363766102135724
5,05534897622892E-05
4,39475729566386E-05
1,19019067930364E-12
7,71203229327442E-08
-3,49076755977402E-06
4,72897505177016E-06
1,85396588610621E-05
-3,60466396249051E-05
0,00179715867235992
0,0020574381031536
0,00432593943216051
-2,07025708927256E-05
-0,00079858668443898
-0,00336365915296012
-0,00461489790378899
-0,00200301959590029
-0,00105655316098008
0,00544424842606525
-0,00549699720421998
0,00102233022266757
-0,00886844502503003
-0,00771067050987381
0,00455135517051818
-0,00462322901775828
0,0194969941706755
0,0277036595108041
0,00599350946672725
0,00921781374648083
0,00743790084287242
0,0206326697345061
0,00940401359695347
0,0244958049120076
-0,0394013041103048
-0,0452720374392495
0,0158567892755416
-0,0357975843453914
0,0165011062115552
-0,0193118529537329
0,00193324666518545
0,0216401088189622
0,00853201316707176
-0,0163877365398497
0,0265435016395605
0,0230604562563509
-0,0241720689443044
0,0159505963347036
0,0319892583704199
0,0186747340343884
-0,048777477093828
-0,0145225300297811
0,0348814900180815
-0,0336161019571233
0,0212088759135083
0,00138078727635007
-0,0249277472740602
-0,0510850943692454
-0,0240173041762838
0,0439562169957535
0,204839764268886
-0,369354316918396
0,152861080677657
0,862831178122706
0,172635096198321
0,00755238512581101
0,000858923598785698
0,000484307422169171
4,8088962026525E-05
0,000867521675700557
-0,213901679672211
0,0709824399612544
-0,00571215408844371
0,008590089045751
0,0305973415537106
0,104792441493013
0,150883173279365
-0,367914422782366
0,0423590020827861
0,11655039633928
0,161621318785088
0,132020738078748
0,18625553667278
-0,0418425172538949
-0,0717275306218123
0,0751882116233658
0,0371768755010891
0,207332883704574
0,123914136520466
-0,371733171425177
0,0553308129637194
-0,173723905728996
-0,0458925510048561
-0,136837662886161
-0,0926721770325145
-0,0434161136679966
-0,130425398285692
0,199449319693078
0,00438862737582853
0,0142989468192195
0,222619186113046
-0,0485499608111308
0,0502674105879148
-0,00958619881261978
0,0758717825030635
0,0258003355175315
-0,0789915068968441
-0,130418373073092
0,0584694947422006
-0,114171209606791
-0,193451872521291
0,122391140069204
0,125904663947951
-0,0635770062391003
0,115364578553627
-0,0496403779384425
-0,0372442505155047
0,0867726476512437
-0,278384976599213
-0,225986944841334
0,147918424412357
-0,0296962929200806
-0,0496440225616802
0,0211633199282017
-0,00631340640489214
0,0258382716837134
-0,018131991404483
0,0157514663036432
0,0155950881804445
-0,000843802639996416
-0,000488819180625042
0,000173261641177863
1,35964495987509E-09
1,31848978585125E-05
-0,00108994468073592
0,000829760520468186
0,00321178919281013
-0,00456513932510445
0,0723205543349024
0,0392210181169104
0,0950561344197608
-0,000669820163331215
0,0512029415631148
0,0587876303821919
-0,10325706230591
-0,0182377545041394
-0,0426745503679802
0,00279132130030363
-0,233836478405792
0,109016107020823
0,200604546489499
-0,0706750232691757
0,0877740005057903
0,079952701878116
-0,571272685693609
0,0980780785937042
-0,146492632141385
0,0107636832839163
0,0090709955500453
-0,143683481489148
-0,0640346903022959
0,146021830952256
-0,000399912638512345
-0,15692225116151
0,0427449268842017
0,00384036263737232
0,0146834652891664
0,23329888952847
0,0483678681991117
0,170730414783621
0,00216207216732214
0,120863479797713
0,24230395762983
0,129159796649992
0,070975092265871
0,252728691522903
0,0256029141058549
-0,0114884942945724
-0,141657415834485
-0,0423656001673197
0,0187534718291472
-0,0322180580443651
0,191941796682432
-0,119164067994745
0,101116371510424
0,0587776785360436
-0,203300910247561
-0,123923755168016
0,0480755213420588
0,0835168134101942
-0,094159414724595
0,0226116629467828
-0,00460446708706997
0,00177747215383948
0,00383038938023338
-0,000413471092499916
3,97072385405207E-09
7,82556183057118E-05
-0,000316385930581795
0,0080688570728857
-0,00110229343848289
-0,0140167551755048
0,00505468957605544
-0,00190561468549105
-0,00814415393760986
0,0339824666232736
0,0108404906073846
-0,0261039758171473
-0,0105251384845988
-0,0254891535566766
0,0337684420217653
-0,0479996218195394
0,0532131935715273
0,152388037731169
-0,0128951058137461
-0,113080351644157
0,130533529568248
-0,0211582536931977
0,0269413981036748
-0,151609010512382
0,0392323643256673
0,0959259516299347
-0,0873303749346232
0,0273737235153653
-0,0595574673780188
0,0275420268323724
0,0294294303913568
-0,0476342358440334
-0,0352279116673797
-0,126325247586691
-0,303134737483927
0,0390220528720612
-0,187228053169261
0,223164135619562
-0,0891449706250459
0,0131829930690341
-0,0275510357386235
-0,00424370048572598
0,000135482589793102
-0,0222922873581562
-0,0069259199660239
0,0331420392209033
0,0155079665257146
0,0764453429916877
-0,0486449986922595
0,0475406196834344
-0,0625279262103949
0,0310910827991691
-0,0412165859535033
-0,0171022481907298
0,197478056335217
0,0562310695315955
0,700713046168762
0,238543324977274
-0,0831732005939955
0,00802724929849795
-0,24992202203804
-0,0601475507738745
0,00276618001965182
0,00143028161316873
1,72453121799831E-05
0,110886241654113
-0,0102508095675992
0,201073772981615
-0,0166390720892468
0,00439034145677625
0,0295103892352372
-0,0253273223120506
-0,0456157136713587
0,0877409028477316
0,0449003064071297
-0,268929929876306
0,092875165191298
0,0471832106132886
-0,011536271320513
-0,0193268405332257
-0,131089302577938
0,0115169340189416
0,0959525742088815
-0,0408124040631733
0,0466913000103788
0,0689195713113649
0,0487416462629587
0,0110544035935342
0,011325139414427
-0,0168173771033381
0,178902471403829
-0,118335276765499
0,129503131158696
-0,157713330131245
0,211019537488029
-0,0521123771928247
0,0384369748946209
-0,0524638337326859
0,25098162625813
-0,147893647630725
0,0264823999159922
0,184379162915786
-0,154252930188519
-0,136024391522877
-0,0353713205041874
-0,0011056771403711
0,0702264429586482
-0,0446606922319956
0,014401312772814
-0,309079379140997
0,0625007976549748
0,0113646977294672
0,0248957853996566
-0,115938159528742
0,0950138374404436
-0,35227017429843
0,0624250639008301
-0,148157633414288
0,0500328157217146
-0,106635403459261
0,229624502324516
-0,281316038140766
0,184806462402735
-0,218100576676783
0,0490217130367946
-0,00428519941672627
0,00114945296578606
0,000597739566552926
5,33001170139698E-08
2,20742427128305E-05
-2,5419980724576E-05
-9,56698311826507E-06
0,000259557073230342
-4,16916857497417E-05
0,00504439889423271
0,0275207189304797
-0,00275778142450928
0,0269397964901839
-0,0305073534629497
0,0300333122874667
0,0415999333493418
0,0372708854678573
0,00200829220332034
-0,0246552802080375
0,00720377490648369
-0,0224747678273944
-0,0151074356725601
0,0163686084867714
0,199767332277384
0,11167478015385
0,0524741813932788
0,14313475607663
-0,0607452258593508
-0,0977592191670342
-0,00688911893360113
-0,0614782627624386
-0,198184376674382
-0,0925615503097486
-0,00421491512817095
-0,00291732458647583
0,0240865096103185
0,0156055565923267
-0,00359467280690725
0,0351061630777345
-0,0947065538820787
-0,030044430534654
0,0548374609490077
0,0657883558794676
-0,192723910149374
0,123664859032681
-0,292332783187529
-0,0804024717003559
-0,0463950108446843
-0,161489705917411
-0,314275661815079
-0,212802290845422
-0,2256925297071
0,270566654699726
-0,0641352299659999
-0,188497895129701
-0,513978641832357
-0,0775280278555062
-0,141162958436854
-0,184247992263134
-0,0184455827160965
-0,0584015948371733
-0,0849913699989634
0,0118258938282534
-0,127980535796539
0,00640249881251701
0,000146711647539718
0,000514035132010522
1,89113779451974E-08
0,00030388599292284
-0,00533695771287221
0,000922526152231428
0,0165738451654902
0,000119621988206991
0,00495772658318879
0,0389609970778801
-0,0274456825929934
-0,0792802573094317
0,0437939450227599
-0,0358211242016048
-0,0850832333038143
0,0298925656379431
0,00343764682931414
-0,121455250241961
0,0832059941033307
-0,0698031250384422
-0,046303557124659
0,0164231067145035
0,0918170587911556
0,0838577802113233
-0,123217825450602
0,0999254278129618
0,340557844947529
0,00246167581988905
-0,08971614280351
-0,0119653554314909
0,146299830926508
-0,00134124385310147
0,0192920345534989
0,128230551608299
0,0318007541014716
-0,0923716304082759
0,141159667344933
-0,18982832123706
-0,0128308792723912
0,189459469650176
0,0271075871145968
0,554024705472261
0,12768777415985
-0,463023716766457
-0,266635205913155
0,0402908896788735
-0,156298471572307
-0,0418758961626962
-0,044677558651761
-0,0125533795834815
-0,00531733989075808
-0,0474332383555686
-0,0306238167247614
0,00463201866650273
0,0419370268317983
-0,00596935902594287
0,0291229857929345
0,0140786725614017
-0,0160599895521206
0,00282826384934753
0,00377614762813134
0,0111256720648237
-0,0174324517287889
0,000819923158677534
-0,00106438163944285
-9,1632127621847E-05
1,53410310643676E-06
0,00174506270852679
-0,00159555402690762
0,0177291827380628
0,0081057484249624
-0,00362352331521368
0,00475204596810432
-0,00216067617580725
0,00416550680020812
-0,0521468404424012
0,00747453226963791
0,0161831761933273
0,0693668751191946
-0,0395498719450257
-0,240635414263741
-0,0678302597492553
0,00657087870081402
0,015666665249257
-0,037003284210231
-0,00948643944659983
-0,013287971676516
0,02938300313026
0,0183135271068894
0,0153720815633797
0,0396280900208409
0,0438736804592034
0,0895509979249415
0,179555299053982
-0,164281645317058
0,291417179730216
0,207861078772779
0,20134083678898
-0,17785988164519
-0,154719352991661
0,25160574526451
0,275561803199853
-0,361241878929337
-0,0774786901117683
0,186786654970425
-0,158205060003418
0,154710083791989
-0,139284241225416
0,139431598489847
-0,0829410773290058
-0,0466524301067381
0,0112006584467387
-0,291852481328868
-0,0716431603710037
0,00554676536463341
-0,184591089738685
-0,148705882534318
-0,147976837392485
0,0426979997515591
-0,14601818067464
0,139604900592105
0,0504642675381362
-0,050166093087975
0,0578664815423946
0,0363870013729345
0,0167582991219804
-0,0237602501556525
0,000470000112569247
-0,00621869718830073
0,000193015202483045
3,08360893765618E-06
0,000319126010825442
-0,0182702602405069
0,0408894169782738
0,0126783990695689
0,00173089912726431
0,0326015838199148
0,0577815786323003
0,104665793798543
-0,240732365213617
0,0387650939309311
0,0648540774288281
0,0942227482350571
0,0788559762907074
0,157161232418803
-0,0426174958649981
-0,042228050002611
0,0708045327784907
0,019700412821322
0,100886109326237
0,0627755723806951
-0,212009261034369
0,0705551878360208
-0,109943158732193
-0,015343296943047
-0,19221130503203
0,0560916793617133
-0,137839374982969
0,0338060271256272
0,0200173867584422
-0,0972025274757322
-0,0590794267077464
-0,556831992330717
-0,0873365020508068
0,0446170154918206
-0,0985179126073299
-0,0724655680914467
0,00608685991350831
0,137350045930939
0,054333394211948
0,157315899931124
0,161092478249157
-0,0764785001172248
-0,0513256316916588
-0,158196701663228
-0,00688646876064842
-0,0100652666903709
-0,0440074674178649
-0,110693618871579
-0,173091148017625
0,373440492231032
0,205069707785161
-0,112082731515775
0,0568420630516294
0,0894867165537433
-0,0721568630097378
0,0407215785170885
-0,0821124799018899
0,10389459340274
-0,0731825853765631
0,00247716889551085
-0,000150606797891988
0,000449891200726586
5,75041038754082E-05
3,06318484923538E-10
5,59966302316076E-06
-2,40770404552111E-05
0,000617914444519726
-8,42567854703075E-05
-0,00106669994930061
-4,4623587982831E-05
1,05623477381806E-05
-0,00049830211313517
0,00237490853036299
0,000244526925463351
-0,00154120473345663
-0,0014209558398191
-0,00217122450651301
0,00243413519618708
-0,00372155631660399
0,00420639227979104
0,011954519284801
-0,000706113853230692
-0,00920192534715397
0,00987602004502971
-0,0012765050289531
0,0021566979026235
-0,0120314447972308
0,00292551407359124
0,0060640336679897
-0,0057321541832839
0,00222907619946288
-0,00418731941136695
0,00222156588763889
0,00101670928205522
-0,00270748855671774
-0,00184066042038966
-0,00784874644559334
-0,0217631254678967
0,00248697698572589
-0,0159762577212293
0,0188849525256668
-0,00760651824006862
0,000870602647574177
-0,000945651363795363
0,000773928484680894
-0,00037970812154543
-0,00573283012451983
0,00261107953660092
-0,00384971975882218
0,00321193277271396
0,00535253481435679
-0,0016950970204503
-0,000276268761174625
-0,00615110628103965
0,0048979003481487
-0,00304761710499172
0,00073391226477961
0,0153638000859726
0,00448360769337839
0,0466007585597019
0,0142182622438615
-0,021018691089981
-0,0147573529638194
0,0291284426912451
0,969660567545216
-0,228134526706559
-0,0393107035919807
1,24077058067533E-10
0,000395907807129356
-0,00145429145462268
0,00141980140179639
0,00285331289982722
-0,0210424937445696
0,427440672232986
0,0610841000964016
0,214337623440411
0,115040969484883
0,19497133512424
0,183975159444744
-0,168001569702332
-0,00432698604079853
-0,0281208997850362
-0,0347793479361756
-0,127207313811192
0,0081259989888678
0,221698219469509
-0,0918927807122928
-0,144662932330769
0,191454256873757
0,057118326178686
-0,0895751141239703
0,038015398196079
0,0560881189922481
-0,0643305226937142
0,0150061978612686
-0,0344911045634269
-0,117071869030322
0,0169350252469958
0,253976261943963
0,13329716237432
-0,0186270220333677
0,0578985524991236
-0,176487405027563
-0,09728105763931
0,0154068753959312
0,0555065229800994
-0,135379108089135
0,160643927329374
0,218672858718311
-0,340552319161272
-0,233568818772437
-0,0356902770426789
0,200038436355535
0,0545071880483327
-0,0479706891188273
-0,109297906613181
0,0236197072816303
0,0204761291929903
-0,0492279297889883
0,137338335997608
0,0586812157457658
0,0540509091819182
0,0473829383375226
0,0151385788594876
0,00370346923845992
0,0365710094038914
-0,0137309721110791
0,0380161636687171
-0,00199219850705567
-0,000140540464592307
0,000435959116718673
5,27493597243892E-09
0,000106586970873281
-0,000931321627130153
0,0131512510392656
-0,00273760801673656
-0,194455547507355
-0,0192564100893022
0,00855043556111249
-0,000828032993882167
0,0377338699170514
-0,00279756406899225
-0,030126405106099
-0,0326388396605832
-0,0184975531330611
0,0703939813557018
-0,0489123313835046
0,0640214728133079
0,166444158066341
0,00976437341374735
-0,150380481791793
0,151871477671701
-0,0183921957761325
0,0428608692151964
-0,207827667322957
0,0545981885145796
0,179514175609224
-0,145854096790365
0,0592252295702481
-0,138075652530688
0,0294719598214112
0,00292931530800887
-0,0377686300167374
-0,0752525609167649
-0,078254108341314
-0,27762843584225
0,0119909317435001
-0,298728472921214
0,38073720091973
-0,175752954422522
-0,00936964102668085
-0,0155996288320954
0,0358841792046465
-0,00533946910265174
-0,0536405906890651
0,00607207871287499
-0,10912773311353
-0,0362190324783161
0,301738671769609
-0,0123422776309981
0,0276912366934247
0,0374981452823339
-0,0459345560999277
0,00687045593072978
-0,0219626100614713
-0,0888691535455217
-0,0272173303394845
-0,451245314770057
-0,165381307349259
0,0535569766885293
-0,0100693923597166
0,188285251965882
-0,0107996456219171
0,0111945682226208
0,00121171686279693
3,64230915891497E-08
0,0209250627643921
0,000103442597027078
-0,00196010360918194
0,000548679831651247
-0,000129682584944521
0,0115183184982235
0,0669902968691224
-0,0332711304175787
0,0393285048740156
-0,0322738030014679
0,0727244623662856
0,0477458986453897
0,0369005430997314
0,0249384297854397
-0,0524729395066415
-0,0243695695792901
-0,0423933109844475
-0,0469011539548902
-0,162569611967432
-0,0830200533009145
-0,0846626868782935
-0,00446565244912965
0,00967703989613392
-0,0579792826039642
0,0258676836805538
-0,185668726894931
-0,0530995915236033
0,287692875832052
0,196892374182933
0,0925467758249466
-0,0198391162591195
-0,0499656392237256
0,0642544833889798
0,111669319135132
0,198634959124355
-0,129939666336763
-0,0489675366253584
-0,0216928810641087
0,131583488158466
-0,500877280592002
0,199307375132316
-0,336108861927156
0,0810854919462813
0,120583894367028
-0,0605294579955894
-0,123180828479128
-0,00169172726038838
0,107969082667916
-0,107951498661697
0,0591028106303162
0,0217362149181587
0,210790848181335
0,0208175144601384
0,0609796224633448
0,0554550381153587
0,0285928093472371
0,00541189643142048
0,0699634502381509
-0,0293420603197981
0,0140664092425756
0,0828315575911266
0,36009624978432
-0,022726277492007
2,9626964075168E-08
0,000701909674631321
-0,000318537969467507
0,00090773157725296
0,00196480445127188
-0,000456444140385959
0,0197822337253729
0,143101332530803
-0,141687063383268
-0,119715516099391
0,100876963770429
-0,0573829984862019
-0,119945165149776
-0,460611807252348
0,0922439276079416
-0,160469291559742
-0,0279538719180821
-0,21113679219744
0,120772874321696
0,164375908956539
0,242517058191362
0,0834940414964011
0,112253354202916
-0,0614768449491734
-0,56340829373646
0,139124779428596
-0,0184373856800157
0,241370177927746
0,243029483667361
0,0225766191641755
0,0846686530635563
0,00859241814409057
-0,059961497494661
0,0430521069892493
-0,0189288000848457
-0,0595162452918855
-0,0312906741514038
0,0230321626305491
0,0603677851356714
0,0624591374158685
0,0735267203599982
-0,0777874679254141
-0,0427148758666128
0,0107257741300926
0,0250785902869837
-0,00665670977819339
0,0483153905394531
-0,0179624039410064
-0,0176797308087913
-0,00248311610112837
-0,0147628492061095
-0,00573469654770294
-0,0200880783310319
-0,0230449126870173
-0,0446050016182524
0,0106324194208576
0,00561987992316694
-0,00675777238304749
-0,0159076003036009
-0,00417747960348567
0,00470000270309026
-0,00060839056911311
3,08772492834455E-05
4,62315883693053E-05
2,07701433627927E-12
7,1578325454327E-06
-9,11093493755998E-06
1,61757321656413E-05
7,52665027957841E-05
-3,36180208109419E-05
0,00188630133748775
0,00484071928930802
0,00674730579676396
-0,000677771057972714
-0,00611147752467484
-0,0100413257638036
-0,00207362516270117
-0,0100906934299072
-0,00119025926051523
0,0103296205784846
0,00343612650381737
-0,00237994805591053
-0,0158557532696304
-0,00511570578787196
0,00964360703098388
-0,00510418429249062
-0,0610612656068121
0,0105161456077185
-0,00785810106788836
-0,00130827119444017
-0,000237665132701309
-0,0220908567508474
-0,00742776581420512
0,0370472256918898
0,0175935875493441
-0,0240964245737628
-0,00467698194803363
-0,00178508420081635
-0,0216709221718946
-0,302855426925909
-0,275490472530731
-0,330524583803766
-0,32112753542189
0,0242268111839667
0,0487962688952736
-0,0322052774572568
0,00224284219123825
0,10046946195926
0,102129303436659
0,0554165577084403
-0,0877028484882814
-0,053851368053914
0,070999082488716
-0,0534725700842077
0,00951108852257076
-0,00815521989858207
-0,0805859314142585
-0,00856580363625672
0,163662271645168
-0,28669657616872
0,110107376718366
0,116903701749811
-0,32279989726649
-0,0276056511910482
0,563002904358443
-0,0212247379357645
0,0445988324468021
0,00233055566637219
3,31282038635996E-09
0,000306952170604357
-0,0017729839484071
0,00712201573648778
0,0122268044333206
-0,00111128109889612
0,0139124516905604
0,0168380968588902
0,0442863978369539
-0,162269059230127
0,0154379126302797
0,0276965750327272
0,240609730919913
-0,112854870773726
0,0869657990878591
0,0476023991397407
0,0493160903575901
0,0812754585927391
0,114225990554812
-0,169813041134769
-0,0781723028993793
0,248176463960743
0,015659716652665
0,10027581660016
0,131947651536448
0,0215001536246876
0,128158461115951
0,0014623380742988
0,116527978677166
-0,132087779948267
-0,0356153292760584
-0,180900497201881
-0,443951198238797
0,164473662927839
-0,076303218319984
-0,0478760264280841
-0,0352886549673016
-0,0161159799368353
0,0978458874200015
0,0371644317027214
0,0687796823448057
0,0780825392934257
-0,058582418739348
0,0903024923112029
0,0160102103220869
0,0151001002374328
0,0909932942171868
-0,00973901410973716
0,237068301469537
0,246331298760524
-0,350920373020975
-0,309575006608098
0,113826909639979
0,085099456503987
0,0315985286821821
-0,0174688269921511
-0,0565066358207376
0,129806873390508
0,0299824644359819
0,0836298845898171
-0,0041640176553433
0,00240977982982864
-0,00196770109447409
-3,51996523468862E-05
4,67498776375748E-09
9,36496829564428E-05
-0,000365615847040299
0,00951231700356043
-0,00114135280239839
-0,00472883236155802
0,0137736464247035
0,030068261288786
0,0218763002668035
0,0812141801021199
-0,0441558092581665
-0,0510331330015259
-0,0120854539584489
-0,0592944273547504
0,0225040759462779
-0,175425247605194
0,272798241736955
0,269948913376492
0,234088034117047
0,0923224311685961
-0,101292834774818
-0,275165861048072
0,0163549289156332
0,410994554230405
-0,0654678622943512
0,042495164158444
-0,00900966868887737
-0,0170292967164076
0,0213679480798427
-0,0417912396453988
0,0405675906648339
0,108252087407068
0,0202934275295787
0,0610618650830949
0,0425318121289387
0,046198191461711
0,0774285495696662
-0,197819013424139
0,0521961176350068
0,0504241597324178
0,176294216811414
0,0775126578486019
-0,102512620915584
-0,0491998778085403
0,0475101742441473
-0,140424101916521
-0,104813862118473
0,551818381033859
-0,0503669795652765
0,0738350654391217
0,00958693206363197
-0,0276326316389761
-0,0234647108050726
-0,0364559397917311
0,0516730935626295
0,0134042001918571
0,0681782579575108
0,0116309707349235
-0,0085862170258239
-0,00494381437739248
0,00144555425036306
0,000202394582463202
3,09242066495769E-05
3,05262161654101E-06
2,09580362980591E-11
7,3296749455837E-05
-0,000484178519344401
0,000945842156715061
0,0013451573024734
-0,0392884246439239
0,123159395161294
-0,0142526006668537
0,0403897057862495
-0,00348328230310403
0,093442467589485
0,0749094668060372
0,0190041420064695
-0,0524021638615879
-0,235070136450295
-0,0342256151853705
-0,049659075479386
0,0330454454969525
0,000366723252075344
0,00432377943130474
0,043785899687227
-0,0533225027616564
-0,101579215932809
-0,0120314463715526
-0,0448585222110931
-0,0664849484621277
-0,0928668344586638
-0,103628908841719
0,108251479097657
-0,247844641775194
-0,105990569567946
-0,0623555301642434
0,0475138318718553
0,0216253076087466
-0,019532901088924
0,114407161623028
-0,00357548861912384
0,0712046055515218
-0,0895935177016094
0,059701117453627
0,152318745878943
0,0871919757488192
-0,0135806362929183
0,260830762064397
0,259510318387936
0,00484083620830449
-0,0165661351902436
-0,0581834552218038
0,0351552480172673
-0,150540135612432
-0,325287105622581
0,215748343109911
-0,303975524490227
-0,180241102574701
0,417881130133179
0,104323974437983
-0,109538614617933
-0,134617406998478
0,213312797664531
-0,0956219222694534
-0,0171906118109294
-0,0021502627873017
-0,00748302212728537
0,000546419139413333
1,06815197450467E-10
4,42281823894546E-08
-5,09247819634417E-08
-1,91637276642592E-08
5,19825109403878E-07
-8,34911556879333E-08
1,00982764973672E-05
5,50797708758322E-05
-5,51876310694013E-06
5,38959757395797E-05
-6,10311903147896E-05
6,00729334296271E-05
8,31966995690072E-05
7,45250827471582E-05
4,01548452115803E-06
-4,92895912092863E-05
1,44000710119662E-05
-4,49243456183952E-05
-3,01871072964743E-05
3,26958326251264E-05
0,00039893417050899
0,000222958495437014
0,000104753478604064
0,000285609173392589
-0,000121195411386765
-0,000194991820635348
-1,37393232350101E-05
-0,000122582958952307
-0,000395061384787374
-0,000184408278607495
-8,39365920340681E-06
-5,80602801029438E-06
4,78901113090945E-05
3,10174359661399E-05
-7,13489404638929E-06
6,96132832475974E-05
-0,000187722148950381
-5,95195067032723E-05
0,000108501549395871
0,00013000701634169
-0,000379929675747559
0,000243570411762939
-0,000574054008821913
-0,000156734037035808
-9,02887349766765E-05
-0,000312142884185423
-0,000605268142013931
-0,000408189958901777
-0,000424090715544219
0,000498570321293176
-0,000116691121180757
-0,000328808590294546
-0,000839214238078379
-0,000125167442444327
-0,000169676952383612
-4,95491209395597E-05
1,34096784171997E-05
9,04104810817555E-05
0,000457030584274626
-0,000277853920555843
0,00640113262172325
-0,0527101523952532
-0,0514031194563233
-0,997263718820787
