0,99988841493394
-0,000337502638911845
0,0015225990072875
-0,0137715142156181
0,000861034473375137
-0,000784882994477557
0,000348258750156697
-0,000305772030684768
0,000275409755236079
-0,000622585336852755
0,00137534354915696
-0,000213938930722646
0,00102297201884881
-0,000573425882286407
0,00117851212304081
-0,000783768805696566
-0,000759273846081142
-0,00246079041596183
0,000457342320078302
-0,000785520236414425
0,00131193070567191
-0,000733494684244672
0,000330817062319192
-0,000312609058953654
0,000764773686821709
-0,000623404183609372
0,000616653917877986
-0,000133406730938202
-0,0004185384407402
-0,000498727745136874
0,000905500929317168
-0,000207806805649482
0,000841317986138038
-0,000356456825271176
0,00142756972252287
-0,000576260342820827
0,000501814471517923
-0,000444625506334996
0,000408194076802596
-0,000640828211888334
0,000132399466992177
-0,000262424469907282
5,20455364009819E-05
-7,67027907017578E-05
7,52374438588945E-05
-0,000883089497935177
-0,000256078967872055
-0,00136155859647472
4,31085791957188E-05
-0,000473760822923149
0,000608600811997167
-0,00081448698133772
0,000684929296741192
-2,4178127949353E-06
1,04376278024964E-06
-0,000491811453250444
0,000283561222666101
-0,00122112894678205
0,000320356460393467
-0,000643010802323176
0,000213697907794305
-1,43456992027812E-05
2,64317488013724E-06
-2,56101331965497E-06
1,54827177974906E-07
0,977168154649141
0,006966399752598
-0,049074049486145
-0,00204863902885942
0,000586469930110303
-0,0132359045980934
-0,024002718961767
0,0224062403899853
-0,0125256291073972
-0,0215397907843487
0,00886336849684682
-0,0267270424136751
0,00533218605406982
0,0371493578321091
0,0286656756987643
-0,0201473574705163
0,0105258288363801
0,00195672819902338
0,0120088996954415
-0,00988798858960219
-0,00730371024273482
-0,0130671504043189
0,00275046465589165
-0,000843503051879864
-0,00412716547183571
-0,0503768593053706
0,000396199148697019
0,0139635957134676
-0,0351815580678105
-0,0548895276173849
-0,0445536677966884
0,0256014698423497
0,0265976954698122
-0,0385622026330423
0,0667276504124345
-0,0744276764595608
-0,0129877440842704
0,0442048122112999
-0,0139396412820138
0,0122851696173521
-0,0696321068599697
-0,0204070540308942
0,00599359866918881
-0,0307886529084803
0,0344872623647334
0,0182017380190776
0,00442764834940386
-4,75872693519887E-05
0,00646827910209318
-0,00754411912601891
0,034035163745491
-0,0266824206558493
0,0107101161135627
0,0059945556260376
0,0133652098219473
-0,021063637799342
0,0370446821600283
-0,0105670397772535
0,0207494021789798
-0,00687541972932935
0,000425210790134903
-8,36319368223102E-05
8,06448503138471E-05
1,07347112450741E-07
0,000818506061470097
-0,898272896139794
-0,142523388615937
-0,222937057611801
0,0123152873586669
-0,0392359640433303
-0,0135234339129868
-0,0421048666975838
0,157728451894083
0,0344466282251984
0,0331789127152204
0,00627179409454307
-0,118026947775362
-0,089982290822654
0,088585162428687
0,0277279700255614
0,0205196030299991
0,0564051068473556
-0,0528272150930686
-0,00515334416485464
0,0527564594176664
0,00575044092858868
0,042861694430118
-0,00149988198068966
-0,0184840409198353
-0,0794601385773553
0,0344722248476923
0,0334357765551993
-0,0358851424394453
-0,0035863507695265
-0,015634819721283
-0,0773591357251985
0,016859855997034
0,0392157797088997
-0,00764018649800856
-0,000395060617050678
0,00746856689075628
-0,0141469444181692
0,0357139794229558
0,00419489879087999
0,0214942234449424
0,0330952414605345
0,0334127977249129
-0,0254744358031657
0,00364374342536488
0,0180688206021222
0,0126712068237574
0,00731634226037018
-0,0168763382944168
-0,0222039285944955
0,129281289164629
0,0429295604197868
-0,01852131788696
0,0154445361471977
-0,0750439920929542
0,000917302078046193
0,00163563267952872
0,0318643548821248
-0,00278218593989501
-0,0121650472461042
0,000917330347847816
7,19402867501616E-05
0,000103046585433859
0,0149196498372935
0,0216899269287084
-0,10056794809135
0,921711201352799
-0,0605438434753952
0,052940035428254
-0,0321668452262392
-0,00617604453832086
-0,00548926672616841
0,0381751978340112
-0,0913757216926243
0,0235100778043669
-0,076857856417829
0,020799749960733
-0,0714595946192607
0,0348418616533606
0,0532126420916122
0,170953494370054
-0,0389191256963965
0,0394195461022871
-0,0987262953595548
0,0485382141884816
-0,0242067864193573
0,0202918652136258
-0,0530175999868395
0,0410669912950853
-0,0422443106486895
0,00317590939828328
0,035855382912917
0,0324148847156675
-0,05525765907038
0,00581727644073063
-0,055682048857166
0,0172488982524982
-0,0933279685461069
0,0362799758623943
-0,0320789654308621
0,0317366815161712
-0,0248240052322335
0,0434153169720952
-0,0110964887521329
0,0164472417189773
-0,00190165493605088
0,00544117906042095
-0,00406789748738822
0,0553008020097566
0,0181705732833535
0,0912840836421627
-0,00362730298042352
0,0334301542846224
-0,0427415940970731
0,0553913224992707
-0,0468494058501348
-0,00072162769309369
-0,000492707330226723
0,032060086034819
-0,0194587007970755
0,0824309400121571
-0,021742245544857
0,0433682016025075
-0,0143347774065011
0,000966782185919206
-0,000177969102099567
0,000172701735026494
1,44219042906786E-07
0,000859514718910818
-0,0980436132686515
0,0200824958182928
0,836411273809411
-0,0120109755698409
-0,032852111334455
-0,0725081159382414
-0,0474295831270908
0,195914925690891
-0,00274741642311099
-0,0111124694055994
-0,0207518754644734
-0,159398124266107
0,00794586974570136
0,17494579922335
0,115476677238278
0,0324649235721286
0,106392256216975
0,0221847419075452
-0,0404080542634256
-0,0903764585728747
0,0594640785338277
0,0422455957738915
0,0391521672073446
-0,184473090544763
-0,230057331952958
-0,0365163625976385
0,0724932875704559
-0,0347735724427771
0,0129985028366289
-0,016876135553557
-0,0576791277551701
-0,119305012291439
0,0655668890144574
0,00527574163391112
0,0155429456134714
-0,0149217152674548
-0,0656130268827539
0,0843060768275433
0,0276883741602971
0,0179602507779499
0,0431254064088081
0,0020426687081515
0,0432735779423244
-0,00679146557566501
0,00329142241471265
0,00119034646211169
-0,0294639760242335
0,0456203997896439
-0,0172244584816158
-0,0449197741687787
0,028223304831046
0,0340897973253926
0,0308978633672058
0,0201909245106228
-0,000548060850333306
0,0317335748301109
-0,007023041467397
0,0170578771974215
-0,00197439488032223
0,000243518347696845
-0,000125948036670017
4,47829188246208E-05
5,33697177925637E-09
0,000267786131992931
-0,00759613526337986
0,0253029688740248
-0,0141737422967196
-0,952814834111998
-0,104681512516382
0,0355701177187985
0,0358975955237588
-0,0207558669602192
-0,00332153224510494
-0,0216862414374815
-0,00532217824578774
0,0472806923297578
0,0231001663912285
0,0203504252178555
0,0552747136170924
0,119283535799677
0,0171168142738815
0,0298516922281364
-0,0700114471165046
0,0279345787870949
-0,00176431802797885
0,0168949749796929
-0,0543793253964043
0,0387003820618863
-0,00294561327174475
-0,0013602708938193
0,0288140210600264
-0,00811314500547822
-0,0181347776521295
0,0172388563221641
-0,0191335560932954
0,0519150123689684
0,111013473211213
-0,0239869863044484
0,0332594877135342
-0,0750159385191455
0,0449306353056672
0,00155710622770928
0,0125389425571696
-0,00598312965524342
0,00407088521770715
-0,0198939562995773
-0,0101620314799824
0,0211874879930622
0,0161333416785059
-0,0468837868320622
0,000358559150261936
0,00320337348009258
0,00685407904742005
0,00720333705849961
-0,0077918586066383
0,00414135957980412
-0,0147369334020424
-0,0135705720420275
0,110820488777304
0,0306328990411031
-0,00311816929453506
-0,000556970499186213
-0,0320729605093501
0,0013324725811538
-0,00174751022301233
0,000641987441422549
5,37335644028447E-08
0,000109881107491813
-0,0130693497722187
-0,00102496662461344
-0,00784106005035438
-0,0358094419151513
0,365246890357159
-0,276151446219014
-0,318358788755269
-0,0982270207274978
-0,254513255825114
-0,557087236570803
-0,370668594982555
0,0327337252290291
0,0530620734411566
-0,105357980802405
0,148848004114016
-0,16451033706966
0,000409967740945282
0,0164193795098005
-0,012165107407262
0,0215469078200105
0,00303241723904923
0,000828515740768291
0,0226821068252999
0,0936941724169332
-0,0314694004628529
-0,0188470413738707
0,0444035430118779
-0,0249831731701591
-0,0224141807601685
-0,0282023343741411
-0,0234056814223785
0,00888531291326381
0,0852066974197362
-0,0309021155609378
0,0170933504648079
0,00499096471682898
-0,00274255934264924
-0,0311654477995041
-0,0116114906177959
0,00716701018193179
0,00412049514095382
-0,000992354753163103
-0,0269321767356458
0,000430759788431742
-0,00101278055943468
0,00889915673831372
0,0154777212905091
0,0682096605257764
-0,0255900681004536
0,136001090696044
0,141889989391625
-0,000527526565296384
0,0622122462994183
-0,145040541891797
-0,0002194199840519
0,0286822710100801
0,0643758380959754
0,00392640292615083
-0,0212644186051819
0,00188121856238602
3,51200820851187E-05
0,000204160182311663
5,36957667107231E-08
0,000234263415327115
-0,00153740921524087
0,00340479701717937
-0,000926330948216835
-0,0459842664108751
0,484869879785751
-0,256724912522006
-0,214507279446339
-0,02992491899167
0,00797994173715217
0,201783154674591
0,245087516427041
-0,0523329942169105
-0,0234000300012775
0,167905582193047
-0,299825902623654
0,282368413215211
-0,128580165034223
0,0410368819044744
0,0915143007846783
-0,20248785699881
-0,0408658476411516
0,0229209457088686
-0,0520099987060025
0,20455550558503
-0,0550796158067254
0,0544831536496311
0,123224165445646
0,0621327784235029
-0,00647101580076427
-0,103371962831681
-0,0668037153255478
0,04655458824186
-0,0106978405451543
0,0430176658539453
0,0569006803635991
-0,118248940314084
0,013936916527395
0,0866432669258373
-0,122615366365626
-0,0785365302650423
0,18332540122665
-0,0174600925721497
-1,91071027622381E-05
-0,142893728701517
-0,0684751407229816
-0,0430825388852568
-0,0130666333715874
-0,135674556397648
0,004823036344337
-0,168628829697726
-0,102020306643059
0,0372000045654208
-0,00904340764425876
-0,125319711856113
-0,0140515918035457
0,0242930426576732
0,0772908003157865
0,0238902415615877
-0,0184214978975166
0,00251615841454795
-0,000410862441656833
0,000292228713073832
0,000388558991048618
0,0116576192669405
-0,00217495405747511
-0,00142394895077015
0,0131630919127947
-0,00149240258097942
0,0679227981734386
0,378211710745013
-0,219912265882277
-0,0237011168935564
-0,0859823931238218
-0,0168996466734748
0,0238996878818029
0,248680516536087
-0,153927080226031
0,420372844578007
-0,102229710671012
-0,18853050571249
0,0176693137083443
0,0877894264164801
-0,065343138322659
0,098085499965601
0,0865314430307962
-0,0632551036900277
-0,0236991430104535
0,169264679910854
-0,134068066486775
-0,302601570947935
-0,196620152434784
0,105200806893737
0,183361911398993
-0,0396433799201573
0,0350352739816491
0,0477884924349954
0,0894243337030115
-0,0848760630080557
-0,0820328266678827
0,188915334771628
0,175881131471855
0,0618804990467994
0,0947822281685872
-0,100568613178872
0,166425883895804
0,0142634924635846
0,205657614909674
0,00877984747430841
-0,0573619473808739
-0,0262693692088519
-0,0170144969116357
0,0215960533823023
-0,155183443685799
0,0298239493145125
-0,0532060548752841
-0,0872453773655181
0,0366322188340261
0,0193155352014481
0,00873225106156042
-0,0257957584962013
-0,034025649240188
-0,00916262122441602
0,0199636360169719
-0,000402915941043217
0,0046783648424808
-0,00109344745551982
1,9990783350901E-09
0,00278301403087163
-0,00185049402845266
0,00460658504929111
0,0167287585269431
-0,0829109183933456
0,0101284637949407
-0,0128239219845976
0,0255598668166165
-0,0937808829219822
-0,0407856450079536
0,00676827678762214
0,110137055049496
-0,0812750626115342
-0,686123478553206
-0,258529829747843
0,0442063152078904
-0,192272610286645
-0,150054757892813
0,0696175591682996
0,0453193542333044
-0,194101229926346
0,0260756731653101
-0,00181062818835279
0,0506468779252233
-0,081812958882626
-0,0603828854830319
-0,11870902486747
-0,134533671039883
-0,172051493263165
-0,197374816317612
-0,107875819861116
0,0366805103966616
-0,0971187429332774
-0,0721855821948432
-0,0510050157923052
-0,0409435703051981
1,77965234500112E-05
0,0531834791821336
-0,0172010641296852
-0,121274170875682
-0,0279391432384303
0,00167935521013501
0,157429166422048
-0,0426804050675121
0,0181382773059133
-0,0326574199469584
0,0399064047007947
-0,00888763464178888
-0,116501731248594
-0,142012687919583
-0,0870729184053
0,0456352799579053
0,135532070016111
0,216281555829013
-0,000223990905387903
0,0144745089676339
0,0836803265796653
-0,0779400844076427
0,0489043579896824
0,0163405883025037
0,000233940524219897
0,00307401610568831
-0,000708092052128032
3,74783724602565E-06
0,000905548403133443
-0,232579794366264
0,0251075230628794
0,320762816181297
0,00284532574082886
0,0227799102670566
0,0523176526903863
0,051354824100967
-0,237787142276829
0,0572159028593302
0,0674798545694027
-0,0817991662172442
0,366455865319468
0,136882176620897
-0,300669936759035
-0,204831644904075
-0,00143626411701389
-0,204577030390957
-0,000298619401305855
0,0586713859160908
0,0464181328283001
-0,130219423282348
-0,0386659425061302
-0,039933241618209
0,11718135874657
0,104083014571193
0,181284109641422
-0,0783030032900004
-0,204565264189052
0,0317108498889195
-0,134002115099943
0,155436834408151
0,174906344938913
-0,032668128813592
-0,0846841502457226
-0,019968595475833
0,081374394905952
0,130664134793207
0,0299177347557738
0,0358116254025299
0,229405339446374
0,187109311037086
0,164972504953384
0,157957375323573
0,0803390192616031
0,187220225922638
0,0550113323206043
0,0217989809232592
0,00071342441056728
0,0888359625052219
-0,0524100275250706
0,0386719712740535
-0,0222599494252748
-0,00151140771073902
0,00371802578925347
-0,00681698244073089
0,0360750485411789
0,00939142516169878
0,00157467137196006
-0,00378193216316472
0,000325563360849026
4,18461984758453E-05
2,20678986043811E-05
4,79714917023249E-11
2,02212467293568E-05
-5,59762646164264E-05
0,000763944336399842
3,09547555035633E-05
-0,00112534428918782
0,0200679623800431
0,0240481675905873
0,0311339162007801
0,0573337999724128
0,0150211846493125
-0,0337021489454039
-0,00809244531048799
-0,0358485528183742
0,0148890658774952
-0,115864860430645
-0,190636864015739
-0,0815980950472969
0,196508024302445
0,113819158162063
-0,233479949850293
-0,141782144386171
0,0375791466257773
0,137045122333875
-0,371533423921997
0,0679551267493015
-0,00518156045493407
-0,0350342822001439
0,0316869382997756
-0,0381043848679356
0,0155568770997141
0,0471162318251179
-0,0413184855598578
0,0223004790517331
-0,0621277152393652
0,023213833502093
-0,0702437983055655
0,317103115817246
-0,259217985306585
-0,0871235848450003
-0,189032135706767
0,0614089558960564
0,145360264974586
0,0452239995972688
-0,111386138920293
0,24639907292378
-0,0077407374977229
-0,549045497187517
-0,0432126752279956
0,0361942535555618
0,0598721895201254
0,0089032595211017
-0,010303736476018
0,0481563151968008
0,0346995540427888
0,0238621832947047
-0,0681173590039871
-0,00825799495302238
-0,00188025581770625
0,0132817703165904
0,00903187580179754
-0,000494118184018682
6,10839157146955E-05
-0,000102031576725614
1,99886658558389E-07
0,00105382807515032
-0,000904916811104429
0,0013021041872249
0,00384998433318576
-0,00808283488949726
0,227975037769823
0,210809609005364
0,264269311956761
0,272878955641599
0,0362398437856078
-0,18771497129597
-0,0149924847309109
-0,0474546512164244
-0,035191225083659
-0,241674184921384
-0,264854468535503
0,112838933132445
0,238411950557435
0,207879472929241
-0,286211786380705
0,126497416194107
-0,0398056036216482
-0,0856715750910507
0,283873205632148
-0,0564051794207735
0,0118877665491734
0,0717580778197963
0,0228383653703862
0,137655809020397
-0,0691173509645428
-0,252007216929764
0,0327702948046258
-0,147259442529003
0,000712593007671022
-0,0476901293981812
0,0556356823817066
0,0371353236324975
0,133248878947779
-0,0194249462453434
-0,138069737298585
-0,111373874657986
0,0286421485680732
-0,182962032744769
0,162683007488417
-0,0979776997258163
0,128706086630118
0,0334640449315853
0,12012873810151
-0,0739622393465233
0,000428411169511222
0,0344400793454051
-0,017306028554265
-0,0435687693314336
0,0178433907915997
-0,0415580213980285
0,00171178055775328
0,0037940864924518
0,0164569940816873
-0,0240659157814611
-0,0242343879834641
0,000894502439876003
-0,000174879020206754
0,000251930691392507
2,17665936331018E-05
0,00661670016432914
-0,0194521366204676
0,246001436102922
-0,0268688292604349
-0,0807700241552666
1,00005959574023E-05
-0,00410065570973481
-0,0726522055384438
0,1912018979287
0,108184006761386
0,0691080464751089
-0,0478953294154005
-0,160087778090616
0,157764697304726
-0,047577192622007
-0,280382442498063
-0,518626648970942
0,0325228906275793
-0,189852538345103
0,310225042045551
-0,113573119797479
0,0276123717586738
-0,0519434881500169
0,16465470226453
-0,0445363149192243
-0,000784871228124391
0,0032282754990413
-0,0582011933776728
-0,00231796455684653
0,00271896691064994
0,00956411067011663
0,0571511011633981
-0,00606533226444039
0,0742054833545567
-0,0238232995366404
0,0749422020057265
-0,286227274700727
0,217696095005722
0,0552699208825361
0,0470371741417643
-0,0477171884000489
-0,00628191955046937
-0,0580990279945165
0,0338699924030957
0,0809170034360563
0,0551502416340242
-0,321611219906389
0,0212788689270116
-0,00710448233846024
0,0617933121744116
0,0324547030416695
-0,0229521446040205
0,0339296102972383
0,0559458318609913
0,00757293737400085
-0,0930973324243009
-0,0103116834557481
0,00718244893121131
0,00336748421657989
-0,00203852543813831
-0,000164437990948148
-9,69396015113643E-06
7,16940534099254E-06
1,13548027029024E-07
0,00105113265762949
-5,46792773448466E-05
-0,000275838898832437
0,00118993733531222
-0,000482960864681178
0,0258616459764592
0,0901326894313381
-0,00935037465660563
0,101961783176781
-0,127865036296066
-0,0536098907423323
0,117266909910539
0,036810944778856
0,0354241955985255
-0,151878213570851
0,027908730444122
0,082080600800544
-0,0489369641665512
-0,0230695127893733
0,390315584526712
0,115677964921789
0,0107590755634839
0,0152278248006018
-0,28638878355001
-0,214249286897117
-0,0276077707271886
-0,246614600795502
0,414325657474134
-0,0757370605280169
0,0248044346686782
0,0983353116681124
-0,0424936661666558
-0,00196324436762707
-0,0604981729930367
-0,153005644398356
-0,0425843526203854
0,195121538318618
0,240804518665025
-0,0703880790347129
-0,0982910634804055
-0,114710827809144
0,0607623603119108
-0,18305877614956
0,167580681239531
0,0482591716318496
-0,0425020246204411
0,068085416717895
0,150432115868928
-0,124785922430834
0,0962081984154162
0,101298570119907
0,0516180319591152
0,248561768482121
-0,0757348423317416
0,0667167478090762
0,0180310161640213
0,017898963296058
0,06196561284836
-0,0102380866728358
0,053205999988362
-0,00171960882651038
-0,000134712346236881
-0,00053814418777118
0,000388272093623501
0,0113387765477439
-0,00525762715473241
-0,000466280326662633
0,0697589651005304
-0,00293435935213355
0,0442348493840308
0,220618439915094
-0,108852086703785
0,124527231819605
-0,160461186076587
-0,0412111841291773
0,11848528371961
0,0214641916120879
-0,00997370312533508
0,229131966479646
0,129676439243109
-0,0985946287755026
-0,00309285113753105
0,202188647203091
0,0587679166874779
-0,178166325465087
-0,0584461443196204
0,133885967885546
0,0601086457801987
0,109377370660891
0,171051505662228
0,435387599744581
-0,163669682465502
-0,21565057542652
-0,133968597934356
0,332864077730067
-0,101488811638192
0,0690677182459282
-0,157386354011565
-0,0885129074241195
-0,00649852719265963
0,0659322063718535
0,0819806333412091
-0,168383295053727
-0,116693209120676
0,0234784753745922
-0,101252495382334
-0,271172824420082
-0,00597321366206827
0,032203758864587
0,122762874615668
0,0455222476057931
0,0899860836109942
-0,158827207653084
0,0870392529378887
-0,0150930014304615
0,00237464808755909
-0,0295285130375396
0,0535816851896871
-0,0731939549191539
4,02400434334885E-05
0,00361389652630285
0,0137361303385992
-0,0122113744463513
-0,0900499458917174
0,00274246157091437
-0,00473610858672685
0,00175199764460942
0,000213717582237425
0,00146447091654234
-0,00899267963988636
0,00161265024978387
0,0292019656527331
-0,00137798387156363
0,0649851822510135
0,300712407700444
-0,232728298799636
-0,214183795660408
0,208330395199008
0,0361839873977914
-0,158150321194747
0,240357933452393
-0,121866223538351
0,0710218605549717
-0,181764209494574
-0,0120084219874307
0,0829832680188409
-0,175419949063153
-0,0566354754752871
0,141643271689171
-0,0759129461677646
-0,0524722797498502
-0,0621182338131078
-0,185303595042363
-0,270206921530424
-0,00835711005350475
0,135498785703299
0,0486154785079268
-0,148468987817912
0,0471541213330487
-0,126441902963536
-0,14040559514057
-0,164317634897309
-0,0295598365872377
0,173173814336992
-0,188289927258138
-0,134474758611615
-0,212929439327809
-0,0640293080245957
-0,0125665035347226
-0,141204436744448
0,00599655109487446
-0,228666504196732
-0,000245060680847791
0,0267146933399416
0,0396558136386983
0,058922849750093
-0,0364597296800819
0,300311149930103
-0,0828626798671664
0,0626034081029944
-0,062645289426515
0,0548142837423513
-0,0649655597279867
0,00116840239582771
0,0537989007258729
0,0783156410686936
0,0048073872439274
-0,029313323111508
0,00223034526164832
-0,000474218316520136
0,000360746416336979
4,64425868697902E-06
0,00292578434795942
-0,0403919316792319
0,0558669452045311
0,225306634872666
-0,00374238218789657
-0,000797168507265621
-0,0100337905137132
0,0580145758679991
-0,189700547953139
-0,0562818754453067
-0,0878407484685559
0,174647866824269
-0,12753803478086
-0,221033793698358
-0,0729342447179139
-0,0290327579931458
-0,0781920215772178
0,0385654530336374
-0,0978860098481439
-0,0120232075950389
0,155079510386488
0,0725241953327041
0,0747107314670876
-0,00154737916910033
0,0635379080498205
-0,0104485486973486
0,148761437443795
0,0924820033984294
0,182823532225764
0,285971607492573
-0,106556563198671
0,199092078412406
0,404736154570912
-0,12318429830738
-0,0560094634329821
0,057539153892647
0,00592752340437867
0,0258334187852388
-0,0999387527055847
0,0685676743156848
-0,101046249370333
-0,192865226237081
-0,0824186114256344
-0,266000915313867
-0,0341049234487117
-0,130978675444084
-0,0784568611218353
0,0789703911750679
-0,196807431633502
-0,0263047153071377
0,242745948709908
-0,149441374509019
-0,108160354819991
-0,111972518031953
-0,0625809116990313
0,0174903408065201
-0,163454248767229
0,0321482771259456
-0,0749961392302829
0,00899740112349523
-0,00119396117803208
0,000469834641322461
-0,000193172845426955
7,96785122984455E-08
0,00258063320067337
-0,000629073564231609
0,0102172795574113
-0,0013975923117179
-0,000356956403209345
0,0250428018369672
-0,00845720725500146
-0,0373241757090204
0,0219555985434658
0,176399922430245
-0,0611646430074532
0,0966985414836763
0,0657438472868488
-0,00622810244656791
-0,034927555229014
0,108864910005373
0,0228625513815172
0,0959434549008061
-0,0139041062756708
0,0424499004427836
-0,0336619789640631
0,0404330685677963
0,0133896021446617
0,00589297674758784
0,00750917987969105
0,100507312662767
-0,0352745565894023
-0,0795454019409837
-0,118822277327898
0,169515336594046
-0,0177362801904123
0,0691346092268202
-0,0840017191156862
0,11273690474648
-0,057423213569475
0,00887976715726576
0,0938117117629084
-0,0507980260401821
-0,129860771909702
0,0626998902320643
0,0431569086464165
-0,101240135135557
0,0797519147674083
0,0744253415587306
-0,299395136069802
-0,0885090124911579
-0,0442062827518742
0,0204539432382421
0,0686333511368542
0,223740735928007
0,209105149063892
-0,451278724009325
0,0880878254375493
0,0977729201051751
-0,0864181755348851
-0,152992475699314
0,494976662024839
0,0528894474570936
0,24078825757976
-0,141369140054469
0,00240001267950353
-0,00137058904871045
0,00125092770192007
4,04070253574304E-08
0,000117397815486172
-0,0155218888086398
0,00694193093895258
0,0190799840092125
-0,0145403886110076
0,318640250095504
0,109133824761737
0,403348208938653
-0,0474776675279055
0,0514193903198995
0,193587228962286
-0,20258681219344
0,122723251286505
0,0454449035319066
0,00974314553523379
0,299154499666837
-0,198386709749826
0,0319115407731567
-0,0219803738159831
0,0530533979275988
0,0404179930088505
0,212349900128629
0,0470984152529681
-0,0218230954415102
-0,0130326966862591
0,00449937985143368
-0,0411342874101138
0,00189840021983852
-0,118382898043977
0,137631576506785
0,0654949320219338
-0,157522138070912
0,1433766543675
-0,0745177244110327
0,0961243303703648
0,0169038541087445
-0,200655759669152
-0,0963773705650972
0,0958968862790762
-0,33438792425948
-0,139337036681555
0,300574275967966
-0,0089458486555731
-0,0885491514715176
-0,110239156700479
-0,0641078382894507
0,0585675862742995
0,0966467130964603
0,0396779216391539
-0,0173501110961716
0,0716425503432096
-0,0433084353199876
-0,0847188598165607
0,0336092068417311
0,0299496767325873
0,00839306461720498
-0,00339337662578792
-0,0495211779129421
0,043302291327069
-0,0206011124294353
0,000851937923867605
2,77571569011184E-05
0,000210150365209425
3,46498606238228E-11
0,00017356745240568
-5,15320110217969E-05
0,00100363360698009
-9,53342706888297E-05
-0,00107888885673613
0,0118910806173468
0,00269324195600273
-0,0240408584171039
0,0155723469088697
0,077765789264793
-0,00350925655521162
0,0837132415987315
-0,0175691425073164
0,0603418352689694
-0,0512934784824751
0,0854872644308229
-0,0977580301868096
-0,121958133047694
0,0983214594410448
-0,106284924649047
0,101620295966584
-0,0364935525084262
0,0186661800594946
-0,0106897928389881
0,0605650251040228
-0,132923968235946
-0,016699618759538
0,0707424205513224
0,0740966600932075
-0,114159750398886
0,0393383655198293
-0,0485834553052431
0,0421756263915311
-0,100962855753915
0,0319082494350094
-0,0478402396801978
-0,0103483963295503
0,0309181113542423
0,0831011648123555
0,0639468280034185
0,0361254769727446
-0,0521646594067891
0,129579832133044
0,169576009388403
-0,133338999118981
-0,166249815128041
-0,0949299717408533
0,118321406122892
-0,0309931848277724
0,182992311657592
0,00691333927244994
0,109462257623486
0,131198280840406
-0,125161099767219
-0,220090761255177
-0,119181639426921
-0,176436809223465
-0,586195137124777
0,0187214603964946
-0,448051134115228
-0,00449088592001128
-0,0460731356512476
0,0129920314336087
7,99090353741732E-09
0,159143252079355
-0,00213001991053763
-0,0058597009545209
0,0158828753042992
-0,004850483468068
-0,00857788491757167
-0,0389663642963136
0,0262805138298288
-0,0482762003395338
0,00744250322893507
-0,00884370817262814
0,0258152470253459
-0,0185038674162775
-0,23715165749297
-0,0717132084865864
-0,0316767008588609
-0,0892594147282204
-0,0419823436279429
0,051538004705487
0,0252953567218439
0,0403425880959347
0,058421707932004
-0,0896623374292436
-0,00202673282006873
0,0523706211403273
0,195372728718673
0,0658219499778853
0,11902286760092
0,339461887934576
0,179956975604815
0,291834953426757
-0,202338627505111
-0,128097011941702
0,0174761889725941
-0,324661247193017
0,408310904188317
-0,0172100810119281
-0,17006521677657
0,234002332890769
-0,0136497783917101
0,348419666826234
0,0777065479574224
-0,0631773470490424
0,18220331438781
0,0362958948236344
-0,00310007301937016
0,0185759824809532
-0,0151052382630469
0,0795329703356576
-0,0066945585022559
0,00101490691954788
-0,0176628201326881
-0,0215524794371693
-0,00492030598348862
0,0147021167519506
-0,000989371400357639
0,00177842211611234
0,0070530725426238
-0,000756971412864671
-0,00096489782233441
3,02265288278237E-05
4,40930574776234E-07
4,29424157022607E-06
2,84179988709428E-07
0,0421838609082258
8,87590306051067E-05
-0,00481765692491051
0,00800065612387014
-0,00378379154298696
0,121986709256072
0,329604145917258
-0,0654813984620603
0,254351132275861
-0,313308869872568
-0,0624106693234403
0,241334100988624
-0,0151060996151831
0,121368750640138
-0,351523523479272
0,133453855545932
0,157323965825658
-0,128656607700961
-0,426533526174191
-0,0151105486360835
-0,12818718134076
-0,0345094814911305
-0,0170013027906409
-0,0490546315926468
0,0112590424845909
-0,099940112829614
0,0124018210304431
-0,177734631157895
0,0574676792716322
0,0475768910529521
0,0472568103789673
-0,0426649648094299
-0,036917036162041
-0,00357789833916149
-0,0588120448193123
0,12359995019979
-0,0522444471765833
-0,112621896517451
-0,0767296443711112
0,162284766434758
-0,0954659818596847
0,163219774941901
0,0890436289741874
-0,0620691098109642
0,050947501699948
-0,0790264587230928
-0,000633480243670168
-0,078203762594089
0,0782748347520601
-0,0398837294069003
-0,0664374379459008
-0,0365171319723789
-0,189064873472194
0,0633094829355619
-0,0602733149319669
-0,0165895577372858
-0,0167067218515509
-0,0582394836811745
0,00942582451193176
-0,0508978951876277
0,00164950277338388
0,000121596192835829
0,000494596177378846
7,30684599894428E-08
8,08198488789812E-05
-0,00961238250124669
0,00182340807731059
0,0264275889377344
-1,99705941278962E-05
0,0102883182383753
0,0504555868896879
-0,0273905653500311
-0,095140345800615
0,0566838523229582
0,024076056178058
-0,0589110433734812
0,160903205085918
-0,0225216557458673
-0,107141364827984
-0,134212564835465
-0,00684623082825016
-0,0670643987236378
-0,0709950036667335
0,0215676647667437
0,11920693202313
-0,1456552489096
0,0484723494602722
-0,0460982628933836
-0,037446355748432
-0,141488567311784
0,308598443973548
0,0523890929878137
-0,14917468461234
0,0449317413992035
0,100680199377024
-0,0874872738726436
-0,2760795355687
0,172311115870669
0,180210836721478
-0,0968157060729599
-0,0655212835827672
-0,0705739108706052
-0,0950191497336644
-0,00230408224281934
0,0717949255925594
-0,0245615504397583
-0,25346846436991
0,117844751179733
-0,100204202497168
-0,319221464524953
-0,102245886065374
-0,0820558922897807
-0,0124290115064505
-0,495590743428686
0,178132244220914
-0,140898744715735
0,109632353362951
-0,011410652750444
0,0408477327302322
0,0156874293365764
-0,0997626411652999
-0,0988816140944939
-0,0102818176918506
0,0428990097641181
-0,00294369061280958
0,000809682481626753
-0,000531706313396168
1,74377137901372E-08
0,000155127229542815
-0,151740141472781
-0,023216019105435
-0,0401527991948208
-0,0524965719005412
0,0721030720221747
-0,0742100849260585
-0,0951664732054671
-0,00595149561568923
-0,0863147328714609
-0,18276557214701
-0,133052409510691
-0,0146372770826665
0,0248672502169701
-0,0174924577846836
0,0699194132871856
-0,0650558065433363
-0,0176708714313739
0,0191862275996595
-0,0460759672109802
0,080973224858419
0,00746568777032229
0,0203320423242702
-0,0513754514753786
-0,121147232556351
0,0378692382235536
0,0023244508939495
-0,0909074150746763
-0,00392840097261141
0,123325555131833
-0,00545460996676276
0,0743857986262134
-0,153401779708316
-0,236967795772635
0,0393627712745239
-0,00214478530735372
-0,0413657748512441
0,0281709800815916
0,0528035737144017
0,0127161292366297
-0,00943713655743443
-0,00438214144069897
-0,0373364844017899
0,0162301266229165
-0,00756647614719206
-0,00513456188065888
-0,0198491700875875
-0,0498247207874382
-0,231151531599305
0,105871177463378
-0,451463759844837
-0,452061243203347
-0,000954201529077515
-0,182953581495215
0,428571920499343
0,000470471867546279
-0,0793375943837447
-0,185209319915988
-0,0118381388208582
0,0605380230167483
-0,0053759659852897
-0,000100745166167059
-0,000582140211724672
4,39011871091584E-06
0,000903791166468532
-0,0198004484722654
0,0556505457739354
0,013394175054385
0,00565933203892415
0,0368472264549387
0,0645841033199593
0,155352914439445
-0,354910140040581
-0,0516639168491538
-0,2196655439291
0,265548149611385
-0,257328307809189
0,0909667353551596
0,145620318106289
-0,0452465250752374
-0,0161231617928655
0,12942594137532
-0,126455088335081
0,023162117292436
0,091050436774219
-0,0768071366123797
-0,0320427662404326
-0,0209371549403247
0,088045300266375
-0,0577642223686805
-0,0720691006100453
0,00731248213802048
-0,0907462235220212
-0,160558388637255
0,277358367413292
0,272378377230146
-0,289468570247486
0,105396508527803
0,0794800557252191
-0,0127549913228948
-0,0530976034035475
-0,0619377789379536
0,0485927573829352
-0,0828534531180116
0,0679214910000401
0,197669122144508
0,205409375254543
0,0149743421278402
0,0195015219516071
0,200017010612912
0,0360185998646281
0,285371793118888
-0,11658458220443
-0,0595084732167262
0,0920118391643617
-0,0873811868198513
-0,0645651406353023
-0,0619967180162646
-0,0285649808701238
-0,00279904618933598
-0,0332675612539372
0,0172679725979754
-0,0263102266347063
-0,0132308817395597
0,000316965765567053
-3,94234280842633E-05
0,000116822100278898
2,2901413800709E-08
1,78114706762838E-05
-0,000805778137968691
0,00073148483279853
0,00229433571485374
-0,00235473400088639
0,0937670204302095
0,0726150990986985
0,193569597240512
0,0322266814300138
0,120057782936604
-0,0814723232529342
-0,137686318836556
-0,0468702098260067
-0,0244457805552436
0,149441751457553
0,0595185421121878
-0,0156809842277511
-0,265495945361064
-0,0734404252183567
0,141231393751661
-0,0602164602465529
0,145258682494925
0,140490031362313
-0,262122753108283
0,063650827100209
-0,00856115447492916
0,11231072713649
-0,0455315588144959
0,116444438873509
-0,0559795239749574
-0,236179960523457
-0,0266348102645842
-0,0354316047680497
0,0727367878269322
0,0681458516840435
0,201430372179273
0,0116542246417552
-0,250551738224145
-0,176026363569944
0,0686639263367406
-0,201730259371845
-0,288776042101693
0,133183591727445
0,407662254335667
0,121426079437855
0,236901395251148
-0,0289546620702832
0,0824553996074503
-0,120876874947352
-0,102585250470166
-0,0213304521543246
-0,0341785711198122
0,0313493402464211
-0,0486566897964837
-0,0540216813406997
-0,0171614042540495
-0,00360931646114881
0,0459127169599453
-0,071794894463004
-0,00239145608723667
-0,000324049360950872
-8,09801731126733E-05
4,61754473858791E-06
4,3703731706065E-08
0,00560261186812822
-9,58939957715987E-05
0,000908828077189865
0,00184027046057957
-0,00192768254569465
0,027604999889853
0,0508692339718318
-0,0600669081297717
0,0389353888660572
0,0855621602431995
-0,00332011471422771
0,142341311476348
-0,0456144534750075
0,104569452270489
-0,0925676278879113
0,162155310151382
-0,141915356362581
-0,211055954228224
0,0981009681466876
-0,19268572986405
0,0933800759222141
-0,0580620111293648
0,0463517838344931
-0,00549199112439823
0,102044030561196
-0,125420763779494
0,0497213476415372
0,124005505135878
0,0617186208726593
-0,20216170841246
0,0942552633780944
-0,0752628586508232
0,0757320165802448
-0,203692982042039
0,031811171778746
-0,0538317439364198
-0,0212005046949899
0,0236325026888423
0,115590930548703
0,143102493821977
0,00322603048928141
-0,0490311697713108
0,155086735430286
0,171695911792465
-0,388250117578355
-0,0625579203927953
-0,240030188809926
0,121275211916751
-0,00291998330805992
0,0527473027340046
0,0728376613497038
0,0620147424951535
-0,0801903204170379
0,197856555111055
0,250195843683393
0,161704062333572
0,0348733621501662
0,25454216055834
-0,0603257536116815
0,318033714929568
-0,00450704993969636
0,0319541145017946
-0,00930970451041592
0,000243597509882664
0,00358285028138584
-0,00161986493542074
0,0148038224308312
-7,34163472852638E-07
-0,00591618010327634
0,148002505534833
0,0039941984312636
-0,123577332944232
0,00941165753598661
0,444748004810992
-0,251746141102665
0,124828801199628
0,218750694561026
-0,0900755691454094
-0,048178236134832
0,108947490819673
0,154996010351934
0,309341682417274
-0,170542982261281
0,123488517486226
-0,189184121927317
0,0633603325908194
-0,0389098200981262
0,0484536157801481
-0,199486144337881
0,0853994371682008
0,0653010839425134
-0,0649016546831295
0,174797942462935
-0,223621438758611
0,169567696053908
-0,00397435811066207
0,310733418507733
-0,0572450837803322
0,109600902328184
-0,119894008186711
0,034246950856382
0,00642587176288811
0,180248912387804
0,0347174003702615
-0,0185131314593051
0,0251842114999749
0,043831756183269
0,130466361256835
0,122602664031384
0,0312223977889761
-0,00397486920132879
-0,0173895468674502
0,0169800276704116
-0,160031248561998
0,0344244174919342
-0,0326145116088894
0,0193461419387569
-0,0432408911910638
0,0925455298174504
0,00314704282129647
-0,0424026247242213
-0,0645018407159834
-0,00378284262408014
0,0246553404814476
-0,00199539825408328
0,000394291293075284
-0,00031465714550493
2,03741560661044E-08
0,00938523640375028
9,37037928039687E-05
-0,00107199304610688
0,000309229967545601
-0,000120791146234835
0,00609561139249865
0,0251372734352014
-0,00775523531781163
0,0173046548860545
-0,030429402749345
-0,00491748758579609
0,0204170801822707
0,00826631938209044
0,0116757447898246
-0,0208508328428986
0,00972872501786438
0,0130177743463058
-0,0180769885378027
-0,0672941632572961
-0,00968385377491824
-0,021867424595764
-0,00328290899436573
-0,0107909585413576
-0,0176923045349236
0,0242254964947166
-0,0729724122004105
-0,0439481205722578
-0,104115858591959
0,039921667444758
0,0492188664976637
-0,0152895297319392
-0,00873261344918047
0,025598450965821
0,0444508036902294
0,0595095861099689
-0,0411192766107875
-0,00383503987442467
0,00299150249479869
0,0671917029319779
-0,147224855286873
0,133188511078368
-0,115424970433517
-0,0475241304955527
0,00817472148628317
-0,0349914522028881
0,0320540750489959
0,00261077905150541
0,0324373886834126
-0,0343916911890116
0,0356526401413433
0,00793026156958256
0,0213721222668394
0,053354433204934
-0,00858045465163933
0,0108453199966602
0,0165098679219822
0,00916426139917562
0,039192746446734
-0,00940990872209544
0,0821185432648798
-0,188159759413108
-0,902278873911962
0,180863905168949
1,30717830812586E-11
2,21762680440976E-06
-6,85526259553306E-05
0,000101819323783636
0,00113433031858586
-0,000885807113727053
0,00778940483644664
0,0049803500675947
0,0140654772361328
0,00420067655940031
0,00587101616598656
0,00111936581782271
-0,0102251533621328
-0,00909466325452702
-0,0075780175441525
0,0238156774325478
0,0325666117462009
-0,0207318381220306
0,0205833116596521
-0,00569415873383331
0,0238987780305802
-0,0311083586245749
-0,217376118683387
-0,0182503768259816
-0,06000037422186
0,00290641145631494
0,0366086762920093
0,0045275985354424
0,0068585690322851
0,11699476182289
0,041910002971331
-0,101380545439682
0,00760387890244686
-0,0166805455019662
-0,00731978070697303
-0,422151300972116
-0,474877067746335
-0,245232973897761
-0,233048839903583
-0,0133824719191345
-0,0253703344389265
-0,0367866113863617
0,0105550082052275
0,0138746176586638
0,0531787014275258
-0,00557620121271301
0,0172086164784327
0,0136363764982557
0,0128578043949075
-0,00661869987787275
-0,0560906929559127
0,0203370803094926
0,000500382805531993
0,035029526236273
0,0870429615886025
0,243620481554491
-0,0173674814585606
-0,132468909279024
0,291970822835626
-0,0260497468624809
-0,464435094080698
0,0126581835238635
-0,031560345690985
0,0101671298363456
1,90659401427889E-08
0,00166867656468927
-0,175468429814319
-0,0132668417328517
0,281933204143255
-0,00169651133456076
-0,017739047136429
-0,0338673673388688
-0,00733957875259753
0,0302174977034089
0,0388966598041818
0,0249927606630021
-0,0442301744601336
0,0465140661563086
0,0166280232935121
-0,105472332909634
-0,0857267510978155
0,0303733293090788
-0,0932819320445287
-0,0423319087138255
0,0251097869873788
0,137785363428324
0,0132378047299561
-0,170164121894436
-0,064561998295231
0,316343072530368
0,485454930227074
-0,337721635125788
-0,14817923586028
0,200521104159351
-0,245361734370913
0,188878073506065
-0,0938023552152887
-0,1202083697149
-0,0358937769310917
0,149356364550794
-0,0855452444695979
-0,0619640470190541
-0,00823105801163818
-0,158645760028963
-0,0870621337838516
-0,208358731268826
-0,143296941077843
-0,0963731219647698
-0,104425397173204
-0,0436192301956665
-0,102495665712593
-0,0199736514578563
0,00170577713065311
-0,00029316572959942
-0,0362826124164719
0,015623907350393
-0,0139494496263502
0,00890038679983998
0,000205312180463851
-0,00777436341240447
0,000837431375179049
-0,0136837966523192
-0,00886916579405359
0,00120983745979929
0,00260027329067314
-0,000172051672021653
3,79973511743671E-07
-1,72741539701288E-05
1,76220517273471E-06
0,000577654763168655
-0,0071724061962988
0,0249292396826068
0,0141818662091183
0,00216430151073372
0,00983889980513714
0,0169057083799204
0,0594602233716646
-0,191345070949867
-0,0466017853943579
-0,106295153181937
0,183918893030855
-0,144496988972435
0,0150389430439003
0,0632844625429213
-0,0288366682613773
-0,0452585964485287
0,138117726434283
-0,14717836222835
0,00155801009846879
0,212433314027075
0,00500640313690412
0,0885051679011326
-0,0238838967816046
0,0776167306725082
0,0365577186891134
0,0451976177622752
-0,0125633277652755
-0,0684648142878854
-0,063195517796373
-0,0707884412314957
-0,0139543176438458
0,0521893666574473
-0,0406845448297956
0,0153755271427339
0,0246224784918561
-0,068928745053805
-0,0354264278614589
-0,00676837841700103
-0,1548733249281
-0,08438868037966
0,0328466963374286
-0,100433507114807
0,273843558273049
-0,0242745413266641
-0,0135297724576207
0,0567948366057265
-0,704949786894053
-0,0484862951696301
0,226878766690003
0,078909421118067
0,165899570716424
0,0323770060489501
0,147219709474168
0,111524941083638
0,0156784887349891
0,0560441416693144
-0,0944259305375098
0,0275874481043034
0,0163686599978855
-0,00127373637134928
0,000916151858673916
-0,000326365585385597
2,10573289803192E-08
3,34605023191938E-05
-0,000639923840361464
0,000640988355893203
0,00146915438865772
-0,00544405694653154
0,0985857944822777
0,00812993901711086
0,082998814538402
0,00249668880449567
0,0457145692072994
0,0738374732039141
-0,056884227921051
0,0337267774918925
-0,00840898130227176
0,0593189424003678
0,120972332939184
-0,029666633210151
-0,01558528255802
-0,101461796807726
0,104695826213808
0,0196397627444504
0,306391936612947
0,170624101803367
-0,237163978335095
0,0566907922338777
-0,0143458038165666
0,232769157738914
-0,0642828631881367
0,319056283612948
-0,325820508245832
-0,194103447948446
0,245671829038624
-0,278786902893143
0,0755903204261287
-0,133094978101254
-0,117472995896961
0,13688402359006
0,225225588015866
0,0536521731772439
0,0908669558591427
0,196639563414144
0,128891438652748
-0,174887149004478
-0,240568683413695
-0,0821961268797198
-0,0908446203289301
0,0180400355188616
-0,0345300838251863
0,0665575037618306
0,103762673230003
0,0227473823191212
0,0349494165083939
-0,0330888728346648
0,0367494327434155
0,0408367470754849
0,0044007331061606
0,0368199321082651
-0,0410488325566788
-0,0586114871382166
-0,00827356008055994
-0,000955063747835136
6,93529394934687E-05
2,96414224178678E-05
6,84622549021531E-09
0,0011630559654262
-0,00448929041557755
0,012989102286313
-0,0035836014719417
-0,100975247757034
0,251989195937566
-0,12530917409096
-0,12678457553041
-0,0188390569272638
-0,0191001386571462
0,120700701654073
0,121637311880357
-0,110537175120946
0,084236095531566
0,08665130421572
-0,195509874411113
-0,0239983734079119
-0,179055245077069
0,0492200321442858
-0,0280807617801278
0,0862540038446029
-0,0335096066461646
-0,0230469789751925
-0,0674156487933139
-0,450466603868057
0,168198430323404
0,014843267125714
-0,234603680321531
0,0532867399971374
0,109957520631964
-0,0040152138313149
0,0208824979737408
-0,00317098553388951
-0,00537593689701213
0,0265112975460594
0,00153916262146954
0,144795690462663
-0,134741263552537
-0,111912301461805
-0,0150386849699068
-0,00235247896090073
-0,0418471474408884
0,00222930025372772
-0,046375408740025
-0,00834495169125197
0,089939420155159
0,122469689064005
0,155364779307058
0,132721178707506
0,0215292210687267
0,291095389341372
0,148341242799872
-0,107806698839822
0,202559520413004
0,29207454151342
0,0552400935887751
0,0134187921496587
-0,278801804682199
-0,00488165778259672
0,0155596111390562
-0,00407359675169214
0,00262396391326543
-0,000687788292564064
1,03062930406281E-07
0,00362545330137046
-0,000959195353515306
0,0153318843999267
-0,00213772479438911
-0,00503466319287209
0,0971617670364026
-0,0390831001019889
-0,114840700535011
0,0514074919392557
0,391328513475296
-0,0677184272237768
0,322092014484866
0,0735357809827901
0,0735412262236241
-0,0952218969925809
0,239575761635808
-0,0359042475245189
-0,0529344941986844
0,146331760968936
-0,0510702714603906
0,0158764576335598
0,00281339111330975
0,0782927904939151
-0,0253243984297158
0,29637338601505
-0,0756909909708113
-0,0918846914643102
0,0557928188912094
-0,114547278297166
0,287306136849332
-0,138274867090691
-0,0126140340838899
-0,303286456040057
-0,153615448269684
0,00180578473554744
0,0512870170325687
-0,143870070556603
0,112655301423451
-0,0229413274848844
0,00665916010575441
0,00111853779745379
-0,0800234304071423
-0,117495218050539
-0,1437944576846
0,315283995859522
0,15968027222839
0,0794566485223633
-0,0106967066802613
0,0929135000586039
-0,0606807965564981
0,103936993807938
0,105207030873744
-0,03773718651653
0,0234602876089029
0,101641471672566
-0,0555327266030476
-0,035728996139348
-0,0511947105295143
-0,0164585982539352
0,0285823787070931
0,00358695599873131
-8,95374470796753E-06
1,1472879338639E-06
1,38527188992446E-06
0,000134455908329284
-0,000978667191135761
0,0115667900708046
-0,000982296868730143
0,00100116502196979
-0,00082677424092727
-0,000245279592310416
-0,000134074479589243
0,000798107683391193
-0,00432543587657087
0,000766788255620289
-0,0031033741154944
0,000708764775301069
-0,0099431904869397
-0,000468158479023802
0,00319193924503937
0,00921304810347135
-0,00437361936063517
0,00298209350251354
-0,00816495403558845
0,00454106434010788
-0,00147787347708161
0,00296308270274859
-0,00540695821854289
0,00425183476669101
-0,00509923950525354
0,0113147485882637
0,00937248184859368
0,0172017499183429
0,00905300771936481
0,0138400582863873
-0,0234240046752836
-0,00416096058598506
-1,31412395181263E-05
0,0435142940234824
-0,0426225487385703
0,0129135829322551
0,0072364327407481
-0,000286854838488243
0,0125991124255042
-0,0220178334659751
0,0252885410207072
0,019043259105222
0,00215889311619687
0,0326605640216702
0,144131314883075
0,113843901048195
-0,0301081424425775
0,306813254506903
0,195799844829028
0,0421905740827449
-0,433232314415233
0,332780858390119
0,416024140969174
-0,222782901623385
0,152423245649365
-0,475902188945906
0,000174677394195778
-0,201010831162909
0,105768705684924
-0,00544083292543231
0,00791009026580268
-0,00250214764491792
3,9182676512547E-07
0,0162890614182429
-0,000952950000907576
0,00182308807102801
0,0110554615051341
-0,00509662505622301
0,0839095101660459
0,420510047154164
-0,302881314879222
-0,10669306489574
0,0241172571401161
0,115108657146674
-0,103058511642724
-0,223874949742084
0,0127618301856776
0,0129996055691839
0,103314143536651
-0,0322471414686765
-0,0956254945478224
-0,136529749168054
-0,240344764261208
-0,158775689114206
0,0722693848611962
0,0161792155126353
0,0667595727893717
-0,0514919751322885
0,416414875416103
0,0175115826988332
0,353431098592716
-0,103299529667121
0,00930391105831278
-0,171249294895139
0,119318832947064
-0,0109268128111011
0,0642101992933668
0,0422253529272301
-0,0213816442570529
0,00337171975194588
-0,0248862895310952
0,156058469300626
-0,054606630278314
0,0343957248233972
-0,0235507407203744
0,020303246588635
-0,0534115001496339
-0,0814716102773018
0,119968453891297
-0,0066801410301646
-0,0560773543844476
0,0524645387666979
-0,106147480719595
0,0461005886587145
0,0105038903816716
0,203763104196822
-0,157007678441399
0,0299609794454963
-0,0281309849889805
-0,0144401530576164
-0,0380005684474577
0,0124168478792862
0,000737458910393677
-0,00219633758879706
-0,00878966168238148
0,00172235359563642
2,36361437676709E-10
0,000266931788271225
-8,89336643632146E-05
0,000257546830578211
0,000871546512348403
-0,00042016545490517
0,00792558755874731
0,0375272481973397
-0,0284544151036632
-0,0153982137541142
0,00320601242790101
0,0166965900345465
-0,014545846847195
-0,0306935722369308
-0,0103594984618757
-0,00634432365783984
0,0148852440919772
-0,0093429473760752
-0,0235546826524819
-0,0356321283064701
-0,0608795011656664
-0,0345968799084304
0,0154614676097866
0,00931875936356625
0,0223367554519462
-0,0209728252870225
0,146279399283166
0,0534530285436746
0,163512892002656
-0,037631714532682
0,051792470168935
-0,0557633700086048
0,0447387716286715
-0,0673035422245891
0,166457055507013
0,18090342610724
-0,158542860066107
0,0073025081192115
4,33413058563686E-05
0,213633401486636
-0,0606152216843495
0,0269241137055848
-0,136902417850162
0,00120936229507332
0,198837591073581
0,403091631658749
-0,453604677092955
0,0951038308622023
0,176344550183131
-0,162431665692073
0,254655708605787
-0,0664986646608779
-0,0369883342729281
-0,349300721503103
0,300807122906727
-0,0668111924404394
0,0481406300300931
0,023984457735416
0,0553951876941225
-0,0190224460345115
-0,00337096459516442
0,00361073471833147
0,0140110378086237
-0,00271846103040948
6,87769179213193E-08
0,000165655375034458
-0,00241904426359603
0,00262162898113731
0,0358746427377455
-0,0197403153359953
0,0106450396124055
0,0127333139951837
0,00283726590134845
0,0364431815452683
-0,0199845842673483
0,0302468050265084
-0,00375526093641494
-0,0202437678495712
-0,00627168947441002
0,0849286273967262
0,128293418421848
-0,0889879520357919
0,126361737002545
0,0264020591267012
0,0660617285998922
-0,106518850115525
-0,472220094233665
0,00275769076457593
-0,112203865761537
-0,0171346234568499
0,0623921695818739
0,147338850324075
-0,0131162460328963
0,183642202743705
-0,0112643553430509
-0,119709686492544
-0,0453352629324004
-0,0875845257370811
0,00973352811177737
-0,0862839634580921
0,0943345868609594
0,0297225651073692
0,279231505224685
-0,120695612700034
-0,358033307761039
-0,0643270157366904
-0,074750563246846
0,400204810055535
0,0239484956844364
0,0165482078939529
-0,20156027772788
0,0438707588541477
-0,0515242141130334
0,232468998406037
0,0081452486586691
0,077416882195847
-0,0620299327867182
-0,0879768834089741
-0,226251585411254
0,0147751680320796
-0,0331765751740138
-0,0623188317733137
-0,0273906799591341
-0,0111187480515515
0,168313444056029
-0,0054924200978089
0,00869341645713337
-0,00321327838857036
5,94612387415419E-08
0,000106151047739933
-0,00161296393871043
0,00374241147862379
0,00400267243551055
-0,0033428932335514
0,172347434541391
0,167760464710606
0,36905910308512
0,0757541540323687
0,267752297116786
-0,348824021555384
-0,157799507530505
-0,206152656929441
-0,0624797424346236
0,222518123111759
-0,146880235451713
0,119936352310365
-0,374097451323226
-0,0694532787493138
0,0173193452954211
-0,117754853067286
-0,217409864525259
-0,0538647671523399
0,00475578677325118
0,0044331346547411
-0,00899281560521788
-0,0933917883591445
0,0215776465783394
-0,107311955278909
0,0979924706922262
0,147011720994009
-0,0241419942354228
0,0751007336500714
-0,0322917550681707
-0,0510692272677873
-0,0656546669057006
0,0816634686988315
0,129480796071406
0,0177488772941472
0,13432191799502
0,150580027731591
-0,0240352844443276
-0,0327049503897599
-0,205587976872612
0,0009597618564755
-0,159941875183708
-0,0229474678230931
-0,150556353444087
0,0784311448226494
0,0648151437011257
-0,0445930445078011
0,0474647223259937
0,0303100298636078
0,0226252917677956
0,0202797327029449
0,00373127305781038
0,0107653147588392
-0,0078458472057693
0,0275519428819359
0,0120301566276584
-0,000193509165212673
5,68400828382736E-05
-0,00011043013650209
1,14918111458289E-11
3,3941541892776E-05
-0,00381881356042439
0,00136610702608084
-0,00257832450750415
-0,0942544160152384
0,0323547560320925
-0,0127130624999793
-0,000812377910837903
-0,00814295112695097
-0,0135198618630594
0,0161315392187979
-0,00746010638610306
-0,00438388882423459
0,0320769707912708
0,0282704968544676
0,00881746872021084
0,00968731885903878
-0,0389567518115499
0,0216807760165016
-0,0551818268342351
0,0993804114239343
0,0397543811255565
0,0275875771439227
-0,116494893851706
-0,30664860603925
0,125775451728682
0,0338941116915417
-0,214420609717834
0,0602715815716589
0,19239468375713
0,0761501103934633
0,180788323830781
-0,210086268502111
-0,496197745509555
0,117720488151695
-0,0893504735523358
-0,05537773395923
0,0676736528300592
0,16519933084488
0,0298323907226928
-0,0150558788907355
0,0119649314032587
0,0506439147915889
0,118863907911056
-0,00837054728357113
-0,0763214406045644
-0,0516827163966986
-0,100932702381794
0,000480269253345887
-0,0886099302617372
-0,00256282553537535
0,128858184050169
0,0804504507912383
-0,0483465543850686
-0,430083932004696
-0,152472983648878
-0,00400930460313801
0,307867830481577
0,0109377952402028
-0,0101726007280753
0,00447190140677655
-0,000176458717246695
0,000170839862852677
8,57601880228978E-09
0,00168522015622458
-0,00101363436565495
0,0150180232267316
-0,00208191123875699
-0,0128586666728307
0,0474431824285302
0,0062872169482303
-0,083801598138465
0,045015761001249
0,179761399526252
0,029377872212286
0,165040459683683
-0,113767350578081
0,168830952492132
-0,0979020586315071
0,0853297181077307
-0,311293958001991
-0,282897649312258
0,173984697978893
-0,146330409317792
0,231050342785334
-0,0613313834924563
-0,0535350189319708
-0,0039951344879451
-0,175749590466226
-0,133335609023
-0,0165592233032438
-0,0150609345311779
0,155479184457131
-0,197976812879716
0,0659956111527639
0,025970529895896
0,199625524243777
0,234951207399162
-0,0092285329449754
-0,0187195915369704
0,123616391218952
-0,0936560669157062
-0,0655853946738035
-0,134497233828879
0,00263639402631127
0,107818990731267
-0,0855972933062981
-0,0921191043915682
0,189727986772974
-0,004699045635637
0,212790849386842
-0,168619648726527
-0,0511671159669432
-0,102290981541358
-0,155031318774193
-0,207862423538828
0,0272457395635976
-0,134124046742556
-0,179039538781247
-0,0392485559428703
0,112223537624443
0,185400454342625
0,0598497906557342
-0,0314611112074847
0,0048963273272803
-0,000245726166208333
0,000369383933008873
0,000388305364159305
0,00150527599659866
-0,00174254396980279
-0,000433542469467685
0,00863327903075136
-0,00192573349355672
0,0884646911583385
0,246358357460587
0,0157165451631318
0,197389334779163
-0,17924118309676
-0,146638311586509
0,151327615950975
0,125129484340743
-0,0395169758220397
0,0315348274809756
-0,0807155187659417
0,00400706203547655
0,0548263631752387
0,403690947327888
0,355110419072351
0,202093003806515
0,0397602738770585
0,0191359589137202
0,00975491779445303
-0,000992300388790696
0,0931237773862024
0,0617664027528449
0,0250927689319411
-0,00161557457144646
-0,0552252169788201
-0,118716976315975
0,0718542415123847
0,026615450279577
0,0754587862106711
0,222671774310168
-0,00744948529286045
-0,236761388877942
-0,2853465951013
0,117679508115829
0,118245128126666
0,159179909292394
-0,0413596408868605
0,238215630279081
-0,200325210845127
0,0507457358112996
-0,115450790938023
-0,00835266851137213
-0,0653470419161423
0,0606344360546476
0,070279531504409
0,019442108337675
0,0470117883380638
0,16131423668988
-0,0850390667915876
0,0710610898980646
0,00114936193899478
0,0134527419956008
0,0238230384493827
0,019250045133672
0,0661382246501973
-0,00223162791087065
9,19423059468376E-05
-0,000650968505057114
4,18618002681059E-08
0,0230372744055524
-0,000239140707354239
-0,00230525549722832
0,003812202437175
-0,000657345131985671
0,0229880324436792
0,163619817052333
-0,133565648321282
-0,154717911362994
0,103255304501443
0,1070718878609
-0,209678600961017
-0,284453462898321
0,0424650790477592
-0,172349325397083
0,0267549746367837
0,17763584627598
0,0645746551755871
0,178080797970783
0,187263377329699
0,00872719816674018
-0,0642585081596672
0,578975213111011
0,199524617161627
0,0151833242959036
-0,0232167868001081
-0,23291310455849
-0,133511880051165
0,170081469264284
0,03925271482483
0,0589224880984922
-0,0214813226715144
0,067082906671908
-0,0265280991359226
0,0488825022226227
-0,0162027604138894
-0,063855702642999
0,0453833256001588
-0,249214094992283
0,0325287920904792
0,204800263784018
0,125050991493795
-0,0026867651626995
0,120967574956383
0,0268232004552829
-0,0533234870461895
0,00417928093501638
0,0179333478249287
-0,0261175593682377
-0,0322933944175591
-0,0131203129635702
-0,0155926013467662
-0,0645466951242092
0,0398863694078841
-0,0106399572607574
0,0171553021414124
-0,0178991108016461
0,00644535603541986
-0,0132005353076176
0,00650034736568109
-0,000337381081727502
3,77971442337035E-05
-5,18716841301469E-05
1,90699964934142E-12
1,49867260620034E-07
-6,4264456196776E-06
7,93486355520683E-06
2,97127736099832E-05
-7,53325288757693E-05
0,00240569454288955
0,00106966197399227
0,0041676875404748
0,000584891802757598
0,00323046550677261
0,000300211218235239
-0,0041435075434448
-4,43313998854975E-05
-0,000818873283593634
0,00555415685176834
0,00545869880493895
-0,00138821669136953
-0,00797921175000984
-0,00642818750579483
0,00934454190830558
-0,00120705717324573
0,0200140653287531
0,0150099475614426
-0,0243186512588974
0,00623576206958743
-0,00127688881344111
0,0209967775705517
-0,00657578276251296
0,0312259210225842
-0,0302020569345838
-0,0332001723428381
0,0224710206546585
-0,0320603586214541
0,0162209051962462
-0,0107931869269672
0,00464706033975847
0,0220124051604286
0,00597434393695213
-0,0139181108636393
0,0303419429082919
0,00983059512956799
-0,0238769664419462
-0,0269038817205744
0,0250358500274707
0,00462432868014318
0,047294169890638
-0,00218831887795028
0,0262556956197613
-0,0300314511615443
0,0344570106308929
0,0131558842463039
0,0310671892080369
-0,0402566452670832
0,00154368484958719
-0,0043544183179469
0,126846928732959
-0,371428703385645
0,0585668103857761
0,904212032676784
0,0799096319531369
0,00933648162812736
-6,52424247167874E-05
-0,000257852268740758
5,62550997924734E-05
0,001430999963413
-0,247216140812945
0,0768318998920368
-0,0162121065854783
0,0138895054466347
0,0455653355580463
0,0785675660770037
0,169184660541169
-0,36820637090453
-0,122296238462819
-0,0447443014545326
0,16712357855297
0,138777941847254
0,204074004285734
-0,0297636128536819
0,0499204342751265
-0,0473106649435871
0,00611330584582617
0,22198283620551
-0,00453115358690278
-0,396247422061911
0,0607255866985276
-0,0565963001133583
0,115482046548367
-0,118262314139577
-0,0783474339011965
-0,0719808738154838
0,079006454593361
0,184845045216334
0,0526612403283038
0,0542351625399883
0,22348898646645
-0,0145996123027584
0,0521906939913344
-0,025719586471722
0,0720792732972005
-0,0245520787588467
-0,0511445698595708
-0,122951641195649
-0,000841660169632209
-0,131972466884961
-0,197926229754584
-0,188193640652245
0,0507692763535447
-0,0441398771749122
-0,155750570843745
-0,0721677869135745
-0,0137231147274063
0,251660371736002
-0,0212260779276971
-0,228800029907227
0,121057859062411
0,0977606742771995
0,0670912183219422
0,0278649569322451
-7,26312518012542E-06
0,0335623328185866
-0,0100852345006956
0,0198948186070405
0,0121542377967209
-0,000351439637961388
-0,000290135976680742
-4,62292102584142E-05
1,81903900901958E-09
2,47569475308171E-05
-0,0015954678866667
0,00114499277785463
0,00459337957966561
-0,00798906329450674
0,0975128557417295
0,00861976433743706
0,0861044509000516
-0,0081045859285182
-0,0242196192826062
0,142417865132704
-0,046005998031636
0,0183921858766928
-0,0397944520860225
0,0318395156987294
0,233315325795859
-0,151082537024684
0,210239506182343
-0,0330199189913168
0,0676760111286955
-0,0102409410814682
-0,587490726879609
-0,0687829325659767
-0,149704328385723
0,0251925117753255
0,0772670534928307
-0,081079550896716
0,0277899318536907
0,147970444368103
0,0389705146086006
-0,129576577054961
0,0679031936959577
0,02961470534106
0,00630075814163769
0,21986933451701
0,115083674657793
0,102883684006468
-0,0950747878543782
0,0969258395367096
0,279806404703199
0,0451035860958621
0,0798946028764665
-0,240817089844944
-0,0624145144882689
-0,0404620185782284
0,136174693800709
-0,0220843147534194
0,0258554614448578
-0,221250827805694
-0,0294808418785807
-0,0771176187182502
0,0658460431717768
0,088291304725478
0,212190335287819
-0,080242443328136
0,0384451224601786
0,104519941957828
-0,0704825832579836
0,0201584775821799
-0,00564320944228412
0,00103573799084207
0,00243091096062392
-0,000369920371457306
6,36248627991535E-09
0,000138618813708165
-0,000659742088046412
0,0106892611676698
-0,00182428168261874
-0,0190660381068516
0,00275846659473244
-0,00213845987224123
-0,0120522745899619
0,0334361909831271
0,0295609714647046
0,0142162398412302
-0,000483711415158075
-0,0344216384019273
0,0535434627267539
-0,0112150809906772
-0,0835814903783265
-0,150388053111672
0,0168199307448666
-0,08259113365349
0,163443461795384
-0,0729382595245312
0,0236446838405277
-0,0405359453249869
0,177224411786148
0,0984677955885438
-0,0499000275229449
0,0187613368539228
0,0576176953171862
0,0407678761195929
0,0510419413304362
-0,0594161528406345
-0,000157032854745011
-0,118668567998164
-0,278022744218578
0,0664152460268251
-0,0913224168445241
0,230799486900437
-0,149048924126019
-0,00722089619357537
-0,0443232253245369
0,0138412456846882
0,00215914668217069
0,0315219311563449
0,0100310895511416
0,0398821675640596
-0,0239303422434618
0,0523284493819052
-0,0416835600106531
0,0834089378824492
-0,0268496319161969
0,0234936486126031
-0,0416582552358808
-0,0176305203014562
-0,179978801524697
-0,0873716001038731
0,748855113552186
0,181827084303425
-0,0268680696202655
-0,00690455963400492
-0,170123526318065
-0,0595622582207464
0,00332746627548114
-0,00230875403778477
2,18519871842165E-05
0,124810930260039
-0,0172018888195713
0,216878010783266
-0,0217663376508069
0,00554346142422078
0,0283115602386736
-0,0409653667150645
-0,0735100861714107
0,0893955168041168
0,264788924710407
-0,0569941233566093
0,102216616385797
0,0431487240994229
-0,0126299088562879
-0,00967605439213396
0,118334547523083
-0,0229285300251919
0,101454677459195
-0,0216033550906895
0,0547572371216652
0,0796815538052357
0,0428113109833636
-0,00853415067371055
-0,0100869127220662
-0,0816280627200308
0,186295416650809
-0,0353578452160665
-0,128931151159411
-0,227722433488575
0,151548913725955
-0,0509251074657968
0,0797754090264477
-0,0770756501016088
0,276399795945571
-0,140416032848916
0,0727691682806496
0,142062092688107
-0,13247180546765
-0,181750370402779
-0,0396607114388514
0,0175247619076397
0,0687126659004195
0,0503573097202237
-0,00992657917875279
-0,311780337181098
-0,151486788706364
-0,054826853313743
0,0162572227183814
-0,152264238297344
0,0809288980618878
-0,278074602601323
0,244782375049055
-0,0444512739748271
-0,0525981329420527
-0,128624106832916
0,169219902252463
-0,301886520214383
0,0749255200660963
-0,165934141610318
0,0561021676414855
-0,0034487512434491
0,000675263281553939
-0,000654493638509157
8,53898355438521E-08
4,15244322356421E-05
-4,22502752096917E-05
-2,42090925019302E-05
0,000436702682486347
-0,000123905837414353
0,00821636348372259
0,0297220892146227
0,000288073032049384
0,0354800614001135
-0,0407794002488298
-0,0258026053645508
0,0394045868300385
0,024839876851214
0,00117063568469839
-0,0282520945876529
-0,00740457296533599
0,0195448711831719
-0,00198107728630432
0,0821885007685817
0,211467202858002
0,0926900070214193
0,0145273433321513
0,0123535735801315
-0,121022093757123
-0,10143361585782
0,0208850181964731
-0,109001462249469
0,238735826803806
-0,0520073456376263
-0,0125570112609359
0,00765644732802811
0,0119616821011222
0,0204712134884306
-0,00585759691348194
0,0266257662849786
-0,0939689353965226
0,0436052000390065
0,0859293435748029
0,0811186018557874
-0,156247427829242
0,150201019476649
-0,270017162220125
0,0137309329781975
-0,0577526531110192
-0,215226594832048
0,303434080611263
-0,137611120472126
-0,17972983096966
0,131156537305232
-0,244086330318135
-0,176855941570879
-0,125807647518849
-0,527052223389842
0,191543720533358
-0,160599790929088
-0,0250713421772579
-0,0369808889906414
-0,104981796479514
-0,00557467576064829
-0,134877192297006
0,00452794445053454
-0,000275792413007975
-0,000370104153671919
2,70371228943519E-08
0,000476032847029578
-0,00698197560092133
0,000781926258872952
0,0193945523071684
6,39506469143672E-05
0,00700550047159487
0,0423990618323892
-0,0262688143859356
-0,0789534611124203
0,0488339685974324
0,0353282556121783
-0,0761739855862339
0,0469598503993591
0,0241970495767033
-0,125698873603019
-0,0835825478939263
0,0496470959834884
-0,0384748109885068
0,025652586162436
0,102467418368098
0,090773327752747
-0,146384859569328
0,35641665654306
0,0788769448592369
0,039846504291115
-0,0630770124050514
0,0366673006158755
-0,143749353252825
-0,0568915208176209
0,00403914464176227
0,139872340173055
0,0157076324808945
-0,106552279759121
0,142965470674199
-0,174147113591095
0,074378717789163
0,231820378766369
-0,090209443076354
0,552988239608559
-0,0306418560947794
-0,462891331825987
-0,1910288967795
0,00328437351037507
-0,172462084319461
-0,0299709560240993
0,0414694797203608
-0,00912878883276668
-0,0143665349879405
0,0316342172599476
0,0551468098311861
0,000365777440520678
0,0187878188948343
0,0341350816880616
-0,0320595958363113
0,0143877361658202
-0,0123630382446052
0,00748949674525994
0,00812486992759933
0,00854786981260637
-0,0171945456632253
0,000635540369801058
-0,000814823230884576
0,000298487359273444
2,18453096910341E-06
0,002228207112177
-0,00286078819864643
0,0211852787733517
0,0107212699354359
-0,00444490766257113
0,00298937491810968
-0,00399887179668884
0,00415900407540512
-0,0497454615721013
-0,0149349838022346
-0,0173389069334688
0,034261575429498
-0,0199565958223036
-0,269507375784151
-0,112969662498531
-0,00469673700579197
-0,0661826615501328
-0,0628951511112696
-0,00246686265999723
0,00326843532710333
0,00674106670222892
0,0212354968534694
0,0224847783630986
0,00565351440240451
-0,00939743172783895
-0,0037578272569805
0,230034107367877
0,100635288049991
0,225279887520893
0,299796736495355
0,199141705265275
-0,176504190422432
-0,100406249043947
0,247757932549114
0,353613915674585
-0,34221419876189
0,0315730017221329
0,125767142016227
-0,117507967316728
0,108095115565282
-0,176480696100927
0,127173369127396
0,0521440627066021
0,0179806196227866
-0,0688255776089887
0,26639855900875
-0,0153374083085977
-0,0217302964500389
0,128067325610479
0,239484419205604
-0,135706006535547
0,137729651042613
-0,0372099646346481
-0,143540906059387
0,0275827020371418
-0,0319760924254624
0,0589639849339053
0,057646148167884
0,0115804490012856
-0,0288521905031228
0,000893135103160286
-0,00455935321043144
0,00113302785744859
4,39255545300007E-06
0,000528965014385291
-0,0271113836763608
0,0496550891234532
0,0148143679974528
0,00336544624584965
0,0432634338889084
0,0381499579484264
0,112934134881753
-0,252287630754557
-0,0681686590765666
-0,0220424316160825
0,109631859533494
0,081866292279788
0,179189569508871
-0,0249854693353875
0,0181158336140945
-0,0527102165155712
0,00509459134750415
0,107462193992761
-0,000719082465411736
-0,217730887681828
0,0686264241285207
-0,0256061238300211
0,0673797158342825
-0,190212318413446
0,0699843376145884
-0,105339482639882
-0,0668579246912846
0,0309270167327753
-0,053848773237098
-0,162813665148591
-0,547503493146198
-0,164971443626798
0,0628715149771904
-0,0417969709257354
-0,0749925279755528
0,0772336921470406
0,104141699972216
0,0676406004308545
0,194203590377288
0,0755542438877924
-0,0436027957629024
0,108447235514692
-0,131910654516704
0,00469355915905516
0,0451563948533644
-0,0490005519771091
-0,156654361711821
-0,363459594734172
0,0435073886386297
0,22179090262267
-0,110829607127128
-0,0604391177750272
-0,0990263210245249
-0,083983036454604
0,0135740963960141
-0,117151250188748
0,0577882894602975
-0,069049400458585
0,00868411008229171
-0,000648395964476954
0,000300038866621313
-0,000156822629437441
4,36252045765261E-10
8,88824774436215E-06
-4,46991265783679E-05
0,000727095638161097
-0,000123758724159685
-0,00128624591826673
-0,000146816117481902
5,56349190761199E-05
-0,000568796141883871
0,00225872700378666
0,00154377084607497
0,000870612975545039
-0,000700381778394048
-0,00240674574729225
0,0035792780542696
-0,000819275231826329
-0,00574545998911854
-0,0105971858224798
0,00143377882021079
-0,00602137594441474
0,0111406313915856
-0,00466211151986878
0,00168552504776696
-0,00303485167660821
0,0122969988759244
0,00536454177018576
-0,00304388974234373
0,00145230046435339
0,00343205047347167
0,00304622617254198
0,00230780263373293
-0,00307512146347712
0,000306081473079426
-0,00666090799881471
-0,0178981078099123
0,00428817830322415
-0,00685085548208486
0,0174383628397816
-0,0111201386954928
-0,000863042029555193
-0,00208793895811766
0,00156999510412898
-0,000628771456778376
0,00441521201760122
0,00331961225838694
-0,00236074878401794
-0,00438007042366428
0,00214867768271767
-0,00179419977707758
0,00579165090366161
0,00155644194686025
0,00328321212018674
-0,00579794744499862
0,000395951374940591
-0,0121998022894641
-0,00538478175175508
0,0466666225259455
0,0124959403344323
-0,0145690632802941
-0,0120610099536219
0,0227166037440256
0,976689053660772
-0,184658124544842
0,0835798123971698
2,2388363556715E-10
0,000587583967580233
-0,0024236399708935
0,0022854732487558
0,00415851653339745
-0,0367759872881337
0,48135538834166
-0,0546566755419815
0,131490965033028
0,0488164869738643
-0,0986631038260604
0,349588713545938
-0,0256043427785522
0,00707403635304431
-0,0290062085286636
-0,0221155708588262
0,0781007873523024
-0,00454312337595974
0,200162592355382
-0,0936434257351962
-0,0980050265880035
0,194291093602786
0,0588817217784423
-0,034038617058479
0,137331382853909
0,0553136807060353
-0,0481528181662093
-0,0299922225754237
0,055874403150304
-0,0923463763500083
-0,0158949321644029
0,257904366033694
0,0725933812247011
-0,0218897841607136
0,0647588595093712
-0,148131484584471
-0,101101969218743
0,102174638413977
0,096735621326817
-0,121327668259217
0,207544978471272
0,127203296683911
-0,359112666697416
0,213846885659236
0,0410060629413956
0,194381728295512
0,0172602116092627
-0,0529357345213522
-0,115873349090653
-0,01886948310487
-0,0477945599882749
-0,0795828969172445
0,0189177917874479
0,13214654285616
-0,0536841056803452
0,0316425068954731
0,011327228784329
-0,00560744589170486
0,0315763394429028
-0,0065727199754633
0,0365870360020637
-0,00131663289114632
-6,76774303127658E-05
-0,000345876513163256
8,45241027824553E-09
0,000191279467243369
-0,00161683809312385
0,0175990107386229
-0,00488754752474443
-0,211526573847379
-0,0277922419218861
0,013845606075322
0,00397282816617633
0,0411226029073333
0,031656229678942
0,0104834810882786
-0,0193878048425811
-0,0256665940226304
0,0942301767686217
-0,0072054439422923
-0,0919760720685929
-0,157952838408559
0,0514470164754428
-0,114574656542576
0,195101614961427
-0,0794969797740401
0,0420726531136352
-0,0572665951008466
0,251374874059667
0,195548859945439
-0,0856625421873534
0,037594454900795
0,143612880847551
0,0710683318842713
0,0293598248983097
-0,05128387589085
-0,0493118090472452
-0,064122130635711
-0,227199711310288
0,0557350987128334
-0,133315344410412
0,403951271853805
-0,277670337817911
-0,0622231876698452
-0,0386097134573124
0,0554802767870426
-0,00130781695128873
0,0659817417224771
-0,0186568325390249
-0,123291186109749
-0,0584544078354609
0,291965819138877
0,00494580373993834
-0,0424240366247536
-0,0381826518437287
-0,0451172979619365
0,0484919662888069
-0,0203170189943292
0,0740672406026929
0,0572685332428051
-0,466050960157567
-0,1261014505397
0,0131554764305043
0,00233948362410076
0,129091532514386
-0,00542536382352325
0,00704549384321688
-0,00258736087520374
5,80685779188481E-08
0,0262407353586847
0,000254702144242271
-0,00299186370823411
0,000929767035663109
-0,000354170327638742
0,0175520500245777
0,0736005507297608
-0,0243996682482543
0,045713597738098
-0,0831901511244273
-0,011965080919712
0,0538111491083017
0,0181681777036463
0,0329373827540409
-0,0603000859173343
0,028133397003302
0,038571386242236
-0,049431352311583
-0,186188364825726
-0,0258295955945261
-0,0616227515514099
-0,00843890260312287
-0,0298492973395917
-0,0490581465983296
0,0673762586904957
-0,202672693389546
-0,123423537189176
-0,289531290000674
0,112182651710295
0,138032050284704
-0,044450069017639
-0,0248530615795384
0,0718304383015301
0,122745775145035
0,167225885060644
-0,11398790005648
-0,0137953810169752
0,00783911015411124
0,18301811481431
-0,412462744112972
0,378881675597311
-0,322990073579691
-0,132854731966412
0,0206578295704469
-0,102877824163203
0,0936992348010025
0,00689056506796539
0,0867478332312097
-0,092189898960008
0,104570625047801
0,020146190225107
0,0788362627338963
0,199063523088151
-0,0806449411730513
0,0361084291258772
0,0288171196483489
-0,0137875427533389
0,0678333264248122
-0,0233694320162552
0,0209242916362243
0,0654480022759632
0,321267547602335
-0,0649230869649542
4,22947406013068E-08
0,00112355568517421
-0,000549601089456804
0,00117881952014097
0,00321062377638143
-0,000964847550812894
0,0310541967955438
0,181893509197172
-0,139445794038554
-0,184364446948634
0,119234997135372
0,0995822088272164
-0,183489446006372
-0,41367662190816
0,0547280274456572
-0,169927530351928
0,0953961819958451
0,165172516296591
0,122448453615832
0,249519861076353
0,209255496190425
0,0264668009103886
0,100487739390427
-0,543395047256088
-0,204440724128476
0,105512637068694
-0,166709429626549
0,175177713447901
-0,192989818896361
-0,0527421673834928
0,0544415704868636
-0,00123188178618931
-0,0553819700034695
0,027312727580085
-0,0111600795083052
-0,0446393928146444
-0,0168133977309594
0,0596819152887525
0,0319593238965212
0,0712683926026323
0,0372067449257609
-0,0948180006470406
-0,0326272681330247
-0,0186075089206766
0,0188676252257687
0,00730478056210282
-0,0446506329868615
-0,0210036696593698
-0,0146860538002972
0,0112710048452785
0,00542215906044962
0,00218856521101042
0,00889401363860944
-0,0295251509663466
0,0391563398884932
0,0147250112872055
0,00471185173643923
-0,000914445725659559
-0,013059905780808
-0,000925489702951465
0,00462127560552692
-0,000381376804586799
2,03306498922726E-05
-3,86558261011846E-05
3,34350113648311E-12
9,9837848647259E-06
-1,57292560286433E-05
2,59480394304637E-05
0,000112336659777861
-7,05501695146708E-05
0,00294990819252756
0,00372356134438259
0,0074331688849225
0,00130176362700331
0,00767410192276597
-0,00808226456708211
-0,00639047265617318
-0,0080436114946749
-0,00263958372865917
0,00925950482776798
-0,0011794880557179
0,0025988680209884
-0,0117615951492586
-0,00285058532381797
0,0073990069518205
-0,0115306378531885
-0,0584110495593324
0,000877402886444891
-0,0119089292965748
0,00170161368513766
0,00843224531479177
-0,00793126462547349
0,000426318782038926
0,0335992614692037
0,0275012787191076
-0,0242569412986427
0,000651994734828229
0,00024715257002968
-0,00734994834021934
-0,35043285480762
-0,407384407542864
-0,215571475913489
-0,233165542932182
0,010640771678025
0,0199498336849669
-0,025988828887273
-0,000713237648574893
-0,1179677285906
0,0557133173897295
0,0224735647319845
0,0831372081271563
-0,0221387882427524
0,051782682018587
-0,0250369150135504
0,0638991883672068
-0,0124359962966202
-0,0184412449887478
-0,057539721335039
-0,119173065988393
-0,307879369151401
0,0200143548358851
0,15760369323502
-0,350230967586246
0,0226765315919733
0,553989981842655
-0,0151321200557308
0,0378530580704792
-0,01216572904335
5,50660685635751E-09
0,000413675688247207
-0,00322484974924622
0,00981262013948443
0,0165302643427472
-0,00133857896698872
0,0170771687112793
0,0108237850197533
0,052448208101315
-0,191199011453576
-0,0409887196017826
-0,101218547580399
0,198132784881124
-0,158311616691237
0,0220443807186836
0,0646224812301059
-0,0505364342711242
-0,0695860697170148
0,141863305950837
-0,175337603824195
0,00971808929500275
0,271315174776803
0,0169621863824228
0,114893789118456
-0,0355688958524572
0,00223501233275332
0,118971310893428
0,063774408834765
-0,0966905213215064
-0,118540783533463
-0,0503280768042829
-0,262361338951794
-0,420872901308537
0,102477153305432
-0,0627895914505623
-0,0374486223740858
-0,0327266627788132
0,0431204791435615
0,0785502964788546
0,0436847536787718
0,0862343510289555
0,0501674397363387
-0,0532180653691045
-0,0920965232461279
-0,00239870327958995
0,0464863808695623
-0,0900489770212571
-0,023136660337917
0,292418281656869
0,349252117250835
-0,126777496331123
-0,347336832164968
0,0275489081076642
0,115473348531288
0,0109094866107612
-0,0251368616623531
-0,0398420151660486
0,122992975752751
0,0468657899993756
0,0708686797479635
-0,0149873168320476
0,0021860838334467
-0,0012956238618152
0,000417280835606397
6,6664242200701E-09
0,000150655383434237
-0,000688405659633649
0,0112234123502372
-0,0015978366035085
-0,00663738857398426
0,0194755387810392
0,0236198963741279
0,0216769033580843
0,0890577011395849
0,0349846117642353
-0,0231434246975026
-0,0180779484517077
-0,0757600268352711
0,0548425127310749
-0,144732119361693
-0,292754132806074
-0,234358943807006
0,245666560427849
0,0741238188565981
-0,175677552341862
-0,23705773730152
0,0638214506540222
0,16696452831627
-0,455984236299513
0,0774121949319449
-0,00942679622336652
-0,0548573769891795
0,00513641993099221
-0,08074599209839
0,0379945522513016
0,131358234638882
-0,0153752203167826
0,0720686063148434
0,0150919018402862
0,0169822725298666
-0,00516304504760076
-0,147502053163943
0,0527146059566203
0,0543451310899073
0,186418729809174
0,0168589193189704
-0,120432122637652
0,0541456244218566
0,012687715513873
-0,177466452220481
-0,0573601435033342
0,50515675562253
-0,0160058525465269
-0,000919421321675615
-0,0634465152378851
-0,0269490058177208
0,020110452714658
-0,0318463889078276
-0,0482866264700529
-0,00647978802150326
0,0774142937174238
0,00760737465812842
-0,00609108781138328
-0,00326666988285996
0,00172709280107971
0,000122148239757857
1,71751636496449E-05
-8,52044481699562E-06
3,73154235859712E-11
0,000109830529016007
-0,000808767026426788
0,00146796783292073
0,00170448876985189
-0,0499769827817999
0,127702467222759
-0,0437304480655538
0,010157287212787
-0,0306246751467168
-0,0385052780753898
0,105280454743062
0,0325789577232223
-0,0248135391771379
-0,227383421726244
-0,0480699522705752
0,0358680303046918
-0,0567648069247893
-0,0195209951200696
0,0209016533886862
0,0295933556626497
-0,0854466824568366
-0,106685451607158
-0,0259061298934325
-0,00313136097610377
-0,0211647085733537
-0,0426787044528114
-0,169267054990449
-0,0734151812136754
-0,240767411885855
-0,212973935351416
-0,0756564030645554
0,0508717203067893
-0,00367201932185224
-0,0325438800648599
0,095073635309974
0,0226872558192329
0,0340139492197735
-0,150247849336131
0,0529175218272529
0,155305233825966
0,0613364077760047
-0,00569195748717237
-0,325260452853321
0,181344059737736
-0,0112867552699221
-0,0163327526160706
-0,0200313725947537
-0,00682512200051576
0,3189641576802
0,242724934614285
0,162805025891451
-0,10450269985091
-0,271222806963679
-0,423227616011908
0,0253468666905737
-0,104518442508897
-0,187815636004373
0,158392293248324
-0,0950178810283619
-0,011005222712504
-0,00136561010876184
-0,00478866494959755
0,000942412176637203
1,52110270998595E-10
7,39547742871113E-08
-7,5237819425551E-08
-4,31064538330862E-08
7,77453582127591E-07
-2,20570686454505E-07
1,46227131799334E-05
5,28868359605746E-05
5,12550946841979E-07
6,31124984944651E-05
-7,25301279694982E-05
-4,58915557183855E-05
7,007537957305E-05
4,41667969123047E-05
2,08116301889278E-06
-5,02208841752455E-05
-1,316183884184E-05
3,47403239900368E-05
-3,52047777995592E-06
0,00014601534076745
0,000375610530199958
0,000164608235814858
2,5797149977534E-05
2,19282400587949E-05
-0,00021479733236118
-0,000179987904089983
3,70548678987656E-05
-0,000193334180068109
0,000423426907323142
-9,21811763477291E-05
-2,22492121699217E-05
1,35598152085803E-05
2,11703919041246E-05
3,6218476577304E-05
-1,03505127005515E-05
4,70256169326617E-05
-0,000165923162389507
7,69198203039992E-05
0,000151461658861785
0,000142862997035866
-0,000274543147477747
0,000263804740322158
-0,000472757106540601
2,39055980023073E-05
-0,00010044536917785
-0,000371532708540068
0,000522571304845582
-0,000236410660941429
-0,000302293716710655
0,000217344306712435
-0,000402977876315862
-0,00028251320200657
-0,000189443678469011
-0,000769307359568555
0,000230239680513322
-8,01259587906939E-05
3,26874209362727E-06
5,23853015837431E-05
0,000503436161808475
0,000160360991065089
0,00642850893415288
-0,0448507608786617
0,205950106877629
0,977511554178483
